10 0.36875 0.4390625 0.36875 0.25855659062499997 0.301182284375 0.242105321875 0.26331412187500003 0.34589213750000003 0.2605090734375 0.42583603593749997 0.26559617343749997 0.4390625 0.36875 0.4390625
10 0.25870600781249997 0.4390625 0.2553054875 0.40392378124999995 0.225852471875 0.2945268671875 0.217437325 0.284709196875 0.19359440781249998 0.280501621875 0.1907893578125 0.28891676875 0.1823742109375 0.2917218171875 0.16834896562499999 0.2875142453125 0.1431035234375 0.2903192953125 0.14170100000000002 0.2987344421875 0.1346883765625 0.301539490625 0.10383283593749999 0.2987344421875 0.0940151640625 0.30013696562500003 0.08279496875 0.3113571609375 0.0309015609375 0.3113571609375 0.0196813640625 0.3225773578125 0.0000460203125 0.319772309375 0.0000460203125 0.4390625 0.25870600781249997 0.4390625
10 0.1783266140625 0.013394109375 0.16570389375 0.0176016828125 0.1600937953125 0.05967741875 0.171313990625 0.1704768578125 0.18814428593750002 0.2013323984375 0.0899675671875 0.23359046249999998 0.031061537500000003 0.2392005609375 0.000205996875 0.25603085625 0.003007875 0.321875 0.0193619625 0.321875 0.025451439062499998 0.3121318375 0.04648930625 0.3079242640625 0.05770950312499999 0.3163394109375 0.08856504375 0.3121318375 0.095577665625 0.2995091171875 0.11942058281250001 0.2953015421875 0.133445828125 0.2995091171875 0.151678646875 0.2882889203125 0.18393671250000002 0.29109396875 0.1965594328125 0.281276296875 0.23022002187499999 0.284081346875 0.25625 0.2758613546875 0.25625 0.2713402875 0.24144021875 0.16767180937499998 0.21338972812499998 0.0400420765625 0.2007670046875 0.016199159375 0.1783266140625 0.013394109375
10 0.36875 0.14674022656250002 0.3070827484375 0.14262907656249998 0.23835904531250002 0.1257987828125 0.23835904531250002 0.148239175 0.28323983125 0.2127553046875 0.2972650765625 0.22397550000000002 0.36875 0.231684659375 0.36875 0.14674022656250002
4 0.861506075 0.1341359953125 0.8502968875000001 0.1358963765625 0.8472191953125 0.14382376562500002 0.8495452546875001 0.1511462125 0.8574542078124999 0.15885470156249998 0.87317976875 0.1682157453125 0.8762630140625 0.1714092390625 0.876488328125 0.17542819999999998 0.8783637578124999 0.1747127234375 0.884440678125 0.180604215625 0.896553896875 0.2004801171875 0.89968609375 0.21226202187499998 0.9041535187499999 0.2147950359375 0.907060396875 0.22255798124999998 0.917154115625 0.22294456562499998 0.9140736468749999 0.2253115140625 0.9291694374999999 0.225643646875 0.934217684375 0.228617159375 0.94185515 0.229278721875 0.9514197718750002 0.243373659375 0.9528049421875 0.24375 0.9570866562500001 0.24375 0.96480816875 0.223170490625 0.964037103125 0.19949723125000002 0.9682736640625 0.18689039999999998 0.9683115093750001 0.1732370453125 0.971875 0.159832359375 0.971875 0.15743399375 0.9705341203125 0.1522617828125 0.9344392062499999 0.1355761328125 0.8981300828125001 0.13711329375 0.861506075 0.1341359953125
7 0.862458765625 0.4390625 0.8631455734374999 0.436159696875 0.8640301765625 0.418872884375 0.8801970234375001 0.328090978125 0.8824602546874999 0.2990228015625 0.8871418906249999 0.2833330078125 0.8890625 0.2525147703125 0.8890625 0.239656034375 0.8834472906249999 0.21853414999999998 0.8712879000000001 0.19563028124999998 0.8692739484375 0.18726185 0.8500985343749999 0.156044003125 0.8399558671874999 0.14706900625 0.8067706109374999 0.1437067453125 0.791582475 0.13731867656250002 0.775460784375 0.1396290078125 0.7661298046875 0.14623435468749998 0.7457337125000001 0.1748048734375 0.7395727703125 0.17953876875000002 0.727158546875 0.1829506234375 0.72225159375 0.19462145625 0.70982173125 0.256170203125 0.7036829953125 0.3053876328125 0.6937822984375 0.3337942484375 0.6876814125 0.369358321875 0.67992208125 0.39297550625 0.6771676 0.4220986765625 0.6785370953125 0.4390625 0.862458765625 0.4390625
2 0.9062977609375 0.1359397296875 0.8986169 0.13781064062499998 0.9060106343750001 0.18702969375 0.9065185390625 0.22033735000000002 0.9080689140625001 0.221875 0.914473184375 0.221875 0.931216796875 0.2211110609375 0.9324218375000001 0.219459590625 0.9352363703125001 0.221166596875 0.9399697328125001 0.21962565781249999 0.9426946953125 0.2208371703125 0.94375 0.21657590781249997 0.94375 0.21546208125000002 0.9321576624999999 0.1375944453125 0.9309064499999999 0.1362179453125 0.9150968687500001 0.137482290625 0.9062977609375 0.1359397296875
0 0.14973958437499998 0.6895833343750001 0.1299479171875 0.6895833343750001 0.11119791718750001 0.692708334375 0.0830729171875 0.7041666671875 0.07578125 0.7119791671875 0.074739584375 0.7265625 0.085677084375 0.7661458343750001 0.10286458437499998 0.8067708343750001 0.10911458437499999 0.8276041671875 0.11901041718750001 0.8328125 0.1433159796875 0.8328125 0.1502604171875 0.8317708343750001 0.15390625 0.8291666671875 0.16484375 0.8291666671875 0.17578125 0.8182291671874999 0.19088541718750002 0.809375 0.1921875 0.8067708359375001 0.1921875 0.7940178515625 0.17473958437499998 0.7302083343750001 0.170052084375 0.70625 0.16536458437499998 0.694270834375 0.14973958437499998 0.6895833343750001
2 0.33780743593749996 1 0.321614584375 0.9684895843749999 0.29140625 0.93046875 0.2721354171875 0.8830729171874999 0.26848958437500003 0.87890625 0.2643229171875 0.8783854171875 0.25286458437500003 0.8856770843749999 0.24036458437500002 0.9091145843749999 0.23463541718749997 0.9278645843749999 0.22265625 0.9466145843749999 0.21901041718749997 0.95859375 0.20911458437500002 0.97265625 0.205989584375 0.9856770843749999 0.20078125 0.9919270843749999 0.197174203125 1 0.33780743593749996 1
1 0.36875 0.7096074375000001 0.346875 0.7125 0.340104165625 0.715625 0.3333333328125 0.7234375 0.319791665625 0.7223958328125001 0.311979165625 0.7359375 0.29375 0.7989583328125001 0.28229166562499997 0.8734375 0.2828125 0.909375 0.2927083328125 0.9328125 0.3067708328125 0.9421875 0.3296875 0.9630208328125001 0.3447569453125 0.9703125 0.36875 0.9703125 0.36875 0.7096074375000001
6 0.9071885843749999 1 0.9082366531249999 0.992570171875 0.9068207312500001 0.9722885734375 0.8904428078125001 0.8639142812500001 0.884125371875 0.8476719703125 0.8682554890624999 0.8208230703125 0.8705247171875001 0.8162032218749999 0.875716678125 0.8163242640625 0.8989497468749998 0.8298457625000001 0.912594065625 0.8322406328125 0.92541426875 0.8154060921875 0.93125 0.811887371875 0.93125 0.7876243437499999 0.9265945671875 0.720940196875 0.8887623156250001 0.6987712328125 0.8723767921875 0.694235678125 0.8677149453125 0.6868582703125 0.8675552484375 0.6697211265625 0.8641496265625002 0.6654881734375 0.8568445765625 0.6647986749999999 0.8462319078124999 0.66870481875 0.838578275 0.677871890625 0.8309718625 0.6802905328125 0.7860706703125 0.6236899265625 0.7769175890625 0.6188037890625 0.7679932546874999 0.609769425 0.732393925 0.5824605703125 0.708569046875 0.567886884375 0.6513704046875001 0.5504583734375 0.6241543796875 0.546708715625 0.596611603125 0.5382786890625 0.5829672859375 0.53588381875 0.5580458796875 0.535302821875 0.547988709375 0.539741109375 0.5087875140625 0.564786934375 0.48524572500000007 0.5839674953125 0.449283096875 0.625703046875 0.438009565625 0.6498423718749999 0.42173272031250003 0.7211117578125 0.42089033125 0.738744734375 0.4279920203125 0.751370965625 0.4494387515625 0.769004378125 0.4657661328125 0.7875568312500001 0.485825890625 0.8150226015625 0.5054499781249999 0.8362478828125 0.5231788109375 0.86002495625 0.5392883609375 0.8754571625 0.563610603125 0.9045798890625001 0.5773166140624999 0.9152833125000001 0.605661675 0.9574796921875001 0.6194766062499999 0.9697432359375 0.6464892703125 0.9854296281250001 0.658289790625 1 0.9071885843749999 1
1 0.7128971203125 0.7219705171874999 0.6885748796875 0.6928477890625 0.6803875749999999 0.6869457765625 0.6741935296875 0.6873205656250001 0.67203321875 0.6935005375 0.6616492984375 0.69325845625 0.64889815 0.68880763125 0.6199683984375 0.690209965625 0.614994271875 0.6932091703125 0.6042145484375 0.7095720890624999 0.6005982078125001 0.7468697890625 0.626165759375 0.7864054421875 0.6724684015625 0.8482306640624999 0.6808009281249999 0.8562128421875 0.7090263984374999 0.8298727484375 0.7312284328125 0.8137761203125 0.7453302515625 0.8078745421875 0.753190803125 0.8090961859375 0.7587458187499999 0.8144176375000001 0.7707236328125 0.8152160734375 0.771875 0.8146463765625 0.771875 0.8112039453125 0.7706619375 0.8069075203124999 0.7336576 0.7520486 0.720663228125 0.7366890171875 0.7128971203125 0.7219705171874999