1 0 0 0 0.384935496875 0.0236464625 0.3960085265625 0.0978149734375 0.42396394531250003 0.1707120953125 0.44771025 0.2241054921875 0.459375 0.24347543593749998 0.459375 0.268172259375 0.457831071875 0.2808427671875 0.4531658 0.298624571875 0.442688903125 0.3180321953125 0.42651442656249994 0.34010320312500003 0.3975703625 0.351635425 0.375382021875 0.3609344390625 0.364903940625 0.36526775625 0.35479738125 0.3642559484375 0.339221321875 0.3557298 0.2924637421875 0.34462263437499996 0.25206215 0.3318389 0.22425849375 0.30799798749999996 0.1875486703125 0.26826066875 0.144251215625 0.21377185937499998 0.09662823125 0.1997733515625 0.0808499296875 0.1431020765625 0.0380368484375 0.11136000937499999 0.017961226562499998 0.0763221859375 0.0009201593750000001 0.0734178578125 0 0 0
9 0.019821828125 0.43129150000000005 0.048638392187500004 0.5127746015625 0.055474779687499996 0.5265625 0.058869429687499995 0.5265625 0.08125 0.5179044921875 0.08125 0.513443934375 0.059673665625000004 0.44123655 0.045206553125 0.405076140625 0.0121323796875 0.3897328296875 0.043796815625 0.40532136406249997 0.009972603125 0.3894053015625 0.019821828125 0.43129150000000005
2 0.473128559375 0.101451978125 0.44920099843749994 0.113656421875 0.44077582031249996 0.1569084875 0.44868544843749997 0.17514505625000001 0.45664746406249995 0.241155934375 0.46215270156250005 0.24375 0.4684717796875 0.24375 0.49760937656250004 0.2393523640625 0.503125 0.2315994421875 0.503125 0.22630911562499997 0.4961176546875 0.190372215625 0.49589341718749996 0.1630941171875 0.5027074109375 0.1391324265625 0.48399607343749995 0.1234565921875 0.48144769218750005 0.10326146875 0.473128559375 0.101451978125
8 0 0.66875 0 0.8770531234375 0.006240975 0.8838177125 0.045935775 0.907921678125 0.0623626375 0.9208735578125001 0.08223017656250001 0.9231752203125 0.102302809375 0.9234375 0.112815296875 0.9234375 0.1356008265625 0.9213107296875 0.14994179531250001 0.9211945374999999 0.15709170781249998 0.9191825609375 0.1630171109375 0.91594026875 0.171451240625 0.9037238343749999 0.17924054843749998 0.8971293906250001 0.2024036203125 0.881215665625 0.21954272187499999 0.8638472890625 0.2681090328125 0.8037572421875 0.281339478125 0.78058070625 0.290634128125 0.7567936265624999 0.2957881390625 0.7362656125 0.2984375 0.70927540625 0.2984375 0.66875 0 0.66875
8 0.3890625 1 0.3890625 0.6784158296875 0.35909982500000004 0.6737678890625001 0.3554344203125 0.6781410390625 0.3507226671875 0.6846927015625 0.33593716093750003 0.71100920625 0.3277273078125 0.7274218984375 0.32105623437499997 0.7438132015625001 0.3148057046875 0.7503862546875 0.3081726234375 0.7595008828124999 0.28718858593749996 0.7942191484375 0.2783913375 0.8170430171875 0.2751315140625 0.840205690625 0.272999915625 0.84767778125 0.2550771453125 0.8854718421874999 0.234432234375 0.9259647328125 0.22912765781250002 0.9399670953125 0.225162440625 0.9567781453125 0.223296259375 0.972354253125 0.22405365000000002 0.9805345890625 0.22865141718749998 0.9958129546875 0.231237525 1 0.3890625 1
8 0.23310174374999998 1 0.22909682031249998 0.9930210374999999 0.22602154843750002 0.9808398578125 0.22567927499999998 0.9638807968750001 0.22683778281250003 0.9541770218749999 0.233541425 0.9315485656250001 0.261343959375 0.8757802140625 0.2622239125 0.8722754328125 0.26125081875 0.8700437453125 0.2544834546875 0.8695141468750001 0.23348455 0.8717186328125 0.21604431562499998 0.8760357046875 0.20648652968749998 0.8794948046875 0.185427915625 0.8931340671875001 0.17090696249999998 0.9041461937499999 0.1678076953125 0.9083470734375 0.1663674859375 0.91306540625 0.1617705875 0.921195434375 0.14884040625 0.9340148812500001 0.1342488875 0.9585408359375001 0.129143728125 0.969713121875 0.12479053437500001 0.9901052703125 0.124773825 1 0.23310174374999998 1
0 0.6015679734375 0.66875 0.6047281437500001 0.7213997046875 0.6088742328125 0.7374642734375 0.6224895171875 0.746503909375 0.6415589921875 0.7530753015625 0.6734777218750001 0.75625 0.715731975 0.75625 0.7566874125 0.75183685 0.77603123125 0.74272946875 0.78125 0.7351514703124999 0.78125 0.7069209140625 0.7776907140625 0.66875 0.6015679734375 0.66875
0 0.7771968765625 0.743609025 0.74950335625 0.7519876796875 0.7209218203125 0.754891025 0.7051018499999999 0.7593988484375 0.7043449203125001 0.7745447921874999 0.701337953125 0.777717328125 0.701252221875 0.782616940625 0.7044931515625 0.7941861218749999 0.7097758765625001 0.8015171109375 0.7086906781250001 0.80731091875 0.7130510984375 0.8111264453124999 0.7113718640625001 0.822756925 0.715543671875 0.83735160625 0.7147610249999999 0.8539674343750001 0.7285209375 0.9390797171875 0.7328066859375 0.9752755734375 0.7325580625000001 0.9894844625000001 0.7369099078125 0.9937899484375 0.7422955140624999 0.9952414 0.7736385734375 0.9984375 0.8458426375 0.9984375 0.87899206875 0.9983388625 0.9071081640624999 0.993922765625 0.9109375 0.990161328125 0.9109375 0.9799747562500001 0.881450096875 0.829749203125 0.861116503125 0.75485881875 0.8592204531250001 0.7507676609375 0.8534037015625 0.7458436125000001 0.8210214921875 0.74105460625 0.7771968765625 0.743609025
0 0.773862871875 0.66875 0.7743543234375 0.6842752828124999 0.7905795265625 0.693869840625 0.8149601984375 0.70581186875 0.8427859546875001 0.708240371875 0.875807909375 0.6947653781249999 0.8892167343749999 0.67794294375 0.892081534375 0.66875 0.773862871875 0.66875
0 0.5356167109375 0.7435886468749999 0.52243650625 0.7473454375 0.4862552421875 0.7540019015625 0.4418613546875 0.76157730625 0.49290400625 0.9361448124999999 0.510823175 0.9426158140625001 0.5486698265625 0.934468996875 0.5882104406249999 0.9231986234375 0.6127842250000001 0.907350615625 0.6039419296874999 0.8673221140624999 0.559662353125 0.8683646953125 0.5356167109375 0.7435886468749999
0 0.5681955953125 0.66875 0.5722552125 0.710800896875 0.5637568171874999 0.728051890625 0.5340084796875 0.7418125875 0.5597195078125 0.8650982859375 0.6039419296874999 0.8673221140624999 0.71391065625 0.8442056843750001 0.6992118890625 0.7627735703125 0.682872375 0.759711834375 0.6305802171874999 0.7502409203125 0.611052815625 0.7419938625 0.6031259671875 0.7265807484375 0.60043766875 0.66875 0.5681955953125 0.66875