3 0.51875 0 0.2898138953125 0 0.2929940859375 0.01217269375 0.304536415625 0.035856446874999996 0.3203433953125 0.047849325 0.3285748 0.0515625 0.3651617640625 0.0515625 0.41391061406249996 0.0450803796875 0.45983175625 0.0419696953125 0.476549665625 0.03686894375 0.51875 0.029515637500000004 0.51875 0
3 0.51875 0.02746145 0.5106248859375 0.029498425 0.3784082546875 0.0471674765625 0.34540851093749997 0.0563501015625 0.3381621171875 0.060617946874999995 0.3302679375 0.07042842656250001 0.3263625953125 0.07207039531250001 0.31986015 0.0722976953125 0.3106323890625 0.06910754375 0.2898168125 0.0728460828125 0.284699384375 0.079046775 0.28065911093749996 0.0942425265625 0.2794917484375 0.1073305828125 0.2809021046875 0.1293612421875 0.28679476406250004 0.1587624765625 0.29354692031249996 0.1780973203125 0.299221925 0.18843710625 0.3046084484375 0.1942706203125 0.307532475 0.1953125 0.31808359375 0.1953125 0.3266808296875 0.1945026859375 0.342109884375 0.1849306328125 0.348612328125 0.18470333125 0.35406295625 0.191538240625 0.3672601671875 0.19408781718749998 0.4037738953125 0.1928114328125 0.4782571953125 0.18167688125 0.5091726921874999 0.17909073749999999 0.51875 0.176491721875 0.51875 0.02746145
3 0.51875 0.17455251562500002 0.4105554359375 0.1909525484375 0.3660387 0.1925086875 0.35577851250000003 0.18885280625 0.348596225 0.1941220453125 0.3403688421875 0.1908969234375 0.33283396875000004 0.1906584984375 0.31661624375 0.1957417640625 0.31590434843750004 0.20028300468750002 0.31131916249999997 0.2069669109375 0.30926025625000003 0.229620659375 0.302128640625 0.26700443281249997 0.3039624078125 0.27998758125 0.31202280781249997 0.2962657890625 0.3276180796875 0.31278242343749996 0.338506671875 0.3184236078125 0.3563658421875 0.32331930625 0.39834958593750003 0.32134989375 0.4824528 0.3265625 0.51875 0.3265625 0.51875 0.17455251562500002
4 1 0.4796875 1 0.46880573437499995 0.9971453046875001 0.4676364234375 0.9142583 0.474713259375 0.91577858125 0.46409800625 0.90858698125 0.45879037968749997 0.848178128125 0.44463670625 0.719880921875 0.39863726875 0.6645675875 0.3756375515625 0.6572526015625 0.3650222953125 0.6197331890625 0.34733020625 0.57235176875 0.361483878125 0.5569418296875 0.3827143890625 0.55751763125 0.40748331562500006 0.5940103062500001 0.45702116875 0.59720060625 0.4796875 1 0.4796875
4 1 0.11036056875 0.9584507484374999 0.11369477343750001 0.88838553125 0.140232909375 0.7259811140625001 0.14730974531250002 0.5345238671875 0.1968476015625 0.5241683187499999 0.2074628546875 0.5338672859375 0.24461624531249998 0.5607843781249999 0.26230833750000004 0.5959609359375 0.2552315 0.708024153125 0.21100127343750003 0.7927193406249999 0.2056936453125 0.8725246562500001 0.218078109375 0.9142362343749999 0.26407754687499996 0.930345359375 0.272923590625 0.9567277781249999 0.2676159640625 0.9594393125 0.2322317828125 0.9728765562499999 0.202155228125 0.9898890328124998 0.17384788281250002 1 0.16472826875 1 0.11036056875
4 0.51875 0.3131502015625 0.524181278125 0.3330491984375 0.5489630890624999 0.3453125 0.5500118578125 0.3453125 0.5844256156250001 0.3401260328125 0.6000411984375 0.32774156875 0.620464396875 0.29412659531249996 0.7009674203125 0.2605116234375 0.7140625 0.2383686640625 0.7140625 0.23445835 0.71045926875 0.212742978125 0.6927476046875001 0.21097376875 0.578835078125 0.251665578125 0.540001025 0.2534347859375 0.51875 0.27614898125 0.51875 0.3131502015625
4 0.6517897015624999 0.282027834375 0.6289825171875 0.28910466874999996 0.601367715625 0.3174120125 0.60169674375 0.33156568750000004 0.6125047109375 0.3404117328125 0.674484153125 0.3609375 0.7391465593750001 0.3609375 0.7453627609375 0.35456540468750003 0.8193733703125 0.345719359375 0.8653167640625 0.345719359375 0.8956445765625001 0.358103821875 0.9272870281250001 0.35102698593750004 0.946875 0.3580987203125 0.946875 0.34853071406249997 0.9203407203125 0.2802586234375 0.9074366765625002 0.2572589046875 0.8949850406250001 0.2537204859375 0.78111364375 0.296181503125 0.70866444375 0.2961815046875 0.6517897015624999 0.282027834375
4 0.8379056828125 0 0.8580146578125 0.1068584328125 0.8877342953125 0.1359375 0.8923835656250001 0.1359375 0.927382165625 0.1263197328125 0.9296875 0.11022291718749999 0.9296875 0.088637328125 0.92442238125 0.07501266875 0.8961083953125 0.073243459375 0.8906015890625 0.0643974140625 0.8809026203125001 0.027244021875000003 0.8811196203125 0 0.8379056828125 0
4 0.748876178125 0.12424316718749999 0.7249585234375 0.0835513578125 0.7311630375 0.046397965624999996 0.6597817046875 0.0163214125 0.6227969640625 0.0216290390625 0.5723749796875 0.057013221875 0.5467328796875 0.09416661093749999 0.5421309046875 0.12424316718749999 0.553679184375 0.164934975 0.5681035140625 0.1773194390625 0.5876233609375 0.1808578578125 0.7439863046875 0.14193525625 0.748876178125 0.12424316718749999
4 1 0.39542966874999996 0.9865295 0.38962453125 0.9612149484374999 0.3648556015625 0.911737446875 0.3648556015625 0.88243785 0.39670136718750004 0.883466065625 0.4409315953125 0.8890962546875001 0.4550852671875 0.915807703125 0.4639313125 0.9160544749999999 0.474546565625 0.9389850421875 0.4727773578125 0.9475735406249999 0.462162103125 0.9931467765625002 0.446239221875 1 0.445255725 1 0.39542966874999996
4 0.8395350203125 0.375470859375 0.860287246875 0.3560095578125 0.8547393140625001 0.345394303125 0.8316853609375 0.3418558859375 0.7489217390625 0.35424034843749996 0.750935565625 0.364855603125 0.7178550890625 0.3860861125 0.75915538125 0.41439345781250003 0.8019348265625 0.43031633906250005 0.8195231046875 0.426777921875 0.8192352046875 0.41439345781250003 0.8395350203125 0.375470859375
4 0.9073792890625001 0.2533954296875 0.8889684375 0.2215496671875 0.85325720625 0.2056267859375 0.7436176234375 0.2020883671875 0.71193404375 0.20739599375 0.706715140625 0.21093441093749998 0.7108250500000001 0.23570334062499998 0.70441489375 0.2640106859375 0.737085559375 0.3011640765625 0.8445468015625 0.287010403125 0.90413308125 0.2657798953125 0.9073792890625001 0.2533954296875
4 0.7927635796875 0 0.7919405703125 0.00039852968749999997 0.72462949375 0.069397684375 0.7217123171875001 0.09593582187500001 0.7439863046875 0.14193525625 0.8641459515625 0.1419352578125 0.8779944796875 0.12955079375 0.8595013703125 0.0941666125 0.85259619375 0.0251674578125 0.8409509374999999 0 0.7927635796875 0
4 0.8806176953125 0 0.8924995890625 0.069397684375 0.91066366875 0.0906281953125 0.9354024203125 0.09062819375 0.9416480625 0.055244012499999995 0.9959331812500001 0.0340135015625 1 0.0269533234375 1 0.013969051562500001 0.9636325140625001 0 0.8806176953125 0
2 0.0352336078125 0.4796875 0.058159721875 0.5006200390625 0.08544146875 0.5279017859375 0.10652281718750001 0.5613839281249999 0.14248511875 0.58370535625 0.161086309375 0.60478670625 0.1864299921875 0.6125 0.1909381203125 0.6125 0.2305307546875 0.58370535625 0.2826140875 0.567584325 0.338417659375 0.557663690625 0.37934027812500004 0.5564236109375 0.3796875 0.5532986156249999 0.3796875 0.528298603125 0.37934027812500004 0.5217013890625 0.3656994046875 0.5155009921875 0.31981646874999997 0.4968998015625 0.2751736109375 0.48697916562500004 0.24070391562500001 0.4796875 0.0352336078125 0.4796875
5 0.51875 0.8636141125 0.474094740625 0.877715771875 0.445572915625 0.8653149812500001 0.4195312484375 0.8764756953124999 0.383568946875 0.88515625 0.3686879953125 0.8640749015625 0.3624875984375 0.8814360125 0.35132688437500004 0.887636409375 0.310404265625 0.89755704375 0.24716021718749998 0.8987971234375 0.22359870937499998 0.9049975203125001 0.1938368046875 0.9211185515625001 0.15167410625 0.9434399812500001 0.15539434375 0.9421999015625001 0.1529141859375 0.9446800578125 0.1777157734375 0.96328125 0.19507688437499998 0.978162203125 0.21367807499999997 0.969481646875 0.2285590265625 0.9719618062500001 0.24716021718749998 0.9719618062500001 0.2657614078125 0.9905629968749998 0.2672494859375 0.990625 0.30455521406249997 0.990625 0.3240451375 0.9880828375 0.3525669640625 0.9806423593750001 0.383568946875 0.9744419624999999 0.41085069374999994 0.9719618062500001 0.4381324390625 0.9732018859375 0.46293402656250005 0.9905629968749998 0.48649553437500004 0.98684275625 0.5075768843749999 0.9794022828125 0.51875 0.977878675 0.51875 0.8636141125
4 0.242435515625 0.6697420640625 0.21143353125000003 0.6709821437500001 0.2659970234375 0.6858630953125 0.279637896875 0.7044642859375 0.26227678593750003 0.7044642859375 0.2374751984375 0.6920634921875 0.226314484375 0.7081845250000001 0.226314484375 0.734226190625 0.23499503906250002 0.7515873015625 0.2188740078125 0.75654761875 0.21515376874999997 0.7788690484374999 0.2275545625 0.8073908734374999 0.2287946421875 0.8396329375 0.2287946421875 0.871875 0.2312748015625 0.8929563500000001 0.2320684515625 0.89375 0.2327380953125 0.89375 0.233754959375 0.8917162703125001 0.2312748015625 0.8917162703125001 0.254836309375 0.878075396875 0.2535962296875 0.849553571875 0.270957340625 0.8755952390624999 0.29327876875 0.8693948421875 0.3056795625 0.88055555625 0.31684027812500004 0.8644345250000001 0.34040178593750003 0.878075396875 0.3578125 0.864146825 0.3578125 0.82509920625 0.357762896875 0.8235119046874999 0.34164186406249997 0.8235119046874999 0.3478422609375 0.79375 0.3578125 0.7893187828125 0.3578125 0.7850198453124999 0.3441220234375 0.7416666671875 0.3379216265625 0.709424603125 0.3255208328125 0.69950396875 0.301959325 0.6871031750000001 0.2771577375 0.6759424609375 0.242435515625 0.6697420640625
4 0.51875 0.8160886828125001 0.4963045640625 0.7916914687500001 0.511185515625 0.7805307546875 0.5037450390625 0.77061011875 0.48390377031250004 0.7507688484375 0.49754464218749994 0.7408482140625 0.5025049609375001 0.7259672625 0.48142361093749997 0.7222470234375 0.48266369062500003 0.7048859125 0.47398313437499995 0.6999255953125 0.4752232140625 0.6788442453125001 0.448983134375 0.6765625 0.4465525796875 0.6765625 0.43554067500000004 0.6912450390625 0.4343005953125 0.7048859125 0.40577877031250004 0.7024057546875 0.3871775796875 0.7135664687500001 0.40577877031250004 0.7296875 0.3933779765625 0.752008928125 0.364112103125 0.7373759921875 0.3640625 0.7374751984375 0.3640625 0.739643565625 0.3722966265625 0.7631696421875 0.36485615 0.776810515625 0.3859375 0.7830109125 0.39833829375 0.7966517859375 0.39461805625 0.81649305625 0.40701884843749997 0.830133928125 0.420659721875 0.84501488125 0.433060515625 0.842534721875 0.43796792343749996 0.8609375 0.448258928125 0.8609375 0.4677827375 0.84873511875 0.4888640875 0.8524553578124999 0.48266369062500003 0.8127728171874999 0.4913442453125 0.8090525796874999 0.5062251984375 0.8189732140625001 0.51875 0.8307612625 0.51875 0.8160886828125001
3 0.51875 0.5371886015625 0.5135912703125001 0.5374751984375 0.5036706343749999 0.538715278125 0.49250992031249996 0.5498759921875 0.465228175 0.551116071875 0.41314484062499995 0.551116071875 0.372222221875 0.5573164687500001 0.3201388890625 0.5597966265625 0.27549603125 0.5746775796875 0.24573412656250002 0.579637896875 0.2110119046875 0.5994791671875 0.1886904765625 0.6156001984375 0.187450396875 0.6565228171874999 0.25069444375 0.6565228171874999 0.3077380953125 0.6652033734375 0.346348134375 0.6712361921875 0.3521652859375 0.6654190390625 0.4019841265625 0.64288194375 0.45406746093750006 0.6255208328124999 0.4900297625 0.6044394843750001 0.5111111109375 0.5994791671875 0.5185515875 0.6093998015625 0.51875 0.609295871875 0.51875 0.5371886015625
8 0.6539082359374999 0.4796875 0.645784209375 0.49759252031249995 0.6352263687499999 0.525461365625 0.627953775 0.5488413828125001 0.6165771390625 0.5763677953124999 0.5998592781250001 0.6222973625 0.571767415625 0.6878592593749999 0.565761715625 0.7051246453125 0.564437553125 0.712778728125 0.5636108546874999 0.7361185406249999 0.5656340078125 0.7476739546875001 0.569215196875 0.7553470921875001 0.57351070625 0.7605830078125 0.582621946875 0.76712939375 0.635843728125 0.78938738125 0.6488150765625 0.7938741125 0.7004989453125 0.8082972749999999 0.7286318062499999 0.8142781859374999 0.8136275421875 0.8407566890625 0.8246582531250001 0.8421875 0.8425632249999999 0.8421875 0.842970028125 0.8421624203124999 0.8529599687499999 0.8396177015624999 0.860777234375 0.8362425171875 0.8727881640625 0.82742951875 0.8792043421875 0.8192471937500001 0.8908472046875 0.7957406234375 0.9151834375 0.735018025 0.9230234609375 0.71203165625 0.9387730000000001 0.6764846046875 0.962328053125 0.599879453125 0.9685601984375001 0.5843503421875 0.9836177078125001 0.5573471 0.988219690625 0.543168659375 0.9973239718750001 0.5219617390625 0.9984375 0.518241746875 0.9984375 0.5037532578125 0.9962367890625 0.4997757703125 0.9942507812500001 0.49839800937499995 0.981125115625 0.4947066109375 0.9679172578124999 0.49434215468750003 0.94133236875 0.490337515625 0.9324226546875 0.48731489687499996 0.9070945953124999 0.4830541796875 0.8957371406250001 0.4796875 0.6539082359374999 0.4796875
8 1 0.5441236468749999 0.9943172171875 0.549479403125 0.982077209375 0.56445020625 0.9710913984375 0.5870590124999999 0.9612977171875 0.6089156578125 0.949709490625 0.6387768578124999 0.942635790625 0.6735747234375 0.9361623421874998 0.6832964968749999 0.928730634375 0.6975422359375 0.9195441625 0.7220761 0.9191358453125 0.7308167296875 0.9217036703125 0.7623769765625 0.9265289953125 0.7835466609375 0.929478053125 0.7903300718749999 0.9336515921874999 0.796609365625 0.945729384375 0.8061161390624999 0.9623964624999999 0.8151971031249999 0.9865398171875001 0.822245509375 1 0.8241696328125 1 0.5441236468749999
8 0.51875 1 0.685308575 1 0.6866739265625 0.9982321375 0.695979734375 0.9805489828125001 0.6995264109375 0.9701503859375 0.7028317828125 0.95394445625 0.703125 0.948036953125 0.703125 0.929302021875 0.69867404375 0.9003006765624999 0.6955632375 0.89227706875 0.67974514375 0.8659628828124999 0.6702059328125001 0.8541564578124999 0.659984753125 0.8450352890625 0.6385666421875 0.8351399374999999 0.6287161625 0.8328182609375 0.6198462250000001 0.8320792109375 0.583278828125 0.8326548234375 0.57451336875 0.8346954203125 0.571367578125 0.83431785625 0.545295484375 0.8243522343749999 0.5330209625 0.82125130625 0.5220239328125 0.8203125 0.51875 0.8203125 0.51875 1
8 0.5434956859375 0.4796875 0.5425132921875 0.48026198593749997 0.51875 0.49520878437500004 0.51875 0.720811759375 0.5235892765625 0.7229611515625 0.5590185421875 0.734375 0.562503809375 0.734375 0.5644670406250001 0.7316925203125 0.5651866265625001 0.7134671406249999 0.5689772421875 0.7009817984375 0.5963224359375 0.6376090796875 0.6053795109375 0.612083059375 0.6283194546875001 0.5564829343750001 0.64346441875 0.5103645875 0.6570407578124999 0.4796875 0.5434956859375 0.4796875
8 1 1 1 0.9058636265625001 0.9977951828125 0.902610621875 0.9797572078125001 0.8711468671875 0.9718333031250002 0.8539187140625 0.9692824999999999 0.844253221875 0.9665922343750001 0.8394541249999999 0.949519475 0.8312197093750001 0.9387382921875 0.8237404250000001 0.9316851859374999 0.8211034125 0.9081241171875 0.8185197140625 0.8830697125 0.8203143703125001 0.8779204234375 0.8223820625 0.8729403125000001 0.8277254812500001 0.8658198765625 0.832486471875 0.860911890625 0.8403615 0.8550854296875 0.8550440609375001 0.8443037765625 0.8732825500000001 0.8309761140624999 0.8917851593750001 0.8158814578125 0.90861075 0.797982003125 0.92371615 0.78091883125 0.9353409578124999 0.7465188421875 0.9525352 0.7429297531250001 0.9685443062499999 0.7423719125 0.988009884375 0.7437909703125 1 1 1