0 0.91484375 0.24453125 0.8962890625 0.2318359375 0.8591796875 0.22890625 0.8318359375 0.23671875 0.7986328125 0.2484375 0.7751953125 0.281640625 0.776171875 0.2982421875 0.79765625 0.31484375 0.8298828125 0.3255859375 0.8611328125 0.3265625 0.8875 0.32265625 0.901171875 0.30703125 0.8904296875 0.2923828125 0.9041015625 0.2875 0.916796875 0.2708984375 0.91484375 0.24453125
6 1 0.1 0.9001953125 0.1 0.9001953125 0.12734375 0.912890625 0.1302734375 0.924609375 0.1615234375 0.9275390625 0.2123046875 0.932421875 0.2376953125 0.9216796875 0.26796875 0.9451171875 0.3255859375 0.967578125 0.3626953125 0.974186834375 0.366880828125 0.9265625 0.26796875 0.9578125 0.2611328125 0.9548828125 0.29140625 0.96171875 0.2982421875 0.9861328125 0.308984375 1 0.313421875 1 0.1
6 0.9473675265624999 0.6390625 0.98125 0.601953125 0.991015625 0.53359375 0.9353515625 0.473046875 0.9392578125 0.457421875 0.920703125 0.4212890625 0.9099609375 0.3744140625 0.854296875 0.3275390625 0.8240234375 0.324609375 0.7810546875 0.308984375 0.772265625 0.2845703125 0.7849609375 0.2728515625 0.6970703125 0.22109375 0.6619140625 0.168359375 0.6541015625 0.1751953125 0.670703125 0.211328125 0.678515625 0.2328125 0.6892578125 0.2455078125 0.7009765625 0.2669921875 0.72734375 0.2875 0.7380859375 0.3060546875 0.768359375 0.32265625 0.7654296875 0.3255859375 0.7302734375 0.33046875 0.69609375 0.3412109375 0.684375 0.35390625 0.682421875 0.3861328125 0.6638671875 0.418359375 0.64921875 0.4671875 0.64140625 0.49453125 0.6248046875 0.5189453125 0.62578125 0.5453125 0.6345703125 0.551171875 0.655078125 0.54921875 0.6765625 0.5541015625 0.6892578125 0.5619140625 0.715625 0.5814453125 0.7595703125 0.5892578125 0.7673828125 0.578515625 0.803515625 0.5853515625 0.8376953125 0.590234375 0.85625 0.6361328125 0.8578275234374999 0.6390625 0.9473675265624999 0.6390625
5 0.6049364578125 1 0.60570239375 0.9771653875 0.6038314390624999 0.9649274625 0.5978991687499999 0.9560627374999999 0.5798524515625 0.93484075 0.569393796875 0.9288551625 0.55874539375 0.8744914984375001 0.543411575 0.826425634375 0.5343614984375 0.7901604609375 0.5315483796875 0.7876844625 0.5262054578125 0.7871335703125 0.47410193906250003 0.8055837109375 0.4574250109375 0.8283557406250001 0.4535788515625 0.8375951890625 0.47450415625 0.901851484375 0.4861401609375 0.9454764625 0.48810064531249997 0.9767725890625 0.49368144375 0.9827013484375 0.49289831250000005 0.9890446109375001 0.488508753125 1 0.6049364578125 1
5 0.283222496875 1 0.289582628125 0.9847213531250001 0.3026058375 0.9775433984375 0.3039221921875 0.9702290578125 0.3007696328125 0.9540670406249999 0.2806915828125 0.945037515625 0.272965859375 0.9537431203125 0.26002015156249997 0.990729328125 0.25780327812500003 1 0.283222496875 1
5 0.609375 1 0.609375 0.8726356625000001 0.5903833140625 0.8317371578125 0.583337159375 0.81272006875 0.5753254484375 0.8144591515625 0.5704626328125 0.80096475625 0.5476620046875 0.792758640625 0.5365448374999999 0.7956831546875 0.5429946171875 0.8275202281249999 0.569319959375 0.9304423984374999 0.5871007390625 0.9416440640625 0.603150878125 0.9638200828125001 0.6027140640625 1 0.609375 1
5 0.41610471093749996 1 0.41695378125 0.9928019656250001 0.42322149218750005 0.9892101484375001 0.4179193375 0.9720457984374999 0.4156524828125 0.942089875 0.411528034375 0.91272311875 0.3895643265625 0.8996403015624999 0.3775968796875 0.8946144265625 0.36357304687499997 0.8944510453125 0.3623535828125 0.8944368390624999 0.3388847421875 0.9137092250000001 0.31404108750000004 0.9231926921875001 0.2806745453125 0.9454038 0.2932233265625 0.9510472546875001 0.3014755859375 0.957251459375 0.3042536171875 0.976218821875 0.29288085937499997 0.9846376156249999 0.284445303125 1 0.41610471093749996 1
5 1 0.756407284375 0.97314819375 0.74265376875 0.9393852062500001 0.7348655453124999 0.9056222203125 0.7270773203124999 0.8972321000000001 0.7292189046875001 0.8900982546874999 0.754387171875 0.8951645812500001 0.7713932625 0.8969883609375 0.787964996875 0.9279344312500001 0.79047765 0.9360407984375 0.7915635421875 0.9614136640625001 0.8014933484375 0.9806458203125 0.8252952593749999 0.9927647468749999 0.8367151109375 1 0.8428428890624999 1 0.756407284375
5 0.846809540625 1 0.8480445734375 0.9528467046875001 0.8642779218750001 0.9174681640625 0.8969265109375 0.9006159671875 0.9036747421874999 0.9358075296875 0.9197455984375 0.93959305 0.9699444390625 0.9283572921874998 0.9621424453125 0.8864936 0.9696412890625 0.8385158265625 0.9735325890625 0.812913203125 0.9423840140624999 0.79404599375 0.903331578125 0.790447446875 0.88211315 0.789237865625 0.884464421875 0.7438360312500001 0.8941314312499999 0.727170809375 0.8541494046875 0.7120185390625 0.7758779062500001 0.9154229515625 0.7617520875 0.9641457499999999 0.7472060640625 1 0.846809540625 1
6 0.7487576484374999 1 0.750038175 0.98543500625 0.760698321875 0.9574736203124999 0.7672646609375 0.938760303125 0.7674065375 0.9371465656249999 0.7630495953125 0.9120717875000001 0.7592601578125 0.88054205625 0.7462293421874999 0.8608363359375 0.7333404015625 0.8395168796875 0.707136890625 0.801719175 0.6979767609375 0.7939611515625 0.6808521359374999 0.7835035015624999 0.6660581703124999 0.7651943390625 0.6673956890625 0.7686389921875 0.6481429171875 0.78238740625 0.6434816046874999 0.7980904265625 0.6336727171875001 0.8163693859375 0.6288695265625 0.8336861437499999 0.6209656671875 0.8489548062499999 0.6250994875 0.8952253515624999 0.6257882546875 0.9247069875000001 0.6275307890625 0.960860753125 0.64126515625 1 0.7487576484374999 1
2 0.689455946875 0.7854724 0.7011927484375 0.7919428374999999 0.706562521875 0.7980501999999999 0.7586177328125 0.8050232828125001 0.759809496875 0.7914678859375 0.765762803125 0.77414191875 0.76610330625 0.770268946875 0.7624241421875 0.767326990625 0.767945865625 0.7661073625 0.77499985625 0.7474593703125001 0.771557765625 0.7362221796874999 0.7508571515625 0.719734178125 0.738256740625 0.7062905359375 0.7238746359375 0.701914859375 0.714290684375 0.70454961875 0.71319 0.7058716453125 0.717270534375 0.7098470156250001 0.71627328125 0.7155913015625 0.7026394484375 0.7362968265625 0.6982550187500001 0.7469754328125 0.6924779187500001 0.7510997875000001 0.689455946875 0.7854724
2 1 0.9639216859375 0.9991006640625001 0.9474474374999999 0.9967775624999999 0.940278725 0.9904773562500001 0.933556903125 0.9798595421874999 0.9311549421875001 0.9663410484374999 0.933752471875 0.9600165828125 0.9329052749999999 0.951806996875 0.9367037843749999 0.926399753125 0.9401578640625001 0.9050730437500001 0.9475873140625 0.8674791093750001 0.9552867921875 0.8656791125 0.95896425625 0.86909694375 0.9760760703125 0.8763216281249999 0.9946774796875001 0.8763090296874999 1 0.99628165 1 0.999076846875 0.9925079499999999 1 0.973059275 1 0.9639216859375
2 0.792440025 0.8473234265624999 0.7275646921875 0.8305794750000001 0.770020946875 0.9260675812500001 0.792440025 0.8473234265624999