10 0.3131800421875 0.44589704062499996 0.23653122343750002 0.46665892812500004 0.07960111875 0.5845753 0.06159550312499999 0.6612088828125 0.19747629375 0.757603309375 0.2453937765625 0.7738420609375 0.2631469078125 0.768818425 0.3118906828125 0.7382131843749999 0.45924566718750004 0.6374995125 0.46204885000000007 0.600647175 0.43721144375 0.5115564703125 0.42479723125 0.47796671562500004 0.3918117375 0.44973427031249996 0.37659135 0.44569312187500004 0.3351663796875 0.45498035937500003 0.3131800421875 0.44589704062499996
10 0.382218665625 0.42311457656250007 0.38503381875 0.41547717031250003 0.33569229843750004 0.3628865921875 0.2666297328125 0.3272391953125 0.243802140625 0.328481203125 0.1136145078125 0.3701903515625 0.1040364 0.3800893203125 0.08969616875 0.4606713671875 0.110270440625 0.4626177921875 0.1503013015625 0.4900160546875 0.1905996125 0.48232303125 0.382218665625 0.42311457656250007
10 0.48541433281249996 0.5365263312499999 0.49671685156249995 0.6082289671875001 0.5060215265625 0.6188138140625 0.5877687468749999 0.660263415625 0.611449565625 0.6779110109375 0.7008009953125 0.7067737203125 0.7131972531249999 0.6965410765625 0.7089580625 0.66782665625 0.71543261875 0.6495302484375001 0.7047039046875 0.6025935734375001 0.6034881234375 0.5064772046875 0.59389505 0.47985750937500005 0.5809249875 0.465324196875 0.575850525 0.46154256875 0.5499253656249999 0.46899460312499996 0.48541433281249996 0.5365263312499999
10 1 0.392863284375 0.9847523296875 0.385372371875 0.9585417640625 0.384093296875 0.9252798437499999 0.3690409375 0.9086533734375 0.37247035781250004 0.87568883125 0.3953640421875 0.7429894078125 0.4972641015625 0.7348203703125 0.5069962343750001 0.7294784609375 0.538305890625 0.7004647140625 0.5738791515624999 0.7032888453125 0.58815294375 0.7382422531249999 0.6044658468749999 0.7638969703125 0.6248013609374999 0.916659709375 0.6534601531249999 0.9414582093750001 0.6476023343749999 0.9961176984375 0.6104533937500001 0.9989328515624999 0.6028159875 1 0.6026032 1 0.392863284375
10 1 0.35310836874999996 0.9968304124999999 0.33708856875 0.9944966296875 0.3360116578125 0.9278585515625 0.350776153125 0.8764758468749999 0.3740460390625 0.8348751812499999 0.39959493125 0.79625773125 0.423072 0.73842078125 0.47374451406249996 0.713731465625 0.5033062078125 0.72286484375 0.540893496875 0.7326398390625 0.5259872484375 0.7376042375 0.5039168484375 0.755667903125 0.48802920937499994 0.79461408125 0.457638784375 0.8433387781249999 0.4209347421875 0.8834443125 0.387829134375 0.9154325875 0.36943349531249997 0.9366543984375 0.3737952328125 0.959369575 0.38141736875 0.9802591328125001 0.38409983593749997 1 0.3941360234375 1 0.35310836874999996
10 1 0.6089262718749999 0.9982570171875 0.612262425 0.976213384375 0.625184078125 0.9458846046874999 0.64767975625 0.9296395171875 0.6513218078125 0.903612396875 0.65268485625 0.8996465078125 0.6840893796875 0.8943516203125 0.7087768265625 0.8874033718750001 0.74019074375 1 0.726859115625 1 0.6089262718749999
10 0.5903700203125 0.4543238875 0.6062758140625 0.43181730781249994 0.6097362796875 0.380708628125 0.606056871875 0.30208827656250004 0.5717410796875 0.3044327140625 0.5717551656250001 0.3388032203125 0.5654846484375 0.41000861874999994 0.5601950437500001 0.4475850046875 0.5495946984375 0.471182015625 0.5903700203125 0.4543238875
8 0.7645027421874999 0.383694765625 0.748287921875 0.3600503234375 0.7233437265625 0.3542388546875 0.667691303125 0.37543636875 0.64796576875 0.3814239484375 0.6388097828125 0.3898121203125 0.644878675 0.41319704062499996 0.6468585609375 0.4304924265625 0.655180775 0.4506889140625 0.702665659375 0.4428754 0.754092359375 0.4258302609375 0.78226934375 0.4115379265625 0.7645027421874999 0.383694765625
8 0.934568059375 0.339455259375 0.9386495828125 0.3272854578125 0.9148275609375001 0.3089241734375 0.89340305625 0.29539188125 0.85536255625 0.3108520703125 0.7967537703125 0.3389733015625 0.7818217796875 0.350966996875 0.78830830625 0.3618855203125 0.793106340625 0.3788472328125 0.798604421875 0.38476993125000003 0.7986074140625 0.3920736625 0.80298033125 0.40324244218749994 0.812988046875 0.4100920078125 0.828203946875 0.4031775578125 0.8804704046875 0.372155225 0.915127928125 0.3541739484375 0.934568059375 0.339455259375
8 0.0784759546875 0.589821384375 0.091434046875 0.5751397671875 0.11509990156250001 0.5562686984375 0.1415839 0.53706395625 0.14805247187499998 0.504160084375 0.142410190625 0.490219965625 0.118588165625 0.47185868124999997 0.0929543984375 0.50264929375 0.068460759375 0.5647124875 0.052271374999999995 0.6031497734375 0.0455159015625 0.623670665625 0.05312759375 0.62934310625 0.049185778125 0.6385747281249999 0.06468858281249999 0.6440432578124999 0.07595069531250001 0.6171455015625 0.0784759546875 0.589821384375
8 0 0.45521541093750006 0.001701584375 0.49697530937499995 0.01712405625 0.5749238828125 0.04112353125 0.5650276265625 0.06324060000000001 0.5492615703125 0.06816338125 0.5267664437499999 0.07647212812500001 0.5140961359375 0.0908392921875 0.4992476828125 0.0995701609375 0.4850665765625 0.099421471875 0.46609355468749997 0.08941525312500001 0.46289585468750005 0.0891268546875 0.44686101093749997 0.07967947656249999 0.43191060312499996 0.052762876562500005 0.4270630796875 0.03359768125 0.42494981875000004 0.0117600296875 0.434839521875 0 0.4471077890625 0 0.45521541093750006
10 0.07712972968750001 0.7433666062500001 0.09404160624999999 0.7486682984375 0.1291227546875 0.7328280921875 0.15659819531250002 0.7259229109375 0.121783 0.7030199671874999 0.063004578125 0.6610420484375 0.0656755328125 0.6453872203125 0.0482003265625 0.640882634375 0.0517185203125 0.62950994375 0.0463616453125 0.6243009374999999 0.0494547234375 0.6071353125 0.0588871390625 0.5855670546875 0.0297112328125 0.5693004968750001 0.017608170312499997 0.5773707109374999 0.04790278125 0.7304863546875 0.07712972968750001 0.7433666062500001