4 0.2096595828125 0 0.19748149375 0.017741159375000003 0.193833534375 0.063727159375 0.2277390171875 0.07454103125 0.179696140625 0.1068291375 0.2008713359375 0.109375 0.20802201875 0.109375 0.2251743078125 0.103297228125 0.2401638265625 0.088772103125 0.2545719 0.0822915390625 0.2954146421875 0.0778580703125 0.3722018296875 0.080696865625 0.4119295703125 0.0602938328125 0.4243226296875 0.041325537499999995 0.425 0.0368191328125 0.425 0.0288597765625 0.4149403875 0.00518236875 0.4162130421875 0 0.2096595828125 0
4 0.1711714375 0 0.1638931859375 0.0255072359375 0.14324069374999998 0.0735306296875 0.1335476859375 0.0820534375 0.11442454375 0.0864917578125 0.0830676328125 0.1121797390625 0.0414123203125 0.1704644296875 0.008836821875000001 0.19507150625 0 0.1978697765625 0 0.288537578125 0.023626968749999998 0.25955240625 0.04576873125 0.2492313296875 0.0708734171875 0.21585747500000002 0.1339375640625 0.20224360937500002 0.141774840625 0.1835144359375 0.1452395671875 0.1512764109375 0.1723275203125 0.0971909171875 0.1814869734375 0.0646539921875 0.1978783109375 0.03746179375 0.1975040421875 0.0157290375 0.2008430046875 0 0.1711714375 0
4 0.4890625 0.331809359375 0.4849084421875 0.327227403125 0.46975183125 0.2902424546875 0.43065342500000003 0.270542240625 0.3827063328125 0.2387129796875 0.34543190625000003 0.196019765625 0.3250901796875 0.1993771828125 0.315397171875 0.2078999890625 0.310658159375 0.2218870875 0.2695764890625 0.222898509375 0.22065754218750003 0.24263910156250001 0.20694230781249998 0.275415153125 0.2164838328125 0.3138396875 0.24917853281250002 0.3728013671875 0.311406165625 0.429068065625 0.41955806874999996 0.455447584375 0.4890625 0.4536346453125 0.4890625 0.331809359375
4 0.21875 0.459375 0.21875 0.4345349203125 0.21866455937499998 0.4333111984375 0.1945478671875 0.3498571515625 0.16159029375 0.303502765625 0.1342795546875 0.288908159375 0.125590153125 0.2790604765625 0.096797953125 0.2759922640625 0.06712968124999999 0.260376534375 0.0390457125 0.259375 0.0278536390625 0.259375 0.016593928124999997 0.273332809375 0.0119902578125 0.305630615625 0.015120273437500002 0.334087909375 0.0221689265625 0.353180615625 0.021173125 0.4207798109375 0.027105126562499998 0.459375 0.21875 0.459375
4 0.4890625 0.1946263140625 0.48535068593749997 0.19375947031250002 0.4583106265625 0.215786278125 0.4159067796875 0.23060545625 0.4135253 0.24561367500000003 0.42780583906249997 0.27005111249999997 0.46672101250000003 0.303499303125 0.4890625 0.3456053078125 0.4890625 0.1946263140625
4 0.4890625 0.08004569218749999 0.47571495468749997 0.07366034375 0.411535809375 0.0713046453125 0.3821621609375 0.0762809921875 0.343493721875 0.095483559375 0.1876175140625 0.105954875 0.1634367890625 0.1198175625 0.161055309375 0.1348257828125 0.1450621859375 0.16772139375 0.14911616249999998 0.176667515625 0.18132520000000002 0.1795563890625 0.19057210156249998 0.197388853125 0.2039765703125 0.2092787765625 0.236002375 0.225915625 0.2520272515625 0.2262193796875 0.26423707812499997 0.22099905937500003 0.25440873124999996 0.21121115937499998 0.2549105328125 0.202025915625 0.260445975 0.199445646875 0.26629998593750004 0.20142810781249998 0.2719707640625 0.2171585484375 0.3096356 0.21632646875 0.3224268734375 0.2030615890625 0.3402517828125 0.196401684375 0.3672996484375 0.22360358281249998 0.4036278015625 0.2296875 0.4118848546875 0.2296875 0.45483914218750005 0.21671910312499998 0.4890625 0.18888846875 0.4890625 0.08004569218749999
4 0.41875 0.459375 0.41875 0.456952475 0.40965585156250006 0.4530135125 0.3202845703125 0.433662284375 0.3060597296875 0.4263948703125 0.25236221406250003 0.3776944875 0.21511173281249998 0.31897193281249997 0.1981628953125 0.3381793484375 0.199891090625 0.3793037140625 0.21891844843750002 0.43898276249999996 0.219586825 0.459375 0.41875 0.459375
0 0.598382584375 0 0.598821503125 0.001811596875 0.6743241890625 0.064000196875 0.685580190625 0.068645746875 0.702320734375 0.0703125 0.7032534984375 0.0703125 0.7195880062500001 0.058723565624999995 0.732654825 0.0385876640625 0.72820011875 0.0182898375 0.718201940625 0 0.598382584375 0
7 1 0.07251185624999999 0.9964066390624999 0.0727125140625 0.9673338125000001 0.089384459375 0.9443785203124999 0.0952276921875 0.9357842406250001 0.1022849578125 0.9132914015625001 0.1279565953125 0.9072663562500001 0.1427509921875 0.8994853265625 0.15053665 0.8943845187499999 0.17081825625 0.9077070421875 0.18125 0.9234587125000001 0.18125 0.9495553109374999 0.1806274328125 0.9748023671875 0.1706242890625 1 0.1551223296875 1 0.07251185624999999
7 0.7751649609375 0 0.782265884375 0.013370656249999998 0.796165109375 0.028925884375 0.8234462859375 0.071998125 0.8460877765625 0.086841178125 0.86457053125 0.0940765828125 0.876787765625 0.10579561562499999 0.877767496875 0.113662234375 0.8859924796875 0.12491184531249999 0.8880351265625 0.125 0.8993239718750001 0.125 0.9120342859375 0.114843959375 0.9125 0.1105750703125 0.9125 0.1017038375 0.905953084375 0.093089346875 0.8966373812499999 0.06921429999999999 0.8860829765625 0.0263687265625 0.86851170625 0 0.7751649609375 0
7 0.9576230406249999 0.060133456249999995 0.9558855546875 0.053917851562499994 0.935554325 0.0357080265625 0.9227273203124999 0.0319850984375 0.907627046875 0.03321521875 0.8920464906250001 0.047993396875 0.8933221921874999 0.06855019531249999 0.9048186687499999 0.083506515625 0.90666714375 0.0944809375 0.9124338796875 0.10275223281250001 0.9119165984375 0.11471401875000001 0.9080538312499999 0.11979655156249999 0.894672546875 0.12644914062499998 0.8866880421874999 0.1255102984375 0.877649809375 0.11353229375 0.8766885765625 0.10645881093750001 0.866227325 0.1017485171875 0.8338466718750001 0.147297084375 0.8334040484375 0.1966010171875 0.8406880609374999 0.203125 0.8496219500000001 0.203125 0.8635490984375 0.1917613703125 0.88014638125 0.1864360828125 0.8903116624999999 0.1784561953125 0.9031749999999998 0.14959579375 0.953205996875 0.075591503125 0.9576230406249999 0.060133456249999995
7 0.717208040625 0 0.7382075390624999 0.045207331249999996 0.80847993125 0.1221255890625 0.819015175 0.1300084265625 0.8261864328125 0.130218875 0.8419149734375001 0.12178578437500001 0.859066534375 0.106084984375 0.858770565625 0.0933948046875 0.8232465734375 0.0724494171875 0.7756684406250001 0 0.717208040625 0
7 0.825503334375 0.1692120359375 0.823303396875 0.1431680265625 0.8010497015624999 0.110811234375 0.747911034375 0.0515686421875 0.7325147953125001 0.040108581250000004 0.7131639625 0.0639349734375 0.6895249078125 0.07460176562500001 0.6857361296875 0.08285684531250001 0.68595810625 0.092374478125 0.6901908359375 0.10315466874999998 0.7049773046875 0.122610834375 0.74811650625 0.162801940625 0.7661374750000001 0.184378540625 0.79737324375 0.1921643296875 0.8088142265625 0.204741240625 0.8191829875 0.2054858515625 0.8293482687499999 0.197505965625 0.832360790625 0.19010876875 0.831953834375 0.17265977187499998 0.8294770906250001 0.16888831875000002 0.825503334375 0.1692120359375
7 0.5799764296875 0 0.5767244109374999 0.0178355 0.5810496296875 0.0325813734375 0.603451309375 0.07128325625000001 0.632247996875 0.11105346406250001 0.6362587468750001 0.11231602031250001 0.66895386875 0.08025076875 0.6729276234375 0.0799270546875 0.6802653624999999 0.087275728125 0.6831853953125 0.075912846875 0.681429409375 0.0689041078125 0.6449071890625 0.039298965625 0.6423749531249999 0.033148103125 0.6311374484375 0.029295690625 0.6123772234375 0.010163240625 0.5994392296875001 0.0016814984375000002 0.5893737859375 0 0.5799764296875 0
5 0 0.9625640296875 0.0073798875 0.9693106984375 0.0437082046875 0.9833388046875001 0.117871209375 0.9953125 0.144513165625 0.9953125 0.1467440953125 0.9919712515625001 0.14507272031250001 0.9777765265625 0.1298510609375 0.8954509749999999 0.131042153125 0.8927622671875 0.1405837 0.8927022000000001 0.146875 0.8829934375 0.146875 0.8766389468749999 0.126956575 0.8495277203124999 0.11379692500000001 0.8402005562499999 0.111497984375 0.8121396828125 0.11107533437499999 0.75733225625 0.1041785234375 0.7499765703125 0.0689900671875 0.72428834375 0.071666821875 0.71287635625 0.088258865625 0.7086727453125 0.0952453234375 0.6741082046875 0.049356251562499995 0.6855859859375 0 0.7059057984375 0 0.9625640296875
6 0.28796306718750003 0.7794543562499999 0.290466921875 0.76657395 0.2964159796875 0.76161235625 0.3015581671875 0.749798134375 0.2959164859375 0.731761275 0.2721586734375 0.7007160109375 0.25337655468750003 0.686319634375 0.23006700625 0.6761540390625 0.21885408593750003 0.6620193796875 0.2135838234375 0.65140506875 0.2037605125 0.64053583125 0.17822886875 0.6157664828125 0.1589792796875 0.6059362578125 0.1521977359375 0.5995595203125 0.148944646875 0.6060767734375 0.148963859375 0.619044421875 0.14548023593749998 0.62360378125 0.12740893125 0.62804873125 0.099680815625 0.631574803125 0.096517378125 0.6345852984375 0.0929889296875 0.6601047718749999 0.09625483124999999 0.6750371046874999 0.0911446609375 0.6828550921875 0.0885191375 0.70323849375 0.0896461921875 0.708542253125 0.0875841953125 0.7123708000000001 0.088595984375 0.7166956125 0.095204625 0.72160393125 0.0954031421875 0.7275580578125 0.0932258765625 0.7304076593750001 0.094237665625 0.7347324734375 0.10322208749999999 0.7427453187499999 0.1124050265625 0.7567122890625 0.1100740734375 0.771061115625 0.11349366718750001 0.8129076890625001 0.1243607859375 0.8241055078125001 0.1634496859375 0.8421875 0.1679218421875 0.8421875 0.1909146671875 0.830209075 0.23925636093749997 0.796879471875 0.2575581984375 0.7943924156250001 0.2679770515625 0.784710565625 0.28497253125 0.7839332703125 0.28796306718750003 0.7794543562499999
1 0.2681452546875 0.459375 0.19263451874999998 0.5068949890625001 0.181139840625 0.5202444921875 0.1523935375 0.56634115625 0.15330286875000002 0.5911366109375 0.15828496718750001 0.5993035578125 0.1848668171875 0.6159195453125 0.2039050875 0.636759521875 0.21552784374999998 0.6458385515625 0.21903068124999997 0.6542468390625 0.227432365625 0.665846890625 0.24008244531249998 0.6765625 0.2546196265625 0.6765625 0.258253478125 0.6757847328125 0.38924160625000004 0.6145040078124999 0.40174807343749996 0.6054793171874999 0.40297118281250005 0.5987943765625 0.4056415359375 0.5958643296874999 0.421599609375 0.5862765140625 0.42731813281250003 0.5793570265625 0.4325115515625 0.5765142203125 0.4319352171875 0.5716194859375 0.41562493125 0.548338934375 0.41145610781249997 0.5385426734375 0.4285732578125 0.5302623859375 0.4290983609375 0.5261857046875 0.42441083593749995 0.5119841875 0.4162076671875 0.506338259375 0.4141840890625 0.49768863437500005 0.407639484375 0.4847878484375 0.3901701390625 0.459375 0.2681452546875 0.459375
1 0.3024842046875 0.68643851875 0.2974636859375 0.690749746875 0.30029413437499997 0.706252 0.29129690468749997 0.7152030359375 0.29795678125 0.7290827671875 0.2998907046875 0.7412391546875 0.3092361140625 0.7660294453125001 0.2987696234375 0.7582479984375 0.29015705 0.7652766234375 0.28896595625 0.767965328125 0.2907910171875 0.770660828125 0.290496446875 0.776695403125 0.30827671093750003 0.784375 0.316467075 0.784375 0.33331813593750004 0.756239415625 0.343205478125 0.7207027203124999 0.3637422078125 0.67744206875 0.3703125 0.6595544546875 0.3703125 0.652343796875 0.36756522812500003 0.6458880203125 0.3515367109375 0.6335367749999999 0.342545884375 0.634005871875 0.3311728734375 0.6398523796875 0.30565404531249996 0.6749460859375 0.3024842046875 0.68643851875
7 0.7126593031249999 0.459375 0.6942408390624999 0.46927167968749994 0.6852452203125 0.47705884374999996 0.678238978125 0.4850206984375 0.6697583328125 0.500925628125 0.6690173609375 0.5316371234374999 0.672787103125 0.5501313609375 0.67908009375 0.6425091015625 0.6779292906250001 0.6847888890625 0.6806432765625 0.7036949546875 0.6803643906250001 0.718301946875 0.696638234375 0.7701843359375 0.707885753125 0.797407740625 0.7183041578125 0.8149721984375 0.7423604734375 0.844329415625 0.7568973859374999 0.8693189953125 0.767298796875 0.9075678437499999 0.7662959296875 0.9322019390625 0.7677838343750001 0.938387 0.8466527625 0.9453125 0.8486079109375 0.9453125 0.8483922078124999 0.926797490625 0.841577340625 0.9085403921874999 0.8391863125000001 0.8952125578124999 0.8398662171875 0.86500023125 0.8450398390625 0.8432550421875 0.8628560546875 0.8044567859375 0.8684048890625 0.7837536109375 0.871875 0.7448646484375001 0.871875 0.7026103203125 0.8370325453125 0.5635447296875 0.82571450625 0.5040249703125 0.8193881671875 0.48177449843750003 0.8073556 0.46507736875 0.79892585625 0.459375 0.7126593031249999 0.459375
9 0.662171521875 0.47712700625000004 0.6624069718750001 0.471093275 0.6420769609375 0.46880355781249994 0.620621315625 0.46338779375000005 0.6130390343750001 0.463731059375 0.61174783125 0.47017661874999994 0.614095421875 0.4920777140625 0.6149169984375 0.5552165828125 0.6359451828125 0.5641265453125 0.64241064375 0.5646942796875 0.671544 0.575 0.6728191109375 0.575 0.6734375 0.5699451124999999 0.6734375 0.560587396875 0.6697550796875 0.5343007046875 0.6688296359375 0.5089927515625 0.6732005875 0.48969974687500006 0.668410353125 0.4877655140625 0.667153771875 0.48160076875 0.662171521875 0.47712700625000004
9 0.5585128609375001 0.5099127875 0.5422843625 0.5357325859375 0.5426079765625 0.5390625 0.54580275625 0.5390625 0.5570126515625 0.5345032109375 0.5750303296875 0.5310400093750001 0.59949584375 0.5200704546875 0.6075754671875 0.5197708609375 0.6125 0.5228645296875001 0.6125 0.5123468703125 0.609084490625 0.4992174828125 0.6026448359375001 0.4820024 0.59672015 0.472905078125 0.568092690625 0.4850227734375 0.5625696640625 0.4890785984375 0.5585128609375001 0.5099127875
9 0.6035542296875 0.521538959375 0.596408225 0.5224250687499999 0.5751710359375 0.53165996875 0.554980784375 0.536445996875 0.5160576921875 0.558759371875 0.515625 0.5622963265625 0.515625 0.5629197484375 0.5218256218749999 0.58146534375 0.5324360390625 0.60156933125 0.5471914078125 0.6412095718749999 0.54804696875 0.662979653125 0.556964528125 0.6763760515625 0.5664843562499999 0.6984375 0.575961434375 0.6984375 0.60596606875 0.6867332953125 0.6088191843749999 0.6839566234375 0.624036 0.6787338765625 0.6635263171875 0.660002046875 0.6640625 0.6556191359375 0.6640625 0.6547179359374999 0.6559868343749999 0.62301356875 0.6496258734375 0.613373403125 0.6267644359375 0.5619216234375 0.614627365625 0.5542969249999999 0.6126726140625001 0.5415119296875 0.6035542296875 0.521538959375
9 0.6629787734375 0.6589657375 0.649009721875 0.6663161843750001 0.5744264859375 0.696597978125 0.5613923296875 0.76205190625 0.5901859921875 0.7691210890625 0.6370672140625 0.7762649453125 0.6438394187500001 0.7765625 0.649024853125 0.7765625 0.6560185140625 0.773388259375 0.666802040625 0.730440725 0.678125 0.6533872359374999 0.678125 0.6358184453125 0.67744453125 0.6229004781249999 0.659784434375 0.6193316046875 0.6552472796875 0.6194377296875 0.6548808828125 0.622432759375 0.6635283703125 0.6544731921875 0.6629787734375 0.6589657375
3 0.4890625 0.7527517734375 0.5113310828125 0.7533344109375 0.52947089375 0.748872865625 0.5427505874999999 0.7389392156250001 0.5517285765625 0.7230779609375 0.5546875 0.7077487296875 0.5546875 0.6828596109375 0.5526785515625 0.6742216 0.5459423796875 0.6635394203125 0.5361088296875 0.6576305953125 0.5262840953125 0.6557588140625 0.5225407984375 0.649375709375 0.5167558765625 0.64735413125 0.4890625 0.6460556640624999 0.4890625 0.7527517734375