7 0.6416685765625 0.41612022499999995 0.63836618125 0.48877289218750003 0.6499245609375001 0.49207528749999996 0.6482733640625 0.5234480296874999 0.623505409375 0.51188965 0.620203015625 0.53005281875 0.66643653125 0.630775834375 0.7027628640625 0.691870125 0.7308332140625 0.6951725203125 0.775415534375 0.6803117453125 0.8192901984375001 0.6505902 0.8249514437500001 0.6505902 0.8266026421875001 0.6505902 0.8332074296875 0.62251985 0.8117418687500001 0.5977518953125001 0.7671595499999999 0.53005281875 0.7374380031250001 0.4607025421875 0.71101885 0.44253937656250003 0.7044140624999999 0.41116663124999997 0.661482940625 0.3731891 0.6400173796875 0.3731891 0.633412590625 0.345118753125 0.61855181875 0.3434675546875 0.6036910453125001 0.3715379046875 0.6135982265625 0.39795705625 0.6416685765625 0.41612022499999995
10 0.66643653125 0.219627778125 0.60038865 0.1799990515625 0.5458991484375 0.15523109531249998 0.5260847859375 0.196511021875 0.509572815625 0.25265171875000003 0.6036910453125001 0.2988852359375 0.67304131875 0.3401651609375 0.757252365625 0.3748402984375 0.7721131406249999 0.364933115625 0.80513708125 0.320350796875 0.80513708125 0.31539720625 0.7671595499999999 0.27246608437500003 0.6961580781250001 0.2295349609375 0.66643653125 0.219627778125
1 0.7836715203125 0.673706959375 0.7688107453125 0.6819629421875 0.7605547609375 0.72324286875 0.7886251109375 0.693521321875 0.79027630625 0.72324286875 0.7836715203125 0.762871596875 0.7836715203125 0.7859883546875001 0.8100906718750001 0.7942443406249999 0.8034858828125 0.7958955359375001 0.8662313703125 0.8041515218749999 0.9091624921875001 0.7760811734375 0.9702567828124999 0.6159150624999999 0.9801639640625 0.579588728125 0.9735591765624999 0.4805169078125 0.9174184765625 0.4821681046875 0.9108136890624999 0.4623537390625 0.7869739124999999 0.43923698125 0.7060652593750001 0.4144690265625 0.7176236390625 0.4507953609375 0.7473451843750001 0.48877289218750003 0.7688107453125 0.53005281875 0.7952298984375 0.5680303484375 0.8133930656249999 0.5977518953125001 0.8365098234375001 0.62251985 0.8282538390624999 0.6472878046874999 0.7836715203125 0.673706959375
1 0.622148028125 1 0.6086446359375 0.908176934375 0.40884979687499995 0.9065257375 0.2932660046875 0.9279912984375001 0.199147775 0.9015721453125 0.1974965796875 0.9659688296875 0.219077321875 1 0.622148028125 1
1 0.4220593734375 0.8652458125000001 0.374174659375 0.845431446875 0.2965684 0.838826659375 0.1974965796875 0.8487338421875 0.194194184375 0.9048745390624999 0.2932660046875 0.9263401 0.3560114921875 0.9197353140625 0.4204081765625 0.9065257375 0.4171057828125 0.90322334375 0.4220593734375 0.8652458125000001
1 0.18535185468749998 1 0.21400855000000002 0.5383088015624999 0.1496118640625 0.541611196875 0.12154151718749999 0.544913590625 0.108331940625 0.544913590625 0.0819127875 0.6027054875 0.050540045312500004 0.655543790625 0.0224696953125 0.766173990625 0 0.8054959578125 0 1 0.18535185468749998 1
1 0.22886932187500003 0.23944214375 0.24373009531249998 0.2691636890625 0.22391573125000003 0.3319091765625 0.20079897343750003 0.40125944999999996 0.23877650468749997 0.3897010703125 0.2916148078125 0.383096284375 0.309777975 0.368235509375 0.3444531140625 0.3847474796875 0.3461043109375 0.383096284375 0.5013168296875 0.2146741875 0.5029680265625001 0.196511021875 0.38738423593750004 0.0858808203125 0.3246387484375 0.138719125 0.2784052328125 0.1618358828125 0.2536372765625 0.1998134140625 0.22886932187500003 0.23944214375
6 0.38243064531250004 0.6043566828125 0.38903543281249997 0.6472878046874999 0.41545458437500005 0.7083820953125 0.4319665546875 0.7529644140625 0.4583857078125 0.8091051140625 0.46664169375000003 0.838826659375 0.49471204062499996 0.8569898265625 0.55580633125 0.8569898265625 0.5937838625 0.845431446875 0.636714984375 0.835524265625 0.6400173796875 0.838826659375 0.6647853328125 0.7892907484375 0.67304131875 0.7430572328125 0.6565293484375 0.6951725203125 0.643319771875 0.6472878046874999 0.62515660625 0.5746351375 0.595435059375 0.53005281875 0.54259675625 0.510238453125 0.5458991484375 0.5465647875 0.5442479515625 0.5647279546874999 0.52773598125 0.5878447125 0.5178288 0.6423342140625 0.49471204062499996 0.5911471078125 0.46168810000000005 0.544913590625 0.44022253906250003 0.579588728125 0.41380338749999995 0.5762863328125001 0.38243064531250004 0.6043566828125
1 0.7671595499999999 0.772778778125 0.72918201875 0.7430572328125 0.7077164578125 0.759569203125 0.6746925171875 0.7892907484375 0.6499245609375001 0.830570675 0.6499245609375001 0.8487338421875 0.6598317421875 0.8883625687500001 0.6466221671875 0.8933161593750001 0.6532269546875 0.9263401 0.661482940625 0.9428520703125001 0.67304131875 0.9544104499999999 0.719274834375 0.91643291875 0.7522987750000001 0.913130525 0.7985322921875 0.8107563109375 0.7671595499999999 0.772778778125
6 0 0.37053376875 0.012562512500000001 0.383096284375 0.0488888484375 0.4194226171875 0.10337835 0.42272501093750003 0.14465827343749998 0.3847474796875 0.156216653125 0.359979525 0.180984609375 0.348421146875 0.20575256406250003 0.326955584375 0.204101365625 0.3021876296875 0.199147775 0.279070871875 0.171077428125 0.2675124921875 0.14135588125 0.25430291562499996 0.1264951078125 0.27576847656250003 0.111634334375 0.2675124921875 0.0984247578125 0.247698128125 0.038981665625 0.251000521875 0 0.27127099062500004 0 0.280126946875 0.012562512500000001 0.32200199375 0 0.3237966390625 0 0.37053376875
6 0.339499521875 0.4871216953125 0.31308037031249997 0.516843240625 0.29491720312499997 0.53996 0.2684980515625 0.535006409375 0.266846853125 0.5663791515625001 0.2784052328125 0.5861935171875 0.2767540359375 0.6423342140625 0.2817076265625 0.68856773125 0.3114291734375 0.7100332921875 0.33454593125 0.71663808125 0.3593138859375 0.7265452625 0.4071985984375 0.7034285046875 0.40389620624999995 0.696823715625 0.4065000171875 0.696823715625 0.38903543281249997 0.655543790625 0.377477053125 0.607659078125 0.40389620624999995 0.5878447125 0.436920146875 0.581239925 0.4699440859375 0.5597743640624999 0.5178288 0.6423342140625 0.52773598125 0.5878447125 0.54259675625 0.5630767578125 0.5458991484375 0.53005281875 0.5376431640625 0.5003312703125 0.49966563124999996 0.5184944390624999 0.44847852499999996 0.53665760625 0.45343211562499997 0.53996 0.4171057828125 0.535006409375 0.4270129640625 0.47886570937500006 0.40389620624999995 0.444190571875 0.4352689484375 0.4194226171875 0.46664169375000003 0.36163072343749997 0.504619225 0.326955584375 0.559108725 0.3038388265625 0.6086446359375 0.3087924171875 0.5508527390625 0.27246608437500003 0.47159528437500003 0.3054900234375 0.4319665546875 0.3434675546875 0.42371056874999996 0.3863986765625 0.38738423593750004 0.41777142031250003 0.36096508437499997 0.43263219375000006 0.322987553125 0.47391211875000006 0.339499521875 0.4871216953125
6 0.6268078015625 0.9643176312499999 0.6548781515625001 0.9312936921875 0.643319771875 0.913130525 0.6598317421875 0.8520362359375 0.6268078015625 0.9643176312499999
5 0.380779446875 0.8520362359375 0.42371056874999996 0.8602922218750001 0.4270129640625 0.8784553875000001 0.41380338749999995 0.9048745390624999 0.48150246562500004 0.908176934375 0.54259675625 0.9048745390624999 0.60038865 0.9098281296874999 0.620203015625 0.9676200265625001 0.6350637875 0.9593640406249999 0.636714984375 0.9593640406249999 0.63877898125 0.9552360500000001 0.6416685765625 0.9610152390625 0.636714984375 0.913130525 0.6548781515625001 0.8768041921874999 0.6449709703125001 0.8371754625 0.6169006203125 0.842129053125 0.55580633125 0.8569898265625 0.4980144359375 0.8569898265625 0.4699440859375 0.842129053125 0.44682732812500003 0.7991979312499999 0.4270129640625 0.7562668078125 0.4204081765625 0.7331500515625 0.398942615625 0.7513132171875 0.40884979687499995 0.7133356859375 0.36261628125 0.724894065625 0.3031731875 0.7067308984375 0.2817076265625 0.693521321875 0.2767540359375 0.6423342140625 0.2800564296875 0.6027054875 0.2767540359375 0.5696815468749999 0.263544459375 0.5515183796875001 0.23382291249999998 0.5614255609375001 0.23547411093749998 0.5894959109375 0.21896214062500002 0.6060078796874999 0.2074037609375 0.72324286875 0.24042770156249998 0.7034285046875 0.25859086875 0.7001261109375 0.263544459375 0.7149868828125 0.22556692812499998 0.734801246875 0.20079897343750003 0.7612204 0.204101365625 0.7991979312499999 0.2453812921875 0.79259314375 0.2751028390625 0.7859883546875001 0.27180044375 0.8190122953125 0.2833588234375 0.8371754625 0.34115071874999997 0.838826659375 0.380779446875 0.8520362359375
1 0.6449709703125001 0.326955584375 0.63176139375 0.3434675546875 0.63836618125 0.3715379046875 0.6647853328125 0.3731891 0.6928556828125 0.402910646875 0.7077164578125 0.4128178296875 0.7556011703125 0.42602740624999996 0.8150442625000001 0.440888178125 0.8183466562499999 0.434283390625 0.8299050359375 0.3698867078125 0.80513708125 0.31539720625 0.7539499734375 0.3797938890625 0.6449709703125001 0.326955584375
6 0.7721131406249999 0.27411728125 0.7985322921875 0.310443615625 0.8233002468749999 0.36163072343749997 0.8843945359375001 0.35007234375 0.8976041140625 0.4623537390625 0.9256744625 0.46730733124999996 0.924023265625 0.465656134375 0.919069675 0.4607025421875 0.927325659375 0.465656134375 0.927325659375 0.37814269375 0.927325659375 0.33521156875 0.9653031921874999 0.2427445359375 0.861277778125 0.23944214375 0.8216490515625001 0.22127897500000002 0.780369125 0.24109334062499999 0.7721131406249999 0.27411728125