2 0.081738290625 0 0.0892656453125 0.0189321953125 0.0637762734375 0.0223794765625 0.056672853125 0.0129701828125 0.0479709375 0.0193699046875 0.027232146875000002 0.0156650703125 0.0146017578125 0.0222933203125 0.023829431249999998 0.0384548046875 0.038835523437500005 0.049368884375 0.061516510937500005 0.09421530624999999 0.0725255484375 0.1024151515625 0.0971949296875 0.1109375 0.1025101171875 0.1109375 0.11103391562500001 0.10901529218749999 0.1175887171875 0.09488245937499999 0.11705954062499999 0 0.081738290625 0
3 0.2024461265625 0 0.1960901171875 0.008553940625 0.19588520781250002 0.04196241875 0.20936138125 0.07162828125000001 0.23055735312499998 0.094951553125 0.2571420578125 0.1046875 0.2611650703125 0.1046875 0.27890976562500003 0.1019612953125 0.2924308375 0.091352225 0.314219503125 0.055705915625000005 0.323240621875 0.0208023265625 0.340625 0.003903628125 0.340625 0 0.2024461265625 0
7 1 0.0152619046875 0.9790054546875 0.0144221234375 0.9393229171874999 0.029303076562500002 0.9269221234374999 0.052864584375 0.8921999015625 0.068985615625 0.8636780734375 0.090066965625 0.821515375 0.1148685515625 0.79423363125 0.1326609953125 0.79423363125 0.13346974375 0.786793153125 0.1607514890625 0.7681919625 0.1694320453125 0.75579116875 0.16199156875 0.7409102187500001 0.1657118046875 0.7012276765625 0.1867931546875 0.7210689484375 0.1917534734375 0.7681919625 0.1967137890625 0.7991939484375 0.20291418593750002 0.8064622312499999 0.2453125 0.8087689109375 0.2453125 0.8487971234374999 0.2264756953125 0.9095610125 0.2227554578125 0.9455233140624999 0.1991939484375 0.9752852187500001 0.1719122015625 1 0.164048409375 1 0.0152619046875
4 0.65 0.3296875 0.743998015625 0.3296875 0.729141865625 0.3148313484375 0.7427827375 0.3049107140625 0.74774305625 0.2900297625 0.72666170625 0.2863095234375 0.7279017859375 0.2689484125 0.7192212296875 0.2639880953125 0.720461309375 0.2429067453125 0.691939484375 0.2404265875 0.6807787703125 0.25530753906250003 0.679538690625 0.2689484125 0.651016865625 0.2664682546875 0.65 0.2670783734375 0.65 0.2928687171875 0.651016865625 0.29375 0.65 0.29558035781249997 0.65 0.3296875
3 0.65 0.20604331875 0.6993799609375 0.1895833328125 0.7353422625 0.168501984375 0.7564236109375 0.16354166718750002 0.7638640875 0.1734623015625 0.7899057546874999 0.159821428125 0.7899057546874999 0.12881944375 0.7812251984375 0.10029761875000001 0.7589037703125 0.1015376984375 0.748983134375 0.102777778125 0.7378224203125 0.1139384921875 0.7105406750000001 0.115178571875 0.6584573406249999 0.115178571875 0.65 0.1164599875 0.65 0.20604331875
4 0.62026634375 1 0.6265625 0.9883094437499998 0.6265625 0.9805376390625 0.6229188734375 0.94975570625 0.549523715625 0.909063896875 0.46745780468750003 0.8754489234375 0.3845708 0.8825257593749999 0.38609108124999997 0.8719105062499999 0.37889948125 0.8666028796875 0.318490628125 0.85244920625 0.190193421875 0.8064497687500001 0.1348800875 0.7834500515625 0.1275651015625 0.7728347953125 0.0900456890625 0.75514270625 0.04266426875 0.769296378125 0.027254329687500002 0.7905268890625 0.02783013125 0.8152958156250001 0.06432280625 0.8648336687499999 0.0685561 0.8949102234375002 0.088404975 0.9126023140624999 0.125513103125 0.9126023140624999 0.18703095 0.8984486421875001 0.40376309375 0.947986496875 0.4391452953125 0.9497557046875 0.47658245 0.9639093781250001 0.46655593125 0.9886783046875 0.479069353125 1 0.62026634375 1
4 0 0.6364174296874999 0.0041797859375000005 0.6524287453125 0.031096878124999998 0.6701208375000001 0.0662734359375 0.663044 0.178336653125 0.6188137734375 0.26303184062499996 0.6135061453125 0.34283715625 0.625890609375 0.384548734375 0.671890046875 0.400657859375 0.6807360906250001 0.42704027812499995 0.6754284640625 0.4297518125 0.6400442828124999 0.44318905624999994 0.609967728125 0.4602015328125 0.5816603828125 0.4890625 0.5556291546875001 0.4890625 0.5538769125 0.4728573296875 0.517968853125 0.4287632484375 0.5215072734375 0.35869803125 0.548045409375 0.1962936140625 0.5551222453125 0.0048363671875 0.6046601015624999 0 0.609617759375 0 0.6364174296874999
4 0 0.7435864578125 0.0192755890625 0.753125 0.0203243578125 0.753125 0.05473811562499999 0.7479385328125 0.0703536984375 0.73555406875 0.090776896875 0.7019390953125 0.1712799203125 0.6683241234375 0.184375 0.6461811640625 0.184375 0.6422708500000001 0.18077176875 0.620555478125 0.1630601046875 0.61878626875 0.049147578125 0.659478078125 0.010313525 0.6612472859375 0 0.672270915625 0 0.7435864578125
4 0.25142614375 0.7039940031249999 0.17897694375 0.7039940046875 0.1221022015625 0.689840334375 0.0992950171875 0.69691716875 0.071680215625 0.7252245125 0.07200924375 0.7393781875000001 0.0828172109375 0.7482242328125001 0.144796653125 0.76875 0.209459059375 0.76875 0.21567526093749997 0.7623779046875 0.2896858703125 0.753531859375 0.3356292640625 0.753531859375 0.3659570765625 0.765916321875 0.397599528125 0.7588394859375 0.4171875 0.7659112203125 0.4171875 0.7563432140625 0.3906532203125 0.6880711234375 0.3777491765625 0.6650714046875 0.365297540625 0.6615329859375001 0.25142614375 0.7039940031249999
4 0.2935817609375 0.3296875 0.3283347171875 0.514363575 0.359073815625 0.5444401296875 0.3977022234375 0.5338248765625 0.40226307187500004 0.5019791125 0.394742440625 0.4825178125 0.36642845468749996 0.480748603125 0.3609216484375 0.47190255625 0.3512226796875 0.434749165625 0.3516736171875 0.378134475 0.339161975 0.3296875 0.2935817609375 0.3296875
4 0.65 0.486897253125 0.5695177124999999 0.5515169656250001 0.5345879265625 0.5692090578125001 0.4325527078125 0.6647463484375 0.4017739578125 0.7089765765625 0.4095824890625 0.7408223390625001 0.451335196875 0.7885909843750001 0.49423802656250004 0.8098214921875 0.5119085609375 0.80982149375 0.5310582515625 0.7974370296875 0.5562068124999999 0.7390531296875 0.5655341468749999 0.6842076500000001 0.614763396875 0.597516403125 0.65 0.5584319765625001 0.65 0.486897253125
4 0.65 1 0.65 0.8878536234375 0.6340835125 0.896512740625 0.6063453265625001 0.919512459375 0.6179758640624999 0.9637426859375001 0.6054064593749999 1 0.65 1
4 0.65 0.8017617968749999 0.56516694375 0.8204367484375 0.5231689421875 0.8381288390625 0.5268675640625 0.8452056750000001 0.5164297546875 0.8522825125000001 0.4881569 0.8522825125000001 0.46366491875 0.8628977671874999 0.46563761562500006 0.8717438125000001 0.49785586718749997 0.889435903125 0.57420933125 0.905358784375 0.5850172953125 0.9142048296875 0.6079067359375 0.9106664109375 0.65 0.8893459890625 0.65 0.8017617968749999
4 0.135486275 0.3296875 0.10720328750000001 0.3515963390625 0.08669783125 0.38167289374999996 0.097300153125 0.3816728921875 0.1444774046875 0.4347491671875 0.1623535859375 0.4435952125 0.21713224687500002 0.4435952109375 0.24326789375 0.42767232968749996 0.241212940625 0.415287865625 0.24811663906249998 0.4082110296875 0.3025251453125 0.3922881484375 0.30367526875 0.3657500109375 0.293440778125 0.3296875 0.135486275 0.3296875
4 0.65 0.3296875 0.3550547578125 0.3296875 0.34550875468750003 0.34098108437499997 0.34444088906250003 0.3710576390625 0.3538108296875 0.3940573578125 0.36996108437499997 0.40467261250000003 0.42835611093750003 0.4082110296875 0.48362831718750005 0.4294415390625 0.508325940625 0.42767232968749996 0.5696792734375 0.406441821875 0.65 0.40078917187499996 0.65 0.3296875
4 0.05793586093750001 0.5886703578125 0.2142988046875 0.54974775625 0.219188678125 0.5320556671875 0.1952710234375 0.4913638578125 0.2014755375 0.454210465625 0.1300942046875 0.4241339125 0.09310946406250001 0.4294415390625 0.0426874796875 0.46482572187500004 0.0170453796875 0.5019791109375 0.0124434046875 0.5320556671875 0.023991684375 0.572747475 0.0384160140625 0.5851319390625 0.05793586093750001 0.5886703578125
4 0.65 0.40621922499999996 0.56963814375 0.4046726109375 0.4694918859375 0.4294415390625 0.4617670921875 0.47721018437499996 0.485314590625 0.5019791125 0.492794090625 0.5196712015625 0.5195055390625 0.5285172484375 0.5632705921875 0.5108251578124999 0.6135691890625 0.47013334843750004 0.64295104375 0.441826003125 0.65 0.428427059375 0.65 0.40621922499999996
4 0.65 0.735084315625 0.612917040625 0.7461299671875 0.599027384375 0.7567452218749999 0.5547687875 0.753206803125 0.534468971875 0.792129403125 0.5189356484375 0.808052284375 0.49789551875000004 0.815129121875 0.45684199999999997 0.79743703125 0.4315274484375 0.7726681015625 0.382049946875 0.7726681015625 0.35275035 0.8045138671875 0.353778565625 0.8487440953124998 0.3594087546875 0.8628977671874999 0.386120203125 0.8717438125000001 0.386366975 0.8823590656250001 0.4092975421875 0.8805898578125 0.417886040625 0.8699746031250001 0.4634592765625 0.8540517218750001 0.5004440156250001 0.8487440953124998 0.5090325124999999 0.8381288375 0.5931930296875 0.8098214921875 0.65 0.799743109375 0.65 0.735084315625
4 0.2898356046875 0.834590421875 0.2895477046875 0.8222059578125 0.3098475203125 0.783283359375 0.330599746875 0.7638220578125 0.3250518140625 0.753206803125 0.3019978609375 0.7496683859375 0.2192342390625 0.7620528484375 0.221248065625 0.772668103125 0.1881675890625 0.7938986124999999 0.22946788125 0.8222059578125 0.2722473265625 0.8381288390625 0.2898356046875 0.834590421875
4 0.31485930156249997 0.694822903125 0.37444558125 0.6735923953125 0.3776917890625 0.6612079296875001 0.3592809375 0.6293621671875 0.32356970625 0.6134392859375 0.2139301234375 0.6099008671874999 0.18224654375 0.61520849375 0.177027640625 0.6187469109375 0.18113755 0.643515840625 0.17472739375 0.6718231859375 0.207398059375 0.7089765765625 0.31485930156249997 0.694822903125
4 0.65 0.61139631875 0.609709009375 0.6081316578125 0.59269653125 0.636439003125 0.590314025 0.68597685625 0.5627403546874999 0.7160534125 0.5668502625 0.7408223406250001 0.593767353125 0.75851443125 0.65 0.7450346718749999 0.65 0.61139631875
4 0.65 0.4295508078125 0.624006996875 0.4630565125 0.4623443703125 0.578055103125 0.43707242500000004 0.631131375 0.548683228125 0.5674398500000001 0.65 0.49089319531250003 0.65 0.4295508078125
4 0.3298138703125 0.5019791125 0.32290869375 0.4329799578125 0.3024428875 0.3887497296875 0.2622530703125 0.4082110296875 0.19494199375000001 0.47721018437499996 0.1920248171875 0.5037483218750001 0.2142988046875 0.54974775625 0.3344584515625 0.5497477578125001 0.3483069796875 0.53736329375 0.3298138703125 0.5019791125
4 0.46624568125000004 0.4418260015625 0.47643671562499995 0.4241339125 0.42116451093749996 0.402903403125 0.37513885937499997 0.399364984375 0.3464547140625 0.3816728921875 0.3628120890625 0.47721018437499996 0.38097616875 0.4984406953125 0.4057149203125 0.49844069375 0.4119605625 0.4630565125 0.46624568125000004 0.4418260015625
8 0.65 1 1 1 1 0.9680930296875001 0.9969787421875 0.9631273515625001 0.9904043687499999 0.9560895140625 0.9829724687500001 0.950179678125 0.9778124734375 0.9477924515625 0.9623756421875 0.9373184640625001 0.9418219609375 0.9211449500000001 0.9008817921875 0.893609296875 0.8840885593750001 0.8843276187499999 0.8664148765625 0.8705808671875002 0.8333353703125 0.8483910531250001 0.8097493359375001 0.8341346109375 0.7992931703125 0.8265796984375001 0.7836729671875 0.8184186312499999 0.7568213187499999 0.7989871203125001 0.743489203125 0.7872243703125 0.7345256203125 0.781257609375 0.7163800265625 0.7713871625000001 0.7023535296875 0.76734485625 0.689601190625 0.7669537765625 0.6765953703124999 0.7683759234374999 0.6549212468750001 0.7749852921875 0.65 0.777644453125 0.65 1
8 0.65 0.7050018625 0.67363691875 0.7237176453125 0.697148796875 0.7392554703124999 0.7211325828125 0.75091699375 0.737221296875 0.7546875 0.7446762953125 0.7546875 0.7526156796875 0.7544896109375 0.7585711765625 0.7516870015625 0.767925765625 0.7423414828125 0.8015054765624999 0.7011300265625 0.8201485875 0.6801582234375 0.8407872015625 0.6589291890625001 0.856690540625 0.6365300015625 0.8791143187499999 0.6135446640625 0.902832475 0.5853051828125 0.912865265625 0.5753635109374999 0.9286553468750001 0.5557769328125 0.93125 0.551171159375 0.93125 0.545879703125 0.9306050031249999 0.5443335703125 0.92477894375 0.5371992734375001 0.905729978125 0.5172706890625001 0.8784306875000001 0.4910290375 0.858594309375 0.47272814218750003 0.8307529984375 0.449863096875 0.8190577328125 0.43890680625 0.8046186515624999 0.42830420625 0.7991391078125 0.425449440625 0.7929732765625 0.426752975 0.7732623015625 0.447353703125 0.7624690640624999 0.4627350578125 0.7482929125 0.47753502656249996 0.6940975109374999 0.545568584375 0.665776215625 0.57719944375 0.65 0.5979516171875 0.65 0.7050018625
8 1 0.5154989359375 0.9950411703125 0.51276175625 0.9876712937499998 0.5109137578125 0.9740304171874999 0.5096197546875001 0.9681221093750001 0.5073289890625 0.95825785625 0.505802528125 0.95256393125 0.5032297625 0.9487171953125 0.50296253125 0.9197473546874999 0.5064425171875 0.9067024328125001 0.50939589375 0.9022085078125001 0.511755734375 0.9014561499999999 0.5136332687499999 0.9021653624999999 0.5150680359375001 0.9257271312500001 0.5400109203125 0.9299864515625 0.546838446875 0.9294444296875 0.5502150578125 0.9175442296874999 0.5667565625 0.9011501031249999 0.585657909375 0.8954669687500001 0.5940214296875 0.866143878125 0.627561978125 0.846043240625 0.647195478125 0.8440747078124999 0.6512646999999999 0.8430648218750001 0.6567365374999999 0.84512909375 0.6732585078125 0.8490257328125 0.7299882531249999 0.848007759375 0.7390222359374999 0.84299069375 0.7521328281249999 0.84431069375 0.7669701875 0.8455147390625001 0.77012171875 0.8550001203125 0.7816172406249999 0.857766859375 0.7868566171875 0.860458096875 0.8096568843749999 0.8604257421874999 0.8239054750000001 0.8621664171875001 0.8417409796875 0.8618374359375001 0.8611150999999999 0.8632086718749999 0.8690780078125 0.8647363109375 0.8709160062500001 0.8695066406249999 0.8723360046875002 0.882582575 0.8714135468750002 1 0.850293325 1 0.5154989359375
8 0.65 0.3296875 0.65 0.44246795 0.65727539375 0.4583709984375 0.67150009375 0.46925559687499996 0.6741090875 0.49689939531250005 0.685354009375 0.48654710625 0.7432505468749999 0.48289943593749995 0.7961043796875 0.42521339999999996 0.8300683796874999 0.4500872109375 0.8494436109375 0.3890857859375 0.8541527484374999 0.3296875 0.65 0.3296875