7 0.1615015890625 0 0.1593396171875 0.0026462171875 0.146968025 0.031769340624999996 0.13081890000000002 0.0990383984375 0.1046466140625 0.1820128359375 0.1012289015625 0.200408278125 0.10600538125 0.27126158125 0.110742053125 0.2932704921875 0.123213371875 0.3258175609375 0.143719159375 0.36050282031249997 0.14932525624999998 0.3750752375 0.1510440046875 0.39622085625 0.149834784375 0.41156555937499995 0.14094081875 0.4351190390625 0.13870375937499999 0.45 0.2538398125 0.45 0.2539031296875 0.446778490625 0.24971611718750003 0.4133990234375 0.254163140625 0.3895341234375 0.261088440625 0.3719819359375 0.2861113421875 0.3413543171875 0.3054281765625 0.30701304218750003 0.3145320109375 0.2799972171875 0.3249749875 0.233190821875 0.3296875 0.22066562968749998 0.3296875 0.208685659375 0.32529499687499996 0.1645959328125 0.30925641875 0.04585085625 0.304359865625 0.0218749140625 0.2924780984375 0.0026253624999999997 0.2900606515625 0 0.1615015890625 0
7 0.3707681703125 0 0.3599566625 0.012304603124999999 0.35300140625 0.02344389375 0.3117096296875 0.0715126578125 0.310510421875 0.0809362203125 0.32188225937500003 0.18457704531250002 0.32429044375 0.232337734375 0.33635211875 0.2417120421875 0.3485437234375 0.246640484375 0.3576999953125 0.2484375 0.366226553125 0.2484375 0.3726971171875 0.24762567343750003 0.3861778796875 0.2381929296875 0.41385896874999994 0.2040027734375 0.44921478593749997 0.16752498437500002 0.5451192203125 0.0599876734375 0.5659950015625 0.020648665625 0.5716111921875 0.005123625 0.5728365921874999 0 0.3707681703125 0
7 0.7967120453125001 0 0.7962456343750001 0.0022816437500000003 0.7961478390625001 0.010665746875 0.7984126734375 0.0285351671875 0.8018388640625 0.031655053125 0.8082601328125 0.032446851562500004 0.8062595765625 0.0343276984375 0.8003211875 0.0345452359375 0.7983148765625 0.03691926875 0.7981768140625001 0.0487556484375 0.8045175468749999 0.0564519984375 0.8077481421874999 0.076340090625 0.8145775093750001 0.08455259375 0.8173942562500001 0.0975131578125 0.8217401875 0.106597178125 0.824384353125 0.13435321718749998 0.8337144171875 0.1402146578125 0.8394514609374999 0.15725850624999999 0.8414861859375 0.19485522500000002 0.8412675843749999 0.2135961578125 0.8391634796874999 0.224354290625 0.8434765234375 0.234375 0.8528444687500001 0.234375 0.8528969984374999 0.234367928125 0.8579444109375001 0.22572034843750002 0.8588875078125 0.1872750859375 0.8677235296875001 0.15067689687500002 0.8712705265625 0.1434399515625 0.8812675562500001 0.13452889375 0.8853434546875001 0.12435582187500001 0.8895516656249999 0.102839559375 0.9071773421875001 0.07602530156250001 0.9143058500000001 0.058592318750000004 0.9135989578124999 0.0343804375 0.9163930421875 0.006877071875 0.915934240625 0 0.7967120453125001 0
0 0.659375 0.35 0.659552090625 0.35 0.699602015625 0.339787175 0.73336656875 0.32398228906250004 0.7359973171874999 0.3116947546875 0.7349278890625 0.2967533515625 0.741186478125 0.293321209375 0.7700824875000001 0.055155346875 0.7859375 0.0276232359375 0.7859375 0.025868195312499998 0.7692445390625 0.020369078125000002 0.730681446875 0.0210593015625 0.6909331859375001 0.016730553125 0.66250246875 0.0017588546874999999 0.659375 0.01131056875 0.659375 0.35
9 0.043608828125 0.9295339484374999 0.07988395468750001 0.9328125 0.1146604453125 0.9328125 0.2082195484375 0.9241613296875 0.3796875 0.9268147109375 0.3796875 0.9128397156249999 0.37067865625 0.6991262984375 0.277588734375 0.6917721125 0.029989021875 0.6865610390625 0.043608828125 0.9295339484374999
9 0.659375 0.7603138546875 0.6471834109375 0.7579294109375001 0.4574592046875 0.7358210875 0.45507488125 0.9333013375 0.554388371875 0.9309465859374999 0.659375 0.9362172203124999 0.659375 0.7603138546875
9 0.659375 0.45 0.547463559375 0.45 0.62872250625 0.68125 0.6347315421874999 0.68125 0.659375 0.6751180359375001 0.659375 0.45
9 0 0.45 0 0.4710905828125 0.06861996249999999 0.4852214609375 0.0956295640625 0.495466053125 0.1632519328125 0.5006244078125001 0.2792172984375 0.5125 0.2926200796875 0.5125 0.30099825468749997 0.45 0 0.45
9 0 0.45 0 0.8121298124999999 0.0047802578125 0.821875 0.0070419734375 0.821875 0.19375 0.6879192062499999 0.19375 0.6854267984375 0.1318297609375 0.5717117671875 0.040801696875 0.45 0 0.45
9 0.659375 0.6489822015625 0.5904361015624999 0.569773878125 0.400400928125 0.7766743453125 0.5438396937500001 0.9296592984375 0.659375 0.8418784718750001 0.659375 0.6489822015625
9 0.2422134953125 0.538120871875 0.255281540625 0.663062746875 0.2754659484375 0.6907161203125 0.3312278484375 0.6968681484375 0.33932371875 0.6182587749999999 0.5088713515625 0.64975439375 0.548142709375 0.61423346875 0.5504361953125 0.5337049406250001 0.44851485 0.5258880109375 0.40420429531249996 0.5264734890625 0.347930990625 0.5299854328125 0.2422134953125 0.538120871875
9 0.3051894890625 0.45 0.3047337734375 0.4537491734375 0.58275821875 0.5964744265624999 0.5882362359375 0.5817705328125 0.547016884375 0.45 0.3051894890625 0.45
8 1 0.7027081203125001 0.9826663390625001 0.701562496875 0.9592755828125 0.6976828515625 0.9417535609375 0.6979695859375 0.93555484375 0.6989957875 0.929907359375 0.70188375625 0.9204584578125001 0.7092770500000001 0.91503168125 0.7147124796875 0.90974305 0.72343015625 0.9042623140625 0.7383692171874999 0.9009028562499999 0.7524763546875001 0.8957278265624999 0.7895090843749999 0.8947670249999999 0.818362565625 0.8979125328125 0.858044059375 0.9010280859375 0.8776894859375 0.9043357437499999 0.8911135296874999 0.9118873187500001 0.91414094375 0.9180876578125 0.9266354046874999 0.9250591265624999 0.9367787625 0.9314240515625001 0.943296765625 0.9406266140625 0.9493750437500001 0.9544022640625001 0.9531037796875002 0.9878214828124999 0.9579673 1 0.9603783374999999 1 0.7027081203125001
0 1 0.485821328125 0.9736473984374999 0.47913495624999997 0.9688263546875 0.48143540937499996 0.966347840625 0.48995828750000003 0.9621096046875 0.5276772328125 0.9596313625 0.5384535546875 0.9482357718750001 0.6240797312499999 0.9451785062500001 0.6309857703125 0.9483472078125 0.6343672375 0.9708017109375 0.6420675546875 0.975899315625 0.6485850390625 0.9816304453125 0.6539760609374999 1 0.6676283703125 1 0.485821328125
4 0.7945902125 0.638283496875 0.77464445 0.644349809375 0.75602050625 0.6454198984375 0.7306474265625 0.6524147546875 0.7257713406249999 0.6552050625 0.7252481703125 0.6576052546875 0.7262953203125 0.6595652015625 0.7256342765625 0.6609365921875 0.7266814265625 0.6628965375 0.7316408859375 0.6661317734375001 0.7434603796875 0.669222865625 0.749880346875 0.6752510125000001 0.7562722515625 0.6770172000000001 0.7722062921875 0.678125 0.7912421703125 0.678125 0.7932174078124999 0.6775712328125 0.7974596968750001 0.6736539421875 0.8006003375 0.6727734484375001 0.8196101140625001 0.6727812515625 0.835671628125 0.66970160625 0.837159115625 0.6677427015624999 0.8372686593750001 0.6622561 0.8352005265625 0.6468240625 0.8375 0.64057414375 0.8375 0.6387009875 0.8310116546874999 0.6367308359375 0.8169883171875 0.6352064546875 0.8108721624999999 0.635497871875 0.7945902125 0.638283496875
4 0.897337321875 0.793973625 0.9004749859375 0.7683052531250001 0.9041093828125 0.749495390625 0.9046314703125 0.738081421875 0.901572853125 0.7337202453125 0.8965308296875 0.7312197906250001 0.8802763984374999 0.733760490625 0.8710468546874999 0.732434028125 0.8573807500000001 0.7232186921875 0.8454776125000001 0.7118486125000001 0.8442650640625 0.7091047921875 0.8463860765625 0.706019425 0.854430053125 0.69985025 0.85754263125 0.6947077984375 0.8598560187500001 0.6876544906250001 0.86046148125 0.68226606875 0.8590279531249999 0.67472134375 0.8572919671875001 0.6721242734375 0.85302134375 0.669526159375 0.84781419375 0.6684952765625 0.8421389156250001 0.669374728125 0.8335161859375001 0.6739270640624999 0.8160783531250001 0.6869996765625 0.812689753125 0.68783108125 0.8115327875 0.6891042921875 0.8102929921875 0.6888588437500001 0.8097142375 0.6872420046875 0.8109529546875001 0.678473678125 0.8091894453125 0.676121534375 0.8040926515625 0.6763643828125 0.80194411875 0.6796946765625 0.7987484375 0.681065028125 0.7726028781250001 0.679143765625 0.751415965625 0.6736974124999999 0.7353530984375001 0.6655098390624999 0.7273630828125001 0.66217538125 0.7221284125 0.6613894265625 0.7090704718749999 0.6693201078125 0.7051311828125 0.6727966296875 0.7050491609375 0.678038303125 0.7087429249999999 0.69479368125 0.70852356875 0.7035134390625 0.7045314 0.72550736875 0.6989713453124999 0.7682225375 0.6878738875 0.8128459625 0.688012034375 0.816128209375 0.6891417484375 0.8173533703124999 0.6928611390625 0.818089715625 0.7096390125 0.81540226875 0.7141298046875 0.8160409546875 0.7161412703125001 0.8184421875 0.7162241046875 0.819960846875 0.7130562140625 0.8233397109375 0.711348559375 0.82725804375 0.7129741921875 0.8285813843750001 0.716693584375 0.8293177281249999 0.719035303125 0.8287798234375 0.7223685921875 0.8261848328125 0.7247097703125001 0.8211400390625 0.7270790109374999 0.8203572046875 0.7302477125 0.8237386718749999 0.7336924359375 0.8314311875 0.7398110234375 0.8514207609375 0.763864178125 0.8651962359375001 0.7689609734375 0.8649533875 0.7730929109375 0.8597623671874999 0.7792638328125 0.8567276500000001 0.7833687921875 0.8562884437499999 0.7883279812499999 0.8572702375000001 0.79141385 0.8591330453125 0.800920496875 0.8737843312500001 0.8010033296875001 0.8753029890625001 0.791416553125 0.88166748125 0.7906732156249999 0.8860271000000001 0.7927405375000001 0.8946988062500001 0.7991054609375 0.9012168109375001 0.7977558515625 0.9042045203125 0.7973983484375 0.9096420296875 0.8027711640625 0.91371023125 0.8099617203125 0.9128803890625001 0.8243142265625 0.9024518562499999 0.8286390812500001 0.89779978125 0.842686965625 0.8742913531250001 0.8476731359375 0.87052133125 0.8520813640625 0.8718948031250001 0.8746759031250001 0.8986514718749999 0.87566828125 0.90335471875 0.8751729031250001 0.9077634265625001 0.872776953125 0.9155515203124999 0.869636584375 0.9186854578125001 0.87002241875 0.91976335 0.8727962609375 0.9203125 0.877730509375 0.9203125 0.8818686218749999 0.9158491796875001 0.885256409375 0.9082574453125 0.8936314515625 0.9059094640625001 0.896689528125 0.90576375625 0.9035773515625 0.9076281234374999 0.9052305046875 0.9087065359375 0.907986121875 0.9135084812500001 0.9109375 0.9142929359374999 0.9109375 0.9078333703125001 0.9048422359374999 0.8873476499999999 0.8994942359374999 0.8605000859375 0.8968165859375 0.8166548125 0.897337321875 0.793973625