4 0 0.41668006249999995 0.028522331249999998 0.41468988125 0.05450909375 0.40771035468749994 0.09275081562500001 0.4078009890625 0.1445869609375 0.395806575 0.14773998593749998 0.392791028125 0.1484375 0.3828161078125 0.1484375 0.380890628125 0.14516386718750002 0.35950652656250004 0.14791844375000002 0.3481641390625 0.1484375 0.33239604843750004 0.1484375 0.30642995625 0.14130305625 0.288494225 0.12277638906249999 0.286964 0.101484821875 0.289911365625 0.089844709375 0.2950858890625 0.06943242187500001 0.29948386875 0.001594096875 0.3089085796875 0 0.30864055156250003 0 0.41668006249999995
0 0.375672359375 0.09896580625 0.3587504140625 0.08857175625 0.34429389375 0.08498535625 0.3267537359375 0.08343216875000001 0.310058284375 0.083820759375 0.2852313859375 0.088321490625 0.26883111406250004 0.0985104078125 0.2585981171875 0.10463289843750001 0.2415971421875 0.126604428125 0.22528889218749998 0.1603284703125 0.21986978124999998 0.1957605015625 0.21794645156249998 0.22326541406249997 0.200172371875 0.2531006953125 0.191628784375 0.2631067453125 0.188407765625 0.2671045921875 0.1922878390625 0.2817250765625 0.2015591703125 0.28935503749999997 0.20991710624999999 0.29602554062499997 0.22010183125 0.3046149640625 0.2412955703125 0.31000599375000004 0.25694024843749996 0.31062257656250003 0.2787522 0.3071727390625 0.28996728125 0.301027390625 0.2993555734375 0.29296311875000003 0.38271031718750004 0.208642578125 0.3988154078125 0.1886533375 0.4040488671875 0.1698978578125 0.4078125 0.15455788125 0.4078125 0.1519911171875 0.40336939374999997 0.1375499296875 0.39576705 0.1200739265625 0.38565101562500004 0.11050218437499999 0.375672359375 0.09896580625
0 0.269852625 0.30867294375 0.23689428281249997 0.3172858125 0.2148075703125 0.3246649234375 0.1916792078125 0.33599115625 0.1886068640625 0.34881202031249997 0.18504239375 0.357721459375 0.18001500625 0.373529984375 0.2051277875 0.5612436203125 0.210814228125 0.564053425 0.2261239765625 0.565625 0.2454293625 0.565625 0.2866408796875 0.5593463796875 0.30831545 0.5578611828125 0.34590945781250004 0.55306329375 0.3729066 0.545569890625 0.3848976953125 0.5423486359374999 0.3875 0.5358441453125 0.3875 0.5285059640624999 0.34371510625 0.30401161718749997 0.3358584234375 0.3041944828125 0.3083600296875 0.30483451562499997 0.269852625 0.30867294375
0 0 0.5796875 0.116001553125 0.5796875 0.134488234375 0.5730512359375 0.1436704546875 0.5679339203125 0.151438028125 0.5550037734375 0.1546875 0.5347546734375 0.1546875 0.5025311671875 0.150491221875 0.484414009375 0.14485304999999998 0.4668922875 0.13058218125 0.4466293375 0.1239136546875 0.44384238906249995 0.112266009375 0.44215204999999996 0.09059144062499999 0.4436372515625 0.0674539515625 0.452021540625 0.057770478125000004 0.450285484375 0.028946546875 0.45585996875 0.0178001546875 0.46102299999999996 0 0.463471890625 0 0.5796875
0 0 0.2748150078125 0.0031587765625 0.271249328125 0.007293190624999999 0.268210940625 0.025382871875 0.2619055828125 0.0410962390625 0.26153985 0.055827520312500004 0.261196975 0.061857415625 0.2590951890625 0.07757078437500001 0.25872945625 0.087460328125 0.25751855468749996 0.11208115468749999 0.25596477812499996 0.1178362859375 0.25779226718750003 0.1275884515625 0.25854600156249996 0.14133764843750002 0.258225984375 0.15396737656249998 0.2598934640625 0.164152103125 0.2684828875 0.18498197031250002 0.2650559078125 0.1950088953125 0.2618803703125 0.20586010625 0.24691701406250002 0.2122130296875 0.2261740390625 0.2203125 0.20592930625 0.2203125 0.1555023 0.22024237656249998 0.1534139125 0.21599843124999998 0.1299754234375 0.20348566250000003 0.11261371093749999 0.1888917609375 0.1109919484375 0 0.1128932515625 0 0.2748150078125
9 0.5390625 0.2947135171875 0.55707935 0.2995449859375 0.5631280828125 0.3 0.570343159375 0.3 0.5761795671875001 0.2990401625 0.5809601140625 0.29402032031249997 0.5895190140625 0.279159671875 0.592492984375 0.265512153125 0.5974167546875 0.2529707 0.5992059578125 0.24277467812500003 0.6060500953125001 0.21753437031249998 0.612910546875 0.20634926875 0.6171359328125 0.1927673328125 0.621915415625 0.1829789953125 0.6278392515625 0.1657215140625 0.630734521875 0.15357569375 0.629599028125 0.141720571875 0.63125 0.131381396875 0.63125 0.12630589375 0.6312024703125 0.1254915203125 0.6288035078124999 0.11858959218750001 0.6254831796875 0.11490199375000001 0.614390959375 0.1110580578125 0.6032320906249999 0.10369704375 0.5923093234375 0.0918309328125 0.58341611875 0.084337684375 0.56501215625 0.076346 0.5563692328125 0.06886586875 0.5480301265625 0.06516621875 0.5444070484375 0.0624666359375 0.5390625 0.057087565625 0.5390625 0.2947135171875
9 0.5390625 0.5330720859375 0.5720886015625 0.5366862640625001 0.5935669921875 0.5375 0.60707839375 0.5375 0.60932725 0.5348733015625 0.6155538375 0.516627803125 0.616170325 0.5048644984374999 0.6210515515624999 0.47876840937500004 0.6220321171875 0.4456916921875 0.63058463125 0.40222006875 0.633871275 0.373028765625 0.6421875 0.33444195 0.6421875 0.3233665921875 0.6385887140625 0.3213250984375 0.5390625 0.2972390546875 0.5390625 0.5330720859375
9 0.9922729140625 0.38459092031250003 0.99375 0.3564064390625 0.99375 0.3046775625 0.975286703125 0.2930540296875 0.9541780890624999 0.4390625 0.955269240625 0.4390625 0.9922729140625 0.38459092031250003
9 0.953125 0.44167073125 0.953125 0.4408592515625 0.7773926281250001 0.43039899375 0.9023326796875001 0.5140625 0.903947771875 0.5140625 0.953125 0.44167073125
9 0.6381609109374999 0.11874409062499999 0.5972320546875001 0.25337803124999997 0.6570184 0.23768851249999998 0.6292415 0.28893659375 0.7171875 0.2935456484375 0.7171875 0.2420063515625 0.7149305484374999 0.1102188921875 0.6511867203125 0.061703528125 0.6222898671875 0.11038320937499999 0.6381609109374999 0.11874409062499999
9 0.5390625 0 0.5390625 0.057854157812499994 0.6219141593749999 0.11148263124999999 0.64534745 0.071300584375 0.57531010625 0 0.5390625 0
9 0.6159661562500001 0 0.6252589390625001 0.047660443749999996 0.644293084375 0.06748076875 0.6546299531249999 0.0617482390625 0.7160104125 0.111394596875 0.7170650421875 0 0.6159661562500001 0
1 0.5390625 0.62110131875 0.4421040890625 0.6234242812499999 0.3989212703125 0.6259114421875001 0.37156576874999997 0.6306948796875 0.29162159375 0.6370827671875 0.20280215 0.6405973375 0.163030428125 0.6465175375000001 0.0264953046875 0.6565408984375 0 0.65947634375 0 0.9887451437500001 0.5390625 0.9824693984374999 0.5390625 0.62110131875