3 0.1309294171875 0.4280994859375 0.1342740703125 0.454288121875 0.138172359375 0.460686278125 0.1441074859375 0.4625 0.1455067765625 0.4625 0.1566245375 0.4590354859375 0.1627079390625 0.45186928125000003 0.16135100156249998 0.4212547640625 0.1640625 0.4005245796875 0.1640625 0.3892409203125 0.15533788906249998 0.369691596875 0.15052288125 0.3502564703125 0.139306796875 0.34101459218749997 0.125422075 0.340625 0.12326118125 0.340625 0.109561403125 0.34867341875 0.10141315 0.37551541875 0.116929171875 0.41635795 0.1309294171875 0.4280994859375
3 0.0805501484375 0.3771537109375 0.0780087984375 0.401370071875 0.0682722015625 0.443347296875 0.072449590625 0.45434336093749994 0.08477979687500001 0.46748373593750003 0.0892362875 0.4830777125 0.096108684375 0.4890625 0.10207293437500001 0.4890625 0.1077293140625 0.48829511718749996 0.112380925 0.48025746406250003 0.1171875 0.42822429843750004 0.1171875 0.41699458125 0.10616128437500001 0.3798601640625 0.09772936875 0.373117946875 0.085639696875 0.3722004421875 0.0805501484375 0.3771537109375
3 0.0683846515625 0.447099415625 0.0639327234375 0.46049174062500003 0.06656261875 0.4934912296875 0.0598484390625 0.53569783125 0.06891797499999999 0.5508791109375 0.069199359375 0.5699701765625 0.07548972968749999 0.575 0.08313520625000001 0.575 0.09051511875 0.5700622828124999 0.09011346875000001 0.544859784375 0.0950033328125 0.534551846875 0.10601744843750001 0.5239458984375001 0.109375 0.5098104328125 0.109375 0.50540785625 0.1011207421875 0.49077437812499997 0.09042201093749999 0.4838601296875 0.08687995937500001 0.46680997343749997 0.0683846515625 0.447099415625
3 0.141572765625 0.45752975625000003 0.12757251875 0.44578821875 0.1199416203125 0.4749578453125 0.1183941234375 0.49696126874999996 0.121775059375 0.50103179375 0.12472034218750001 0.516511084375 0.1318793 0.5208683296875 0.1459998171875 0.5387213015625 0.1493830359375 0.5572849796875 0.15570219999999999 0.565625 0.16798116875 0.565625 0.1743179828125 0.5591773296875 0.1739186140625 0.548467984375 0.170179159375 0.54055630625 0.182618225 0.48734235156250005 0.1828125 0.483119428125 0.1828125 0.4483929328125 0.164835390625 0.44632778906250004 0.159189921875 0.4565783828125 0.15048118593749998 0.45973140625 0.141572765625 0.45752975625000003
3 0.1783394046875 0.36439842499999997 0.16060426562500002 0.37373151718750003 0.1639874828125 0.39229519687500003 0.160214021875 0.42099478125 0.1639966078125 0.45026780625 0.1899276953125 0.46444037031249996 0.195539159375 0.4908010359375 0.21351844375 0.515625 0.2310035234375 0.515625 0.2385314796875 0.5093195578125 0.23920538281249998 0.4956405078125 0.2345106421875 0.48231681562500006 0.2449257078125 0.455646846875 0.2453125 0.44012221875 0.2453125 0.4364156453125 0.219541415625 0.37820434375 0.21413191562499997 0.3716915015625 0.1952009546875 0.36338970625 0.1783394046875 0.36439842499999997
3 0.238689621875 0.49715397812499995 0.23559006875000002 0.512174515625 0.22839254062499997 0.515442228125 0.21638228593750003 0.5137679625 0.2079889390625 0.49940078750000005 0.2060783625 0.4885767546875 0.19188070937499999 0.485973696875 0.177769321875 0.5260933375 0.18655975625000001 0.536676703125 0.19876969375 0.543705640625 0.2077575328125 0.5451505296875 0.22024657187500002 0.5567773796875 0.22995372656250002 0.580397721875 0.23545964531250002 0.584375 0.246361940625 0.584375 0.2486055875 0.5841016046874999 0.253125 0.575412034375 0.253125 0.5697694828125 0.2466518796875 0.551916221875 0.253125 0.51436458125 0.253125 0.5022342375 0.24715782343749998 0.48177808437499997 0.23936124374999998 0.468981778125 0.2334775234375 0.48150265625 0.238689621875 0.49715397812499995
3 0.7493076875 0.1669270890625 0.7371967453125 0.1599593046875 0.7216344687499999 0.16224213125 0.7092780671875 0.1723741953125 0.704860778125 0.1995383828125 0.72527790625 0.2361230140625 0.74042198125 0.2450178125 0.7470928406249999 0.269599625 0.751649665625 0.275 0.76022743125 0.275 0.76944188125 0.27035709531249996 0.7734375 0.26400339375000004 0.7734375 0.2570459484375 0.7691043421874999 0.23326974687500002 0.7690043203125001 0.20432545468750002 0.756526303125 0.1847729453125 0.7493076875 0.1669270890625
3 0.6879293843750001 0.19890473125000002 0.683628 0.2045274046875 0.6843189625 0.22821629843750002 0.6803335234375 0.27018604375 0.68583044375 0.280035753125 0.6995335265625 0.290558015625 0.7059020874999999 0.3047759375 0.710851409375 0.3078125 0.720839665625 0.3078125 0.7245622765624999 0.3066409625 0.7265625 0.30173946093750004 0.7265625 0.26285677343749997 0.7255657078125 0.238981853125 0.7088806171875 0.202770225 0.699802809375 0.1977294578125 0.6879293843750001 0.19890473125000002
3 0.6818921046875 0.274089025 0.6793124171875 0.28770784531250004 0.686177609375 0.318952159375 0.6851605265625 0.3606280859375 0.6959600328125 0.37366500468749997 0.698726115625 0.39195158750000003 0.704778709375 0.3953125 0.7097741859375 0.3953125 0.712213271875 0.3950710703125 0.719461421875 0.38841430312499997 0.7157805093749999 0.3642789484375 0.7191886593750001 0.35354778593749997 0.7285119265625 0.34148870625 0.7296875 0.32976669531249997 0.7296875 0.3235365265625 0.7194204656250001 0.3104647546875 0.708116390625 0.30564435156249997 0.70244673125 0.2898724203125 0.6818921046875 0.274089025
3 0.7942984937500001 0.25551378593749996 0.7749825859375 0.256683328125 0.7708323484375 0.267487946875 0.7627773328125 0.2719973359375 0.753829078125 0.2713982359375 0.738685003125 0.2625034375 0.7350745812499999 0.291815003125 0.7364428546875 0.3132096109375 0.7402612625 0.3165437265625 0.7451456484375 0.3309085578125 0.7526745015625 0.3338754015625 0.76873340625 0.34861896875 0.7744462515625 0.36587145468750004 0.782337184375 0.3734375 0.7857601750000001 0.3734375 0.79249390625 0.372251603125 0.7984375 0.3641277078125 0.7984375 0.3606011390625 0.7971487140625 0.353230471875 0.792480253125 0.3462684203125 0.7976259812500001 0.29304759687500004 0.7942984937500001 0.25551378593749996
3 0.51875 0.4419535609375 0.5657943296875 0.43795956093750005 0.575 0.4349086625 0.575 0.43335106406249996 0.5711912265625 0.418864975 0.5742754875 0.39702964218750003 0.570241153125 0.3862927453125 0.5657022484375 0.3837723625 0.54051440625 0.387750375 0.5192961234375 0.40024445000000003 0.51875 0.4008612453125 0.51875 0.4419535609375
3 0.51875 0.46575036406250003 0.524096125 0.466736721875 0.52521969375 0.46875 0.52698705 0.46875 0.5329796015625 0.46511499062499995 0.540011825 0.45105544062499997 0.5398822703125 0.44661377187499995 0.5307828703124999 0.440832728125 0.51875 0.441609090625 0.51875 0.46575036406250003
3 0.8526473828124999 0.2338787546875 0.8198817937499999 0.1821832828125 0.81377234375 0.1768486953125 0.794283696875 0.1720960140625 0.7780225171875 0.17593285 0.7619988531249999 0.18791274375 0.7677116984375 0.20516523125 0.7677901265625 0.23336924531249997 0.7752894484375 0.26083871406250003 0.8023501312500001 0.270038796875 0.8112472578125001 0.29440024375 0.8324093328125001 0.315625 0.8387303765624999 0.315625 0.8475368984375 0.3138230375 0.8546875 0.3057471109375 0.8546875 0.29579123749999997 0.8543316046874999 0.2916204328125 0.8480278171875 0.2796233453125 0.854671375 0.25223879375 0.8526473828124999 0.2338787546875
3 0.8498769234375001 0.2664214796875 0.8457914625 0.27944693125 0.852902115625 0.2935913984375 0.851849790625 0.308543865625 0.845278953125 0.312906346875 0.8333839359375 0.3133413421875 0.8233481109374999 0.30097125 0.820077459375 0.2909011796875 0.805934584375 0.290816259375 0.7974534265625 0.3317461765625 0.8073812874999999 0.3404148796875 0.820169540625 0.3450883765625 0.8290962015625001 0.3449471984375 0.8427561000000001 0.35398890625 0.8552773015625 0.3750219703125 0.8615973718750001 0.378125 0.86483975 0.378125 0.8738943031249999 0.3754064390625 0.8765625 0.3679453828125 0.8765625 0.361144465625 0.867792790625 0.3448289484375 0.8694655921875001 0.3001184546875 0.8591274734375001 0.2773844703125 0.8498769234375001 0.2664214796875