10 0 0.5328125 0.042817615625 0.5328125 0.061873334375 0.5189257765625 0.08803513125 0.500657484375 0.103096390625 0.5029843109375001 0.10684315312499999 0.4981083 0.09881535 0.49126891875 0.1125 0.4897143625 0.1125 0.48867020156249996 0.103079703125 0.4804985125 0.0946245984375 0.47096670781250005 0.087369153125 0.4628901515625 0.082521065625 0.4425152484375 0.0420209046875 0.44266562968749995 0 0.4145516390625 0 0.5328125
10 0.5094043296875 0.5796875 0.46592158906250003 0.523795553125 0.3994643375 0.4794140546875 0.30774875625 0.42033612187499997 0.3089484140625 0.4217913703125 0.305834253125 0.4194631140625 0.291110009375 0.42841553593750004 0.2957361046875 0.43620132656250005 0.29116811249999996 0.48066408593750004 0.3023923171875 0.4964537421875 0.3292942921875 0.53778365 0.40070478437499996 0.5796875 0.5094043296875 0.5796875
10 0.209377353125 0.3535178484375 0.1982273453125 0.35955905781249997 0.1953125 0.3636870296875 0.1953125 0.364297959375 0.2041520265625 0.39790791875 0.29256061718750004 0.44375 0.295038684375 0.44375 0.2955633734375 0.4377747203125 0.29099478749999996 0.4293339921875 0.2889158 0.41521694218749994 0.28846376875 0.40524756562500003 0.2845525203125 0.3968795296875 0.2670424890625 0.3770882984375 0.2597048015625 0.36238971875 0.268003465625 0.3434686359375 0.30625 0.2932399375 0.30625 0.29113398125 0.3005327375 0.2829204546875 0.2801472265625 0.2958758765625 0.2461796171875 0.3198939015625 0.2090978515625 0.34158367031250003 0.2123091359375 0.3519841390625 0.209377353125 0.3535178484375
10 0.132860228125 0.2775984671875 0.11373188281249999 0.2913542046875 0.10355149062499999 0.30147039375 0.105975534375 0.31165784531249996 0.112318871875 0.3150044875 0.107339675 0.3263571375 0.09839171875 0.3299966859375 0.08772652187499999 0.3380753859375 0.085491690625 0.3484089359375 0.10259915625 0.3727846984375 0.1256554375 0.38988279375 0.136945196875 0.389808675 0.14160055 0.3921875 0.1478239234375 0.3921875 0.16147199375000001 0.382601553125 0.184174575 0.36593460312500004 0.2126206671875 0.3518866734375 0.21294099218749998 0.34068011875000004 0.24882310468750002 0.3175351015625 0.27778678125 0.297592771875 0.296800109375 0.2851469 0.3060028328125 0.2861645734375 0.30578829375 0.2865082359375 0.3125 0.2833075875 0.3125 0.28132309843750003 0.26460665625 0.2511673546875 0.2435471203125 0.2415642890625 0.2037865375 0.24840938437500001 0.1781998359375 0.26012834375 0.1614213375 0.2622406703125 0.132860228125 0.2775984671875
10 0 0.31899974375 0.050459140624999996 0.3293498171875 0.0816509703125 0.334375 0.09180432656250001 0.334375 0.10588080625 0.3255591703125 0.1093728 0.3160259390625 0.1017475640625 0.30460202812500003 0.10901105468750001 0.2974697375 0.1396919734375 0.2730882609375 0.1386889828125 0.22404168124999999 0.12286341875 0.2077431859375 0.12070218749999999 0.1870041140625 0.12960068125 0.1688106546875 0.1528455796875 0.1535262640625 0.15625 0.13692880624999998 0.15625 0.1307177609375 0.0132760578125 0.11031782187500001 0 0.256195671875 0 0.31899974375
10 0.22597984843750002 0.19385355312500002 0.1748559046875 0.23184538593749998 0.146875 0.2600285015625 0.146875 0.26065965625 0.15471711875 0.2646668765625 0.17238299375 0.2600075109375 0.20400075312500002 0.24763290312500003 0.22764017656250002 0.24297282187499997 0.25141935000000004 0.24427983125 0.268534859375 0.25344675156249996 0.31307894062499997 0.2828125 0.31509884375 0.2828125 0.345878703125 0.24943517656249997 0.3969123609375 0.22003016406250003 0.4484375 0.1762676921875 0.4484375 0.175463659375 0.3592709890625 0.164948090625 0.34674075000000004 0.18670769375000001 0.3329533484375 0.2076669828125 0.2881554625 0.17361617499999998 0.2549268390625 0.1514254265625 0.22597984843750002 0.19385355312500002
10 0.28355769375 0.32182988125 0.25915455781249996 0.36542178125 0.2674371296875 0.376918384375 0.2867466453125 0.39889248906249997 0.288451234375 0.4234375 0.28907265 0.4234375 0.2983159078125 0.41075254687499996 0.325520925 0.3654866140625 0.344460053125 0.3312098765625 0.35454151562499997 0.2919858671875 0.3680166375 0.2670242890625 0.390625 0.2538114046875 0.390625 0.2525848984375 0.38031683906249997 0.24788441875 0.365765121875 0.25487203593749996 0.3506216265625 0.24592319062499998 0.3397263890625 0.25662162187500004 0.322282509375 0.27387009687499997 0.28355769375 0.32182988125
10 0.37928031875 0.2691706625 0.363298909375 0.2773227671875 0.351080953125 0.30308466093750003 0.3348206375 0.3522060734375 0.3189628890625 0.396742953125 0.313778384375 0.417992290625 0.3583542796875 0.43945398906250005 0.369386034375 0.45625 0.37055687812500004 0.45625 0.39200960625 0.41143367499999994 0.4070702671875 0.3608570140625 0.43701965156250006 0.314571978125 0.4367401484375 0.30263779999999996 0.446875 0.276867646875 0.446875 0.2665023015625 0.44453731718749995 0.259193428125 0.436098903125 0.272147421875 0.42989531562499994 0.27476786875000003 0.37845045312500003 0.271062771875 0.3846540390625 0.268442325 0.37928031875 0.2691706625
10 0.55 0.457703046875 0.5254332515625 0.45698956874999996 0.39584745312499997 0.4512562671875 0.374007515625 0.45809921875 0.4006627640625 0.4795630609375 0.4270057328125 0.49702460937500004 0.4589196828125 0.5190699750000001 0.4682497234375 0.5296875 0.5196515609375 0.5296875 0.5362882609375 0.5223353578125 0.55 0.5137643749999999 0.55 0.457703046875
10 0.55 0.51423165625 0.5170953500000001 0.5310865390624999 0.4712789796875 0.5313103265625 0.506323771875 0.5781697453125 0.5068783906250001 0.5796875 0.5199587828125 0.5796875 0.53543525 0.548985659375 0.55 0.5560266656249999 0.55 0.51423165625
10 0.55 0.22749963750000002 0.545456621875 0.23637325625 0.5334111953125 0.26017034843750003 0.4736918046875 0.22975980625 0.4623117578125 0.238420746875 0.44955148125 0.2628000828125 0.45026633125000004 0.26221783906249996 0.4466265390625 0.280992828125 0.4373502109375 0.3110477734375 0.42659472656249997 0.32771329531250004 0.4115093359375 0.371013 0.42336614375000003 0.3795983921875 0.48751437031249995 0.41248257343750006 0.5460916140625 0.4407829375 0.55 0.44258654999999997 0.55 0.22749963750000002
5 1 0.43345618906250005 0.9779265875 0.42318948437500004 0.9699900796875 0.4187251984375 0.9670138890625001 0.4159970234375 0.9647817453125 0.4120287703125 0.9603174593750001 0.398883928125 0.9511408718750001 0.382762896875 0.9451884921874999 0.36738591249999997 0.9332837296875001 0.34159226249999997 0.9260912687499999 0.3296875 0.9206349203125 0.31282242031249996 0.9181547609375 0.3088541671875 0.9109623015625001 0.30066964375 0.903273809375 0.2969494046875 0.8891369046875 0.2999255953125 0.8807043640625001 0.3029017859375 0.8769841265625 0.3029017859375 0.8479662687499999 0.2656994046875 0.8355654765625001 0.2468501984375 0.831101190625 0.23792162656250002 0.828125 0.2344494046875 0.821924603125 0.23097718281250001 0.81572420625 0.22899305625 0.8015873015625001 0.2334573421875 0.7889384921875 0.23494543750000002 0.7673611109375 0.230233134375 0.7395833328125 0.2275049609375 0.7269345234375 0.2250248015625 0.7142857140625 0.2247767859375 0.7098214281249999 0.22775297656250001 0.70634920625 0.23395337343749997 0.7056051578125 0.2369295640625 0.705853175 0.247594246875 0.70734126875 0.25701885 0.7140376984375 0.2753720234375 0.715773809375 0.2835565484375 0.71651785625 0.3120783734375 0.7199900796875001 0.348040675 0.7209821421875 0.3701140875 0.7232142859375 0.388219246875 0.7271825390625001 0.4060763890625 0.7299107140625 0.42591765937500004 0.7328869046875 0.4313740078125 0.7368551578125 0.43583829375 0.7420634921875 0.43658234218749997 0.7514880953125 0.4345982140625 0.7619047609375 0.43385416718750003 0.7894345234375 0.4343501984375 0.815228175 0.4407986109375 0.8330853171874999 0.44873511875 0.8430059515625 0.45518353125 0.8551587296875001 0.4656001984375 0.872023809375 0.47576885 0.88467261875 0.481969246875 0.9047619046875 0.48816964374999994 0.924851190625 0.491641865625 0.990575396875 0.4970982140625 0.9989087281250001 0.4984375 1 0.4984375 1 0.43345618906250005
6 0.8397186421875 0 0.8325276328125 0.002616625 0.8150993265625001 0.0051079703125 0.8068001328125 0.0051079703125 0.7968411 0.0051079703125 0.7860521484375 0.013412537499999998 0.7736033578124999 0.011751625 0.7636443265625 0.0092602546875 0.7202048078125001 0.0191605578125 0.737561178125 0.0698739328125 0.7681083890625 0.1296185078125 0.8028211296875 0.16991136093749998 0.8416993984375001 0.177553109375 0.872940865625 0.190752490625 0.9062650968749999 0.206730734375 0.9009266390625001 0.21875 0.905407384375 0.21875 0.9155195671874999 0.21770489531249998 0.9329478734375 0.2168744390625 0.9528659375 0.2152135765625 0.97029424375 0.2152135765625 0.9860627109374999 0.2152135765625 0.9985115015625 0.2152135765625 1 0.2152135765625 1 0.0366924625 0.9985115015625 0.0358348953125 0.9852328437499999 0.017564821875 0.9785934375 0.018395278125 0.9678044859374999 0.0192257609375 0.9553556953125 0.0192257609375 0.940417146875 0.018395278125 0.91717940625 0.018395278125 0.9014109375 0.017564821875 0.88398263125 0.016734365625 0.87485351875 0.015073476562499999 0.8632346484375001 0.011751625 0.8532756156250001 0.002616625 0.8441234218750001 0 0.8397186421875 0
5 0.55 1 0.5783435203125 1 0.5792402765625 0.9967326390625001 0.5840237578125 0.9904859609375001 0.5868662546875 0.9850513390625 0.588851915625 0.9827043765625 0.594291075 0.98027709375 0.6001586484375 0.9763059937499999 0.604513684375 0.9716031453125 0.6104483140625 0.9653296859375 0.6106047703125 0.9599575375 0.6084700812499999 0.9542551953124999 0.6044279578125 0.9482137343750001 0.5999238625000001 0.9448672921875 0.601998928125 0.9394505140625 0.601238921875 0.9260468921874999 0.6125 0.9211838312499999 0.6125 0.91218804375 0.6023080921874999 0.9156684578125001 0.582682428125 0.9180421609374999 0.5695353125 0.9217990796875 0.5623601328125 0.9311690953125 0.55 0.936749875 0.55 1
5 0.720177353125 0.9128718984375 0.7225919015625 0.9104711171875 0.7209276703125 0.90499848125 0.7239471 0.89971798125 0.7265615750000001 0.89939669375 0.730730034375 0.8904422499999999 0.729570846875 0.885519440625 0.7270854421874999 0.8814090015625 0.7262401015625001 0.8746553109375 0.7279484625 0.8696657890624999 0.7292898640625001 0.8683320234374999 0.7286444515625 0.8636577765624999 0.7252934984375 0.8624331296874999 0.7234129796875 0.8554429703124999 0.722582784375 0.8481678765625 0.7220740734375 0.83880119375 0.7202947796875 0.837279478125 0.71115550625 0.8380130343750001 0.7056583046875 0.8389224078125 0.7009127640624999 0.8408563625 0.6971416687499999 0.8451122874999999 0.6936539953125 0.8485800749999999 0.688364309375 0.851308225 0.684691915625 0.8521751625 0.6804753328125 0.8538363 0.675023665625 0.8531815296874999 0.670591975 0.8532845859375 0.6625486078125 0.852169053125 0.6543761515625001 0.8554852687500001 0.6535789125 0.8560248406250001 0.6439334406249999 0.856249134375 0.6374693828125 0.8545758484375 0.6316254109375 0.8495014578125 0.627560696875 0.8459487734375 0.6262572546875 0.8459790828125 0.6261889265625 0.8483253062500001 0.639357496875 0.8613053109375001 0.6349030296875 0.8621904453125 0.631169875 0.865142909375 0.6151793421875 0.87749840625 0.606822125 0.8782137750000001 0.6036356828125 0.8892294953125 0.5836280703125001 0.9063455781249999 0.5890512234374999 0.9159211046875001 0.6129105015625 0.910677025 0.61581603125 0.9093068875 0.6135660546875 0.9239480062500001 0.6040673796875 0.928076603125 0.6132395875000001 0.9351577109375 0.617020840625 0.9394985265625 0.6180509578125 0.94885309375 0.625448915625 0.9452943671874999 0.634411015625 0.9416992796875 0.637086228125 0.9392924468749999 0.6403435453124999 0.9347879562500001 0.644390528125 0.9300045921875 0.6514367140624999 0.92958021875 0.65453459375 0.93055024375 0.656513815625 0.9341514125 0.6563619703125 0.939365228125 0.6551521828125 0.9451246781249999 0.6503610890625 0.9486227749999999 0.64460318125 0.9495382203125 0.6470531734375 0.963809525 0.644088953125 0.96875 0.6477606406249999 0.96875 0.6788596171875 0.9450944359375001 0.6838506578125 0.9436758031250001 0.7118859875 0.9292165953125 0.7135867921875001 0.9244877890625001 0.7148117421875 0.9182069765625 0.720177353125 0.9128718984375
5 0.7608687671875 0.81874414375 0.7520648921875 0.8130283734375 0.7410944734375 0.8016219187499999 0.729944515625 0.7902196390625 0.720084384375 0.78381080625 0.7171579296875 0.7980521421875 0.716380578125 0.8124229062499999 0.718921875 0.8175666578125 0.7195715765624999 0.8365482468749998 0.721759196875 0.8384683671875 0.722672890625 0.8414486296874999 0.722686784375 0.8458791046874999 0.722868703125 0.8494481 0.7229367484375 0.8520192453125001 0.7229548046875001 0.8563066953125 0.7233172375000001 0.8585851265625 0.7247863671875 0.8621241906249999 0.7260444328125 0.8630954390625 0.7278620874999999 0.8644824609375 0.7287799578125 0.867319696875 0.7284230890625001 0.869757790625 0.7308128546875 0.8711315093750001 0.7356257015625001 0.8727347359375 0.7369295765625 0.872132703125 0.7392096421875001 0.8723655406249999 0.7412841968749999 0.8747470875 0.743194890625 0.8778470953124999 0.747870278125 0.88417018125 0.7521957312499999 0.8877857546874999 0.759275225 0.8890625 0.7641335125 0.8890625 0.7654928484375001 0.88761948125 0.7680880984374999 0.8868444859375 0.7711249421874999 0.8856304250000001 0.7726093374999999 0.8837378328125001 0.773457753125 0.8791443734375001 0.7800743750000001 0.8777041453125 0.781256040625 0.8763903093750001 0.7839471171875 0.8723257156249999 0.787158909375 0.8651045765625 0.7875 0.8634666781250001 0.7875 0.8474093921874999 0.7836754359375 0.84239315625 0.7770824234375 0.8381156624999999 0.7697701218749999 0.8339978359375 0.7691497375 0.8239338374999999 0.7660977625000001 0.8240048062499999 0.7608687671875 0.81874414375
5 0.813689665625 0.8251538109375 0.8060178671875 0.827283453125 0.80479325625 0.8224338218749999 0.79668355625 0.8195004109375 0.7825293906249999 0.8030184968749999 0.7717998406250001 0.7962435250000001 0.76009971875 0.7892959984375001 0.7524487578125 0.784010428125 0.7446594125 0.7767768390625001 0.7363658187500001 0.7734574609375 0.7282959234375 0.7691572546875001 0.7184118671874999 0.7668504796875 0.704857778125 0.763263178125 0.695402125 0.75294635 0.6922588375000001 0.7533819078125 0.68823520625 0.75254128125 0.6838122296875 0.7493744734375001 0.6762810796875 0.738319003125 0.6702357140624999 0.7349489671875 0.6660931999999999 0.7315346859374999 0.6606418656249999 0.7278582859375 0.6498088203125001 0.7231368328125 0.64342381875 0.7213837234375 0.63737136875 0.7232797765625 0.629214271875 0.7271263484375 0.6268168843749999 0.7290836781250001 0.6270499453125 0.731126128125 0.6291474640625 0.7337230796875 0.637980778125 0.7442671421875 0.6455926062499999 0.7456203984374999 0.6547468750000001 0.7465552203125 0.6611879296875001 0.748700853125 0.6633845093749999 0.7520928515625 0.6682348890625 0.782585340625 0.6789910828125001 0.7941947734375 0.6863130328125 0.8055014890625 0.6901449859375 0.8184196187499999 0.694965584375 0.8236634468750001 0.6991877625 0.8231826906249999 0.7015404296875 0.8212151515624999 0.7043651375 0.8161761109375 0.709746940625 0.8152858265624999 0.7135974515625 0.8144311671875 0.7147904953124999 0.8128731546875001 0.7149242859375 0.808279246875 0.7154743421875 0.8025279671875 0.718578778125 0.7860217828125 0.71966991875 0.783142403125 0.7287628578125 0.7879674390625 0.73708595625 0.7961680359375001 0.7544188187499999 0.812049625 0.761561084375 0.820445546875 0.7692007625 0.8232897906249999 0.7699388828125 0.8325323015624999 0.7785327234375 0.8372010640624999 0.7857483765625 0.8430770484375 0.7895943203125 0.8493671609375 0.78851460625 0.8576185359374999 0.785706015625 0.8675889250000001 0.78179485625 0.8750667218749999 0.7810445781249999 0.8777702921875001 0.792802634375 0.8890807875 0.83024306875 0.90625 0.8318247718749999 0.90625 0.8545218718750001 0.8769789671874999 0.8546875 0.8764837062499999 0.8546875 0.8731098921875 0.8511248078125 0.8663261234374999 0.8379119156249999 0.8510234171875 0.8362065484375 0.842581646875 0.82738405 0.8373233171875001 0.8179056484375 0.8277875078125 0.813689665625 0.8251538109375
6 0.860562221875 1 0.8692448265625 0.9874759859375001 0.8673142046875 0.969028734375 0.8746623453125 0.9497493078125 0.8717011593749999 0.9455033328125 0.878125 0.9358685328125 0.878125 0.9339941843750001 0.86749859375 0.9203284578125001 0.8515902499999999 0.9157671515625001 0.83998565 0.9117221703125 0.792530078125 0.888785909375 0.7326615203125 0.8895616875 0.7281961 0.894596765625 0.7230773640625 0.9008798453125 0.7216090578125 0.908927253125 0.71645439375 0.916443978125 0.71500405 0.923874565625 0.70992124375 0.9289239984375 0.7294866234375 0.9562072484374999 0.744813509375 0.959549265625 0.7361162015625 0.9616007265625001 0.7413672921875 0.9719575031250001 0.7397732359375 0.98432266875 0.751689834375 0.998839278125 0.7556701968749999 1 0.7653782296875 1 0.7689766640625 0.998437290625 0.7893863578125 0.9967298750000001 0.779408278125 1 0.860562221875 1