0 0.1416032609375 0.2168614125 0.1520380421875 0.22555706406249998 0.156730078125 0.2265625 0.1658395078125 0.2265625 0.2224728265625 0.17077445468750002 0.23029891249999998 0.1533831515625 0.246875 0.13763586875 0.246875 0.1358831515625 0.243342390625 0.1316440203125 0.2259510875 0.13077445468749999 0.1146467390625 0.16729619375 0.10421195624999999 0.182078803125 0.10334239062499999 0.21077445468749997 0.1416032609375 0.2168614125
7 0 0.312862603125 0.008186140625000001 0.330258153125 0.022099184375 0.348519021875 0.0316644015625 0.3511277171875 0.0507948375 0.348519021875 0.0730570609375 0.353125 0.07587327031249999 0.353125 0.07166440156250001 0.33460597812500004 0.07688179375000001 0.32591032656249996 0.129925271875 0.2719972828125 0.1671875 0.22397041093749998 0.1671875 0.2207321859375 0.16122962031250002 0.21808423906250002 0.1012296203125 0.21286684843749998 0.068186140625 0.21982337031250002 0.014273098437500001 0.2441711953125 0.0073165765625000006 0.242432065625 0.0064470109375 0.234605978125 0 0.232671875 0 0.312862603125
7 0.3796875 0.0007253046875 0.37756793437499997 0.00010190312499999999 0.3619157609375 0.0027105984375 0.33669836875 0.040971468750000004 0.30017662968750003 0.07140625 0.21669836875 0.1757540765625 0.1784375 0.21227581562500003 0.13148097812499998 0.267058425 0.085394021875 0.312275815625 0.069741846875 0.330536684375 0.069741846875 0.338362771875 0.08278532499999999 0.3592323375 0.15345448125 0.3875 0.168192075 0.3875 0.22887228125 0.31314538125 0.265394021875 0.2792323375 0.36887228125 0.16097146874999999 0.3796875 0.15156693125 0.3796875 0.0007253046875
1 0.3796875 0.22759426718750003 0.3550135859375 0.2167866859375 0.32805706562500003 0.21156929375 0.3176222828125 0.2237432046875 0.306317934375 0.2280910328125 0.283709240625 0.25069972812499997 0.2741440234375 0.2663519015625 0.306317934375 0.3011345109375 0.3796875 0.326516415625 0.3796875 0.22759426718750003
0 0.253519021875 0.3374728265625 0.253519021875 0.3279076078125 0.2422146734375 0.32269021875 0.2152581515625 0.3452989140625 0.20482337031250003 0.34790760781249996 0.1787364125 0.37138587031250003 0.165692934375 0.387907609375 0.24743206562500003 0.43138586874999996 0.2650101921875 0.4375 0.26823434218750003 0.4375 0.2848233703125 0.420081521875 0.287432065625 0.3957336953125 0.2743885875 0.370516303125 0.241345109375 0.34790760781249996 0.2439538046875 0.34269021718750003 0.253519021875 0.3374728265625
0 0.20239130468750002 0.5410461953125 0.22604959375 0.54375 0.23669836718749998 0.54375 0.2589130421875 0.539307065625 0.2789130421875 0.523654890625 0.28673912968750004 0.5071331515625 0.2890625 0.4924184796875 0.2890625 0.49042119531250006 0.25543478125 0.46800271718750003 0.1728260875 0.4262635875 0.1676086953125 0.4262635875 0.171956521875 0.511480978125 0.185869565625 0.53235054375 0.20239130468750002 0.5410461953125
1 0.3796875 0.40169053125 0.3848618828125 0.39675535 0.3958706578125 0.396756665625 0.40405304218750004 0.3739127140625 0.40625 0.2824726890625 0.40625 0.27009034062500004 0.3796875 0.27494283125 0.3796875 0.40169053125
0 0.649497503125 0.55 0.654541015625 0.554150390625 0.694091796875 0.592724609375 0.699951171875 0.606884765625 0.703369140625 0.609326171875 0.715576171875 0.608837890625 0.7198508515625 0.6140625 0.7207617187500001 0.6140625 0.733154296875 0.611767578125 0.758544921875 0.591259765625 0.783447265625 0.562939453125 0.784423828125 0.558056640625 0.782470703125 0.554150390625 0.78662109375 0.55 0.649497503125 0.55
0 0.3796875 0.55 0.3796875 0.6671875 0.38194056875000004 0.6671875 0.396240234375 0.66474609375 0.427001953125 0.65205078125 0.440673828125 0.64375 0.450927734375 0.63447265625 0.460693359375 0.62177734375 0.468994140625 0.60224609375 0.4703125 0.5951269531250001 0.4703125 0.569921875 0.466064453125 0.5529296875 0.4644808375 0.55 0.3796875 0.55
0 0.5381966140625 0.55 0.52548828125 0.5619140625 0.5064453125 0.58095703125 0.48935546875 0.60244140625 0.46103515625 0.62978515625 0.4484375 0.6389911359375 0.4484375 0.6392415359375 0.45419921875 0.6498046875 0.48056640625 0.680078125 0.4966796875 0.69619140625 0.5083984375 0.7044921875 0.5254150390625 0.7078125 0.53076171875 0.7078125 0.53427734375 0.70693359375 0.54697265625 0.69326171875 0.55771484375 0.68837890625 0.56357421875 0.67763671875 0.5943359375 0.6498046875 0.59970703125 0.646875 0.608984375 0.63515625 0.62802734375 0.61806640625 0.63388671875 0.605859375 0.64375 0.5988141734375 0.64375 0.5911865234375 0.64267578125 0.58876953125 0.6177734375 0.5580078125 0.6088466953125 0.55 0.5381966140625 0.55
0 0.3796875 0.815625 0.39384765625 0.815625 0.40205078125 0.812890625 0.403515625 0.80361328125 0.40009765625 0.7806640625 0.40009765625 0.76455078125 0.40498046875 0.73671875 0.42353515625 0.699609375 0.4390625 0.6942857140625 0.4390625 0.6865234375 0.4376953125 0.68447265625 0.42353515625 0.67275390625 0.40791015625 0.66640625 0.38935546875 0.66640625 0.3796875 0.6673014328125 0.3796875 0.815625
0 0.749853515625 0.63916015625 0.730810546875 0.64501953125 0.722509765625 0.65576171875 0.723486328125 0.6630859375 0.734228515625 0.67919921875 0.737646484375 0.697265625 0.724951171875 0.72998046875 0.724462890625 0.748046875 0.728857421875 0.76416015625 0.747412109375 0.77392578125 0.758154296875 0.78515625 0.767431640625 0.7998046875 0.787451171875 0.80712890625 0.8021484375 0.8078125 0.8096484374999999 0.8078125 0.828125 0.803306021875 0.828125 0.6347981765624999 0.821142578125 0.62548828125 0.802099609375 0.61279296875 0.785986328125 0.60791015625 0.782568359375 0.609375 0.764013671875 0.63037109375 0.749853515625 0.63916015625
0 0.639599609375 0.602197265625 0.631787109375 0.606103515625 0.624462890625 0.622216796875 0.614208984375 0.628564453125 0.607373046875 0.635400390625 0.592236328125 0.664208984375 0.579052734375 0.682275390625 0.563427734375 0.709130859375 0.563427734375 0.711572265625 0.568310546875 0.714501953125 0.608349609375 0.720849609375 0.614208984375 0.727685546875 0.617138671875 0.744287109375 0.615673828125 0.769677734375 0.610302734375 0.807763671875 0.6110900875 0.8140625 0.6153662109375 0.8140625 0.624462890625 0.810693359375 0.635205078125 0.801904296875 0.643994140625 0.800927734375 0.678173828125 0.789208984375 0.685986328125 0.784326171875 0.717724609375 0.739892578125 0.718701171875 0.735986328125 0.725537109375 0.728662109375 0.7375 0.7011917671875001 0.7375 0.68560458125 0.732373046875 0.673486328125 0.723583984375 0.660302734375 0.701611328125 0.635888671875 0.671826171875 0.611962890625 0.654736328125 0.603662109375 0.639599609375 0.602197265625
0 0.735791015625 0.76669921875 0.728955078125 0.76572265625 0.674267578125 0.790625 0.632763671875 0.80576171875 0.617626953125 0.8140625 0.607373046875 0.82333984375 0.596142578125 0.84580078125 0.587353515625 0.85458984375 0.576611328125 0.8482421875 0.567822265625 0.84775390625 0.570751953125 0.8658203125 0.588818359375 0.91416015625 0.602978515625 0.9419921875 0.611591796875 0.9515625 0.6195149734375001 0.9515625 0.628369140625 0.944921875 0.644482421875 0.93662109375 0.754345703125 0.88681640625 0.783642578125 0.8677734375 0.784375 0.864599609375 0.784375 0.8442138671875 0.784130859375 0.8384765625 0.779736328125 0.823828125 0.770947265625 0.8052734375 0.760205078125 0.7876953125 0.749462890625 0.77451171875 0.735791015625 0.76669921875
0 0.41640625 0.836328125 0.42275390625 0.863671875 0.4369140625 0.8880859375 0.4544921875 0.9017578125 0.47744140625 0.90078125 0.50576171875 0.89345703125 0.54580078125 0.891015625 0.56875 0.8841796875 0.5755859375 0.8802734375 0.56826171875 0.8490234375 0.56435546875 0.8451171875 0.41689453125 0.81240234375 0.41640625 0.836328125
0 0.6150897687500001 0.55 0.6224609375 0.56533203125 0.65517578125 0.60390625 0.67373046875 0.61416015625 0.68154296875 0.6224609375 0.70986328125 0.64248046875 0.7318359375 0.64248046875 0.75869140625 0.633203125 0.76845703125 0.62587890625 0.78359375 0.60390625 0.78896484375 0.584375 0.7884765625 0.566796875 0.78505859375 0.562890625 0.77431640625 0.570703125 0.7591796875 0.58974609375 0.73232421875 0.61220703125 0.7220703125 0.61416015625 0.71767578125 0.61123046875 0.70693359375 0.6107421875 0.70107421875 0.6068359375 0.69619140625 0.5990234375 0.672265625 0.5775390625 0.664453125 0.56240234375 0.6524784484375 0.55 0.6150897687500001 0.55