9 0.65 0.3833260921875 0.6528945937499999 0.38355745625000004 0.6826136421875 0.3837761796875 0.727557003125 0.38870956093750003 0.7602498953125 0.3922931140625 0.7641595265625 0.3905915015625 0.7688560890625 0.3654815765625 0.7844599796875 0.2905433515625 0.7725347734375 0.292175878125 0.7560693390625 0.2922028296875 0.7300740890624999 0.291769121875 0.71079038125 0.292115340625 0.6954011484375 0.2933453265625 0.6826049078125 0.29573901406249997 0.663742834375 0.2980745796875 0.65 0.29869469843749996 0.65 0.3833260921875
9 0.65 0.29845142343750003 0.7148034625 0.2926335296875 0.70121741875 0.2636776234375 0.6778515875 0.22693650937499998 0.65 0.1903401671875 0.65 0.29845142343750003
9 0.780978290625 0.0996260203125 0.7287442734375 0.140262346875 0.6968284828125 0.16860685 0.6589054515624999 0.2012902359375 0.68856686875 0.24365902031250003 0.7187978968750001 0.2673199 0.7376777421874999 0.2649348234375 0.7635488078125 0.24733546562500003 0.7580924359375001 0.23616962031250002 0.7572396593749999 0.2246229015625 0.7623835156250001 0.21056765624999998 0.7651960859375 0.2017364 0.74449829375 0.20024701875 0.7695407171875 0.16698263124999999 0.7734416296875001 0.12942982187500002 0.780978290625 0.0996260203125
9 1 0.1250515015625 0.996634665625 0.12128955781249999 0.9691416765625 0.1777480625 0.9644371265625 0.181395709375 0.935004815625 0.1691206984375 0.8680750015625 0.101858221875 0.8497104890625 0.099275675 0.8116785140625 0.1204536078125 0.788082009375 0.146920746875 0.9294288906249999 0.2416413078125 0.97077390625 0.218949428125 1 0.197136178125 1 0.1250515015625
9 0.8237513828124999 0.3846173109375 0.8748427921874999 0.35708494062499996 0.9181986500000001 0.33773824375 0.9524289671874999 0.3178091890625 0.93910225 0.296178834375 0.9200333437499999 0.2705342171875 0.9000740578125 0.23283268437500002 0.7878875062499999 0.28843375937500004 0.7794024296875 0.32734678906250003 0.8237513828124999 0.3846173109375
9 0.678080328125 0.3844632140625 0.678136753125 0.386273215625 0.7432720374999999 0.45553367187499993 0.7570407125 0.44350205625 0.842048640625 0.39311440468750003 0.833095178125 0.3831057703125 0.8262381265625001 0.3844612890625 0.8194061921875001 0.38151501250000003 0.8027955015625 0.3864005421875 0.79138123125 0.3657028625 0.7849829734375 0.3502515296875 0.7749257187499999 0.3440606203125 0.7645391187499999 0.394151584375 0.678080328125 0.3844632140625
9 0.9669466796874999 0.37266734375 0.9588930390625 0.3677098046875 0.9363836031249999 0.3583913078125 0.924301209375 0.35128992812500004 0.9150730828124999 0.350321 0.9054594 0.35403409531249996 0.8940728312499999 0.358434271875 0.8928301109374999 0.35880403125 0.8915847093749999 0.359633921875 0.8876812921875 0.362448721875 0.8863201765625 0.36319067031249996 0.877929459375 0.36727876875 0.871201659375 0.3714115703125 0.863775296875 0.3771925140625 0.8729592625 0.3848887125 0.87415911875 0.402436378125 0.874749890625 0.41658077968749996 0.8682908484375 0.4268897296875 0.8604209125000001 0.44809423437499996 0.9361890687500001 0.4491908765625 0.9749115609375 0.45033933125000003 0.991277428125 0.41604635156249997 0.994103078125 0.393585375 0.9979305421875001 0.37258138281250003 0.9766869203125002 0.3771506 0.9669466796874999 0.37266734375
9 1 0.42637421875000003 0.9873085921874999 0.42554181875 0.9741693281250001 0.4510179609375 0.8673597890625 0.4512456375 0.8699981421875 0.45400143281250005 0.9683439171874999 0.50923058125 0.992106378125 0.49360691718750005 0.9970389953125001 0.4892965921875 0.9942164046874999 0.4783397359375 1 0.4708653046875 1 0.42637421875000003
9 0.8731540359375 0.4970197890625 0.896406709375 0.46984622343750004 0.8667778109375 0.45203982500000006 0.8503767609375 0.4429522515625 0.803999525 0.4260722421875 0.7976245359374999 0.43021493125 0.788405115625 0.42713272656249995 0.7802757421875001 0.43509329374999994 0.78340471875 0.5096111125 0.8377299812500001 0.5322587328124999 0.8731540359375 0.4970197890625
9 0.65 0.609375 0.68163398125 0.609375 0.701648059375 0.595192878125 0.69645835 0.5725210734374999 0.6939968390625 0.538396315625 0.6911710156249999 0.5159992109375 0.6950811671875 0.5046836234375001 0.6974863703125 0.4979011296875 0.6722873484375 0.5090967843749999 0.669875259375 0.5170554921875 0.6532316078125 0.531599371875 0.6528913890625 0.5392102999999999 0.65 0.542801859375 0.65 0.609375
9 0.7965485421875 0.609375 0.8070788468749999 0.60494175 0.873180909375 0.5931710781249999 0.874715565625 0.5816780968749999 0.8816270484375 0.570809940625 0.88850440625 0.5657734796875 0.8797088093750001 0.564265065625 0.8689864406249999 0.5576696953125 0.8597930406250001 0.5405532953125001 0.85247806875 0.5367854140625 0.8490820453125 0.5320140296875 0.828060703125 0.53005750625 0.8016426296875 0.5308779796875001 0.801693815625 0.5221304375 0.8124559984375 0.521922165625 0.7987922843749999 0.5164439062499999 0.792435009375 0.51619145 0.793421146875 0.51484713125 0.790982821875 0.513591171875 0.782673184375 0.5126255328125 0.7728658546875 0.51683520625 0.76113175625 0.5159579265625001 0.7527481796875 0.5276276249999999 0.75316873125 0.5393478140625 0.779293896875 0.5885827109374999 0.7792739921875 0.59198453125 0.77433478125 0.6001640484374999 0.7748008328125 0.604108646875 0.777725115625 0.605907384375 0.7855658578125 0.6034144 0.7917606046875 0.609375 0.7965485421875 0.609375