4 0 0.517301475 0.020447032812499998 0.48916144531250005 0.0237748015625 0.4297046796875 0.041653825 0.4296957984375 0.06202604375 0.41124887499999996 0.05592414999999999 0.36823270468749997 0.06051841718749999 0.344505546875 0.0326268109375 0.32836933749999997 0.030917859375000002 0.3205095359375 0.0446953984375 0.3016371265625 0.025841334375000004 0.28220924375 0.013335557812500001 0.2845021921875 0 0.2972554390625 0 0.517301475
4 0.122851934375 0.32431875625 0.1304772484375 0.2771510578125 0.149824096875 0.25398825625 0.15393084375 0.220542715625 0.168391965625 0.204814228125 0.15525293906249998 0.1892423734375 0.11646384375 0.2127006765625 0.106692390625 0.22756930937500003 0.089200221875 0.2667383375 0.07922744375 0.3404904953125 0.087772203125 0.379789509375 0.0984683671875 0.39907852187500004 0.1380815078125 0.43921962499999995 0.1857518875 0.5089413609375 0.21072485312499997 0.5296875 0.21234656875 0.5296875 0.234375 0.511082159375 0.234375 0.500085525 0.207199809375 0.48048943906249997 0.1602130078125 0.413911625 0.1427764375 0.386050703125 0.1379913734375 0.36404325625 0.130371321875 0.35890188749999996 0.122851934375 0.32431875625
4 0.3390625 0.2421085171875 0.33248421875 0.24331465156249998 0.3198327125 0.237461178125 0.30747266406249996 0.24790054687500002 0.2914933875 0.3015038359375 0.2948106296875 0.34666520625 0.3046271515625 0.3693847578125 0.3390625 0.3851927171875 0.3390625 0.2421085171875
4 0.3390625 0.5377554015625 0.32673474062499996 0.5208667734375 0.299380984375 0.499728065625 0.2647992984375 0.460299065625 0.2463320921875 0.4800313296875 0.245939971875 0.4931802515625 0.3090968421875 0.55188938125 0.314268765625 0.6130569718750001 0.3386509921875 0.621875 0.3390625 0.621875 0.3390625 0.5377554015625
4 0.036522078125 0.4416594546875 0.050490417187500004 0.46852165156250003 0.0816541984375 0.4922310453125 0.0785728203125 0.5303924671875 0.08873113125 0.5546839796875 0.10945108750000002 0.559375 0.1166379625 0.559375 0.1408049828125 0.5549439515625 0.1921875 0.5308836640625 0.1921875 0.516701771875 0.152929165625 0.4611817921875 0.135784053125 0.44961371406249995 0.09988027656250001 0.44148505781249997 0.0670075421875 0.40991586093750004 0.0412620765625 0.4260787171875 0.036522078125 0.4416594546875
4 0.15426510468750002 0.36326595781250004 0.1462026015625 0.38599439375 0.14962050468750002 0.40171399843750005 0.1988541078125 0.4711491171875 0.22896646562499998 0.4953125 0.231181559375 0.4953125 0.2692494359375 0.44353040312500003 0.2921875 0.38578746875 0.2921875 0.384705678125 0.2839622125 0.35419750625 0.25660845781249997 0.3330587984375 0.2329640640625 0.3439325359375 0.1982313859375 0.3486661796875 0.181865253125 0.3631093265625 0.15426510468750002 0.36326595781250004
4 0 0.6194213109375 0.0108377984375 0.621875 0.014555634375000001 0.621875 0.034365689062499996 0.616739690625 0.0421875 0.6083820640625001 0.0421875 0.5962169046875 0.0076504468749999995 0.5611567171875 0.0007643078125 0.5444383890625 0 0.544294978125 0 0.6194213109375
4 0.28041135 0.65 0.3078248453125 0.6141338937499999 0.3138869375 0.5672528140625 0.310469034375 0.5515332093749999 0.281748115625 0.5241066578125 0.246920040625 0.5059730015625 0.22449707968750002 0.514988159375 0.21765600937500001 0.535858015625 0.185024403125 0.5353025421875001 0.1422292234375 0.5627646234375 0.106129384375 0.5612104265625 0.0918139921875 0.585085334375 0.043107714062500004 0.61526585 0.04007666875 0.638706390625 0.054974978125 0.6474171671875 0.055317320312499994 0.65 0.28041135 0.65
4 0.3390625 0.393668046875 0.2860447828125 0.4122149421875 0.27471010625000003 0.42737019218750005 0.2614200859375 0.45596098281249997 0.2638126203125 0.46696470625000003 0.3390625 0.54086905 0.3390625 0.393668046875
4 0.23176270781250002 0.16919385468749998 0.1980554015625 0.178643384375 0.1528173578125 0.20982262187499998 0.1457298953125 0.25198781875 0.128825909375 0.2714334640625 0.1213966578125 0.312026703125 0.1292075046875 0.36290267656249997 0.1332422765625 0.365625 0.15667141874999999 0.365625 0.18474959062500002 0.364161371875 0.210836846875 0.3495704765625 0.2577335125 0.340971921875 0.28753013125 0.3583934734375 0.2984375 0.345704878125 0.2984375 0.285451659375 0.2983825515625 0.281210775 0.2835849046875 0.24305823593749998 0.25740225 0.2347818296875 0.25037038125 0.209917078125 0.2554521703125 0.1959083015625 0.23176270781250002 0.16919385468749998
4 0.054825771875 0.363099709375 0.06405411093749999 0.40554264375000004 0.0979522140625 0.4418277203125 0.1450123734375 0.4546875 0.146875 0.4546875 0.146875 0.454115784375 0.1000082234375 0.39895041875000004 0.0882866875 0.3749455234375 0.0845322578125 0.3053448921875 0.06362218593749999 0.3287943140625 0.054825771875 0.363099709375
3 0.6192855125 0.8441082984375001 0.6154414828125001 0.8461914859374999 0.6119363453125001 0.8528745109375 0.609884803125 0.8703681218749999 0.6103693328124999 0.87397165 0.6139823046874999 0.876928225 0.623924971875 0.8780927421874999 0.628956521875 0.8817221484375001 0.6424519421875 0.88279609375 0.6825489046875 0.8955992984375 0.7334749671875 0.9000438734374999 0.76964526875 0.8982000609374999 0.7885363359374999 0.90041264375 0.79172499375 0.9028128390625 0.8004045281250001 0.9195365765625001 0.8043815953125 0.9200023828124999 0.8093053140625 0.913992190625 0.82173365 0.9154478359375 0.82400085625 0.9172334265625001 0.8282174796875001 0.93125 0.8324694000000001 0.93125 0.8372400171875001 0.930437740625 0.8405392968750001 0.9217038750000001 0.8484375 0.8775043890625 0.8484375 0.87362274375 0.8461365734375 0.8661176671874999 0.8354909156249999 0.8628440828125001 0.751912290625 0.85001499375 0.6467608859375 0.8498597140624999 0.6352666 0.8454733718749999 0.6192855125 0.8441082984375001
7 0.9353296312499999 1 0.9732279484374999 0.9450354375 0.9900002390625 0.9236924578125001 0.990625 0.921732190625 0.990625 0.9126869687500001 0.9906079968749999 0.912616621875 0.9808487734375 0.8998198890625 0.9551938843750001 0.8816146281249999 0.9419295234374999 0.87550091875 0.92914969375 0.8729907390625 0.9193400640625 0.87437521875 0.9122821734375 0.881148815625 0.8783482921874999 0.93341615 0.85187420625 0.9657832078125 0.8487807796875 0.9765679171875 0.8357797015624999 0.996325859375 0.8313837687500001 1 0.9353296312499999 1
3 0.8036706812500001 1 0.8040662125000001 0.997678990625 0.8161962531250001 0.9631252281249999 0.8171875 0.9563441421875 0.8171875 0.9513236359375 0.799502365625 0.9424227281249999 0.6863393999999999 0.917515021875 0.6763113109375001 0.9203939609375 0.65665424375 0.9337988265625 0.6425034500000001 0.9372082687500001 0.6260980484375 0.935286815625 0.6189449265625 0.928875509375 0.6016908984375 0.925841296875 0.5938445953125 0.934549284375 0.5894656265625 0.94721015625 0.5902414359374999 0.9488210703125001 0.5972013015625001 0.9496362312500001 0.6224948859375 0.9495585999999999 0.642731715625 0.9529421656249999 0.6627851031249999 0.9679579484375 0.7036200671875 0.9930079781250001 0.7166484750000001 1 0.8036706812500001 1
7 0.7643458937500001 0.9005411046875 0.7296067734375 0.8995124453125 0.6721451578125001 0.894809090625 0.66603391875 0.8951066875 0.66318415625 0.8973063281249999 0.651107315625 0.8969052140624999 0.6474691406249999 0.9010392453125 0.6465953109375 0.907017090625 0.6404588671875 0.9144052953124999 0.636915925 0.931724228125 0.63924335 0.9365569656249999 0.65459426875 0.9353148203125 0.6743241546875 0.9214117999999999 0.6839279296875 0.9179764796875001 0.7361017296875 0.9311807984375001 0.7971637140625 0.9423860328125 0.8161687796875 0.9515625 0.8206483421874999 0.9515625 0.823511784375 0.9454720015625 0.825 0.935291175 0.825 0.9266474828125 0.822909609375 0.9150005109375 0.8065770265625 0.91258090625 0.8018717671874999 0.9170966390625 0.7771383234375 0.8995059812499999 0.7701784578125 0.8986908203125001 0.7643458937500001 0.9005411046875
0 0.5704156640625 0.8825468187500001 0.551582021875 0.9041550484374999 0.5292684484375 0.9253556984374999 0.5204880953125001 0.9369943828124999 0.519370603125 0.951557296875 0.5299527609375 0.953125 0.5361976187499999 0.953125 0.5431377749999999 0.941167234375 0.5494072531249999 0.9363280249999999 0.5563069015625001 0.9340960375 0.5651096640625 0.936140409375 0.571486978125 0.940940803125 0.57830120625 0.9427522703125 0.5833929765625 0.9494288281250001 0.5873700421875 0.9498946359375001 0.5944657390625 0.9324851296875 0.6008808578125 0.9266496125 0.6175649328125 0.930123753125 0.6213837609375 0.9351311703124999 0.6362977609375 0.9368779437500001 0.6376211109375 0.9243658734375 0.6453125 0.9015226984375 0.6453125 0.9000767968750001 0.6383044796874999 0.8920182203125 0.6250527203124999 0.8823592093749999 0.6083812453125 0.8753397671875 0.5934672437499999 0.8735929921875 0.5788921359375 0.876446053125 0.5704156640625 0.8825468187500001
7 0.7207731531249999 1 0.6620201421875 0.9660660312499999 0.6462224984375 0.9530687421875002 0.6276955265625 0.948365390625 0.584432321875 0.9468450453124999 0.57884341875 0.9401102640625 0.5592619640625001 0.9322433109375 0.5509437328125 0.9338024671875 0.5418244890625 0.940841315625 0.5366697109375 0.951891275 0.53663190625 0.9625271828124999 0.5425723031249999 0.9703164984375 0.5584679703125 0.9757250281250001 0.567001865625 0.993445071875 0.56691644375 0.9974885312499999 0.5691005046875001 1 0.7207731531249999 1