10 0.20921614375000003 0.0620212796875 0.19408655625 0.062900896875 0.165426671875 0.072911553125 0.163688671875 0.090257696875 0.10801442812499999 0.10999790937500001 0.0901410328125 0.131805340625 0.0922413265625 0.16895489375 0.134150290625 0.2623862625 0.15750750468750002 0.2601011453125 0.192795728125 0.24043356562499998 0.2046342640625 0.2401161484375 0.22652329999999998 0.3267379140625 0.27026653437500003 0.3243801625 0.30820827500000003 0.33125 0.30952198124999997 0.33125 0.362049865625 0.3155207890625 0.3890625 0.3191516109375 0.3890625 0.3174900921875 0.36264714374999996 0.26597594375 0.3444614890625 0.1633772171875 0.313658871875 0.08339290625 0.28582364843749997 0.06257404375 0.2183571078125 0.074099153125 0.20921614375000003 0.0620212796875
10 0.4796875 0.176145784375 0.47165605 0.17609799843750001 0.43787464218750005 0.22108204374999998 0.40994314843749996 0.278706159375 0.4111763421875 0.29383981875 0.4796875 0.4166490453125 0.4796875 0.176145784375
8 0.2659023140625 0.41332346875 0.24034853437499998 0.456902009375 0.2235271875 0.46659524843750005 0.2263127484375 0.4734375 0.229513590625 0.4734375 0.2409420140625 0.46873509999999996 0.25161319843749996 0.4734375 0.25217243906250003 0.4734375 0.2554318828125 0.46455491406249994 0.27225323125 0.4548616734375 0.3714895640625 0.4055158609375 0.3953125 0.37289275625 0.3953125 0.37087581406250003 0.38602947187500003 0.331425215625 0.360479490625 0.3136258265625 0.2328606921875 0.321787165625 0.2252727828125 0.326493234375 0.24003247499999997 0.393873790625 0.2659023140625 0.41332346875
8 0.44576490625 0.56875 0.47292060312500006 0.5419965984374999 0.478125 0.51630235 0.478125 0.50542298125 0.47520964374999997 0.48363813125000005 0.46186429218749997 0.458639084375 0.4343489265625 0.43947050625 0.398239840625 0.4285896671875 0.35678184687500003 0.4339668890625 0.3323725859375 0.4483661984375 0.322087103125 0.46546755937500006 0.3130348140625 0.497702578125 0.31518134375 0.5263196109375 0.336341990625 0.5653279140625 0.33987205 0.56875 0.44576490625 0.56875
10 0.16169667968749998 0.2460977765625 0.12454969375 0.264946265625 0.110013584375 0.2776589734375 0.1271292484375 0.43613468437499997 0.1579664859375 0.449052715625 0.17524387187499998 0.45633081875 0.20841369531249998 0.46875 0.212109775 0.46875 0.2390625 0.452710103125 0.2390625 0.43809428125 0.2348218578125 0.3836393859375 0.2235227515625 0.28441071875 0.21365212812499998 0.245178696875 0.202743609375 0.2356760015625 0.1812605703125 0.2359360375 0.16169667968749998 0.2460977765625
10 0.29280598593749996 0.56875 0.2736850125 0.54986563125 0.2587249609375 0.5194593375000001 0.24614135468749998 0.49546677812500006 0.243400078125 0.4754759671875 0.2276153640625 0.47589918906250006 0.188914059375 0.49842304843749996 0.161182921875 0.5190729078125 0.14756141875 0.5248096765625 0.1624966671875 0.56875 0.29280598593749996 0.56875
5 0.4796875 1 0.4796875 0.8667318890625 0.477736434375 0.8670458562500001 0.45618365625 0.87381216875 0.424627253125 0.8749398875000001 0.41543511562499996 0.8828339203125001 0.3901620875 0.95275249375 0.3829337296875 0.9730514343750001 0.383640353125 0.9910949375000001 0.3858584578125 1 0.4796875 1
5 0.4796875 0.7574625765625 0.469292934375 0.7511282687499999 0.4472432609375 0.730829328125 0.4372396375 0.7251907328125 0.4226268390625 0.7240630140625 0.4144297 0.737595640625 0.4092187671875 0.7195521390625 0.3870654375 0.655272159375 0.3789731625 0.6642939109375 0.36760751875 0.6688047875 0.35055905 0.6755711 0.3267278984375 0.6834651328125 0.3276704640625 0.6913591625000001 0.32531344687499997 0.6958700390625 0.3318077546875 0.70714723125 0.338223415625 0.7218075765625 0.3465504265625 0.7511282703125 0.34668150625 0.7454896734375 0.36352024374999997 0.7477451109375 0.3713241421875 0.7511282687499999 0.3857272125 0.761277740625 0.398977990625 0.7725549296875001 0.41770186249999997 0.7905984296874999 0.43532587187500005 0.8075142171875 0.4773363234375 0.828125 0.4788995515625 0.828125 0.4750007640625 0.7962370265625001 0.4795837234375 0.79285386875 0.4796875 0.7926176406250001 0.4796875 0.7574625765625
5 0.32411128906250003 0.6811533734374999 0.3290138890625 0.671770753125 0.3292047421875 0.663560959375 0.324738375 0.6541783359375 0.319155415625 0.642450059375 0.31022267812500004 0.6236848187499999 0.3014089671875 0.6084380578124999 0.28941514375 0.611956540625 0.2693697609375 0.617820678125 0.2634323609375 0.6213391609375 0.2561875171875 0.630721784375 0.23216527031249998 0.65652399375 0.22173423906249998 0.6518326812499999 0.21585136718750003 0.6530055078125 0.2120380953125 0.6659066140625 0.21427127656249997 0.670597925 0.2223055390625 0.677634890625 0.2314836546875 0.685844684375 0.2453735234375 0.6928816515625 0.25585908281249997 0.69522730625 0.2555864375 0.7069555828125 0.24632652500000002 0.7022642734375 0.2357864375 0.7022642718750001 0.232191278125 0.7057827546875 0.22611755625000002 0.715165378125 0.22124221875 0.7233751703125 0.218681859375 0.73275779375 0.22312096406249998 0.7433132421875 0.2181910953125 0.7538686921875 0.22494517812499998 0.7655969671875 0.232435403125 0.745658896875 0.2416407859375 0.7526958640625 0.255476121875 0.762078484375 0.27271576406250003 0.7761524171875 0.289411371875 0.7632513125 0.29875307812499996 0.7644241390625 0.312289759375 0.736276275 0.321631465625 0.737449103125 0.334375 0.7169734140624999 0.334375 0.71060310625 0.3317365796875 0.7057827546875 0.321441871875 0.69522730625 0.31686644375 0.6905359953125 0.3146877890625 0.6834990281250001 0.3182556828125 0.6811533734374999 0.32411128906250003 0.6811533734374999
5 0.1733160171875 0.6609690234375 0.1826304578125 0.663314678125 0.20392875781250003 0.6539320562500001 0.238382034375 0.6328211578125 0.240625 0.6278499875 0.240625 0.622925403125 0.21260749375 0.5905993609375 0.10544551875 0.6586233671875 0.11593601875 0.6671875 0.1294592453125 0.6671875 0.14166848125 0.66214185 0.1733160171875 0.6609690234375
2 0.4796875 0.840247525 0.47794819374999997 0.8398095156250001 0.4510942 0.8362910296875 0.4183846 0.8327725484374999 0.4057476484375 0.8222170999999999 0.3861150375 0.8198714453125 0.3830873796875 0.8398095156250001 0.3793558984375 0.8491921375 0.3649480046875 0.8644388968750001 0.37292773281249997 0.87382151875 0.40863031875000005 0.8828125 0.41074210000000005 0.8828125 0.41851966718750006 0.8773400015625 0.43736666562500004 0.872648690625 0.46555536875000003 0.869130209375 0.4796875 0.8648064953125001 0.4796875 0.840247525
2 0.29268450625 0.7627696937499999 0.283288271875 0.7639425234375 0.2736739203125 0.77449796875 0.268989434375 0.77449796875 0.25981131875 0.7662881765625 0.2506059359375 0.7592512109375 0.241346025 0.7545599000000001 0.23214064375 0.747522934375 0.227210775 0.7580783828125 0.22938943125 0.7651153484375 0.23254835625 0.780362109375 0.2396568765625 0.7768436265625001 0.24913490624999998 0.7721523140625 0.2560525734375 0.7768436281250001 0.27451786718750004 0.788571903125 0.280373471875 0.788571903125 0.2909680921875 0.7862262484375 0.296796434375 0.787399075 0.3143087203125 0.7897447312500001 0.3175767046875 0.8003001796875001 0.329069796875 0.8096828031250001 0.3405356296875 0.8202382515625001 0.3578025375 0.8331393546874999 0.3517560796875 0.8413491499999999 0.3446475578125 0.8448676328125 0.3443749125 0.856595909375 0.3407524890625 0.8612872203125 0.3210070171875 0.8542502546874999 0.3092958046875 0.8542502531249999 0.30774297968750003 0.8706698421875 0.3332622625 0.881225290625 0.3472375640625 0.8921875 0.35282171562500003 0.8921875 0.3552681859375 0.8917807390625001 0.3555680953125 0.878879634375 0.3690229875 0.8542502531249999 0.3796875 0.8427955375 0.3796875 0.8294124453125 0.374418634375 0.7827077640625 0.36709096875 0.7862262484375 0.32631984375 0.7768436265625001 0.3088893515625 0.7709794859375 0.29848558281250004 0.7651153484375 0.29268450625 0.7627696937499999
5 0.4796875 0.71657365625 0.4679872578125 0.7034580578125 0.4554321 0.6893841249999999 0.4394181078125 0.6729645390625001 0.41637738750000003 0.65654495 0.38879919375 0.64375 0.38827112812500003 0.64375 0.3720383703125 0.649507984375 0.3893598078125 0.660063434375 0.3963647359375 0.6706188828124999 0.42310420468750004 0.66944605625 0.4369395421875 0.6788286765625 0.44726151718749996 0.688211296875 0.45638510468750004 0.69876675 0.47700178906249996 0.71870481875 0.4796875 0.7228852406249999 0.4796875 0.71657365625
5 0.3615885734375 0.671875 0.3859375 0.6592561 0.3859375 0.65888981875 0.3689355640625 0.6531698593749999 0.3168215203125 0.636750271875 0.32791905625 0.6543426859375 0.34524049218749997 0.6648981359375 0.3613339625 0.671875 0.3615885734375 0.671875
5 0 0.56875 0 0.766859809375 0.012989935937499999 0.78172893125 0.041315767187500005 0.8071875484375 0.060435057812500005 0.842629940625 0.07730556093749999 0.8461242609375 0.0940948328125 0.8531129 0.143813203125 0.8805682734375001 0.146067009375 0.88125 0.1540796484375 0.88125 0.1552689484375 0.8810674609374999 0.1649740703125 0.871083690625 0.18251763906250001 0.8456250703125001 0.19705770312499998 0.8421307531250001 0.19818293125 0.8151745671875 0.2015625 0.799633065625 0.2015625 0.7964157453125 0.1900440140625 0.7792329875 0.16814170625 0.7562703125000001 0.138158084375 0.716335221875 0.0783412875 0.651440703125 0.0162056578125 0.57905835625 0.006504525 0.56875 0 0.56875
1 0 0.9118066812500001 0.0019706203125 0.917043990625 0.014890132812500002 0.943429675 0.015569234375 0.9448559296875001 0.02067168125 0.9091996 0.03460245 0.8920845625 0.04840059375 0.8806745359375 0.0238866171875 0.832181928125 0.0048220328125 0.79438621875 0 0.7888087718750001 0 0.9118066812500001
7 0.4796875 0.9375686828124999 0.4923554734375 0.938679753125 0.5310510046875 0.9335998812499999 0.5505002718750001 0.9345514265624999 0.5631140734375 0.940625 0.56768245625 0.940625 0.574037653125 0.9390873296875 0.5875 0.9158145781249999 0.5875 0.90693226875 0.5792109234375 0.8943477765625 0.5594861625 0.88391935 0.55083143125 0.860290796875 0.5376772562500001 0.8360589781249999 0.532519984375 0.8299574890624999 0.507826446875 0.819911753125 0.4796875 0.8051535375000001 0.4796875 0.9375686828124999
7 0.7277985593749999 1 0.761821515625 0.963347928125 0.7731090453125 0.9576295453125001 0.80285451875 0.9358924734375 0.835309128125 0.9216951953125001 0.8421875 0.9159796312499999 0.8421875 0.9113918921874999 0.839446075 0.9098288859375 0.8309600125 0.9091327453125 0.8270313937499999 0.9110350046875 0.8135765546875 0.9107215515625 0.8101462640625 0.9126354187500001 0.78722320625 0.9121013890625 0.7781808140625 0.909398509375 0.7707349046875 0.9102219343750001 0.7535544468750001 0.918793703125 0.7472646890625001 0.9251269609375001 0.7379124671875 0.9288966500000001 0.73305969375 0.93326960625 0.698200446875 0.9504015359375 0.67952500625 0.9589384765625001 0.6621850499999999 0.9620236343749999 0.6592820828125 0.964946675 0.658488428125 0.9719064171875 0.653621153125 0.9757805906249999 0.605408565625 0.9960905499999999 0.5985528828125 1 0.7277985593749999 1
0 0.5026579375 0.56875 0.50847804375 0.6071902687499999 0.5121693328125 0.6142545 0.51779593125 0.6193700296875 0.5334470765625 0.6267128843750001 0.55030106875 0.6296875 0.56271761875 0.6296875 0.5808171718749999 0.6288133328125001 0.60541454375 0.6184205687500001 0.621875 0.6054201546875 0.621875 0.603403775 0.62065585625 0.5774046828125 0.6152468859375 0.56875 0.5026579375 0.56875
1 0.8951185593750001 0.56875 0.89544856875 0.580102078125 0.8893038125 0.5914231671875 0.8829995546875 0.597257640625 0.872665178125 0.6015028953125 0.8612616484375 0.6032310125 0.8462828312500001 0.6018851671875 0.8316573390625 0.5955630984375 0.826717565625 0.59694335625 0.7783111515625001 0.627716153125 0.7714070656249999 0.6300475359375 0.7353138359375 0.65612273125 0.710803465625 0.6695081937499999 0.6746522328125 0.69358825625 0.5938782093749999 0.7415510281250001 0.5826051796875 0.7477681953124999 0.57715258125 0.7486380578125 0.5716709765625 0.7485103546875 0.5686085140625 0.7459467859375 0.5643899 0.737873384375 0.542662659375 0.7099527218749999 0.5342689296875001 0.6953022640625 0.4796875 0.631980628125 0.4796875 0.6919081765625 0.5162063156250001 0.7591809078125 0.528508834375 0.7883773406250001 0.5494424171875 0.8232577421875 0.564028240625 0.8624762734375 0.5883287828125 0.9103946921875 0.5924069140625 0.9125 0.5949950578125 0.9125 0.596345521875 0.9120767890625 0.61608095 0.8886111875000001 0.63522571875 0.8790882859375 0.63823018125 0.8796567249999999 0.646493415625 0.8898181359375 0.6544613187499999 0.9069509 0.6590912640625 0.912043215625 0.6624981828125 0.9125 0.6638532546875 0.9125 0.67045129375 0.9088187484375 0.7079960062499999 0.881282028125 0.7246636390625 0.8721998671875 0.7646999875 0.8447211953125 0.767090125 0.8412877609375 0.7817934484375 0.8331567265625001 0.7866027234375 0.8272874250000001 0.8080941328125 0.8128347390625 0.8312743499999999 0.7879540515625 0.8508739453124999 0.7769464125 0.86744008125 0.764372771875 0.9261083734375 0.7268608078125001 0.959375 0.6998949031249999 0.959375 0.672074534375 0.9563713109374999 0.56875 0.8951185593750001 0.56875