9 0.22970755 0.65 0.2687547484375 0.6143819374999999 0.351559109375 0.5294972609374999 0.38125 0.2107708859375 0.38125 0.202287128125 0.3767816390625 0.20211783906249997 0.368883590625 0.2076338546875 0.274825034375 0.3340621921875 0.1749554984375 0.47757425312499996 0.16243142500000002 0.48745372812500004 0.11603059375 0.5099495890625 0.11581805625 0.557527196875 0.122531153125 0.5647314437500001 0.157162059375 0.65 0.22970755 0.65
9 0 0.5144841375 0.000313090625 0.5144750078125 0.039068734375000004 0.5027734984375 0.05621 0.5128450953125 0.08491381875000001 0.5120081140625 0.0971407015625 0.5101413828125 0.109104634375 0.514323134375 0.1279195125 0.5032030828125 0.128060578125 0.5016887640625 0.1405695921875 0.49679340156249996 0.173564459375 0.48223946562500003 0.1855502078125 0.466787934375 0.22867889218749998 0.40814260312500006 0.2660468015625 0.3466448453125 0.3421875 0.2423331703125 0.3421875 0.23913931718749998 0.299751846875 0.211253925 0.2759443375 0.1757032515625 0.22983519375 0.217823253125 0.1537526421875 0.2744090875 0.10321138437499999 0.3317603609375 0.02600030625 0.4004607296875 0 0.42571312812500006 0 0.5144841375
9 0 0.298227496875 0.0025239765625 0.2993483953125 0.0213170359375 0.3078616234375 0.0410565609375 0.32238806875 0.0443962203125 0.38125 0.046072656249999996 0.38125 0.273231140625 0.1751691109375 0.29637431875 0.2016779359375 0.3458641921875 0.2364797296875 0.3760196671875 0.203886146875 0.3820297140625 0.2020958828125 0.3890625 0.1266001875 0.3890625 0.12384599375000001 0.37183353750000003 0.11943681875 0.1120294421875 0.110400275 0 0.278329809375 0 0.298227496875
9 0.083183378125 0 0.080819 0.00405218125 0.05297965 0.044129245312499996 0.0872031125 0.0325598875 0.12889821562499998 0.053997140624999995 0.1545805796875 0.053248264062499995 0.20981315625 0.042576503125 0.26448146875 0.0379620078125 0.3879361796875 0.1078125 0.39037422187500004 0.1078125 0.4 0.00448151875 0.4 0 0.083183378125 0
9 0 0 0 0.1279906265625 0.050641234375 0.133235446875 0.0345126796875 0.2109375 0.035175465625 0.2109375 0.10700233750000002 0.11044915156249999 0.388767353125 0.1243723234375 0.3890625 0.1212039765625 0.3890625 0.108464096875 0.2689552109375 0.037767571875 0.1344594875 0.058301606250000006 0.088514334375 0.033967873437500004 0.055942665625 0.0439788578125 0.0821218046875 0 0 0
0 0.46875 0.520056146875 0.4741882125 0.5203125 0.5081244375 0.5203125 0.5256138265625 0.5180607359375 0.5447062109375 0.510998103125 0.55968995 0.49717402968749996 0.5640625 0.4847435953125 0.5640625 0.44580610624999994 0.5628187312499999 0.4199202015625 0.5486720953125 0.27971524375 0.543849734375 0.26356265156249997 0.52980924375 0.2544073171875 0.5103943484375 0.247698028125 0.46980395 0.2434410140625 0.46875 0.243438446875 0.46875 0.520056146875
0 0.46875 0.65 0.5346446671875 0.65 0.5417817140625 0.63765776875 0.5473630265625 0.6229612796875 0.551655140625 0.595384746875 0.5578125 0.5836255375 0.5578125 0.5812573343749999 0.5498365234375 0.5809832187499999 0.5403987156250001 0.5364275953125001 0.5407323265625 0.52958755 0.5509977828125 0.5251414 0.55141201875 0.5217443375 0.5468776125 0.51788810625 0.5329177453125 0.5121757515625001 0.4999806734375 0.518444575 0.46875 0.515989421875 0.46875 0.65
0 0.7275108953125 0.24126452812500002 0.6946045406250001 0.24148317656249998 0.6553703125 0.25256635312500003 0.5964997734375 0.268371359375 0.5828125 0.2945179859375 0.5828125 0.2964343375 0.6245442953125 0.6227032390625 0.6313712859375 0.633152403125 0.6544594859374999 0.6352946687500001 0.6825335515625 0.63953550625 0.7287867374999999 0.64709906875 0.7748863500000001 0.6481045703125 0.840660665625 0.64602775625 0.87909079375 0.6484375 0.8989663640625001 0.6484375 0.9234375 0.6421956078125 0.9234375 0.6058914 0.923272890625 0.5988621375000001 0.8483600906250001 0.272109090625 0.8315229765625001 0.2558232671875 0.8050596734375001 0.250095934375 0.78024553125 0.24452162031250002 0.7275108953125 0.24126452812500002
0 0.6175702765625 0.2578125 0.6202353171875 0.2578125 0.630813171875 0.254824390625 0.666864265625 0.2483537203125 0.7109375 0.24103937343749998 0.7109375 0.2404518796875 0.6527076265625 0.065449478125 0.6359097984375 0.059375 0.6319560875000001 0.059375 0.5967898578125 0.06680489218749999 0.55755563125 0.07788806875 0.5335355140625 0.09365480781249999 0.5440569953125001 0.133893909375 0.58846905625 0.133106878125 0.6175702765625 0.2578125
0 0.46875 0.241406165625 0.4692300546875 0.24149821875000002 0.5221182640625 0.2513133703125 0.5420617234375 0.25970765625 0.550653053125 0.2752283828125 0.5618279578125 0.403125 0.5641233015625 0.403125 0.5961803 0.3923333890625 0.5822941875 0.2912518625 0.59011764375 0.2739822953125 0.61875 0.260652721875 0.61875 0.2576582984375 0.5885417328125 0.1364160828125 0.5521029359374999 0.134375 0.5418654796875 0.134375 0.46875 0.149447159375 0.46875 0.241406165625
0 0.621875 0.600000353125 0.621875 0.593771575 0.6022755734375 0.43042781406249997 0.5669923531250001 0.469688775 0.5658423124999999 0.490849446875 0.543291625 0.5116603875 0.5506070578125 0.5303346328125 0.621875 0.600000353125
4 0.1144654046875 0.65 0.11289437499999999 0.6603383640625 0.11671863593750001 0.6648809328125 0.142870959375 0.6673202765624999 0.14763695937500002 0.673483665625 0.1469440328125 0.6801935218749999 0.1412415640625 0.6889880234375 0.1406255375 0.7098506984374999 0.1464388296875 0.7308173703125 0.1534374046875 0.7451568296875 0.158858621875 0.762644609375 0.156745925 0.767165821875 0.147596940625 0.775381825 0.14732474375 0.7846002171875 0.16066667968749998 0.8019547421875 0.1643476796875 0.811349096875 0.20871349062500003 0.8504888171874999 0.21505685 0.853503884375 0.22697374531249997 0.852091059375 0.2329966609375 0.8492013406249999 0.23792025 0.8500277671875001 0.2495936 0.856862975 0.25385239843749996 0.8578125 0.25972969375 0.8578125 0.2771890796875 0.8439418906249999 0.282184296875 0.8423424234375 0.30630988124999997 0.8463919109375 0.33263411718749997 0.8430091140625 0.3626484125 0.8319567796874999 0.377805984375 0.8213362375 0.38549221562499997 0.812387128125 0.3859375 0.8083026078125 0.3859375 0.7951086265625 0.3825705046875 0.7772783140625 0.3752801359375 0.7560637140625 0.3567657984375 0.7295520843750001 0.3514162125 0.7096384125 0.33891046406249997 0.680722246875 0.3179609015625 0.65 0.1144654046875 0.65
0 0.5977158234375001 0.6925435640625001 0.5819726515625 0.692537309375 0.5761039078125 0.6964406796875 0.5724142296875 0.7036746625 0.572571090625 0.7505971375 0.5823205140625001 0.8489814906250001 0.5993706421875 0.9359375 0.6345930765625 0.9359375 0.6756409453125001 0.927510565625 0.731457859375 0.9203692890624999 0.7328125 0.91842475 0.7328125 0.8843477765625 0.7239967890625 0.7767193031249999 0.712024584375 0.694442834375 0.7073358781250001 0.6792141359375 0.70112926875 0.677789778125 0.6686646078124999 0.6849943296875 0.5977158234375001 0.6925435640625001