1 0.7758876109375 0 0.7728225500000001 0.004284989062499999 0.7627720296875 0.0287240421875 0.7517904578125 0.071893703125 0.74797370625 0.082755825 0.7419311625 0.0895428328125 0.7381426296875 0.10513456875 0.74240141875 0.1101004203125 0.7490223625000001 0.112866546875 0.8549975843750002 0.1421875 0.8634019046875 0.1421875 0.8645424687500001 0.142050825 0.8617100578125001 0.12369296406250001 0.8684062000000001 0.08080213593749999 0.8581581546875 0.07213391875 0.855574978125 0.06641965625 0.8596926703125 0.047737459375 0.8682901734375001 0.041935103125 0.8759801125 0.029670075 0.878125 0.0232215765625 0.878125 0.0057248062500000006 0.8748338046875 0 0.7758876109375 0
2 1 0.36875 1 0.3373984625 0.9907207937500001 0.3344227453125 0.9872864921875 0.33170503125 0.9834681640625 0.33259285781250003 0.9638231968750001 0.3122598734375 0.940717284375 0.2944538609375 0.9352797828125 0.3055493171875 0.9303673953124999 0.3366872828125 0.9181443687499999 0.34656184375 0.9066791671875001 0.36875 1 0.36875
7 1 0.1880413234375 0.9984328359374999 0.18738658749999998 0.9956035765625 0.188977321875 0.9928856140625001 0.199512196875 0.9912100015625 0.20026060625 0.9893415890625 0.1978246390625 0.9904685953125 0.202227 0.988244378125 0.2081261828125 0.9832990468750001 0.20461164687500003 0.9782722093749999 0.20685687343749998 0.97264190625 0.2147679515625 0.9627261765625 0.22295786562500003 0.954374759375 0.221455225 0.9418492109375001 0.2291755640625 0.9413554656249999 0.2338112578125 0.9450656453124999 0.2439278828125 0.95144050625 0.25399900625 0.958199390625 0.2604645875 0.9628970625000001 0.26130982343750003 0.9752580296875 0.25513471718749997 0.9775653250000002 0.25345006875 0.9783882343750001 0.2457239109375 1 0.24378543125 1 0.1880413234375
5 0.0998484859375 0.4686037890625 0.0882515953125 0.49054213437499994 0.0852838421875 0.540443471875 0.091462175 0.548916196875 0.114691003125 0.5522348171875 0.1260982640625 0.548336996875 0.13961775781250002 0.5578125 0.1435613390625 0.5578125 0.1671542640625 0.5534600171874999 0.184375 0.47625029999999996 0.184375 0.4706843734375 0.1791473140625 0.4635153265625 0.1572990953125 0.46022894843749995 0.114258546875 0.4619999484375 0.0998484859375 0.4686037890625
9 1 0.8571692343749999 0.9683216921875001 0.8328603890625 0.9443855578125 0.7948456171875 0.8993132546875 0.8317348890625 0.8247918875 0.8797430890625 0.77551671875 0.9313146515625 0.7000206390624999 0.9912635796875 0.6900689359375 1 0.9137723921875001 1 0.936586684375 0.96399565625 1 0.88216055 1 0.8571692343749999
9 0.45 0.868912946875 0.5741475546875 0.9053234078125 0.6261321843750001 0.9125719499999999 0.6817406531250001 0.9306340593750001 0.6905119046875 0.8967917046875 0.6570433171875 0.8835419312500001 0.6769912640625 0.8415967015625 0.6989489718749999 0.8118358203125 0.7190802625 0.7308396 0.45 0.6729115453125 0.45 0.868912946875
9 1 0.7438424953125 0.7807191828125 0.7118305515625 0.662028434375 0.8809437875 0.6747064875 0.8879888359375 0.6933745390625 0.8985279171875 0.7130474703124999 0.915159171875 0.7171273296875 0.975593678125 0.9407529359375001 0.794010684375 0.9639278656249999 0.8229481 1 0.8522756656249999 1 0.7438424953125
9 1 0.567839421875 0.8503716578125001 0.42902917343749997 0.8002436140625001 0.491048875 0.75733308125 0.5566628093749999 0.7629666796875 0.5796607296875 0.7490793531250001 0.6025677046875 0.7220357374999999 0.6394261109375 0.755717834375 0.6316577984375 0.7971651312500001 0.6575791625 0.82253316875 0.6596499375 0.8769847484375 0.6550795625 0.9309489718750001 0.6564795484375 1 0.7032096546875 1 0.567839421875
9 1 0.70200840625 0.9354256843750001 0.6568449796875 0.8027685640625 0.662544178125 0.7570882328125 0.6332722000000001 0.7250202109374999 0.63966973125 0.761352603125 0.581031509375 0.7481359765625 0.5589171296875 0.5897453015625 0.567023328125 0.630764409375 0.708605071875 0.720816178125 0.727976228125 0.70552711875 0.8048601046874999 0.7762424718750001 0.7114651203125 1 0.7474228515625001 1 0.70200840625
9 0.45 0.36875 0.45 0.5607096015625 0.4520939453125 0.5602945578125 0.475604225 0.5667212953125 0.6251946515625 0.5008003421875 0.64343685 0.4797513875 0.6324736640624999 0.4668361765625 0.6522081 0.44590903437499996 0.6621060703125 0.4166662625 0.676631565625 0.36875 0.45 0.36875
9 1 0.40286730468750004 0.9449001390625 0.4487657609375 0.8667561015625 0.41233618281249995 1 0.5506492359374999 1 0.40286730468750004
9 0.834160709375 0.36875 0.6961223484375 0.46001147812500004 0.6466650046875 0.4770098265625 0.63003688125 0.4966879984375 0.5957455890625 0.511919265625 0.541567853125 0.531537365625 0.51766071875 0.5851797046874999 0.5139753765624999 0.6119245359375001 0.521710409375 0.62758130625 0.54747413125 0.6432072124999999 0.565259140625 0.6461615265624999 0.623151215625 0.691455709375 0.589867140625 0.5655307374999999 0.754226765625 0.55791178125 0.8506153359375 0.42604399062500004 1 0.56741875625 1 0.5579465859375 0.8638934687500001 0.41059997187499997 0.9435297421875 0.447151359375 0.9770598312499998 0.422842734375 0.9755675921875 0.42272092343749995 0.9824810890624999 0.39323453124999996 0.9079969343750001 0.3697250171875 0.8960524843750001 0.36875 0.834160709375 0.36875