9 0.3890625 0.1010253640625 0.349062046875 0.113795915625 0.2643436625 0.14564491875000002 0.16512948593750001 0.17218177031249998 0.11841520781249999 0.19168840468749998 0.11271853750000001 0.202819696875 0.108226265625 0.231736903125 0.108040846875 0.30601475312500004 0.1146090765625 0.3341017890625 0.13130527812499998 0.3334003609375 0.2746115359375 0.2911951578125 0.3890625 0.2500965046875 0.3890625 0.1010253640625
9 0.3890625 0 0.2037080375 0 0.13270047812500002 0.019063631249999997 0.092074171875 0.0352442828125 0.0867992921875 0.04855086875 0.0917693140625 0.091544440625 0.111654415625 0.1825232125 0.1143329984375 0.184375 0.12663439062499998 0.184375 0.132027284375 0.18342173281250002 0.1620148796875 0.1702465421875 0.2412474875 0.1506164765625 0.3890625 0.101968575 0.3890625 0
9 0.3890625 0.45 0.3890625 0.3703403171875 0.3730495984375 0.3533404296875 0.3748587015625 0.33952154375 0.354849153125 0.3115605921875 0.3527402046875 0.300684121875 0.3581954921875 0.2940952 0.3519575953125 0.285073503125 0.25518520625 0.301054409375 0.1863804109375 0.316591365625 0.171875 0.32567846562499997 0.171875 0.3297570421875 0.1863728953125 0.4380846359375 0.1872243703125 0.45 0.3890625 0.45
1 0.756198803125 0.2112079390625 0.7385935890624999 0.174210315625 0.726903165625 0.1269270140625 0.6252751078125 0.0894414109375 0.6191276859375 0.09484686718749999 0.6005081828125001 0.12375635468749999 0.5870647296875 0.1750909890625 0.5822812484375 0.182441146875 0.5725072703125 0.1917729375 0.5690877296875 0.2010677984375 0.556391328125 0.2567915046875 0.5534709828125 0.31245839375 0.5584614796875 0.3104767609375 0.5672834671875 0.3006623453125 0.5746667421875 0.2996431203125 0.6322194640625 0.3110244 0.6925000640625 0.3262950828125 0.7081673703125 0.32571586875 0.7109977203125 0.327652046875 0.7134438109375 0.3369128171875 0.7228356109374999 0.3441805890625 0.7366030984374999 0.361186075 0.7469725031250001 0.368448165625 0.76464625625 0.36688097656249996 0.78496895625 0.361393134375 0.8650813781250001 0.3619038421875 0.865625 0.3602950359375 0.865625 0.3568221140625 0.8628146031250001 0.34922492968749996 0.85473343125 0.335603496875 0.8326542218749999 0.30937133125 0.8085664859375001 0.27485217031250003 0.7799002046875 0.2437767171875 0.756198803125 0.2112079390625
5 0.9717460750000001 0.2426932671875 0.9715902937500001 0.2363481296875 0.967291459375 0.2251455 0.9697057000000001 0.20706965312499998 0.9648155921875 0.1978230875 0.9587900218750001 0.17296209375 0.9475198625000001 0.1642407671875 0.9438912265624999 0.1588921265625 0.944070546875 0.1554739859375 0.963151159375 0.1177749875 0.9694758203125 0.099676415625 0.974788946875 0.044971934375 0.970695046875 0.029862854687500003 0.96662884375 0.023540445312499998 0.9464833828125 0.016335171875000002 0.9357553390625 0.015909365624999998 0.8765866640625 0.026016390625000003 0.8298727718750001 0.0502075890625 0.7446992375000001 0.0809683546875 0.7161202015624999 0.09480285468750001 0.711902375 0.1006852546875 0.7140133656250001 0.1070190265625 0.7244617015625 0.122091175 0.7402716421875001 0.183995246875 0.748122259375 0.202011434375 0.7589569296875001 0.2190339640625 0.7786177453125 0.2447920296875 0.810475090625 0.280242346875 0.8322725140625 0.3118458796875 0.8548149109375001 0.3385635078125 0.8677093390625 0.362896425 0.8826337484375 0.3764780859375 0.8935431906249999 0.3827607234375 0.9059467375000001 0.39782150625 0.946470290625 0.4171122734375 0.95753135625 0.4111901015625 0.975 0.3940977921875 0.975 0.37662647968749996 0.966084703125 0.35060890312500004 0.9499223593749999 0.3233660359375 0.950846653125 0.31506199375 0.9627510031250001 0.28375074843750003 0.9657308953125 0.264207140625 0.9717460750000001 0.2426932671875
1 0.6134778546874999 0.1561774375 0.62302335625 0.160515375 0.6389745281250001 0.16383976718749999 0.7002348140625 0.1883797421875 0.7185531484375 0.19315485 0.7246514125 0.1980009796875 0.7390741843749999 0.203125 0.7450153296875 0.203125 0.746875 0.2010722890625 0.746875 0.1929261890625 0.73246394375 0.160855628125 0.6522192796875 0.1442365046875 0.6429320281249999 0.1442904796875 0.6241761234375 0.138541603125 0.6168717781249999 0.1473708828125 0.6134778546874999 0.1561774375
1 0.7140344890625 0.3314717171875 0.7105595578124999 0.3231932421875 0.6900042234375 0.323800865625 0.5716564828124999 0.2976400484375 0.567617975 0.30010430625 0.54418729375 0.3275772828125 0.54296183125 0.369565921875 0.5462297484375 0.372475871875 0.5670689484375 0.37577185625 0.5774639718750001 0.38254564062499996 0.6073086359375 0.391159015625 0.6267326609375 0.3934869109375 0.6576234015625 0.4015625 0.6642059359375001 0.4015625 0.6903282562499999 0.3921409828125 0.6974532828125 0.38672984375 0.7322586703124999 0.3752999453125 0.7368628312500001 0.371367928125 0.7359343812500001 0.361122025 0.7140344890625 0.3314717171875
1 0.620097121875 0.45 0.604375940625 0.414483509375 0.5945188765625 0.3974552984375 0.5726210640625 0.377079965625 0.5678867375000001 0.3741785375 0.5639763171875 0.3742012640625 0.531845496875 0.38122220625000003 0.5292990140625 0.383189634375 0.5291453125000001 0.3861194703125 0.5467151046875001 0.45 0.620097121875 0.45
6 0.9078125 0.45 0.9078125 0.4247390109375 0.90770640625 0.42118223125 0.8977939515625 0.3865806828125 0.8913605859375 0.378807559375 0.8619001781249999 0.36286959531249996 0.8376393578125001 0.359593496875 0.786340684375 0.35940348125 0.694451996875 0.387762490625 0.6619113046875 0.402596328125 0.6357271265625 0.4266682109375 0.623280659375 0.449683934375 0.6231851203125001 0.45 0.9078125 0.45
1 0.971875 0.45 0.971875 0.43705035312499996 0.9635676234375001 0.4115430390625 0.96050464375 0.40472664375 0.95857505 0.4042497 0.9489291578125 0.4111399609375 0.9424978687500001 0.41264181093749996 0.9153021562500001 0.400107784375 0.9026936734375 0.388953446875 0.89976085625 0.3889704953125 0.8989646484375001 0.3948330078125 0.9062773078124999 0.4231036203125 0.90815100625 0.45 0.971875 0.45
8 0 0.757938815625 0.014111328125 0.75947265625 0.0461181640625 0.76875 0.050549315625 0.76875 0.069775390625 0.76533203125 0.127880859375 0.76240234375 0.144970703125 0.75263671875 0.160595703125 0.735546875 0.169873046875 0.71943359375 0.182568359375 0.688671875 0.190869140625 0.6544921875 0.195263671875 0.618359375 0.194775390625 0.5900390625 0.191357421875 0.5666015625 0.181103515625 0.53876953125 0.170361328125 0.52607421875 0.149853515625 0.51533203125 0.089794921875 0.49189453125 0.074169921875 0.47041015625 0.067333984375 0.46748046875 0.057568359375 0.46748046875 0.041455078125 0.4689453125 0.027294921875 0.48115234375 0.013623046875 0.50556640625 0 0.542677465625 0 0.58213936875 0.002880859375 0.59345703125 0.006298828125 0.62177734375 0.006298828125 0.63984375 0 0.682966496875 0 0.757938815625
8 0.3890625 0.45 0.24361361874999998 0.45 0.234130859375 0.45859375 0.217529296875 0.47958984375 0.208251953125 0.4966796875 0.202392578125 0.51669921875 0.201904296875 0.53134765625 0.208740234375 0.5796875 0.198486328125 0.61142578125 0.198486328125 0.62998046875 0.210205078125 0.65390625 0.216552734375 0.6626953125 0.232177734375 0.679296875 0.239990234375 0.6841796875 0.25393554687500003 0.6875 0.2861559421875 0.6875 0.335693359375 0.67978515625 0.354248046875 0.6744140625 0.364990234375 0.66904296875 0.370361328125 0.66318359375 0.379638671875 0.63681640625 0.3890625 0.6197357171875 0.3890625 0.45
8 0 1 0.2359375 1 0.2359375 0.9872802734375 0.231982421875 0.96552734375 0.218310546875 0.9259765625 0.198779296875 0.8869140625 0.185595703125 0.8693359375 0.172900390625 0.85712890625 0.159716796875 0.84833984375 0.152880859375 0.84541015625 0.145556640625 0.844921875 0.138232421875 0.84736328125 0.115771484375 0.86396484375 0.090380859375 0.876171875 0.073291015625 0.8869140625 0.022021484375 0.90986328125 0.009326171875 0.9181640625 0 0.9267728359374999 0 1
8 0.3890625 0.6746921703125001 0.3849609375 0.670947265625 0.37958984375 0.669482421875 0.38251953125 0.665576171875 0.37666015625 0.664599609375 0.34833984375 0.676806640625 0.27998046875 0.687548828125 0.23603515625 0.700732421875 0.221875 0.709521484375 0.16962890625 0.720263671875 0.15986328125 0.736865234375 0.1603515625 0.757373046875 0.17109375 0.842822265625 0.17841796875 0.856494140625 0.18427734375 0.860400390625 0.190625 0.860400390625 0.2404296875 0.853564453125 0.29609375 0.856982421875 0.30390625 0.858935546875 0.37958984375 0.856494140625 0.3890625 0.859099121875 0.3890625 0.6746921703125001
8 0.3890625 1 0.3890625 0.9580078125 0.3771484375 0.94609375 0.32734375 0.9099609375 0.3146484375 0.9041015625 0.31025390625 0.88701171875 0.2990234375 0.86015625 0.2853515625 0.85576171875 0.23212890625 0.8533203125 0.2111328125 0.85478515625 0.1896484375 0.8591796875 0.184765625 0.86357421875 0.1837890625 0.869921875 0.204296875 0.90263671875 0.2189453125 0.9373046875 0.22529296875 0.96171875 0.2365234375 0.99248046875 0.23623046875 1 0.3890625 1
0 0.47784559531250004 0.45 0.477294921875 0.457080078125 0.475830078125 0.509326171875 0.481689453125 0.518115234375 0.494873046875 0.524951171875 0.522216796875 0.529345703125 0.5299072265625 0.5296875 0.5459879562500001 0.5296875 0.552490234375 0.527392578125 0.550537109375 0.516162109375 0.552001953125 0.504443359375 0.559326171875 0.499072265625 0.569091796875 0.496630859375 0.572021484375 0.491259765625 0.5772084265624999 0.45 0.47784559531250004 0.45
0 0.3890625 0.8200089171875 0.441796875 0.840185546875 0.44794921875 0.840625 0.4577962234375 0.840625 0.4681640625 0.838232421875 0.480859375 0.830908203125 0.49013671875 0.822607421875 0.48720703125 0.810888671875 0.48037109375 0.803564453125 0.476953125 0.796728515625 0.47548828125 0.775244140625 0.48623046875 0.737158203125 0.49208984375 0.729345703125 0.5015625 0.7221284406249999 0.5015625 0.718392784375 0.49306640625 0.710791015625 0.4740234375 0.703955078125 0.445703125 0.703466796875 0.42512872812499997 0.6984375 0.41480305937499995 0.6984375 0.39931640625 0.706884765625 0.3890625 0.71787109375 0.3890625 0.8200089171875
0 0.3890625 0.6057603625000001 0.397021484375 0.602001953125 0.419970703125 0.584912109375 0.459033203125 0.546826171875 0.473193359375 0.525830078125 0.4734375 0.5227783203125 0.4734375 0.5129821781249999 0.466357421875 0.506787109375 0.460986328125 0.494091796875 0.435595703125 0.466259765625 0.426806640625 0.464794921875 0.422412109375 0.467236328125 0.405810546875 0.485302734375 0.3890625 0.5008877218750001 0.3890625 0.6057603625000001
0 0.6142562375 0.45 0.609814453125 0.456884765625 0.606396484375 0.477392578125 0.598583984375 0.490576171875 0.599560546875 0.496435546875 0.604931640625 0.502294921875 0.614208984375 0.520361328125 0.616650390625 0.548193359375 0.624951171875 0.553076171875 0.6251953125 0.553125 0.63076171875 0.553125 0.631787109375 0.552099609375 0.646923828125 0.518408203125 0.672314453125 0.523291015625 0.685009765625 0.522802734375 0.700634765625 0.519384765625 0.717236328125 0.509619140625 0.726513671875 0.495458984375 0.7265625 0.494384765625 0.7265625 0.48158203125 0.7221351125 0.45 0.6142562375 0.45
0 0.41710449218749995 0.45 0.41640625 0.46396484375 0.418359375 0.4673828125 0.4203125 0.4673828125 0.4232421875 0.46005859375 0.42666015625 0.4595703125 0.4349609375 0.46396484375 0.44375 0.47568359375 0.44912109375 0.4810546875 0.453515625 0.48203125 0.46083984375 0.49326171875 0.4725818453125 0.503125 0.473086240625 0.503125 0.478439921875 0.45 0.41710449218749995 0.45
0 0.5501953125 0.5160970046875 0.555078125 0.5291178375000001 0.53798828125 0.534814453125 0.516829428125 0.5315592437500001 0.497298178125 0.5258626296875 0.47369791718750004 0.515283203125 0.472884115625 0.5486490875000001 0.520439171875 0.5671875 0.5303873484375 0.5671875 0.5640299484375 0.566552734375 0.5998372406250001 0.5510904937500001 0.6125 0.533503328125 0.6125 0.5236537359375 0.6087890625 0.510400390625 0.5925130218750001 0.48761393125 0.575423178125 0.478662109375 0.568098959375 0.498193359375 0.5518229171875 0.500634765625 0.5501953125 0.5160970046875
0 0.61533203125 0.5655598953125 0.61533203125 0.5297526046875001 0.59580078125 0.5533528640625 0.5640625 0.56474609375 0.5355794265625 0.56474609375 0.5209309890625 0.5680013015625 0.49814453125 0.5557942703125 0.47291666718750003 0.5484700515625 0.476171875 0.5582356765625 0.48675130156249996 0.58427734375 0.50791015625 0.6095052078125 0.5290690109375 0.6265950515625 0.5648763015625 0.6200846359375001 0.54208984375 0.6501953125 0.5412760421875 0.66484375 0.5640625 0.6591471359375 0.57626953125 0.6436848953125 0.5778971359375 0.6249674484375001 0.5852213546875 0.6217122390625 0.5974283859374999 0.6249674484375001 0.6039388015625 0.6046223953125 0.603125 0.5875325515625 0.61533203125 0.5655598953125
7 0.3890625 0.6872531265624999 0.4029013671875 0.691701334375 0.4639365234375 0.7006531578125 0.49404719999999996 0.703908365625 0.53555110625 0.69007373125 0.565661784375 0.662404459375 0.542875325 0.6615906578125 0.543689128125 0.648569825 0.5615927734375 0.6225281578125 0.5298544921875 0.6274109703125 0.5086956375 0.609507325 0.49241959687500003 0.591603678125 0.4663779296875 0.589976075 0.45010188749999996 0.5859070640625 0.41917740937500003 0.58753466875 0.392321940625 0.6029969078125 0.3890625 0.604914225 0.3890625 0.6872531265624999
7 0.48753678437500003 0.82190966875 0.523344075 0.838185709375 0.5786826171875 0.824351075 0.61367610625 0.7885437828125 0.616931315625 0.764943521875 0.616931315625 0.746226075 0.59902766875 0.723439615625 0.562406575 0.716115396875 0.531482096875 0.713673990625 0.507068034375 0.720998209375 0.48997819062500003 0.7315776375 0.48021256562500003 0.752736490625 0.4761435546875 0.7787781578125 0.47939876249999996 0.801564615625 0.48753678437500003 0.82190966875
0 0.56973079375 0.655080240625 0.5567099609375 0.6729838875 0.538806315625 0.687632325 0.52090266875 0.694142740625 0.511950846875 0.701466959375 0.51601985625 0.7153015953125 0.52578548125 0.7120463875 0.551013346875 0.7120463875 0.5957724609375 0.716115396875 0.6356487625 0.720998209375 0.638903971875 0.7169292 0.61855891875 0.67542529375 0.602282878125 0.65833545 0.56973079375 0.655080240625
8 0.5976318359375 0.6508056640625 0.606787109375 0.6581298828125 0.6208251953125 0.678271484375 0.633642578125 0.7069580078125 0.6421875 0.72099609375 0.655615234375 0.72099609375 0.67880859375 0.68681640625 0.7050537109375 0.612353515625 0.72275390625 0.561083984375 0.7270263671875 0.534228515625 0.72763671875 0.5153076171875 0.7135986328125 0.512255859375 0.694677734375 0.522021484375 0.6696533203125 0.5232421875 0.6476806640625 0.5165283203125 0.6330322265625 0.5507080078125 0.616552734375 0.59404296875 0.604345703125 0.6239501953125 0.5976318359375 0.6508056640625
8 0.6666015625 0.7142822265625 0.6794189453125 0.719775390625 0.6855224609375 0.7252685546875 0.689794921875 0.72587890625 0.7111572265625 0.6892578125 0.7245849609375 0.6459228515625 0.728857421875 0.6190673828125 0.730078125 0.6019775390625 0.7270263671875 0.5751220703125 0.7221435546875 0.56474609375 0.7074951171875 0.60869140625 0.6891845703125 0.656298828125 0.6794189453125 0.6886474609375 0.6647705078125 0.7057373046875 0.6666015625 0.7142822265625