2 0.150412171875 0.22877777031250002 0.09676962812499999 0.2242103265625 0.08802907812500001 0.22856706718750003 0.0790083640625 0.36893250312500003 0.0772721859375 0.4288603828125 0.0815148765625 0.4451234171875 0.11065945156250001 0.45239614687499996 0.1300395859375 0.4470453703125 0.176530621875 0.44769962812499997 0.20963450625000002 0.442732609375 0.23169489375 0.445044646875 0.24924331249999998 0.4352836640625 0.2515625 0.425437178125 0.2515625 0.4138847171875 0.2399061703125 0.23499350937500002 0.2360407859375 0.22931560312500002 0.2224516734375 0.22683683906250002 0.150412171875 0.22877777031250002
2 0 0.32890087343749996 0.0106056 0.33125 0.01861709375 0.33125 0.02371253125 0.31241454062499996 0.0453125 0.30081490624999996 0.0453125 0.296450078125 0.0394558421875 0.2813732 0.0027417421875 0.24377950468749998 0 0.24292635156250003 0 0.32890087343749996
2 0 0.1773030625 0.010349737500000001 0.18020888906250002 0.058070832812499994 0.1890625 0.08489579375 0.1890625 0.10655061562499998 0.1808001875 0.1234375 0.18257001718750002 0.1234375 0.18185525625 0.114375309375 0.17423834375 0.1168802109375 0.16817351875 0.1071830890625 0.154502509375 0.087048340625 0.1386830265625 0.077593890625 0.137692153125 0.0263623234375 0.144977534375 0 0.1419170671875 0 0.1773030625
2 0 0.4723650640625 0.019814940625 0.46286294375 0.08522738125 0.415936003125 0.0875 0.4057055890625 0.0875 0.40190850312500004 0.0802034671875 0.3953728609375 0.07285000781249999 0.3946021796875 0.026844307812500003 0.41930819531249997 0 0.44310233906249996 0 0.4723650640625
5 0.12416765156250001 0.61875 0.115869140625 0.628662109375 0.103662109375 0.650634765625 0.075830078125 0.657470703125 0.032861328125 0.659912109375 0 0.663605825 0 0.8050021703125001 0.000634765625 0.804931640625 0.062158203125 0.787841796875 0.068994140625 0.784912109375 0.074853515625 0.778564453125 0.091943359375 0.751708984375 0.102685546875 0.730224609375 0.102685546875 0.722900390625 0.087548828125 0.702880859375 0.088525390625 0.694091796875 0.097314453125 0.679443359375 0.104638671875 0.677001953125 0.172509765625 0.676025390625 0.182763671875 0.672607421875 0.219384765625 0.644287109375 0.257958984375 0.620361328125 0.25932241562499997 0.61875 0.12416765156250001 0.61875
1 0.0939453125 0.6783203125 0.0861328125 0.69736328125 0.08564453125 0.70224609375 0.08857421875 0.70810546875 0.10029296875 0.72080078125 0.1154296875 0.7212890625 0.2141190375 0.7390625 0.22568359375 0.7390625 0.2365234375 0.737890625 0.32880859375 0.71103515625 0.3453125 0.704158528125 0.3453125 0.7019689609374999 0.3283203125 0.6744140625 0.32587890625 0.6734375 0.0978515625 0.67587890625 0.0939453125 0.6783203125
0 0.45 1 0.5500583609375 1 0.553125 0.99392588125 0.553125 0.9788547031249999 0.54888315625 0.828451203125 0.5423816390625 0.7668103015625001 0.5311507453125 0.736892471875 0.5027522109375 0.7124133031250001 0.46212273593750003 0.6972563609375 0.45 0.696314375 0.45 1
0 0.6756891859375 1 0.682738553125 0.9824222390624999 0.6973770765625 0.9646053671875 0.74092089375 0.8473083718750001 0.7577811249999999 0.7890736609375 0.7578125 0.788200653125 0.7578125 0.757388325 0.740170246875 0.7183877843750001 0.7031271265625 0.6861915187500001 0.6661983921875001 0.67364029375 0.6072153609375001 0.671238871875 0.56187080625 0.6902606328124999 0.5484325 0.7032162718749999 0.5435887375 0.7152943046875 0.540374134375 0.7961800109375 0.545961396875 0.9117947484375 0.5524557640625 0.9722078375000001 0.5698021296875 0.9974645531250002 0.5740223125 1 0.6756891859375 1
0 0.8651736515625 1 0.973375696875 0.8845565593749999 0.9890625 0.8500437734374999 0.9890625 0.8142371328125 0.9801766531249999 0.7866315296875 0.9418546765624999 0.7457905281249999 0.904875896875 0.7246445984375 0.8704047890624999 0.7121934328125 0.80526339375 0.70708623125 0.7770650328125 0.7169858859375 0.7648698390625001 0.7324471875 0.750560171875 0.806743553125 0.6949712874999999 0.9652859656249999 0.69635738125 0.9923479265624999 0.7001537375 1 0.8651736515625 1
0 0.5313875265625 0.61875 0.53142316875 0.62487148125 0.544268925 0.7211413531249999 0.5735888640625 0.6928745015625 0.618933415625 0.6738527421875 0.6619347265625001 0.6743759640625 0.7074651546874999 0.687277396875 0.722054625 0.61875 0.5313875265625 0.61875
0 0.7202213265624999 0.61875 0.7170097 0.63856503125 0.72206793125 0.66332145 0.71106580625 0.6726937046875 0.7086868171875 0.6860996109374999 0.732141503125 0.7054674000000001 0.7507238296875001 0.7320019625 0.7630119625 0.7325022578125 0.791138834375 0.7103244546874999 0.8808278953125 0.7115209859375 0.9003316265624999 0.685309528125 0.914848615625 0.6466198015625 0.913049921875 0.61875 0.7202213265624999 0.61875