0 1 0.3713205390625 0.9155341609375001 0.36172350937500003 0.8628063562499999 0.36456339843749996 0.789433315625 0.36171103125 0.77832176875 0.363582415625 0.7761960312499999 0.3671127421875 0.775381175 0.37948293906249997 0.7788448546875 0.4326768125 0.7838206281250001 0.44928652187499996 0.78805275 0.45259346875000006 0.849264146875 0.44599987343749997 0.861334478125 0.45446171875 0.8719701109375 0.4580373421875 0.8952301453124999 0.46018209062500004 1 0.432555446875 1 0.3713205390625
7 0.56382305 0.3257017453125 0.5785344859375 0.341475734375 0.5899269265625 0.3637839515625 0.6392327890625 0.43511369375 0.663810659375 0.46732556093750005 0.67129676875 0.47397381875000005 0.68732528125 0.48279025625000005 0.7033406390625 0.4861768671875 0.7188994359375 0.4846428921875 0.7404376859375 0.4735192421875 0.7525923734375001 0.4617379515625 0.7585718265625 0.452148275 0.760658103125 0.43232846875000003 0.7538823828125001 0.406896071875 0.7342733328125 0.37006666093749996 0.70136743125 0.295692403125 0.692172690625 0.281205575 0.673802553125 0.24186432343750003 0.65596094375 0.2187953703125 0.639964934375 0.2050411625 0.6316376609375001 0.19990344843750002 0.6124139703125 0.1936675859375 0.6066689953125 0.1899201296875 0.6037996046874999 0.18014769218749999 0.5964829671875 0.170037840625 0.5837928015625 0.14431958281249999 0.5674033328125 0.124161584375 0.53066305 0.125452434375 0.52031174375 0.1317400734375 0.5121934015625 0.139430246875 0.5046685890625 0.15351718281249999 0.5054904015625 0.1623742359375 0.5104530234375 0.17355411874999999 0.52656665 0.19915209843749998 0.533407375 0.21470895625000003 0.5415195203125001 0.2228162078125 0.5371511890625 0.2550577609375 0.5388861265625 0.2737559859375 0.5435423078125 0.2869212859375 0.56382305 0.3257017453125
9 0.4796875 0.8125839359375 0.3255572484375 0.717144721875 0.3004352484375 0.7076934171875 0.288348634375 0.716295790625 0.256155425 0.7538102343749999 0.24201175468749997 0.777355125 0.19946870625 0.8746520515625 0.18723840625 0.9376449203125 0.207860203125 0.9577871703125 0.252703959375 0.9895189171875 0.269284115625 1 0.356362434375 1 0.37975960625 0.9855767234374999 0.42829848125 0.9255709765625 0.4567465890625 0.88061318125 0.46256457500000003 0.859249890625 0.472288425 0.8474619406249999 0.4796875 0.82988425625 0.4796875 0.8125839359375
2 0.0341801203125 0.509375 0.020668421875000002 0.5301630890625 0 0.552214346875 0 0.61519486875 0.0005789078125 0.6155976453124999 0.0520932125 0.6654202781249999 0.0742739421875 0.6780881671875 0.0974996515625 0.7046139796875 0.10957044062500002 0.7098757296875 0.1374083875 0.69904834375 0.1484341953125 0.6904521734375 0.1705016375 0.659395709375 0.17844123437499998 0.6380200171875 0.20589309218750002 0.6079985375 0.2072108734375 0.5973261937500001 0.11711719843749999 0.509375 0.0341801203125 0.509375
2 0.1899860046875 0.8896379843750001 0.196511609375 0.8917327609375001 0.2256502609375 0.8137105484375 0.26587927499999997 0.7420222828125 0.24437326406249998 0.710154096875 0.17892353125 0.6444159796875 0.1434516953125 0.6947471578125001 0.10222517812500001 0.7109851359375 0.070851625 0.745295396875 0.07475749375 0.7548707375 0.134662040625 0.8174418843750001 0.1899860046875 0.8896379843750001
9 0.40633931875 0.718805375 0.34357388125 0.6605168078125 0.3280953484375 0.6382115609375 0.3033107078125 0.619160109375 0.2885397984375 0.6203129281249999 0.2528268109375 0.667446125 0.2538717921875 0.6813040453125 0.24692844374999998 0.6877434203125 0.23632037968750003 0.6878054375 0.23043783593749997 0.6942386125000001 0.24835951406249998 0.7207954328125 0.2688205453125 0.7388056953125 0.27600504375 0.7355643015625001 0.28728782656249996 0.7163019921875 0.30263724375 0.7087470078125 0.32449644218749996 0.7171509234375 0.3470790875 0.735148784375 0.37562465624999997 0.747779465625 0.3949761515625 0.7370016921875 0.40633931875 0.718805375
9 0.10645196718750001 1 0.1019390546875 0.89015273125 0.09575080625 0.8784578062499999 0.068154009375 0.892483175 0.008633490625 0.9053747953125001 0.01576886875 1 0.10645196718750001 1
9 0.092936146875 0.770761415625 0.073616303125 0.7538109453125 0.07077124375 0.7442294031250001 0.081395134375 0.7303032625 0.06246138125 0.7325468828125 0.065017815625 0.780522809375 0.0790665296875 0.8401626515625 0.08130143125 0.8838746015625001 0.09583119062499999 0.8795238 0.10698611250000001 0.9007878625 0.11693528906249999 0.9060620171875 0.13619057343750002 0.9080823718750001 0.18866822187500001 0.9003103265625001 0.1934095734375 0.8928173609375 0.1533229921875 0.8397285265625 0.11069705781250001 0.7951862484375 0.092936146875 0.770761415625
8 0.4796875 0.792345709375 0.48162204218750004 0.7903060156249999 0.5150734921875 0.74105345 0.54734498125 0.6853378890624999 0.552175946875 0.6721597515625 0.5523993984375 0.6562425734375 0.5342128765625 0.616623490625 0.53492463125 0.605523521875 0.5496315421875 0.587516346875 0.5541066328124999 0.57988819375 0.55366916875 0.5742781296875 0.5302958062500001 0.5533871671874999 0.5163207390625 0.547548615625 0.5061905953125 0.5563419265625 0.493762021875 0.5761150484375 0.48473025468750003 0.5802113078125 0.4796875 0.5792627046875001 0.4796875 0.792345709375
2 0.933293675 1 0.9309807343750001 0.993237034375 0.9192840046875 0.9891644312500001 0.9164156859375 0.984166984375 0.9037731015624999 0.9824128671875 0.9009556218749999 0.9766225687500001 0.8874180171875 0.9763940812499999 0.8844988578125001 0.9721894890625 0.8735446296875 0.96896981875 0.8599561859375001 0.9695341875000001 0.8419943328125001 0.9761409999999999 0.7717229390625 0.9779897453124999 0.7482585484375 0.9833831484375001 0.7057540234375 0.987334659375 0.702224790625 0.9926443265625 0.7083681453125 0.996296378125 0.7081306609375 1 0.933293675 1
5 0.5252931875 0.509375 0.5224226921875 0.5145491078125 0.4987242 0.5111610296875 0.4847290390625 0.518068234375 0.4796875 0.5224444640625 0.4796875 0.577439309375 0.48646945312499995 0.5779529015625 0.49545037968749994 0.574649496875 0.5086722921875 0.5549364546875 0.5153240421875 0.55065995625 0.5271224484375 0.55314685 0.5483699921875 0.569893303125 0.5519808125 0.5757436828125 0.5514724171875 0.58367223125 0.5358704875 0.6032050359375 0.5333686984375 0.617356265625 0.550273578125 0.6520980640625 0.55010096875 0.667222384375 0.5284987640625001 0.7181689890625 0.5366154187500001 0.7283441156249999 0.5643113546875 0.743985490625 0.5870438984375 0.7624378109375 0.6095423359375001 0.7721086484375 0.643300040625 0.780242028125 0.673111140625 0.7753292546875 0.71146570625 0.7615030140625001 0.752536071875 0.7550527812500001 0.8435253062499999 0.7284817203125 0.9017641874999999 0.7153645984375 0.9133793296875 0.7082771546875 0.909004703125 0.652176525 0.9251256812499999 0.6494138312500001 0.926783290625 0.6359953765624999 0.9126757984375 0.619789634375 0.9097258937500001 0.60363214375 0.8899834406250001 0.5758458015625 0.8920276749999999 0.568830265625 0.8872676406250001 0.568469790625 0.8751334484375001 0.5587871265625 0.850844975 0.552167546875 0.804769815625 0.5247771671875 0.7851964718750001 0.509375 0.7735225578125 0.509375 0.7329625828124999 0.5257129 0.6919938953125 0.530577421875 0.6822503765625 0.54577365 0.6703715984375 0.5942697828125001 0.6608515296874999 0.5935488359375001 0.651249875 0.581667840625 0.63494563125 0.5748561984375 0.6083681640625 0.5417720171875 0.60624234375 0.5376275078125 0.6086424546875 0.5250619859375 0.6014242640624999 0.509375 0.5252931875 0.509375
1 0.71608181875 1 0.7035415 0.9949903046875 0.68857104375 0.9910902671875 0.6592479734375 0.9736548046875001 0.635344634375 0.9580129421875 0.62872443125 0.95336209375 0.5953586296875 0.934237309375 0.5876262156250001 0.9253527312500001 0.568559975 0.8990118328125 0.56487029375 0.891816575 0.5628224000000001 0.8805961421875 0.5608627687500001 0.867999228125 0.5474458390625 0.8614505031249999 0.5268791265624999 0.8585098328124999 0.5133739328125 0.8533375890624999 0.5056945734375 0.865204553125 0.4796875 0.883900859375 0.4796875 0.9375464656249999 0.5479758968749999 0.961078753125 0.6102586640625 0.9823933968749999 0.643571065625 1 0.71608181875 1
7 0.7375603546875 0.982351675 0.7638998484374999 0.9815800093749999 0.7805120921875 0.9814548734375 0.7986778593749999 0.9786810484374999 0.811335634375 0.9754901078125 0.8264826156249999 0.9766371765624999 0.837498603125 0.9774714078125001 0.8764958703125 0.9735088000000001 0.8891358 0.9274382921874998 0.896320790625 0.9017022109375 0.9169400765625 0.817507265625 0.9129325546875 0.7936899203125 0.90546493125 0.7806758874999999 0.87709004375 0.7520183687499999 0.8768479625 0.7522285515625 0.876322928125 0.7514580890625 0.84877841875 0.7584018765625 0.8295887046875 0.755565484375 0.8213267156249999 0.7549398109375 0.79627595625 0.7571922421874999 0.7818881328125 0.7657848421875 0.775938821875 0.7722501453125 0.7625749453124999 0.7864529593749999 0.7565373734375 0.794294746875 0.7481519125 0.8171735828125 0.7414965 0.8346507593750001 0.735458928125 0.84249255 0.7264908343750001 0.8528787484375 0.7047767031250001 0.8678323718750001 0.6979447656250001 0.88806251875 0.7020405515625 0.9105033812500001 0.7067541765625001 0.9233088531250001 0.70698375625 0.9413074250000001 0.704724128125 0.9549679874999999 0.6983335046875 0.9683157125000001 0.7031353953125 0.9797447015625 0.7162875375000001 0.9904228812500001 0.7375603546875 0.982351675
7 0.4796875 0.8284881203125 0.48791706875 0.8403444171875 0.4993391609375 0.856424253125 0.5034701546875 0.8567370890625 0.5355824328125001 0.8522530859374999 0.5507646234375 0.8312721296875001 0.5647111328125 0.829561953125 0.5777219578125 0.8208650734375 0.607256765625 0.8134195453124999 0.6217328515625 0.8034504625000001 0.6212384828124999 0.789581340625 0.6109286015625 0.7777352375 0.607327184375 0.7691634953125 0.5789397953125001 0.7587147296875 0.5660172328125 0.7660351249999999 0.553182934375 0.7719790328125 0.5351936921875 0.771999890625 0.5223593906249999 0.7779438 0.50805983125 0.785159915625 0.4911828 0.7894145031249999 0.4796875 0.8012292593750001 0.4796875 0.8284881203125