8 0.359375 0.2468421984375 0.34680879062500003 0.276872359375 0.34143750625 0.299540453125 0.32665274218749996 0.32966721875 0.31950950625 0.3554131390625 0.32106680781249997 0.3777175625 0.3306325109375 0.38666741718750003 0.359375 0.402680946875 0.359375 0.2468421984375
1 0.359375 0.12394572343750002 0.3490698734375 0.12369405781250001 0.33536493125 0.1408299203125 0.32969259375000004 0.15207199375 0.32867158124999996 0.173019340625 0.359375 0.20375940781250002 0.359375 0.12394572343750002
6 0.359375 0.089880253125 0.350715959375 0.0831010390625 0.3393396859375 0.0929368890625 0.2930238640625 0.1003426046875 0.2533182171875 0.11095472656250001 0.250920303125 0.12742604062500001 0.24160071875 0.1463926734375 0.25853895 0.1654024375 0.2458969921875 0.17743673437500002 0.2365774109375 0.1964033671875 0.2524971484375 0.221151965625 0.24955541406249998 0.2298344328125 0.2581538359375 0.253125 0.2600691625 0.253125 0.27785505625 0.2489585328125 0.29164895625 0.24325982031249999 0.31594895312500004 0.2355883203125 0.3331789671875 0.22828790937500001 0.355867215625 0.21785832031250002 0.3585123203125 0.2049273890625 0.3287146703125 0.174511165625 0.3298123296875 0.1495800359375 0.3493908203125 0.1251002328125 0.359375 0.1251315875 0.359375 0.089880253125
9 0.24694334375000002 1 0.25 0.984742965625 0.25 0.9807071781250001 0.0124610921875 0.9349218125000001 0.0075005765625 1 0.24694334375000002 1
9 0.10733491718749999 0.7607764218749999 0.0680649484375 0.75747253125 0.040430023437500004 0.753129 0.0145010515625 0.751921984375 0.0182396015625 0.79457921875 0.024750262500000002 0.8252424984375001 0.0297548828125 0.8499322984375001 0.024877004687500003 0.864463659375 0.028109034375 0.8869625953125 0.0697513078125 0.8839464609375 0.099978475 0.8925219421874999 0.1286329625 0.8960695953125001 0.16287174531249998 0.90240721875 0.18505564218749998 0.9020694703125001 0.21603582968750001 0.9136316921875001 0.21133738124999998 0.775210803125 0.1712477546875 0.7698658234375 0.10733491718749999 0.7607764218749999
9 0.050978871875 0.753830890625 0.0948802125 0.7597749781250001 0.17131438906250002 0.76892016875 0.21780797187499998 0.779096203125 0.21850089062500003 0.741916128125 0.21571527031249998 0.6994086703125 0.17773140468749998 0.691526284375 0.12341448749999999 0.6829889984374999 0.00531800625 0.663471003125 0.007177262500000001 0.6781051484375 0.0115821625 0.7113058390625 0.014700957812500002 0.7490850218749999 0.050978871875 0.753830890625
9 0.359375 0.8058759671875 0.2891443296875 0.7922207828125 0.2463291875 0.784535165625 0.213996259375 0.7784970953125 0.21735503125000002 0.84021719375 0.21666211249999998 0.8773972703125 0.2200474484375 0.9113938359375 0.2800153015625 0.9217754375 0.359375 0.9418831171875001 0.359375 0.8058759671875
9 0.359375 0.71912006875 0.354089790625 0.7182893640625 0.29678081875 0.7111940578125 0.25771075468750004 0.7050532031250001 0.2387854578125 0.7001663546875 0.21857405624999998 0.6998580015625 0.2201402046875 0.7459982984375 0.21971383125 0.7793957578125 0.3339319640625 0.7992603 0.359375 0.8067739875000001 0.359375 0.71912006875
9 0.6834276859375 0.726059359375 0.6631719390624999 0.733039484375 0.6112849921875 0.7584670875 0.540064590625 0.7794074640625 0.5300761234375 0.7843932687499999 0.5274612578125 0.7883819125 0.529698065625 0.7963591984375 0.55239065625 0.8422285984375 0.5631493984375 0.85618885 0.5645631546875001 0.860676071875 0.5693218906249999 0.8636675546875001 0.572275425 0.8686533593749999 0.5756936484375 0.8786249703125 0.5766694921875001 0.8890951578124999 0.5931297328125 0.9215028859375 0.5981538937499999 0.9220014656250001 0.6119717234375 0.9100355359375 0.616000346875 0.9105341156250001 0.6634553828125 0.9603921578125 0.6913400453125 0.9859375 0.6930721625 0.9859375 0.7072661609375 0.9818311156250001 0.719484359375 0.9633836406249999 0.731715940625 0.9504205499999999 0.762862759375 0.9374574578124999 0.7684642390625 0.9334688140624999 0.76875 0.9324525515625 0.76875 0.9273519078125 0.7500058421875 0.8796221281250001 0.7409727531250001 0.8681547796875 0.734434815625 0.84073285625 0.727100603125 0.820789640625 0.7122399953125 0.7948634578125 0.6834276859375 0.726059359375
9 0.704781315625 1 0.6899390249999999 0.9860509234375 0.6234821265624999 0.9192411453125 0.6156675140625 0.909375 0.6144356156249999 0.909375 0.6101549859375 0.9097681203124999 0.5948903203125 0.922232628125 0.5314294296875 0.9890424078125001 0.5296875 0.996312896875 0.5296875 0.9965913875 0.532107084375 1 0.704781315625 1
1 0.359375 0.6 0.359375 0.8740260375 0.3649901765625 0.8696150328125001 0.431358903125 0.844686009375 0.4232748828125 0.8327200796875001 0.45158787499999997 0.8267371156250001 0.47684809218749996 0.830725759375 0.4635217265625 0.8586462625 0.4653537015625 0.8676207093749999 0.48259605937500005 0.849671815625 0.49432987187500005 0.8367087234374999 0.535438384375 0.807791059375 0.525243575 0.7838591984375001 0.5485788781250001 0.7778762328125 0.5093669609375 0.7310096749999999 0.46035876093749994 0.6751686671875 0.38299690000000003 0.6 0.359375 0.6