2 0.32546465625 0.3796875 0.374435159375 0.2535906296875 0.380333471875 0.23311314843750003 0.3909066296875 0.2180492671875 0.41769197656249996 0.1932033046875 0.4234375 0.180973365625 0.4234375 0.1709920609375 0.4017439203125 0.15704989375 0.358880246875 0.136176865625 0.27992412031249997 0.1025841671875 0.23008348750000002 0.07711663125 0.1965098484375 0.06455701875 0.17896458125 0.054850173437500004 0.1727460703125 0.053682704687500006 0.1660564265625 0.057119142187500006 0.1623189953125 0.0626739484375 0.1524178578125 0.0897512953125 0.13847004999999998 0.1052764984375 0.13367104375 0.11501153593749999 0.128071009375 0.148057965625 0.12787138125 0.1763310296875 0.1234412671875 0.20568680625 0.12012753437499998 0.25355235781249996 0.114321759375 0.290157634375 0.1081470921875 0.307142171875 0.095764875 0.32749724375 0.0959657625 0.3441146140625 0.102677328125 0.3497541796875 0.1137277296875 0.354800615625 0.1230883796875 0.3701658203125 0.131945015625 0.37652092812500004 0.140998265625 0.3796875 0.32546465625 0.3796875
0 0 0.19327488125 0.07329071718749999 0.18117073125 0.0734375 0.176899096875 0.0734375 0.14036790625 0.0538243234375 0.10817350781249999 0 0.10361258124999999 0 0.19327488125
0 0 0.3325783703125 0.034521953125 0.32454405 0.10217725625 0.3085702 0.1109375 0.27966648125 0.1109375 0.2713868328125 0.1055696890625 0.234129409375 0.0829624140625 0.191824884375 0.057413114062500006 0.1885923609375 0 0.20102326406249998 0 0.3325783703125
2 0.0949982609375 0.16157441875 0.1111414546875 0.271875 0.11118263125000001 0.271875 0.1220652984375 0.201587984375 0.12827398125 0.109949240625 0.1446683671875 0.09425771250000001 0.16404132031250002 0.054620859375 0.296875 0.1102354234375 0.296875 0.110002978125 0.2562355 0.06723710000000001 0.20450380625000003 0.0205074859375 0.13901550000000001 0.0462728828125 0.095464834375 0.0589515671875 0.0847394828125 0.0553738625 0.0949982609375 0.16157441875
2 0 0 0 0.12573611093749998 0.0065638109375 0.1390625 0.0070692734375 0.1390625 0.025911553124999997 0.1099898390625 0.03069594375 0.094204134375 0.0450227640625 0.0729107109375 0.08490696875 0.021222784375 0.096875 0.016475975 0.096875 0.01239504375 0.0936261046875 0 0 0
5 0.46890888437499995 0.3796875 0.47112016875 0.377047196875 0.47514569375000004 0.342870971875 0.49908801562500005 0.346323175 0.504034721875 0.32379009375 0.525 0.31470186093749997 0.525 0.24614246718750002 0.5159855125 0.2431354625 0.506542509375 0.2528328296875 0.507500225 0.279602646875 0.4895515671875 0.2433864640625 0.4774911640625 0.27866108125 0.457286271875 0.269654071875 0.44607397656250003 0.2863184890625 0.4149814171875 0.2804811515625 0.38585700156249997 0.2760560609375 0.387212421875 0.3195844734375 0.32979552968750003 0.35937815156249997 0.3225808984375 0.3796875 0.46890888437499995 0.3796875
2 0.3900252359375 0.2203713703125 0.375741925 0.25 0.3772074265625 0.25 0.425938721875 0.2255496734375 0.455026603125 0.21484809375 0.4862449390625 0.1988113890625 0.498901896875 0.188674665625 0.5046875 0.16326129843749998 0.5046875 0.158823909375 0.45323694375 0.13943441406249998 0.3913764546875 0.11426499062499999 0.3565830015625 0.129109128125 0.42330095468750006 0.1687461921875 0.41051822343750005 0.200756959375 0.3900252359375 0.2203713703125
2 0.35468481875 0.306744846875 0.329591709375 0.3609375 0.3310230984375 0.3609375 0.3806318203125 0.3267359671875 0.386426634375 0.2855926890625 0.41141591875000005 0.2788139921875 0.46585424687500004 0.26296563906250003 0.4828125 0.2441465671875 0.4828125 0.240163090625 0.48092975156250006 0.21887236875 0.4819401734375 0.1935147984375 0.4300665375 0.23591329062500002 0.3950742328125 0.2423781328125 0.3741835484375 0.245233946875 0.35468481875 0.306744846875
10 0.862898484375 0.204483028125 0.854951075 0.1847287484375 0.8456530234375 0.17908418125 0.8351319828125 0.17951288125 0.7886678265625 0.194958875 0.75984305625 0.20115292343750002 0.757932384375 0.2032385890625 0.7601230703125 0.2071649484375 0.7653431 0.2114698234375 0.78019884375 0.2178918375 0.7898002421875 0.23004943125000002 0.7920993843749999 0.2901900859375 0.7946867578125 0.302633478125 0.800815453125 0.30489351875000004 0.8334409921875 0.337194965625 0.84376438125 0.3432997078125 0.8512327421875 0.341991490625 0.861171803125 0.3506216546875 0.8687335015625 0.35131744375 0.8732425203125 0.351133715625 0.8765625 0.3485407578125 0.8765625 0.3481726265625 0.872833475 0.3315742234375 0.8715157640625 0.3140595671875 0.8716310546875 0.2949806640625 0.8752190484375 0.2857993125 0.8753700328124999 0.27826386875 0.862898484375 0.204483028125
10 0.6 1 0.6 0.8578189703125 0.5577550828125 0.7839803109375 0.550952390625 0.762413546875 0.5251324890625 0.7357766390625 0.5111244828125 0.6753817453125001 0.40872070000000005 0.471341684375 0.3843269609375 0.438327359375 0.3733972375 0.432740053125 0.29690310625 0.437631571875 0.27742903281250003 0.44673464375 0.07680065625 0.5554289609375 0.058295875 0.5723278265625 0.0463009734375 0.5982397421875 0.0469964109375 0.6280548203125 0.0603089796875 0.658634634375 0.1722579671875 0.8667789796874998 0.1932869640625 0.8905791359374999 0.21245057812499998 0.9019261359375002 0.20681914687499997 0.9305742406250002 0.2172427984375 0.9723396765625001 0.21886423124999999 1 0.6 1
9 0.6 0.835141625 0.6182921390625 0.8760185187499999 0.623808090625 0.9156727578125 0.621753440625 0.949628028125 0.6235149921875001 0.9726940468749999 0.6208509906249999 0.9843841640625 0.6226537375000001 0.9891318671875 0.62726939375 0.98928226875 0.6319691765625001 0.9921875 0.6336436453125 0.9921875 0.635179003125 0.9908485500000002 0.6343658140625 0.9859150015625 0.6389883359375 0.9830123484375001 0.633966084375 0.9803951734374999 0.6342237749999999 0.975769134375 0.6370298140624999 0.974224884375 0.642133384375 0.9773354171874999 0.6475759625 0.9763132625000001 0.649731453125 0.9708221734375 0.659146 0.9629505281250001 0.6797709765625 0.95500799375 0.69512288125 0.9460212718750001 0.703364634375 0.9465079218749999 0.70683495625 0.94280440625 0.7069368765624999 0.934138603125 0.71173576875 0.92611655625 0.7293176140625001 0.9151851531249999 0.7428667718749999 0.9014507281250002 0.7647458640625 0.8856432546875 0.784388146875 0.8748335140624999 0.790671378125 0.8665326984374999 0.793409834375 0.8583889890624998 0.7953125 0.8368644421875 0.7953125 0.6269797890625 0.788456928125 0.568384434375 0.778529159375 0.5112481859375 0.7756428765625 0.47516909375000005 0.7702758296875001 0.44260767031250003 0.60281450625 0.47405809374999996 0.6 0.4943595 0.6 0.5161480015625 0.6003076125 0.516236334375 0.60897655625 0.5100306 0.614500453125 0.5095018015624999 0.6258597874999999 0.5165237265625 0.63202736875 0.5229948171875 0.6518987984375 0.5569012343749999 0.6702446921874999 0.609404734375 0.6800705453125 0.675206784375 0.684821371875 0.6885561078125 0.6874980296875 0.7078898718750001 0.6850573843750001 0.7302192109375 0.6759543796874999 0.74617038125 0.6739546609375 0.7557012328124999 0.66775275 0.764495403125 0.616823690625 0.7959312093750001 0.6 0.798649228125 0.6 0.835141625
6 1 0.5110953453125 0.9967324968749999 0.5106727 0.9691943359374999 0.5138100515625 0.93287844375 0.5348719953125001 0.9158383656249999 0.5614690921875 0.9037999343750001 0.599842525 0.8587659562500001 0.6856115562499999 0.8539865859375 0.7216044328125 0.8492621453125 0.7331728859375 0.8452421093750001 0.76139374375 0.8382201421875 0.76830741875 0.8077946218750001 0.7724956656249999 0.8017690796875 0.7761704421875001 0.799118809375 0.781754453125 0.8020520796875001 0.833592165625 0.807934503125 0.8569015078125 0.809038634375 0.8790737390625001 0.8220174828125 0.8990158140624999 0.8515542843749999 0.9234776 0.8613273593749999 0.9394440968750001 0.8614762640624999 0.9465369124999998 0.8538713328125 0.9561032062500001 0.8509496406249999 0.9724193624999999 0.8466523953125 0.9772954343750001 0.8446595437500001 0.9837732328125 0.8414125765625 0.99811596875 0.8418389890625001 1 0.8575790390625 1 0.8563372859375 0.9958216296875001 0.8640235390625 0.9867486890624999 0.865691115625 0.9782974734375 0.8700696812500001 0.9739147562500001 0.883686421875 0.9667797890625 0.8954259640625001 0.9513507156250001 0.9083784218750001 0.946375015625 0.92774241875 0.9493504734375 0.9410201515625 0.9463481953125001 0.9520003578124999 0.9386911343750001 0.966708578125 0.92270451875 0.9814030656250001 0.912824009375 0.9890893171874999 0.9037510718749999 1 0.89672218125 1 0.5110953453125