7 0.4712051171875 0.4796875 0.475685796875 0.46473703125 0.473854584375 0.4522354359375 0.4573853578125 0.4269798609375 0.4460781640625 0.4297002734375 0.442089975 0.4387976765625 0.428878190625 0.4503102890625 0.427636825 0.47816008437499996 0.42682739999999997 0.4796875 0.4712051171875 0.4796875
7 0.2977491171875 0.4229264921875 0.2881205359375 0.4371067 0.28918874375 0.444399296875 0.2962025484375 0.4486926890625 0.29968596718749996 0.46520887968749997 0.307589290625 0.4703125 0.3132500234375 0.4703125 0.32143756562500003 0.46840765468749995 0.36912851875 0.43801060625000005 0.37624210625 0.4284554 0.408843096875 0.4258083640625 0.42726387812500005 0.4135327453125 0.4365608484375 0.3898237390625 0.4453125 0.379166640625 0.4453125 0.3764974671875 0.440217425 0.3711975390625 0.43010463125 0.37480715 0.4147564328125 0.37173456875 0.3899058421875 0.3764387953125 0.34889708124999996 0.40160043749999996 0.2977491171875 0.4229264921875
7 0.45282625625 0.324884375 0.4448234703125 0.33563398125 0.447112490625 0.35126097500000003 0.4544579015625 0.36508316406249997 0.5454583359375 0.4124102484375 0.5779075 0.425 0.578125 0.425 0.578125 0.422961321875 0.55739649375 0.37767284375 0.49831327031250006 0.34482531875 0.48649545468750005 0.329529934375 0.4659118484375 0.3197751625 0.45282625625 0.324884375
7 0.5706154140625 0.3833560125 0.5759300484375001 0.4123738 0.5799710546875 0.4181667921875 0.581828675 0.4381135875 0.5897580875 0.44865777656250005 0.6031402171875 0.4578125 0.62519894375 0.4578125 0.6328125 0.44232278125 0.6328125 0.437965590625 0.625452215625 0.3944783453125 0.61927479375 0.3741001578125 0.6020953796875 0.35852598125 0.5845373875 0.3621620015625 0.573256603125 0.3723276109375 0.5706154140625 0.3833560125
7 0.56693860625 0.4796875 0.5664456421875 0.47401511406249996 0.5517812203125 0.453815934375 0.52011639375 0.4265295765625 0.5090879953125 0.423888390625 0.4932291765625 0.4028000140625 0.47577096875 0.3925874359375 0.46743657031249997 0.39380824531249997 0.46433758125 0.40171124843749995 0.45808678281250004 0.40262685468750004 0.45 0.41835909843749997 0.45 0.419397221875 0.45191520937499996 0.42587805625 0.4599708140625 0.4300188453125 0.4864530484375 0.46551340625000004 0.5014245328125 0.4796875 0.56693860625 0.4796875
7 0.2642124203125 0.3187181328125 0.2742518375 0.3364023171875 0.3013650359375 0.33987988593749996 0.3231694515625 0.35796905625000003 0.3465250921875 0.36875 0.356256125 0.36875 0.3711450515625 0.36583979843750003 0.3734375 0.347966496875 0.3734375 0.3375498609375 0.36341520781250003 0.327598415625 0.29884419218749997 0.300875496875 0.26296520156250003 0.3029385375 0.25374160625000003 0.305353746875 0.253768015625 0.3127989453125 0.2642124203125 0.3187181328125
7 0.659375 0.35924431874999996 0.6522273765625 0.362708684375 0.631065625 0.3998613015625 0.6156234921875 0.45426670468749997 0.6159815109375 0.471240703125 0.6190581390625 0.475 0.6218362468749999 0.475 0.628788309375 0.4714930875 0.6421262859375 0.453577075 0.6499500609375 0.43434047187499997 0.659375 0.42886939062499996 0.659375 0.35924431874999996
7 0.659375 0.33247966406249996 0.6404464125 0.3266879734375 0.58253703125 0.3309138390625 0.5469368359375 0.32761528125 0.5234332484374999 0.3342505078125 0.5200818734375 0.3549603078125 0.557648490625 0.3765625 0.5614925328125 0.3765625 0.5730140828125 0.374874840625 0.58637846875 0.364404028125 0.5987274625000001 0.3615310140625 0.611102865625 0.3661031984375 0.619921475 0.3754529875 0.645229865625 0.3738741578125 0.659375 0.35962831875 0.659375 0.33247966406249996
7 0.5268540796875001 0.21018362812500002 0.6174815140625001 0.234375 0.635383053125 0.234375 0.6463352718750001 0.226735084375 0.646875 0.21462638906249998 0.646875 0.1985777 0.6293818328125 0.1909089125 0.6024212375 0.18847314375 0.5547244328125001 0.1752408015625 0.5145520515625 0.18431764687500002 0.5126474625 0.193109846875 0.5268540796875001 0.21018362812500002
7 0.2211358453125 0.324814903125 0.2039622828125 0.3528701171875 0.204877890625 0.35912091562500004 0.21428049374999997 0.365192703125 0.281328496875 0.38125 0.29354585312500003 0.38125 0.3370132796875 0.374882959375 0.3363764640625 0.3632705609375 0.3217648609375 0.35796178125 0.3032384453125 0.34045660624999996 0.22738664218750002 0.3238992953125 0.2211358453125 0.324814903125
7 0.425107296875 0.23625913125000003 0.436872296875 0.2366641171875 0.4582189078125 0.2516278890625 0.4726779125 0.2558948703125 0.5218215015625 0.2572096140625 0.5331388140625 0.2609375 0.5399608796875001 0.2609375 0.5477402984374999 0.2597979828125 0.55233889375 0.25486777968749996 0.5546875 0.24168492656249999 0.5546875 0.2273121453125 0.5544694578125 0.225823584375 0.5496918546875 0.222266790625 0.46850486093750005 0.212875884375 0.44426467656249996 0.22174731093750003 0.4262488828125 0.22225793125 0.425107296875 0.23625913125000003
7 0.3778481265625 0.4796875 0.3863928125 0.47126506875 0.405423996875 0.4631566484375 0.4061341859375 0.45347525 0.4390625 0.431651984375 0.4390625 0.42122639062499995 0.43489373750000004 0.41733802343750004 0.42122415 0.42572523906250004 0.38028876562499997 0.429593084375 0.32622081875000003 0.46730913906250005 0.3031750359375 0.4770697640625 0.301003334375 0.4796875 0.3778481265625 0.4796875
7 0.395591709375 0.3484375 0.3989709734375 0.3484375 0.412332321875 0.34561946718750003 0.4445019171875 0.347292228125 0.4497842890625 0.3252354296875 0.46703707968749997 0.3195158109375 0.48060688437500004 0.3249771921875 0.4889412796875 0.323756384375 0.490414475 0.3192839828125 0.482763859375 0.3033781953125 0.48687823906250005 0.2878773953125 0.490587634375 0.2841415890625 0.5125 0.281942559375 0.5125 0.2798281546875 0.5108132203125 0.27692236875 0.49889562343750005 0.2754755828125 0.421881678125 0.3091036640625 0.4051395078125 0.332839078125 0.39205391875 0.3379482921875 0.395591709375 0.3484375
7 0.507506453125 0.28171095625000003 0.492921259375 0.2838473734375 0.48446066875 0.2914715796875 0.48125 0.304079921875 0.48125 0.3064810046875 0.4830931109375 0.32572477499999997 0.5222501 0.32424573125 0.5249951546875 0.3296875 0.532796221875 0.3296875 0.56529549375 0.3275178796875 0.583167290625 0.3296875 0.59249404375 0.3296875 0.6200794765625 0.3237498171875 0.6296875 0.3143538453125 0.6296875 0.3125933203125 0.6259722546875001 0.3058602125 0.6116658546875 0.30263503125 0.5980696437499999 0.28972845 0.57499745 0.292043875 0.553677246875 0.2845253015625 0.507506453125 0.28171095625000003
7 0.6015270625 0.30065205625 0.617333065625 0.3068500375 0.6234840796875 0.3197830265625 0.6377094609375 0.321875 0.6456002562500001 0.321875 0.646875 0.318005065625 0.646875 0.3034965390625 0.63577440625 0.258390225 0.6133595859375001 0.23613385625 0.6060669890625 0.23720206406250002 0.5946864203125 0.2612162734375 0.5980700531250001 0.29158106250000004 0.6015270625 0.30065205625
7 0.58015238125 0.290625 0.6 0.2525051 0.6 0.2425779828125 0.599303628125 0.237823890625 0.5837764187500001 0.2262643109375 0.5647452328125 0.23437273125 0.5336496953125 0.283621959375 0.5586825859375 0.290625 0.58015238125 0.290625
7 0.659375 0.1482307734375 0.6557862906249999 0.14627929687500002 0.5761781296875 0.1621967828125 0.56789655 0.17830798750000001 0.61592109375 0.1890625 0.62524445625 0.1890625 0.6581545375 0.1842418828125 0.659375 0.183390528125 0.659375 0.1482307734375
7 0.44032860156250003 0.15889550937500002 0.4420336234375 0.1778005 0.4492264375 0.19058088906249998 0.4729882609375 0.21476825625 0.49870753125 0.2171875 0.515625 0.2171875 0.515625 0.20022674999999998 0.5110242234375 0.19110621875 0.4806799921875 0.1583056625 0.460832984375 0.1463146875 0.4495257890625 0.1490350984375 0.44032860156250003 0.15889550937500002
7 0.605260184375 0.12891294375 0.5765475984374999 0.136311175 0.550402825 0.1539748015625 0.5310664359375 0.159999621875 0.52646784375 0.164929825 0.5244323375 0.178125 0.54416129375 0.178125 0.5676086484375 0.176994175 0.57962603125 0.164592365625 0.6156312125000001 0.156125925 0.618451409375 0.153584521875 0.6154257953125 0.1401937296875 0.605260184375 0.12891294375
10 1 0.17300150625 0.9359849734375001 0.1725907984375 0.9221547375 0.174640409375 0.9019863203125 0.189052315625 0.876037865625 0.21981824218749998 0.8664178890625 0.241161378125 0.852120746875 0.26150603437500003 0.8538730093750001 0.2704320390625 0.8644912187500001 0.2778622328125 0.8765369953125 0.28107917968749996 0.8931982171874999 0.2812474984375 0.8909870984375001 0.28706840312500004 0.89197190625 0.2905057828125 0.8999523374999999 0.304311228125 0.9084452953125 0.3109650109375 0.9361594375 0.3144610359375 1 0.3152182515625 1 0.17300150625
1 0.76785176875 0.4796875 0.7686748453125001 0.4785447359375 0.776904828125 0.47610637499999997 0.781528321875 0.4695096046875 0.7854997515625 0.4690665640625 0.7869112203124999 0.47194959843750006 0.7989033265625001 0.4675712984375 0.8234081156249999 0.44811490000000004 0.8383868421875 0.439856178125 0.8486884078125 0.4305989828125 0.88475864375 0.40731863125 0.895929625 0.3898564625 0.896729275 0.3811525234375 0.8956827468749999 0.3736680375 0.8915181125 0.36551790156249997 0.8786190156250001 0.36340964531250003 0.87506619375 0.3668464796875 0.852936209375 0.3708354859375 0.8435657843750001 0.37593481562500003 0.8226379609375 0.38130995625 0.7999873984375 0.3959987640625 0.7833798484375001 0.40342569375000004 0.7680361796875 0.4162858640625 0.7571066984375 0.42105237031250003 0.7566022218749999 0.42465588906249996 0.766646184375 0.435190640625 0.760587075 0.449548796875 0.7538376296875 0.4796875 0.76785176875 0.4796875
7 0.659375 0.4874168859375 0.6521924296875 0.4869408078125 0.6376024015625 0.4920865984375 0.613669959375 0.5043160578125 0.591442803125 0.5183722640624999 0.579029671875 0.5298282015625 0.5621848984375 0.5231288515625 0.52998953125 0.5191398078125 0.51996590625 0.5197474546875 0.49178297187500003 0.529928459375 0.46680100625 0.5417703406250001 0.44612193749999995 0.5561588328125 0.4148922234375 0.585324478125 0.36004748124999997 0.610557453125 0.3127066078125 0.6399979203124999 0.278513984375 0.6553810921875 0.26410660468749997 0.6670581890625 0.2557867640625 0.679068115625 0.2545500734375 0.700875815625 0.24953600312500002 0.7155429328125 0.2508984265625 0.7284949671875001 0.26063008125 0.74908628125 0.2737214171875 0.7632574156249999 0.28550779843749996 0.76875 0.31258142499999997 0.76875 0.36136338281249997 0.7525300296874999 0.42163989218750003 0.7261907046875 0.4374890484375 0.723425109375 0.45945269375000003 0.7164536546875 0.47601152031250005 0.706049859375 0.5182065687499999 0.6948188859375 0.524059053125 0.6881222515625 0.5373106015625 0.6846367953125 0.5591439968749999 0.671632190625 0.573551375 0.659955090625 0.588274665625 0.641691396875 0.602869209375 0.607819021875 0.63708728125 0.597472690625 0.659375 0.5873205953125 0.659375 0.4874168859375
0 0.523965153125 0.6918504343749999 0.5137573718749999 0.6955023046875001 0.49137301562499996 0.7080640468749999 0.4769656359375 0.7197411453125 0.4605909671875 0.72710071875 0.408634296875 0.7414301171875 0.39863611875 0.74707460625 0.3493040125 0.757585178125 0.3151907421875 0.7689278187499999 0.31017817812500004 0.7740194078125 0.303903475 0.79588185625 0.304267271875 0.8185199937500001 0.30793834375 0.8342397968749999 0.31483734218750004 0.8470817937499999 0.32722051093750004 0.859315596875 0.3358436375 0.8625 0.3483204125 0.8625 0.3978859484375 0.8454312359374999 0.4718062625 0.824130384375 0.5199570921875 0.8167746140624998 0.5519967625 0.8096936640625 0.559213175 0.8063735359375 0.5962908578125 0.7992378406249999 0.6125607265624999 0.79088195625 0.6182036078125 0.7821927046875 0.621642640625 0.7717319890625 0.621875 0.7648844296874999 0.621875 0.7481544796875 0.6118122031250001 0.7118422531249999 0.5945512359375 0.6820066062500001 0.58237766875 0.671765421875 0.5624621750000001 0.6694383453125 0.52847915625 0.6868141390625 0.523965153125 0.6918504343749999
8 0 1 0.3071309734375 1 0.37681975 0.9626577515625 0.4731813390625 0.9005667296875 0.48097566562500005 0.8931507796875 0.4828125 0.8868923406250001 0.4828125 0.88361105625 0.4640815015625 0.8668022203125 0.4536162359375 0.8392367328125001 0.4436989171875 0.8312651625 0.41470301718749997 0.8385125265625 0.361171309375 0.8570483281250001 0.340835103125 0.8603115328125 0.330497071875 0.8579302515624999 0.321287921875 0.851896015625 0.3126042828125 0.8412678015624999 0.304735115625 0.8239976984374999 0.30208811875 0.803628628125 0.29686745625 0.7971520703125 0.29387608906249996 0.797483809375 0.2721474953125 0.8114847265625 0.2527290578125 0.8186778859375 0.23417598750000002 0.8293028421875001 0.21320946406250002 0.8361637171874999 0.0725283328125 0.903673721875 0.0442405953125 0.9128584156249999 0.0198619921875 0.925641315625 0 0.932592403125 0 1