7 0.3483445015625 0.269014446875 0.43434581406249995 0.30610393125 0.45100578125 0.3015752953125 0.454269678125 0.3015752953125 0.45720474375000003 0.306007625 0.45931129375 0.30625 0.4621735796875 0.30625 0.4671875 0.29255906875000004 0.4671875 0.289136290625 0.460819434375 0.28663256718749996 0.4574540234375 0.2864977390625 0.450693634375 0.273845075 0.4409084859375 0.2615459171875 0.40930524375 0.24777985624999999 0.357944946875 0.228125 0.35730323125 0.228125 0.35525217656249997 0.22881430625000002 0.34527775625 0.24346187812500003 0.3425347734375 0.25100160625 0.3483445015625 0.269014446875
7 0.37448755 0.12698210468749999 0.36609422343750003 0.132080028125 0.33920031875 0.17564254375 0.3282672734375 0.1906476828125 0.3250943375 0.19815058593749998 0.3250352109375 0.2054271734375 0.3294773671875 0.211015084375 0.335470009375 0.215630659375 0.3395731375 0.21838163124999999 0.34102359843749996 0.21875 0.3559756234375 0.21875 0.361734640625 0.2140040328125 0.3789136140625 0.17825688281250002 0.38360150625 0.174608515625 0.39527732968749996 0.1606404453125 0.3999932515625 0.15237334375 0.401420246875 0.1433790359375 0.39979028125 0.1343248828125 0.4015625 0.1317777671875 0.4015625 0.123123328125 0.396409925 0.1189077359375 0.3913696828125 0.11812050468749999 0.38535911718750004 0.1241844421875 0.37448755 0.12698210468749999
7 0.415478515625 0.303271484375 0.410107421875 0.306689453125 0.394482421875 0.305712890625 0.391064453125 0.302294921875 0.340283203125 0.304248046875 0.316845703125 0.306689453125 0.311474609375 0.308642578125 0.310498046875 0.311083984375 0.310498046875 0.322314453125 0.315869140625 0.332568359375 0.324169921875 0.332080078125 0.349072265625 0.337939453125 0.358837890625 0.344287109375 0.36314453125 0.3453125 0.3723828125 0.3453125 0.372998046875 0.344287109375 0.374462890625 0.335498046875 0.383251953125 0.331591796875 0.385205078125 0.328662109375 0.406689453125 0.331103515625 0.422314453125 0.340869140625 0.425732421875 0.340380859375 0.439892578125 0.330615234375 0.4515625 0.31804762656249996 0.4515625 0.314892578125 0.449658203125 0.311083984375 0.431591796875 0.312548828125 0.427685546875 0.308642578125 0.415478515625 0.303271484375
0 0.28818359375 0.197314453125 0.27646484375 0.199755859375 0.2603515625 0.190478515625 0.25302734375 0.202197265625 0.24716796875 0.224169921875 0.246875 0.228564453125 0.246875 0.232080078125 0.249609375 0.240283203125 0.25232979843750003 0.2421875 0.2614013671875 0.2421875 0.2671875 0.238330078125 0.300390625 0.237841796875 0.3052734375 0.225146484375 0.30625 0.216845703125 0.30625 0.206494140625 0.30234375 0.198291015625 0.2984375 0.194384765625 0.2916015625 0.193408203125 0.28818359375 0.197314453125
7 0.262939453125 0.160205078125 0.257080078125 0.168017578125 0.257568359375 0.178759765625 0.264404296875 0.190966796875 0.284851075 0.1921875 0.29845660625 0.1921875 0.317626953125 0.181689453125 0.331787109375 0.177783203125 0.344482421875 0.168017578125 0.353271484375 0.154345703125 0.359619140625 0.148974609375 0.3625 0.1390973765625 0.3625 0.1366361171875 0.356689453125 0.129931640625 0.329833984375 0.127978515625 0.268310546875 0.156787109375 0.262939453125 0.160205078125
7 0.406689453125 0.200927734375 0.394970703125 0.191650390625 0.381298828125 0.184814453125 0.374951171875 0.177978515625 0.375439453125 0.173583984375 0.369091796875 0.164794921875 0.361767578125 0.164306640625 0.352978515625 0.170166015625 0.352490234375 0.179931640625 0.360791015625 0.190673828125 0.367138671875 0.224853515625 0.379833984375 0.243896484375 0.385693359375 0.256591796875 0.402294921875 0.276611328125 0.408642578125 0.291748046875 0.415478515625 0.295166015625 0.421826171875 0.302490234375 0.427841796875 0.30625 0.4322394125 0.30625 0.451123046875 0.298095703125 0.45625 0.2913912265625 0.45625 0.2843017578125 0.454541015625 0.276611328125 0.439892578125 0.257080078125 0.430615234375 0.238037109375 0.406689453125 0.200927734375
0 0.46982421875 0.214501953125 0.46396484375 0.221337890625 0.4625 0.229150390625 0.468359375 0.246240234375 0.511181640625 0.2890625 0.5251746546875 0.2890625 0.54013671875 0.276513671875 0.54375 0.2680826828125 0.54375 0.25576329375 0.49912109375 0.214013671875 0.48447265625 0.207666015625 0.48056640625 0.207666015625 0.46982421875 0.214501953125
7 0.407861328125 0.293115234375 0.400048828125 0.290673828125 0.391748046875 0.292626953125 0.387841796875 0.307763671875 0.379052734375 0.315087890625 0.374169921875 0.323388671875 0.369775390625 0.348291015625 0.363427734375 0.407373046875 0.360986328125 0.414697265625 0.361962890625 0.432275390625 0.365380859375 0.437158203125 0.378076171875 0.435205078125 0.402674278125 0.440625 0.4076438203125 0.440625 0.411279296875 0.436181640625 0.414208984375 0.419580078125 0.416162109375 0.374169921875 0.420068359375 0.358544921875 0.421875 0.336865234375 0.421875 0.3342651375 0.420068359375 0.323876953125 0.409814453125 0.309716796875 0.410791015625 0.297509765625 0.407861328125 0.293115234375
0 0.28408203125 0.237939453125 0.2435546875 0.244287109375 0.240625 0.247216796875 0.234375 0.24900251093749998 0.234375 0.268115234375 0.23525390625 0.280419921875 0.24280450937500003 0.284375 0.2894880015625 0.284375 0.33974609375 0.277978515625 0.340625 0.263330078125 0.340625 0.252392578125 0.33876953125 0.248681640625 0.33779296875 0.238916015625 0.33486328125 0.235498046875 0.28408203125 0.237939453125
7 0.30012429375 0.34612941875000003 0.2976439015625 0.3606246015625 0.2997934390625 0.372019040625 0.308972221875 0.3813183 0.3240694359375 0.38483894375 0.3521585109375 0.39375 0.3662480328125 0.39375 0.3671875 0.3824722796875 0.3671875 0.3495857375 0.3401759203125 0.33694491875 0.3192181921875 0.3319552234375 0.3077654796875 0.33581748125 0.30012429375 0.34612941875000003
7 0.42182818125 0.3478806296875 0.41616497499999994 0.3830419046875 0.41524298281250005 0.4140625 0.41747485468749995 0.4140625 0.4315465703125 0.4118909640625 0.4440173203125 0.40187686562499997 0.4442676859375 0.3960418609375 0.44776247812500003 0.39749418125 0.49547078593749994 0.354292490625 0.5078125 0.3386114390625 0.5078125 0.33062051718749996 0.5073724203125 0.328582128125 0.47396818281249997 0.297099828125 0.4682325140625 0.2988308328125 0.42182818125 0.3478806296875
7 0.45959206874999997 0.22452242031249997 0.43943753750000003 0.20061922812500002 0.40704049375 0.1638245171875 0.3851242015625 0.17952610468750002 0.3792375375 0.1823772171875 0.39464166093749997 0.192243225 0.40564938125000005 0.2005950109375 0.41907883281249997 0.22065006406249998 0.43170595624999997 0.2401328296875 0.43978484375000004 0.258467625 0.4518326109375 0.26896871718750004 0.4682337578125 0.2870212734375 0.46774661562500003 0.290094278125 0.474837971875 0.296875 0.476680690625 0.296875 0.49375 0.2834756546875 0.49375 0.279996690625 0.48775108281249996 0.27131099375 0.48531798437500007 0.27316656250000004 0.47085025781249995 0.252096628125 0.45959206874999997 0.22452242031249997
7 0.480419953125 0.20890547499999998 0.48641763125 0.20890681406249997 0.4883625328125 0.20756634531249998 0.4921729453125 0.2025088625 0.49115828125 0.195759875 0.4815706140625 0.1814162328125 0.453712409375 0.1478680453125 0.4452383765625 0.1371387671875 0.43211380312500003 0.13012344375 0.4229791859375 0.12796187187500002 0.420388978125 0.1264094203125 0.42109575 0.1245806078125 0.41581809999999997 0.119297628125 0.40978146249999997 0.12036459375 0.4047034359375 0.124193709375 0.40236818750000003 0.1288731453125 0.40560642968750005 0.1346165453125 0.4072400359375 0.133134928125 0.4096186859375 0.13630502656250001 0.40733635156250003 0.1453542046875 0.40751500468749996 0.156576990625 0.40978270625 0.16169332187500002 0.4264440484375 0.184113909375 0.452505109375 0.215302290625 0.46027060156250005 0.225 0.46166885 0.225 0.46277064062499995 0.22293855156250003 0.468635928125 0.2167606390625 0.4742806328125 0.21251578750000003 0.480419953125 0.20890547499999998
7 0.5533659484375 0.2754577109375 0.5533659484375 0.27353215625 0.556148215625 0.26633689375 0.55611485625 0.2629621640625 0.5530559312500001 0.258729275 0.549472253125 0.256671465625 0.5440554468750001 0.2549606953125 0.5450162421875 0.2634777921875 0.54367814375 0.2680016765625 0.5422221296874999 0.2743259703125 0.5352980640625 0.2815080828125 0.5248144234375001 0.28916598125 0.5207216031249999 0.28989111562500003 0.5124363187500001 0.2906928359375 0.4884936296875 0.36200651562499997 0.48669034062499994 0.36944269687500003 0.48707115468750006 0.3728468546875 0.488267921875 0.376022190625 0.49556081250000006 0.3824485609375 0.5052338625 0.38779908125 0.513139959375 0.39030185156249997 0.5211473718749999 0.390625 0.5218923421875 0.390625 0.5284685671875 0.387992378125 0.536627234375 0.36251866875 0.54939566875 0.3230131578125 0.557368771875 0.30441583906249997 0.5578125 0.300370525 0.5578125 0.2887676265625 0.556991103125 0.284700790625 0.5513822453125 0.27748734375 0.5515866593750001 0.276123940625 0.5533659484375 0.2754577109375
7 0.4482325125 0.39821024375 0.4452731109375 0.39801888750000003 0.44381926250000003 0.402249821875 0.4330800703125 0.41244528750000004 0.4148521328125 0.414783878125 0.4147622578125 0.4359375 0.41791257656249997 0.4359375 0.4268249328125 0.432970625 0.447202475 0.42622067656249996 0.462271971875 0.424796584375 0.484170053125 0.41976673125 0.4921875 0.4160275953125 0.4921875 0.404034546875 0.48548851875 0.381657221875 0.479843084375 0.373175815625 0.4652446828125 0.38338241093750003 0.4482325125 0.39821024375
6 0.5796875 0.40416492187499997 0.5998309203125001 0.41166708124999996 0.6251837515625 0.42012582343749993 0.6345090796874999 0.4203125 0.667385528125 0.4203125 0.6794106953125001 0.4194209375 0.6984253046875 0.40602788125 0.718144203125 0.39052014375 0.74420126875 0.38488097187500003 0.753356484375 0.35809494375 0.7512437249999999 0.3207353515625 0.764624403125 0.2967688421875 0.7808220734375 0.289719871875 0.792794228125 0.2826709015625 0.79375 0.27717015 0.79375 0.2643413 0.780117784375 0.2488358484375 0.754764953125 0.2361477078125 0.722369665625 0.2305085375 0.6934956078125 0.22557425156250002 0.6625087890625 0.2234595671875 0.64490265 0.22063996718749998 0.6360344109375 0.221732353125 0.6040563828125001 0.21993508125 0.5885630015625 0.21993508125 0.5796875 0.2294314515625 0.5796875 0.40416492187499997
6 0.5796875 0.4796875 0.9134958781249999 0.4796875 0.9097134546875001 0.471326928125 0.902593809375 0.4520206390625 0.9039867765625 0.43265585156249997 0.9068273671875 0.4109287421875 0.9089401265625 0.391191603125 0.916686765625 0.37286429062500004 0.926546265625 0.36017615 0.9338274249999999 0.3455907734375 0.9359375 0.3404616640625 0.9359375 0.337014578125 0.9341776140625001 0.323509775 0.9198207 0.301078296875 0.9047146093749999 0.27699830468750003 0.8828830625 0.2530317953125 0.8671731828125001 0.245913146875 0.8610514046875 0.24598282343750003 0.8500993796875 0.25241001875 0.8590360828125 0.26714567968749997 0.86457263125 0.27629339062499997 0.8772490734374999 0.2939158171875 0.8758406046874999 0.3016697015625 0.872319378125 0.305899071875 0.8589386453125 0.3108333578125 0.8334004765625 0.3117057078125 0.8269171875 0.300103615625 0.7988228328125 0.29499082187500003 0.7885140843749999 0.29039133281249996 0.7607088171875 0.3026600234375 0.7603442593749999 0.3228166125 0.7589357921875 0.3390292390625 0.7557293671875 0.3538681984375 0.7515462140625 0.3687844859375 0.7457943796875 0.3847475359375 0.7384738453125 0.39102807031250003 0.7089343625 0.401765059375 0.6849900015625 0.41656791249999997 0.671609325 0.42009239843749996 0.6462564937499999 0.420797284375 0.6209036625 0.418682653125 0.5962550656250001 0.40740425625 0.5796875 0.40252694218749996 0.5796875 0.4796875
6 0.37424195937500004 1 0.374593009375 0.9996486250000001 0.3754291640625 0.9895182703125001 0.361492690625 0.965804353125 0.36205018437500003 0.9613405593749998 0.350622259375 0.9468332203125 0.34365402343749996 0.9451592906249999 0.3394730828125 0.9256301812500001 0.33640704062500004 0.9180975218749999 0.33501339375 0.8996843671875 0.32187109375 0.8921405859375 0.3105607765625 0.8858512578125 0.3067906609375 0.8749497546875 0.3093040609375 0.8718050890625 0.3021827546875 0.8481152828124999 0.2956897765625 0.8455995546875 0.294014165625 0.8411970234374999 0.2931763765625 0.8411970234374999 0.28102823906249996 0.850002084375 0.272440753125 0.8537756890624999 0.26280604687500003 0.8585975015624999 0.253171309375 0.8579685734375 0.238509771875 0.8634193187499999 0.22028758124999998 0.8636289640625 0.19096450625 0.8655157609374999 0.1746273578125 0.8638386078125 0.1669922234375 0.8646521343749999 0.1645422921875 0.8674523578125001 0.1627675796875 0.873669596875 0.1618802234375 0.8782881140625 0.1624126421875 0.89054495625 0.1663170046875 0.9080361421875001 0.170221365625 0.9185166296875 0.1751905640625 0.935214353125 0.1767878078125 0.9424974015625001 0.18175699375 0.9508462640625 0.1920503296875 0.9540437 0.2034084890625 0.958484584375 0.20358595937500001 0.960438578125 0.2083776765625 0.9643465578124999 0.21174963125000001 0.9731336046875001 0.2058930890625 0.9766863140625001 0.20252113437500002 0.9875220734374999 0.197019528125 0.9983578281250001 0.1956026015625 1 0.37424195937500004 1
7 1 0.4796875 0.5796875 0.4796875 0.5796875 0.6810614296875 0.5884510875 0.682495471875 0.6862771734375 0.6779664859375 0.8194293484375 0.6806838765625 0.8683423906249998 0.6924592390625 0.9389945656249999 0.7305027171875 0.97703804375 0.7268795296875 1 0.719573453125 1 0.4796875