10 0 0 0 0.47863739531249994 0.00152144375 0.4890625 0.4890625 0.4890625 0.4890625 0.3859251828125 0.48149267343749996 0.3506517125 0.47299496406249997 0.282111809375 0.45906710000000006 0.21417682187499998 0.44899110468750003 0.13825985624999998 0.43718523125 0.091740084375 0.421896009375 0.017914442187499997 0.41885196718750006 0 0 0
4 0.4890625 0 0.4890625 0.432789253125 0.49430995 0.4302094765625 0.5166418640625 0.43037183125 0.532635515625 0.423284865625 0.5512421921875 0.41869334843750006 0.5769385859375 0.41682363125000005 0.591145878125 0.413459890625 0.5952597265625 0.416192359375 0.6079083890625 0.43949834374999996 0.6188521812500001 0.44939756875 0.6215661890625 0.46312391406250003 0.6197004359375 0.47468506250000003 0.6237901828125001 0.4828125 0.6359025328125 0.4828125 0.649821984375 0.4720722828125 0.6585692187500001 0.4686473125 0.667241240625 0.4544761515625 0.6750308765625 0.45170101406249996 0.68607983125 0.4542470265625 0.7098568453125 0.47226109374999997 0.7286181328125 0.47057783906250006 0.7376251375 0.4627079125 0.7528715140625 0.44156435 0.7511192875 0.40860405625 0.7604459640625001 0.3600903671875 0.7822109796875 0.349589096875 0.80327816875 0.33529270625 0.8116131124999999 0.3241123703125 0.82434744375 0.311704259375 0.8439138125 0.29717085 0.8484375 0.2863589265625 0.8484375 0.2679459921875 0.8429130406249999 0.25968303593750003 0.8183030859375 0.26332646875 0.8108247562500001 0.26262607031249996 0.8014848578125001 0.25490270625 0.7979163234375 0.24376504062499998 0.771010971875 0 0.4890625 0
10 0.30652735781249996 0.648062353125 0.3153829328125 0.6546651234375 0.3296554640625 0.69505189375 0.30278616875000003 0.7120086578125 0.2944305625 0.8232335984375 0.3120348171875 0.838266178125 0.3131218296875 0.8512797687500001 0.338833425 0.8857043843750001 0.37486315625 0.8953125 0.37817339687499996 0.8953125 0.394211584375 0.88695323125 0.413114921875 0.7218145015624999 0.4546875 0.6250129046875 0.4546875 0.6216774984375 0.42881152812499995 0.6114868875 0.41197610781250005 0.57998735625 0.33528405 0.57061289375 0.30652735781249996 0.648062353125
10 0.4890625 0.6027199375000001 0.4812178359375 0.5987695484375 0.42680169531249995 0.5810773640625 0.417992496875 0.5800005718750001 0.4255371046875 0.6342857765625001 0.433858221875 0.6500237359375001 0.4112300828125 0.72086190625 0.4060812078125 0.777275728125 0.3963705046875 0.7852892546875 0.3914535140625 0.86933296875 0.40182366406250003 0.881641184375 0.4890625 0.905136384375 0.4890625 0.6027199375000001
10 0.3990782453125 1 0.40556266875 0.9801779890625 0.42466340156250004 0.9696320484375001 0.4209748015625 0.9378994171875 0.4575729 0.9442130953125 0.46523457187500006 0.9396293124999999 0.4671875 0.929182278125 0.4671875 0.9247361749999999 0.44481494374999997 0.90953176875 0.439736759375 0.9015506249999999 0.44404860468749996 0.8910370640625 0.427958925 0.881709928125 0.40077257031249996 0.8765625 0.4004830390625 0.8765625 0.3791735265625 0.89414766875 0.35499460781250003 0.8967124656250001 0.32976488125 0.9488316000000001 0.3222212984375 1 0.3990782453125 1
10 0.1310774890625 0.8085280718749999 0.1953819125 0.751984725 0.18378165625 0.6659220234375 0.1841730203125 0.5960459421875 0.1714150625 0.561364615625 0.041985578125 0.5621047140625001 0.021263378125 0.5687722484375 0.02359859375 0.68682429375 0.040490815624999996 0.7772140656250001 0.0370521984375 0.8043952921875 0.058968299999999994 0.8089143125 0.1310774890625 0.8085280718749999
10 0.231320565625 0.7379766578125 0.3298533796875 0.696657840625 0.33060161875 0.6838685812499999 0.297976590625 0.6412384890625 0.28012234999999996 0.5672920546875 0.27391275937500004 0.5628528171875 0.21633180468750002 0.5558144015625001 0.165802425 0.56251865625 0.1846186859375 0.6200217593749999 0.1859556828125 0.6919492078125 0.1950431375 0.7261818718749999 0.1933328796875 0.7554144671875 0.20056698593750003 0.7581388328124999 0.231320565625 0.7379766578125
10 0.10930447812499999 0.8647499453125 0.1918907078125 0.874844884375 0.21596273125 0.8741071250000001 0.25254273125000004 0.8491368359375 0.2685962125 0.7958960421875 0.2990110140625 0.749931015625 0.30298408593750004 0.713614603125 0.248586046875 0.7272063859375001 0.1876133484375 0.7583955453125 0.1310774890625 0.8085280718749999 0.0904882171875 0.8072468453124999 0.103780628125 0.8327929843749999 0.10930447812499999 0.8647499453125
10 0.322115725 1 0.3229959609375 0.9718350890625 0.3143541703125 0.96157824375 0.1952767328125 0.9433425906250001 0.08200761875 0.88901485625 0.0717624578125 0.9061635703124999 0.0735089171875 0.9394989062499999 0.11163969375 0.9828019906249998 0.1053703703125 1 0.322115725 1
10 0.2527565140625 0.8454827625 0.21056387499999998 0.8716070921875 0.0963508390625 0.8650066593750001 0.09312600625 0.8885338125000001 0.12628548906249998 0.922028715625 0.2098518390625 0.9469642859375 0.2507617828125 0.9427644015624999 0.303877128125 0.9510970640625 0.33431003125 0.9364160046875 0.3422742765625 0.8950671437499998 0.33762365625 0.8797778484375 0.3015419125 0.8330450218750001 0.2767035484375 0.815288075 0.2597587375 0.8205772359375001 0.2527565140625 0.8454827625
10 0 0.96990375 0.009293284374999999 0.9629312515624999 0.026024314062499998 0.9612961640624998 0.037890939062500004 0.9480258593750002 0.0565641078125 0.9447880671875 0.0895442984375 0.8549741453124999 0.0368565171875 0.8393333328124999 0.030156865625 0.8274737796875 0.0010066562500000002 0.82023039375 0 0.8202612453124999 0 0.96990375
0 1 1 1 0.8993088406249999 0.9983491703125 0.8991166343749999 0.9901756390625 0.9026975421875001 0.9823634171875 0.9037644546875001 0.9759320296875 0.9023766312500001 0.9670260625000001 0.9021124703125001 0.9555738015624999 0.8973908093750002 0.942354740625 0.8885104593750001 0.9409887515625 0.8912195578125001 0.9399196671875 0.8990159109375 0.9377741953125 0.9014262046875 0.9367521609375 0.90567629375 0.9403056421875 0.9056293406249999 0.941731009375 0.9039376921875 0.9440100859375 0.9038166640625 0.9469325296874999 0.9060145296875 0.9533936125 0.9079110781249999 0.9542473234374999 0.9094817 0.9523567312499999 0.91190680625 0.9422654296874999 0.9130947484374999 0.9379002609375 0.9166435187499999 0.9362793953124999 0.9193378031249999 0.9363387750000001 0.9203552546874999 0.9392612203125001 0.9225531203124999 0.9405479546875 0.9271909078124999 0.9397362640625001 0.9306927265624999 0.9357324015625 0.9317275 0.9365858750000001 0.9594085859374999 0.933759803125 0.971919309375 0.9303374171875 0.978564878125 0.9269769218749999 0.981918546875 0.9300898390625001 0.9917324781249999 0.9310004171875 0.9986298984375 0.9321555859374999 1 1 1
7 1 0.638980803125 0.9821364593750002 0.6886392 0.977407465625 0.69901131875 0.9742374437500001 0.7099810515625 0.9735840234375001 0.7248995609375 0.9634728499999999 0.7344518390625 0.9597955812500001 0.7410825921875 0.9542845875000001 0.7554652531249999 0.9415005843750001 0.7975636484375 0.9317283359375 0.8172756203125001 0.9264276859375 0.8309100078125 0.9242474953125001 0.8414302765624999 0.924764559375 0.8546423203125 0.9272019078125 0.8659379828125001 0.9315743812499999 0.8755716234375001 0.9411632234375 0.8875364687499999 0.955745759375 0.8980170718749999 0.968247228125 0.9033067171875 0.9827754109375 0.9041511671875 0.9940223515625 0.9010024 1 0.8976238171875 1 0.638980803125
0 0.7971678921875001 0.6921211546875 0.7926837234375 0.719745490625 0.791347428125 0.7229633156249999 0.7891277265625 0.7241017953125001 0.7870267906249999 0.7272751749999999 0.7848194234375001 0.7329773671875 0.78605659375 0.74547076875 0.7906567734375 0.7503011484375 0.790201365625 0.759907671875 0.7928342125000001 0.7702007 0.7938610359375 0.7834423734375 0.80141335 0.7909793437499999 0.8080228796875 0.7954195187499999 0.8197893984375 0.8011734453124999 0.8285685031250001 0.803125 0.8410046843749999 0.803125 0.8475268265625001 0.8020251875 0.855504859375 0.7994469109375 0.8616393468750001 0.7957474859375 0.8657199468750001 0.7916751718749999 0.8746186125 0.7787569171875 0.8889910390625 0.7638753296875 0.89356906875 0.755268934375 0.8965435890624999 0.7453018375 0.896875 0.740086515625 0.896875 0.7352389796875001 0.8955217921875 0.7234414609375 0.8918397328125 0.7125804515625 0.8861334781250001 0.70185528125 0.8806498968750001 0.694945553125 0.8677773015625 0.6832968421875 0.8505395328125 0.6751969015625 0.8443630234375 0.6738238921875 0.8377154000000001 0.6734375 0.8277626687499999 0.6734375 0.82505149375 0.673715409375 0.8160539390625001 0.676234421875 0.8040101546875 0.6831393703125 0.7971678921875001 0.6921211546875
7 0.6717846875 0.4890625 0.6705354703124999 0.5129530375 0.6639579062500001 0.5308227015625 0.660886771875 0.5521916734375 0.6547990953125 0.5784553078125 0.6535269687499999 0.600182346875 0.655543625 0.61297455625 0.662459875 0.6313750484375 0.6640482999999999 0.658591853125 0.6729241046875 0.7105682203125 0.6732826624999999 0.7384740390625 0.6745643671874999 0.751730528125 0.690186059375 0.7800165171875 0.7063819171875 0.8007308875 0.7122861890625 0.8061440687499999 0.7232374937499999 0.8125 0.7303024140625001 0.8125 0.7358984796875 0.8103050328125001 0.7550665875 0.7992511890625 0.7615895609375001 0.797855840625 0.7705400640625 0.7988830874999999 0.7804829140624999 0.7951515203125 0.7894978265624999 0.7885775171875 0.794360425 0.7804946625 0.7983645234375001 0.7533494234375 0.7965805984375001 0.7271352531249999 0.7993699125 0.6748229234374999 0.797591015625 0.639990053125 0.7990065671875 0.629425340625 0.7997070374999999 0.6109605703125001 0.7975914921875 0.587769121875 0.79168243125 0.5648641765625 0.7863077953125 0.5511162875 0.7803021234375 0.539613215625 0.773291775 0.5283052453125 0.7614709015625 0.5129151703125 0.7576502312500001 0.4890625 0.6717846875 0.4890625
7 0.85734531875 1 0.8624691453125 0.9574160171875 0.8644664046875 0.9263516328125 0.8641078468749999 0.8984458140625 0.8610842375000001 0.86404759375 0.8571324546875001 0.8529174046874999 0.8408004734375 0.8342231234374999 0.8365294015625 0.8306793671874999 0.8182275765625 0.8217570796875 0.8133576734375 0.8166575203124999 0.8083813390625 0.814086771875 0.8039321265625 0.8074906671875001 0.79392259375 0.79702236875 0.7858134703124999 0.793002028125 0.7777018328125 0.7932910375000001 0.7690927671875001 0.79811413125 0.7604416781250001 0.7978647875 0.757054009375 0.7964003796875 0.75275073125 0.79665725 0.7353074078125 0.806797346875 0.7273293781250001 0.809375621875 0.7227563765625 0.8093633140625001 0.7137786953124999 0.8035179921875001 0.7101955249999999 0.8030562203125001 0.7082158625 0.80395515 0.7002798515624999 0.8116058640624999 0.6896984265625 0.8305102999999999 0.680232896875 0.8641825890625 0.678720496875 0.9122596421875 0.6794869390625 0.9863261328124999 0.67857035 1 0.85734531875 1
4 0.9322948296875001 1 0.9301526890625 0.9979626312499998 0.928118671875 0.9892254109374999 0.9246592921874999 0.982179840625 0.918289796875 0.9775001171875001 0.912071265625 0.9710546687499999 0.9103638406249999 0.967913428125 0.9068722546875 0.96466848125 0.9056894374999999 0.9618112328125001 0.9005176046875001 0.9602431187499999 0.897266053125 0.9567586265625 0.897315615625 0.9489030140625001 0.9061473578125 0.9478953593749999 0.9080527968750001 0.9457246140625 0.9139001999999999 0.9458109968749999 0.91469453125 0.9463641656250001 0.9147365531249999 0.9514366046875 0.9179584125 0.9544123734374999 0.9197574203125001 0.9547704390625 0.9204626828125001 0.9537974343750001 0.92380581875 0.9544987546874999 0.9255306000000001 0.9535850078125 0.9327812218750001 0.9385429640625 0.9337265171875 0.9373304109374999 0.9353003359375001 0.9381823875 0.9352286234375 0.932601225 0.9392473296875 0.9318208109375 0.9409424218750001 0.9303983406250002 0.9409746250000002 0.9265977156249999 0.9391929781249999 0.9221846609375 0.9373048984375 0.9203004171875001 0.9371564453125 0.9177567906250002 0.9434419015625 0.9122916374999999 0.9453125 0.9088134390625001 0.9453125 0.9032958499999999 0.9425635265625001 0.9015935921875 0.9409006375000001 0.8992154359375 0.937225884375 0.9015368390624999 0.9280353421874998 0.9007491390624999 0.925352934375 0.8983117249999999 0.9134653765625 0.8687217828125 0.910983496875 0.8566630328125001 0.910159475 0.8556011375000001 0.908135275 0.8557369828125001 0.90684854375 0.85109919375 0.9044655515625 0.849439684375 0.9011546187499999 0.8449377375000001 0.89961049375 0.8445944859375001 0.8976456718750001 0.84574778125 0.8933127062499999 0.8454959265624999 0.8755576359375 0.8502944078125001 0.8724668671875 0.8539172531249999 0.8729295796875001 0.8574931453125 0.8715734125000001 0.8690753078125001 0.87246663125 0.8800277187500001 0.8751316812500001 0.88652011875 0.8760991265625 0.8987443421875 0.8784227390625 0.8993864015625 0.881389721875 0.9023473562500002 0.8809021093750001 0.9157545031249998 0.881661721875 0.9244176484375 0.8847399203125 0.9423415546874999 0.8847200468749999 0.9507058921875 0.8868011125 0.9558968515625 0.8868604937499999 0.9569143015625 0.8844156046875 0.9585466921875 0.88424476875 0.968676753125 0.8808966046875 0.9765941343750001 0.8810845609375001 0.98851955 0.882641021875 0.993426515625 0.8825362953125 1 0.8952951046875001 1 0.8964168953125 0.9987902343750001 0.9006459453125 0.9972615499999999 0.9050679828125 0.9990395796874999 0.9061717999999999 1 0.9322948296875001 1