10 0.680278671875 0.051650096874999996 0.6437992484375 0.050651782812500004 0.6155030187499999 0.0715638296875 0.6147536890625 0.08889245625 0.6314497640625 0.11849049062499999 0.6467670484375 0.1700760578125 0.6901406265625 0.1436128609375 0.694936578125 0.131681040625 0.7042586265625 0.07446715000000001 0.6967948453125 0.059014631250000005 0.680278671875 0.051650096874999996
10 0.8339902328125 0.2218254953125 0.7975106109375 0.13835102500000002 0.7723916046875 0.11218206718749998 0.748801375 0.11004554531249999 0.7303968171874999 0.1166577328125 0.7012613062499999 0.14378165625 0.69655530625 0.166830225 0.7289282734375 0.210004671875 0.7653777796875 0.23478945312500002 0.7961320171875 0.24281471406250002 0.8166948125 0.2555760546875 0.833870365625 0.23449521406249998 0.8339902328125 0.2218254953125
10 0.71747790625 0.22405856562499998 0.7001224500000001 0.22290590625 0.6897211859375 0.22919495625000003 0.6801292828125 0.253058596875 0.6900809906250001 0.273661953125 0.72173454375 0.31037855625 0.73909 0.31153121562499997 0.8067732218749999 0.29366238437500003 0.809830575 0.2592510984375 0.8010179203125001 0.24199964375 0.71747790625 0.22405856562499998
10 0.7446653953125 0.34096045625000004 0.6926887859375 0.266143075 0.666011084375 0.23972815 0.6455382421875 0.2380835609375 0.6080996671875 0.255966840625 0.5951805593749999 0.28089152031250003 0.5964995140625 0.306476921875 0.6192205453125 0.338611790625 0.6604660015625 0.35146475312500003 0.6964958671875 0.379355475 0.7332750625 0.38991756875 0.747033453125 0.35878101406249996 0.7446653953125 0.34096045625000004
10 0.6133154578125 0.3234052375 0.6017751390624999 0.3263423828125 0.5808527390625 0.3515901984375 0.6202098109375 0.3784198828125 0.6583378812499999 0.3907809125 0.6726658984375 0.40255838906249997 0.7005424890625 0.3847522796875 0.7013817703124999 0.37854040312500004 0.6691887046875 0.35759945625 0.641551853125 0.35006612812500004 0.6133154578125 0.3234052375
10 0.54329429375 0.3821431984375 0.571380903125 0.445260275 0.5825915328125 0.4565458203125 0.5979686531249999 0.46055845 0.640083309375 0.44341306718749995 0.6521631375 0.42470026718750004 0.5853189999999999 0.353881065625 0.560469846875 0.36106235781249996 0.54329429375 0.3821431984375
10 0.8985556703124999 0.03851241875 0.8827888265624999 0.013819259375 0.8631552656249999 0.0059627921875000005 0.8594983687500001 0.021246515625 0.893250325 0.124909584375 0.9159113234374999 0.12214123437499999 0.9151320734375 0.163256328125 0.9244842390624999 0.164732125 0.9426189421875 0.12476968906250001 0.9687270171875 0.10827058281249999 0.9708252203125 0.092740890625 0.936773690625 0.061990199999999995 0.8985556703124999 0.03851241875
1 0.5390625 0.2623243078125 0.558101590625 0.26076564375 0.6517730171875 0.239067425 0.678060996875 0.24480181875 0.6946070875 0.22837988281250002 0.7249716046875 0.2157246140625 0.7262305265625 0.20640679999999997 0.7006019265625 0.1722270296875 0.6961655828125 0.14614969375 0.6717360703125 0.1502250484375 0.6194000515625 0.195892978125 0.5720097703125 0.1931729015625 0.5390625 0.198180759375 0.5390625 0.2623243078125
10 0.753867971875 0.46136859531249996 0.7142711593750001 0.45987835 0.69381335 0.47726908281249997 0.7835551578125 0.49143058437500003 0.7748504046875 0.4710239984375 0.753867971875 0.46136859531249996
10 0.9605146984375 0.44005131249999996 0.923975240625 0.40414977968750004 0.8889645609375 0.3922806828125 0.8593493750000001 0.3876073265625 0.8318024734374999 0.391190746875 0.834380353125 0.40745833593749997 0.8277259359375 0.409580409375 0.8258375515624999 0.42355713125000005 0.833481234375 0.46124314999999994 0.909527553125 0.48751817812500003 0.9399820203125 0.485979659375 0.9561084703125001 0.47266366406250004 0.9605146984375 0.44005131249999996
10 0.9450472328124999 0.259969621875 0.9369539890624999 0.249176009375 0.9231355625 0.2454093453125 0.874366490625 0.2646768015625 0.8483483671875 0.29229265781249997 0.8470595281250001 0.325396940625 0.880181825 0.351242759375 0.917170840625 0.3602518859375 0.9342265218750001 0.3518407640625 0.9514020750000001 0.33075992187500003 0.9539199187499999 0.31212429375 0.9431588484375 0.27394634375 0.9450472328124999 0.259969621875
10 1 0.1371074921875 0.98095683125 0.13557774843749998 0.922715725 0.166039128125 0.9201679625000001 0.20846122656250002 0.971484996875 0.22924782656249998 0.9847938296875001 0.22500367968749999 1 0.20125507968749998 1 0.1371074921875
10 0.7869300375 0.369835040625 0.765438009375 0.3521688265625 0.741428140625 0.3531382421875 0.7192468156249999 0.3877038734375 0.717178728125 0.46192325156249997 0.759263465625 0.46856433593749997 0.7845023421875 0.482063575 0.8066537484375 0.4712844140625 0.8128284906250001 0.437365059375 0.7917860234375 0.3928064390625 0.7844121921875 0.3884706703125 0.7869300375 0.369835040625
10 0.8434923812499999 0.269321259375 0.8316522921875 0.2626946234375 0.813667375 0.266200871875 0.8038656515625 0.29161748125 0.770773471875 0.32446135 0.7677161171875 0.35887263593749996 0.781204853125 0.3768619890625 0.8078225218749999 0.36837369375 0.8128582109375 0.3311024359375 0.8469695749999999 0.314280190625 0.8496072890624999 0.2829748421875 0.8434923812499999 0.269321259375
10 0.8569210843749999 0.25240739375 0.8184633265624999 0.254269053125 0.8105499875 0.265708940625 0.835279271875 0.2711973671875 0.8525148578125 0.28501974375 0.8688511265625 0.2701507796875 0.9003546968749999 0.2608474140625 0.9195985359375 0.24802335156250002 0.9076684937499999 0.230279965625 0.8569210843749999 0.25240739375
6 0.5390625 0 0.5390625 0.0031642890625000002 0.5808519453125001 0.0216855765625 0.59817748125 0.046624703125 0.6218576640625 0.059877976562500004 0.6440090703125 0.0490988140625 0.6662803453125 0.025649932812499998 0.6670235484375 0 0.5390625 0
6 0.5390625 0.197034925 0.621887978125 0.20104381875000002 0.629501546875 0.18004015 0.6242259203125 0.16017468906250001 0.5714399453125 0.0677827171875 0.55825098125 0.059357145312500005 0.5390625 0.057938234374999995 0.5390625 0.197034925
6 1 0.2800362640625 0.9996914734375 0.2796951859375 0.9787090390625 0.270039784375 0.9673785390624999 0.2714239578125 0.9661196171875 0.2807417734375 0.9680381171875 0.3254547390625 0.9759215375 0.33780131875 0.9801480609375 0.3654316234375 0.9754420609375 0.3884801953125 0.98083755625 0.395675934375 0.9765511968750001 0.4156185671875 0.96000510625 0.4320405015625 0.9545497765625001 0.47241769843750003 0.940191840625 0.484426690625 0.9186698968750001 0.49054694374999996 0.88926453125 0.48432061875 0.88240029375 0.48799566250000004 0.8684919171875001 0.4731122484375 0.848408796875 0.49214818749999995 0.827726134375 0.492056565625 0.8242148046875 0.4978467859375 0.8769598984375 0.5061701046875 0.8809315515625 0.49886644531249996 0.8857275515625 0.5075536640625 0.9656106203124999 0.5201594296875001 1 0.49474429999999997 1 0.2800362640625