10 0.509375 0 0.2823290265625 0 0.27973775 0.0257171546875 0.280577459375 0.073453009375 0.2785269875 0.14847076406249998 0.274493446875 0.21174446875 0.2764952265625 0.22900757968750002 0.285570865625 0.23999196718750002 0.3548189265625 0.297421196875 0.3800440609375 0.3131112484375 0.409098275 0.3251910734375 0.46470772499999996 0.3400602578125 0.509375 0.3447521 0.509375 0
9 0.010006528125 0 0.010503779687500001 0.0121243109375 0.015775132812500002 0.02070288125 0.0162476265625 0.0267711609375 0.02687735 0.042934332812499997 0.029854996875 0.054782853124999996 0.029935925000000002 0.0653239921875 0.0371468421875 0.08614359687499999 0.0403794453125 0.106545315625 0.0504622859375 0.1346883453125 0.055335987499999996 0.15927488125 0.0674018984375 0.199161959375 0.06957770625000001 0.2144371296875 0.07364303125 0.21386104375 0.08120809375 0.2191696671875 0.082047353125 0.2267811359375 0.0889598078125 0.239544521875 0.0962016078125 0.24281296874999997 0.109839859375 0.25327350625 0.1333803875 0.2652757265625 0.12669809375000002 0.26708159375 0.09703477968749999 0.2619595453125 0.05383285 0.262437165625 0.054802632812499995 0.2685576796875 0.073252371875 0.29858267656250004 0.10162087187499999 0.3015625 0.11029415468749999 0.3015625 0.13628973125 0.283637275 0.1402058265625 0.2790330796875 0.14431465937500002 0.277960009375 0.147733465625 0.273303575 0.15076070625 0.27312000468750003 0.1504809546875 0.270582846875 0.1453153234375 0.26652937187500003 0.17513395625 0.26414441875 0.182033784375 0.25985363281249996 0.2030317359375 0.25503749375 0.2046875 0.2496775984375 0.2046875 0.2468856046875 0.12331837500000001 0 0.010006528125 0
4 0.12689243125 0 0.1294400875 0.011251223437500001 0.13963473906249999 0.0323842375 0.14489392031249998 0.064033025 0.15945236093749998 0.09264616718749999 0.184217625 0.1193221109375 0.21622935468749999 0.1390625 0.21808038125 0.1390625 0.2279790625 0.123918803125 0.233300009375 0.12046528125 0.2355127859375 0.10665419375 0.2416542859375 0.105293078125 0.2311489984375 0.0991740609375 0.23751411562500002 0.08379291562499999 0.2536884078125 0.082482534375 0.26717743125000004 0.0889149625 0.26113512031249997 0.0662118953125 0.26875 0.043559981250000004 0.26875 0.029535364062500003 0.2682955421875 0.018814815625000002 0.25363791406249997 0.01426585625 0.241093875 0.0199699921875 0.24646441718749998 0.004484378125 0.24074965937499998 0 0.200592034375 0 0.19771791875 0.0224355484375 0.18425414375 0.0501114625 0.17793861875 0.0534605140625 0.17075295 0.0667492515625 0.16626105 0 0.12689243125 0
10 1 0.6538081375 0.9582701796875 0.6241336000000001 0.94192140625 0.6241336000000001 0.8738015156250001 0.6500191578125 0.8370167734375 0.641844771875 0.7947824421874999 0.5546513109375 0.787970453125 0.5532889125 0.6953274015625001 0.6759047171875 0.689877809375 0.7154142531250001 0.6953274015625001 0.727675834375 0.70758898125 0.7385750171875 0.7389241312499999 0.7494741984375001 0.7566353031249999 0.7808093484375 0.8356543765625 0.84211725 0.8451911609374999 0.8353052609375 0.8860630953124999 0.8312180687499999 0.9528205890624999 0.836667659375 0.9691693625 0.8216812828125001 1 0.779203515625 1 0.6538081375
10 1 0.845842984375 0.95340599375 0.8466195500000001 0.927520434375 0.8384451640624999 0.9207084453124998 0.8302707765624999 0.9016348765625001 0.8302707765624999 0.849863759375 0.8343579703125 0.8130790187500001 0.8561563359375001 0.7504087187499999 0.862968325 0.7313351499999999 0.872505109375 0.7217983640625001 0.8915786781249999 0.7217983640625001 0.9215514312499999 0.714986375 0.9419873984375 0.724523159375 0.9719601499999999 0.724523159375 0.9953125 1 0.9953125 1 0.845842984375
10 0.6199271984375 0.8150481093749999 0.62265199375 0.8368464750000001 0.6362759718750001 0.862732034375 0.6580743359375 0.881805603125 0.677426059375 0.8890625 0.6893534359375 0.8890625 0.722107034375 0.8858927968749999 0.7616165718750001 0.8559200453125001 0.7703125 0.8372859109374999 0.7703125 0.8169852484375 0.7697909578125 0.805511325 0.7452677968750001 0.75510260625 0.726194228125 0.742841025 0.6994891 0.7375 0.698620575 0.7375 0.6703359156250001 0.74692821875 0.6335511765625 0.7769009703124999 0.6240143921875 0.7932497453125 0.6199271984375 0.8150481093749999
10 0.509375 0.7767763484375 0.5936128125 0.7984375 0.600429353125 0.7984375 0.6601775375 0.7466557390624999 0.6833383 0.6962470203125 0.7078614609375 0.6635494718749999 0.709375 0.6544682359375 0.709375 0.6456305515625 0.673801515625 0.599516775 0.5947824421875 0.51777290625 0.575708871875 0.505511325 0.556635303125 0.5041489265625 0.5539105078125 0.48780015312499997 0.509375 0.48052905 0.509375 0.7767763484375
10 0.509375 0.48073716875 0.690200003125 0.5046875 0.7002121546875 0.5046875 0.736661275 0.501160165625 0.765271628125 0.4480266515625 0.7625468328125 0.43576507187499997 0.7502852515624999 0.42622828593750006 0.509375 0.42622828593750006 0.509375 0.48073716875
10 0.6415063 0.49766689218749993 0.6415063 0.55625 0.6537678812500001 0.5766859671875 0.6742038484374999 0.5930347421875 0.689564878125 0.596875 0.69351585 0.596875 0.7232501703125 0.5943971375 0.7464109328124999 0.5821355578125 0.7600349109375 0.5671491828125 0.7625 0.535103021875 0.7625 0.53122740625 0.745048534375 0.49766689218749993 0.7246125671874999 0.5044788828125 0.694639815625 0.5044788828125 0.6415063 0.49766689218749993
10 1 0.42656037187500007 0.7680049390624999 0.42656037187500007 0.762555346875 0.4592579203125 0.74893136875 0.4878682718749999 0.7707297343749999 0.5096666375 0.7925281 0.5096666375 0.789803303125 0.5423641859374999 0.793890496875 0.554625765625 0.829312840625 0.629557646875 0.848386409375 0.64726881875 0.8618262453125001 0.6484375 0.8830066890625 0.6484375 0.9314926765625 0.6254704515625 0.973727009375 0.6200208609375 0.9982501703125 0.6023096906250001 0.9996125671874999 0.5873233140625 1 0.587340925 1 0.42656037187500007
10 0.509375 0.9960447890624999 0.5853627390625 0.9960447890624999 0.592174728125 0.9238377046874999 0.60579870625 0.8965897484374998 0.6085235015625 0.873428984375 0.6098858984375 0.8271074593750001 0.6017115125 0.8066714921875 0.5771883515625 0.791685115625 0.509375 0.7766154828125 0.509375 0.9960447890624999