9 0.36295751875 0.5105812249999999 0.3209198390625 0.514070140625 0.28806251875 0.519166265625 0.23872832812500003 0.5217876171875 0.20284104687500001 0.5237000921875 0.19838506250000001 0.526282396875 0.19125261093749998 0.5548697078125 0.1682105078125 0.640470984375 0.1815277171875 0.6365253484375 0.199743296875 0.633538240625 0.22846489375 0.629348475 0.24982258124999998 0.6255024234375 0.266940521875 0.6213793859375001 0.2812799625 0.61643630625 0.3023247359375 0.6104679671875 0.320119265625 0.6067882250000001 0.3340049640625 0.6047155015625 0.3428121546875 0.6040669953125 0.354391359375 0.6023203500000001 0.3607628796875 0.576750928125 0.362362321875 0.54939708125 0.36180060625 0.5320210796875 0.36369876875 0.5131192578125 0.36295751875 0.5105812249999999
9 0.5089047437499999 0.421351996875 0.49403653593749997 0.42835417500000006 0.46969368906250003 0.43756488125 0.4512912203125 0.444732015625 0.43160377499999997 0.4489312015625 0.41156465625000005 0.4511281734375 0.394554909375 0.4531837484375 0.4038904609375 0.466121390625 0.40634897031249995 0.4768567390625 0.41302605156250005 0.4916847625 0.428274271875 0.512925584375 0.4361334515625 0.5254274875 0.443059446875 0.536963621875 0.44875794375 0.5447721390625 0.45360335 0.553882125 0.517129521875 0.538805271875 0.5514483265625 0.52408239375 0.576934965625 0.5130519828125 0.581688109375 0.5104226921875 0.5759840921875 0.49568574062500004 0.5682886875000001 0.490998365625 0.550148659375 0.471406484375 0.52745394375 0.4421864140625 0.5089047437499999 0.421351996875
9 0.6272620140625 0.39174687656249996 0.6759789625 0.42490844218749996 0.69845159375 0.4313895796875 0.784038825 0.3267429 0.76275901875 0.31676633125000003 0.714772709375 0.29730190312500004 0.6538553421875 0.2678103921875 0.60487570625 0.24396289062499998 0.5977242281249999 0.2509408265625 0.58488519375 0.2630566109375 0.5665664359375 0.28340115 0.509764115625 0.339648521875 0.52405833125 0.349169021875 0.545235065625 0.3552676921875 0.569452878125 0.3678685484375 0.6272620140625 0.39174687656249996
9 0.7131536625 0.7073993625 0.733303471875 0.70066453125 0.7484106328125 0.7045948515625 0.7476591375 0.6991876859375 0.73679280625 0.67540255625 0.6499299625 0.5809436 0.578947059375 0.5927551015625 0.533793778125 0.5991118171875 0.5302862359375 0.5996618312499999 0.5645420703124999 0.6610279921875 0.5946477390625 0.70597745 0.600450234375 0.7107283828125001 0.61566923125 0.7080865875 0.6100881453125 0.71568655 0.6191104984375 0.728785534375 0.7131536625 0.7073993625
9 0.50694224375 0.5970769578125 0.496249125 0.57948595 0.47878596875 0.5548887640625 0.4031205328125 0.5916064265625 0.40500381250000006 0.5936513546875 0.44127617968750005 0.630722846875 0.4529291796875 0.6469768859375 0.4378916890625 0.6584466875 0.3867401765625 0.6875386796875 0.41489648749999997 0.72972685625 0.48554353125 0.7040320875 0.519797025 0.6826203265624999 0.5577859953125001 0.65155846875 0.5456367171875 0.6361889828125 0.5330298671875 0.6268709265625 0.518960790625 0.614175390625 0.50694224375 0.5970769578125
9 0.245423428125 0.6256506625 0.258217846875 0.6552036578125 0.2812296921875 0.6916019437500001 0.3094453390625 0.7273266109375001 0.3285245484375 0.7135145796875 0.3675242390625 0.697480621875 0.4520673484375 0.6470171140625001 0.37068992343749996 0.5590727421875 0.362839834375 0.5633545734375 0.3545265984375 0.6024681453125 0.319393184375 0.6071230140625 0.245423428125 0.6256506625
9 0.157332234375 0.850788778125 0.21824687968749998 0.7965083328125 0.255737865625 0.7594583578125 0.3002086046875 0.7165354328125 0.2706669828125 0.6750499203125 0.2390519296875 0.6543369375 0.21798367812500002 0.660363171875 0.1880081703125 0.684455234375 0.19318235781249998 0.695812278125 0.19323482187500002 0.7084170000000001 0.1864604765625 0.7248704125 0.1826679625 0.7351331625 0.2054482421875 0.733061271875 0.1751807625 0.7743126765625 0.16796844375 0.8165051328124999 0.157332234375 0.850788778125
9 0 0.8086230140625 0.061161046875 0.8639657390625001 0.0812759953125 0.8635207546875 0.12497958125 0.8332905500000001 0.1531232109375 0.799809075 0.004077978125 0.7205401250000001 0 0.7233310203125 0 0.8086230140625
9 0 0.6651661625 0.01670015 0.686929046875 0.035869690625 0.72500033125 0.16425633906249998 0.6434174687499999 0.1766444453125 0.5988987625 0.13200566875 0.5435864359375 0.07336592812500001 0.5831831953125 0.023914531250000003 0.6123462921875 0 0.6294422125 0 0.6651661625
9 0.1663531421875 0.5586709171875001 0.1722385765625 0.5745937953125 0.18288593125 0.5796277203125 0.1982398390625 0.522417065625 0.293130121875 0.51759294375 0.2932073515625 0.5156032234375 0.22650048906250003 0.45077670937500003 0.21034179375 0.46654332187499997 0.112421434375 0.5374844015625 0.12155326250000001 0.5469347515625 0.12924288125 0.5442054625 0.1365728234375 0.5462337078124999 0.1553239296875 0.5378523046875 0.1663531421875 0.5586709171875001
9 0 0.5913985687500001 0.005392378125 0.5927930484374999 0.018209625 0.5984692093749999 0.028342709375000004 0.597882321875 0.03926350625 0.59205305 0.05219842031250001 0.5851462062499999 0.053601603124999994 0.584514459375 0.05504325156249999 0.5833738312500001 0.0595782453125 0.5795626953124999 0.06114110625 0.578498453125 0.0707380359375 0.5724745015625 0.07849895 0.566699828125 0.0871597515625 0.558978671875 0.077594534375 0.5521247171875 0.0776211265625 0.532951934375 0.0780589 0.51743 0.0859990234375 0.50487961875 0.09634044375 0.4800374140625 0.0126129078125 0.49243434218750004 0 0.4941121234375 0 0.5913985687500001
9 0 0.49242487968750004 0.08890803281250001 0.477801734375 0.0862021890625 0.475230746875 0 0.43947302343750005 0 0.49242487968750004
9 0.0860301875 0.4282669109375 0.058212390625 0.46246715624999996 0.0896130703125 0.47681971250000005 0.10705422812500001 0.48391473749999997 0.1570528203125 0.49423559062500005 0.16442422968749998 0.4885133640625 0.174384640625 0.490262984375 0.183991246875 0.4800073078125 0.18627925781250002 0.3982351171875 0.1279338109375 0.38296920624999997 0.0860301875 0.4282669109375
9 0.2804157515625 0.395741728125 0.3091538125 0.3788457765625 0.31243601249999997 0.369619025 0.331968734375 0.35056026406249996 0.3329322703125 0.3420898984375 0.350117234375 0.3199001609375 0.34393406875 0.2453032078125 0.3388111171875 0.2429788125 0.283318459375 0.28899227656250004 0.28730996875 0.31311006875 0.287400025 0.3503721515625 0.28879787968750004 0.374611003125 0.2835995875 0.38781580781249997 0.2804157515625 0.395741728125
9 0.522219428125 0.29701738125 0.5189226031249999 0.2870565015625 0.482083159375 0.27758966093750004 0.42676364843750003 0.2640872046875 0.3809195921875 0.257097953125 0.373595446875 0.290912959375 0.367786140625 0.333351603125 0.3625315578125 0.36272288124999996 0.42200238125 0.3786398484375 0.5131566453125 0.393947434375 0.5100340203125 0.38365998281249997 0.5088759125 0.3645865453125 0.5097005875 0.3536801421875 0.510426303125 0.3440824859375 0.5108881203125 0.3379749125 0.51799961875 0.3241667625 0.5210318953125 0.3127226109375 0.522219428125 0.29701738125
9 0.16774587968750002 0.378013196875 0.16701436875 0.3876874828125 0.1550935453125 0.38985058125 0.1697852203125 0.39344935 0.1767979421875 0.392586465625 0.1756033953125 0.3942489125 0.1782036859375 0.3951986703125 0.18732102343749998 0.394773115625 0.1984943390625 0.3883604 0.21140651406250002 0.38722215625 0.221580478125 0.37282263437499996 0.22201951250000002 0.35994861875 0.1969193 0.31024165 0.19720377656250002 0.3064794265625 0.203298428125 0.296554815625 0.2030872296875 0.2922801671875 0.1999912640625 0.2908179796875 0.1911257625 0.294980725 0.18460071718749999 0.28939408437499997 0.1808465171875 0.2895693125 0.16744666875 0.2971570796875 0.0934187 0.32203489687500003 0.0908344109375 0.33500904062500003 0.08235066875 0.348258546875 0.0743545984375 0.355058525 0.083967609375 0.35514539843750004 0.095319484375 0.36050674531250004 0.1041683484375 0.377767315625 0.1119692234375 0.3806165890625 0.1153576671875 0.385278503125 0.1384598078125 0.383664640625 0.16774587968750002 0.378013196875