10 0.1730838734375 0.0990768828125 0.1602323140625 0.154213215625 0.20012934218749998 0.196578115625 0.24276419218749998 0.2125 0.24777790937500002 0.2125 0.277793328125 0.2040974625 0.29496329375 0.186156846875 0.325 0.12192386250000001 0.325 0.069673171875 0.30464283124999997 0.039138909374999996 0.26636662499999997 0.019595796874999998 0.17850250625 0.0337185515625 0.1730838734375 0.0990768828125
10 0.319798340625 0 0.3194959953125 0.054425809375 0.32893187031250004 0.069240965625 0.3645914546875 0.09915929375 0.4189608625 0.10920965 0.46012004375000004 0.09851879062499999 0.5033169843749999 0.06930207499999999 0.5506500812499999 0 0.319798340625 0
10 0.56875 0.014583484375 0.5343856234375 0.019126371875 0.49646807812500005 0.0754608125 0.480918934375 0.11622321875 0.48111567187500004 0.1426024890625 0.5006161125 0.15 0.56875 0.15 0.56875 0.014583484375
10 0.2633974984375 0.2097655734375 0.2565086296875 0.230813228125 0.266488559375 0.27689803749999997 0.33446409374999997 0.325 0.337321178125 0.325 0.359944584375 0.3179024015625 0.3791174953125 0.30455494375000003 0.384375 0.2931574484375 0.384375 0.2914424671875 0.3490384703125 0.25877656875 0.3242736515625 0.21699690624999998 0.3480199765625 0.1499992359375 0.345797340625 0.1421875 0.34566321875 0.1421875 0.304857846875 0.15609694062499999 0.29523658125 0.1858896828125 0.2797222453125 0.2035330734375 0.2633974984375 0.2097655734375
10 0.386319178125 0.2995153421875 0.4117785578125 0.3171875 0.416625009375 0.3171875 0.427675096875 0.31520375 0.5188043171875 0.252618390625 0.5364721828125 0.2180792703125 0.5336588234375 0.2020752171875 0.5390625 0.18671788125 0.5390625 0.1862274765625 0.52422295 0.187260059375 0.49900638593749996 0.209947053125 0.403755496875 0.2617159671875 0.386319178125 0.2995153421875
10 0.56875 0.297812871875 0.5182269500000001 0.26303210625 0.5032105140625001 0.26407699687499997 0.4550466875 0.294185384375 0.427942946875 0.313909346875 0.41939844531250003 0.335254225 0.43224049375 0.421875 0.43262863281249997 0.421875 0.5319116109375 0.36128100625 0.56875 0.33079569375 0.56875 0.297812871875
0 0.3015625 0.38868461249999997 0.3015625 0.3940685296875 0.3023646734375 0.4053634546875 0.31002914531250003 0.4188457078125 0.3179640515625 0.4203125 0.327256225 0.4203125 0.4296875 0.39084059375 0.4296875 0.387295215625 0.42056282500000003 0.346173146875 0.354569203125 0.361322371875 0.31056185625 0.3791281921875 0.3015625 0.38868461249999997
10 0.1712280640625 0.42135495 0.169502815625 0.4678902015625 0.188774765625 0.478125 0.19163028437500002 0.478125 0.2861611140625 0.41062724531250006 0.31399429687499997 0.37756503750000003 0.3195748578125 0.36170498906250004 0.3789807703125 0.32462564843749997 0.38125 0.318956921875 0.38125 0.3176146203125 0.3371269515625 0.3255357421875 0.3122115484375 0.3052449640625 0.24029004999999998 0.331363853125 0.1712280640625 0.42135495
10 0.1589239015625 0.23055280625000002 0.146489278125 0.2443414953125 0.1339502296875 0.32748722343750003 0.1349921859375 0.3421583734375 0.143733421875 0.347192765625 0.1699615296875 0.4140625 0.1758761984375 0.4140625 0.1769731234375 0.4138655765625 0.19179282343749998 0.3864414171875 0.2351403453125 0.3357358140625 0.27075377500000003 0.3177859890625 0.27255998593749997 0.2959998765625 0.284375 0.2967735375 0.284375 0.295814490625 0.271981121875 0.2878492390625 0.2539545921875 0.24651080625000002 0.1738245640625 0.22787778749999998 0.1589239015625 0.23055280625000002
7 0.2416829265625 0.4792966140625 0.2630555234375 0.49692158593749997 0.288237278125 0.49735360625 0.3053728203125 0.5046875 0.30912351875 0.5046875 0.3265625 0.4971321203125 0.3265625 0.4752990796875 0.305789371875 0.4611843578125 0.2886890234375 0.4328869453125 0.2857136453125 0.4140625 0.2831939609375 0.4140625 0.275710346875 0.41540598281249996 0.21203218437500002 0.46315776406250003 0.21780948125 0.4736769859375 0.2416829265625 0.4792966140625
7 1 0.65 1 0.5372387640625 0.8312203874999999 0.510303471875 0.8193184468750001 0.50967971875 0.8123237046874999 0.5182444328125 0.8033279875 0.529681378125 0.7933115875000001 0.5460266625 0.79019758125 0.56968025 0.7861032921875 0.5912977265625 0.7869854593750001 0.6101989140625 0.789770478125 0.643092946875 0.792239934375 0.65 1 0.65
9 1 0.1935288125 0.8909018578125 0.18250520625 0.894550875 0.44269633124999996 1 0.4500957703125 1 0.1935288125
9 0.770459134375 0.65 0.7875 0.6434380734375 0.7875 0.63419354375 0.783861578125 0.6050556453125 0.6917032390625 0.4156457609375 0.56875 0.462383734375 0.56875 0.5355072875 0.6210709453125001 0.65 0.770459134375 0.65
9 0.6478286234375 0.3484375 0.6617379703124999 0.3484375 0.726504371875 0.3399793296875 0.8359375 0.32600677031249997 0.8359375 0.3202451671875 0.8158384328124999 0.1734375 0.8139191203125 0.1734375 0.7561620031249999 0.1877168921875 0.5884333453125 0.1977815578125 0.605168059375 0.3445363859375 0.6478286234375 0.3484375
9 0.762973834375 0.45782103906250005 0.76077061875 0.5015625 0.7658862359375 0.5015625 0.9859375 0.4675275515625 0.9859375 0.45056984062499994 0.8920558109375 0.43977678906250006 0.8960981578125 0.42708788125 0.78499029375 0.4252344296875 0.762973834375 0.45782103906250005
9 0.8598087218749999 0.313827278125 0.7861733109375 0.4234375 0.8178033390625 0.4234375 0.8958888046875 0.421901315625 0.8923206328125 0.18255411562499999 0.91875 0.1801379546875 0.91875 0.17326339375 0.918188971875 0.17001669375 0.8188964734375 0.1836679484375 0.8282779937499999 0.2764496484375 0.8598087218749999 0.313827278125
2 0.482200334375 0.7475463890625 0.4792397078125 0.728498115625 0.4765431203125 0.724149184375 0.4716341640625 0.7235992343750001 0.467059778125 0.72662774375 0.4534357625 0.7271248609375001 0.4408221296875 0.730264440625 0.3726467515625 0.7625892109375 0.342354209375 0.7718418859375 0.313008190625 0.7867649906249999 0.306256709375 0.7880320390625 0.28358305625 0.7859977640625 0.2868782515625 0.808624496875 0.296874409375 0.8168263218749999 0.2993860796875 0.8221662437500001 0.3009750578125 0.8673652531249999 0.3117900109375 0.8872934484374999 0.3199017015625 0.9109656265625 0.32040784843750003 0.929738925 0.3186797078125 0.9416858156250001 0.32068999531250003 0.95 0.32813906249999997 0.95 0.3425772640625 0.9479040359375001 0.38643663125 0.9330892984375 0.4364927234375 0.9199804890625 0.48228040781250003 0.910946175 0.49103073906250005 0.9043386625000001 0.496875 0.889717246875 0.496875 0.8640095000000001 0.48643061562499995 0.8269335171875 0.48472916093749996 0.8065087468750001 0.4859378125 0.7919743890625 0.482200334375 0.7475463890625
2 1 1 1 0.9799498062499999 0.99437365625 0.961972090625 0.9865691312500001 0.9225833140624999 0.9886969640625001 0.9021321999999999 0.9822729109375 0.884338975 0.977270225 0.881130125 0.9506222140624999 0.8870597874999999 0.9275233984375 0.8871227078124999 0.9204629750000001 0.8923458078125 0.905875153125 0.89676201875 0.876708275 0.9040920484375 0.845051734375 0.90781445625 0.7862276375 0.9204509109375 0.76309669375 0.9260226171875001 0.7585492984375 0.9308469484374999 0.7516579390625 0.9931814796874999 0.7532303390624999 1 1 1
2 1 0.7834582765625 0.9255939312500001 0.7567051 0.9160613703125 0.755315790625 0.912013075 0.760661325 0.90786839375 0.782533209375 0.891716096875 0.796904171875 0.8750150484375 0.8192675062499999 0.8555585562499999 0.8835958796875 0.8515625 0.8985964359375 0.8515625 0.9060962578125 0.8539093812499999 0.9080737890625 0.858929590625 0.9082778484375 0.9011753078125 0.8969711874999999 0.9242945671874999 0.8934026796874999 0.93737924375 0.8884244499999999 0.962512428125 0.8839359640625 0.9746018265625 0.8774145296875 0.9816213625 0.8792026078124999 0.990000928125 0.9060918296875 0.9878964609375 0.9225365562500001 0.992706384375 0.9587981046875 1 0.982084825 1 0.7834582765625
2 1 0.65 0.9301594203124999 0.65 0.8863979531249999 0.694209784375 0.864656246875 0.719874646875 0.7616305890625 0.820879509375 0.7404493171875 0.8365488078125001 0.7232754531250001 0.8538837484374999 0.690010625 0.8750728875 0.6749061796875 0.8819726828124999 0.674217840625 1 0.7547984515625 1 0.7540908374999999 0.9943913 0.7584399656249999 0.9374635203124999 0.76149298125 0.93057478125 0.771559690625 0.9264757140625001 0.850012265625 0.9061215171875 0.8525457359375 0.9022171578125 0.862834415625 0.8600574078125 0.8771480281249999 0.8165585109375 0.9059793640624999 0.7806625640625 0.9136265078125 0.7609367140625001 0.9181651437499999 0.757614778125 0.9251934406250001 0.7579004625 1 0.7838023359374999 1 0.65