10 0.51875 0 0.284767315625 0 0.287760415625 0.007316468750000001 0.2828000984375 0.008556546875 0.300161209375 0.0271577375 0.3187624 0.05071924531250001 0.3522445421875 0.0767609125 0.37580605 0.10032242031250001 0.3993675578125 0.107762896875 0.431609621875 0.099082340625 0.46509176406249997 0.091641865625 0.49113343125000003 0.099082340625 0.5109747015625 0.0966021828125 0.51875 0.0955654765625 0.51875 0
1 0.4472641609375 0.55 0.4828125 0.5238828515625 0.4828125 0.5211431203125 0.2930183515625 0.2191978828125 0.266976684375 0.20803716875 0.26573660781249997 0.2204379625 0.250855653125 0.22167804218749998 0.24093502031249997 0.19687645468749998 0.223573909375 0.1745550265625 0.193812003125 0.1460332015625 0.18885168593749999 0.15471375625 0.1913318453125 0.18199550312499999 0.211173115625 0.22663835937500001 0.2595362109375 0.2998030421875 0.31285962343749996 0.38908875625 0.3711433515625 0.480854628125 0.41282001562500004 0.55 0.4472641609375 0.55
1 0.23891250937500003 0.55 0.24880952343749999 0.5292162703125001 0.2475694453125 0.5056547625000001 0.25625 0.51805555625 0.266170634375 0.49697420625 0.2796875 0.437991521875 0.2796875 0.4349082359375 0.27733135 0.38660714375 0.2796875 0.33712797499999997 0.2796875 0.33152990312499997 0.25500992031249997 0.2998015875 0.1074404765625 0.28244047656250004 0 0.4349366375 0 0.55 0.22955246875 0.55 0.23020833281250003 0.544097221875 0.2334876546875 0.55 0.23891250937500003 0.55
1 0 0 0 0.18357658125 0.009759423437500001 0.19108382968749998 0.0358010921875 0.20596478281250002 0.0446428453125 0.20625 0.098115090625 0.20625 0.1052455359375 0.20596478281250002 0.135007440625 0.20224454218750001 0.1647693453125 0.19108382968749998 0.16228918750000002 0.17372271718750001 0.1598090265625 0.1687624015625 0.1883308515625 0.17868303593749998 0.1821304546875 0.1402405765625 0.20445188593750002 0.1650421609375 0.20569196406249998 0.1476810515625 0.2106522828125 0.1067584328125 0.2230530765625 0.014992557812499998 0.224688628125 0 0 0
1 0.51875 0.1089125375 0.4646453359375 0.08932291718749999 0.3890004953125 0.112884425 0.3679191484375 0.08932291718749999 0.3790798609375 0.12156498125 0.371639384375 0.1612475203125 0.338157240625 0.2009300578125 0.2984747015625 0.21829117187499997 0.3046750984375 0.234412203125 0.3369171625 0.28029513906250003 0.38156001875 0.3571800578125 0.40140128906249994 0.386941965625 0.433643353125 0.4291046625 0.47828620937500005 0.45638640781250006 0.50928819375 0.47002728281249995 0.51875 0.45320629375 0.51875 0.1089125375
3 0 0.2732751625 0.013442460937500001 0.28244047656250004 0.04444444375 0.28244047656250004 0.0642857140625 0.2700396828125 0.0928075390625 0.2799603171875 0.1262896828125 0.28368055625 0.1625744 0.2875 0.1766451734375 0.2875 0.194494046875 0.281200396875 0.2341765875 0.2663194453125 0.2390625 0.2699838796875 0.2390625 0.2699236109375 0.20813492031249997 0.22167658750000002 0.18829365 0.1757936515625 0.16101190468749998 0.16711309531250002 0.1634920640625 0.1894345234375 0.1461309515625 0.19563492031250002 0.11264880937499999 0.20183531718749997 0.0742063484375 0.2080357140625 0.0419642859375 0.2080357140625 0.01220238125 0.20431547656250001 0 0.2165178578125 0 0.2732751625
0 0.51875 0.784105634375 0.414148984375 0.76279296875 0.40048035000000004 0.76181640625 0.374119409375 0.76279296875 0.32237386562500003 0.80966796875 0.3234930796875 0.81064453125 0.28429695312500003 0.85068359375 0.258912346875 0.88583984375 0.21204845625000002 0.92783203125 0.1808058625 0.93564453125 0.101723046875 0.98740234375 0.0948162921875 1 0.51875 1 0.51875 0.87217825625 0.517640075 0.87314453125 0.48346848906249995 0.91025390625 0.51875 0.8608480828125 0.51875 0.784105634375
0 0.354682515625 0.74287109375 0.3146529421875 0.77705078125 0.2970789828125 0.79169921875 0.30488963125 0.79951171875 0.30293696875 0.81025390625 0.3067733765625 0.8265625 0.30716448281250003 0.8265625 0.37128014375 0.76826171875 0.3937357578125 0.76142578125 0.43571799218749996 0.76728515625 0.5078125 0.77879364375 0.5078125 0.7774872265624999 0.48453454531249995 0.75068359375 0.46207893125000005 0.73017578125 0.443528640625 0.72041015625 0.415215040625 0.70869140625 0.39666475 0.70966796875 0.354682515625 0.74287109375
0 0.51875 0.7050259000000001 0.4638164921875 0.731640625 0.498964409375 0.766796875 0.5126330453125 0.7814453125 0.51875 0.7830768875 0.51875 0.7050259000000001
1 0.51875 0.6519714796875 0.5101049234375 0.64150390625 0.44176175000000006 0.68251953125 0.39392152812500003 0.70693359375 0.42028246406249997 0.70595703125 0.4310221078125 0.71181640625 0.46459066718750003 0.728125 0.46588933125 0.728125 0.48374398437500005 0.72060546875 0.5149865765625 0.68154296875 0.51875 0.6767031359375 0.51875 0.6519714796875
7 0.7097658359375 1 0.7115327390624999 0.996341765625 0.7326140875 0.9616195421875 0.7348462296875 0.9566592249999999 0.7373263890625 0.943514384375 0.742038690625 0.9360739078125 0.750719246875 0.9172247015625 0.7529513890625 0.9102802562499999 0.7549355156249999 0.8981274796875001 0.7551835312499999 0.8879588281250002 0.7534474203125 0.8735739078125 0.7499751984375 0.8594370031249999 0.7492311515625 0.850260415625 0.7574156750000001 0.8393477171875 0.7638640875 0.824466765625 0.7671875 0.8100653109374999 0.7671875 0.7958643343749999 0.764112103125 0.7887524796875001 0.7564236109375 0.7795758921875 0.7442708328125001 0.7718874 0.736086309375 0.7684151781249999 0.729637896875 0.7674231140625001 0.720461309375 0.7708953359375 0.7100446437500001 0.7805679546875 0.7033482140625 0.790984621875 0.695659721875 0.7986731140625001 0.6926835312499999 0.8118179546875 0.689211309375 0.8160342249999999 0.6778025796875 0.8195064468750001 0.6728422625 0.822234621875 0.6619295640625 0.8259548593750001 0.6507688500000001 0.8316592249999999 0.635391865625 0.8440600187499999 0.6279513890625 0.8524925578125 0.6148065484374999 0.8755580343750001 0.6091021828125001 0.8827504953125 0.601413690625 0.89738343125 0.5909970234374999 0.912760415625 0.5847966265625 0.9288814468750001 0.5805803578125001 0.933841765625 0.5711557546874999 0.9504588281250002 0.5624751984375 0.9616195421875 0.5570188500000001 0.9717881937499999 0.5393358515625 1 0.7097658359375 1
0 0.51875 0.8915227109374999 0.529637896875 0.8931795640625 0.5405505953125 0.89764385 0.5479910718750001 0.9031001984374999 0.560391865625 0.9155009921874999 0.566840278125 0.9241815484375 0.5714533734375 0.9265625 0.58181335 0.9265625 0.5849454359374999 0.923189484375 0.5928819437499999 0.9088045640625 0.5963541671875 0.9003720234374999 0.601810515625 0.8931795640625 0.60478670625 0.8869791671874999 0.611483134375 0.880034721875 0.6134672625 0.87606646875 0.632564484375 0.8502728171874999 0.6521577375 0.83018353125 0.6662946421875 0.8210069437499999 0.6757192453125 0.8162946421875 0.689608134375 0.8001736109375 0.6960565484375 0.7867807546875 0.7025049609374999 0.7781001984375 0.710689484375 0.7753720234375 0.7216021828125 0.7691716265625 0.7273065484375 0.76768353125 0.739211309375 0.7686755953125 0.747891865625 0.773387896875 0.754836309375 0.7741319437499999 0.75731646875 0.773883928125 0.7662450390625001 0.7689236109375 0.7783978171875 0.760491071875 0.8131200390625001 0.7307291671875 0.8222966265625 0.7203125 0.8292410718750001 0.7056795640625 0.83125 0.6892990718750001 0.83125 0.6658712453125 0.8280009921874999 0.6568204359375 0.8225446421875 0.6543402781250001 0.8121279765625001 0.65458829375 0.804439484375 0.65731646875 0.8009672625 0.65731646875 0.7838541671874999 0.6498759921875 0.7664930562500001 0.6444196421874999 0.730034721875 0.6275545640625 0.7124255953125 0.6225942453125001 0.7027529765625 0.6186259921875 0.6938244046875 0.616641865625 0.6313244046875 0.6062251984375 0.583457340625 0.5963045640625 0.545262896875 0.5930803578125 0.5214533734375 0.5896081343749999 0.51875 0.5895638171875001 0.51875 0.8915227109374999
0 0.8571881234375001 1 0.8633432546875 0.9597718265624999 0.8697916671874999 0.9384424609375 0.8764880953125 0.8985119046874999 0.880704365625 0.8893353171874999 0.8886408734375 0.8786706359374999 0.893601190625 0.8694940484375 0.900545634375 0.852876984375 0.9052579359375 0.8382440484375 0.90848214375 0.8134424609375 0.9154265875 0.798809525 0.919146825 0.78368055625 0.924851190625 0.7670634921875 0.9387400796875 0.743501984375 0.9390625 0.7421201828124999 0.9390625 0.718431121875 0.9384920640625001 0.7169642859375001 0.9350198421875 0.7139880953125 0.9255952375 0.7134920640625 0.918402778125 0.714980159375 0.890873015625 0.7244047625000001 0.8705357140625001 0.7261408734375 0.85615079375 0.73035714375 0.846726190625 0.73035714375 0.8333333328125001 0.7392857140625 0.8132440484375 0.743501984375 0.8058035718750001 0.749454365625 0.796626984375 0.759375 0.7901785718750001 0.7705357140625 0.778273809375 0.7864087312500001 0.7695932546875 0.806001984375 0.759424603125 0.8365079375000001 0.7586805562500001 0.8444444453125 0.7549603171875 0.85907738125 0.7544642859375 0.8980158734374999 0.749255953125 0.9193452390625 0.7435515875 0.9324900796875 0.7331349203124999 0.9625 0.728174603125 0.9716765875 0.7115575406250001 0.996478175 0.7098825265625 1 0.8571881234375001 1