7 0 0 0 0.0958749515625 0.0289500234375 0.10242960000000001 0.057418929687499995 0.1233498265625 0.0708720484375 0.12710881093749998 0.0799844140625 0.13227760625 0.0923250125 0.143667646875 0.1076301859375 0.16331078906250002 0.12200933124999999 0.17501185156250001 0.15423379375 0.19808960625 0.17930083593749999 0.2112994484375 0.21070859375 0.23595901874999997 0.2426179484375 0.25204111406249996 0.24954386093749997 0.25992350468750003 0.28835983593750003 0.27084309375000004 0.3570015984375 0.27997510000000003 0.42035085937499994 0.2780610796875 0.44953357499999996 0.279344453125 0.453842175 0.2819520203125 0.45089046406250005 0.2952749484375 0.45272322656249997 0.2981142140625 0.459375 0.2983078296875 0.459375 0.13703415624999998 0.440517653125 0.10757028906249999 0.415669253125 0.07476993125 0.38738040625000003 0.0468077078125 0.3514582671875 0.0220688078125 0.32615971718750003 0.0068734437499999995 0.3089134265625 0 0 0
7 0 0.4 0.0150254 0.4 0.014989401562499999 0.3997313796875 0.0216773734375 0.375521078125 0.026834825 0.33389114062499997 0.03873813125 0.3071855921875 0.06830668749999999 0.260260421875 0.0941582765625 0.2372675171875 0.1422538109375 0.22473787031249998 0.146875 0.20842426718749998 0.146875 0.19385664375 0.134800571875 0.1822808890625 0.091688859375 0.15169145781249999 0.07541907656249999 0.136654753125 0.053149406249999996 0.1216777359375 0.038043587499999997 0.10803749062500001 0.016693515625 0.109533690625 0.012937960937500001 0.10737616406249999 0.0057226640625 0.09701187343749999 0 0.095308803125 0 0.4
7 0.3211917203125 0.4 0.3311327140625 0.392213428125 0.348360675 0.37253652812500004 0.35057928125000004 0.365805553125 0.3546875 0.32733382187500004 0.3546875 0.3199308125 0.35104228593750003 0.29249997968749997 0.348019834375 0.28375049531249996 0.340392971875 0.2784426796875 0.31724229375 0.2730822375 0.28683773437500004 0.26990602343750003 0.25597016093749997 0.26275876875000004 0.21177808437499998 0.2357830125 0.180782878125 0.225 0.17443987968750002 0.225 0.1311944265625 0.2272667671875 0.0924491953125 0.2384195890625 0.0716135859375 0.2529143453125 0.0504242875 0.272961959375 0.0371833875 0.29678190937500004 0.0265598 0.32587668125 0.026283282812499996 0.3449708125 0.031312125 0.35804869687499996 0.0191515890625 0.37825496875 0.013543982812499999 0.398851590625 0.013653292187499999 0.4 0.3211917203125 0.4
3 0.459375 0 0.459375 0.025849851562499998 0.46538859062500004 0.037116721875 0.48320771249999994 0.056013173437499994 0.597390253125 0.1073948046875 0.6177915734375 0.1089430921875 0.6280115187499999 0.10590475625 0.640378009375 0.09692701875000001 0.655288134375 0.07822607031249999 0.6614895234375 0.0626781484375 0.6625 0.0530493875 0.6625 0.038930124999999996 0.6458532375 0.015724184375 0.6126893453125 0 0.459375 0
3 0.882281378125 0 0.8934294171874999 0.0093494859375 0.8967740703124999 0.035538121875 0.9006723593749999 0.041936278125 0.9066074859375 0.04375 0.9080067765625 0.04375 0.9191245375000001 0.0402854859375 0.9252079390624999 0.03311928125 0.9238510015625 0.0025047640625 0.9241786234374999 0 0.882281378125 0
3 0.8364775328124999 0 0.8307722015625 0.024597296875 0.8349495906250001 0.0355933609375 0.8472797968750001 0.0487337359375 0.8517362875 0.0643277125 0.8586086843749999 0.0703125 0.864572934375 0.0703125 0.8702293140624999 0.0695451171875 0.874880925 0.061507464062499996 0.8796875 0.0094742984375 0.8796875 0 0.8364775328124999 0
3 0.8311156499999999 0.13271852343749999 0.831397034375 0.1518095890625 0.8377209703125 0.1568662515625 0.8445214109375 0.157382346875 0.85271279375 0.1519016953125 0.8523111437499999 0.126699196875 0.8572010078125001 0.11639125937499999 0.8682151234374998 0.10578531093750002 0.8723085359375 0.0885518328125 0.8633184171875001 0.072613790625 0.8526196859375 0.0656995421875 0.849077634375 0.0486493859375 0.8305823265625 0.028938828125 0.8261303984375001 0.042331153125 0.82876029375 0.07533064218749999 0.8220461140624999 0.11753724375 0.8311156499999999 0.13271852343749999
3 0.88435735625 0.0826011390625 0.8873026390625001 0.0980804296875 0.894461596875 0.102437675 0.9085821140625001 0.12029064687499999 0.9119653328125 0.138854325 0.9193239734375 0.1485662453125 0.9292262499999999 0.1485549546875 0.9369002796875 0.140746675 0.9365009109375 0.13003732968749998 0.93276145625 0.12212565156249999 0.9452005218749999 0.068911696875 0.9469839859375 0.0301448375 0.9274176875 0.027897134375 0.9217722187499999 0.038147728125 0.9130634828125 0.0413007515625 0.9041550624999999 0.0390991015625 0.890154815625 0.0273575640625 0.8825239171875001 0.056527190625 0.8809764203124999 0.0785306140625 0.88435735625 0.0826011390625
3 0.582966553125 0.1604162140625 0.5859912515625 0.1751387421875 0.63840478125 0.169200234375 0.6919732812499999 0.174028415625 0.70203439375 0.1725036015625 0.7000035484375 0.155568134375 0.706084671875 0.133908775 0.7034979078125 0.12227063593750001 0.6992819499999999 0.1188995265625 0.6734325625 0.11846335625 0.6504081921875 0.1273950390625 0.64038793125 0.13578804687499998 0.618595665625 0.14023650781250002 0.601457296875 0.15114046718750002 0.5864246234375 0.149236825 0.582966553125 0.1604162140625
3 0.529915403125 0.15791565937500002 0.562685496875 0.1649793609375 0.5809402718750001 0.17246705 0.5856327328125 0.17129759218750001 0.5851516671875 0.1468518546875 0.6010193625 0.1480560765625 0.6081374703125 0.145545128125 0.6072615984375 0.13937634999999998 0.5993061875000001 0.1280935640625 0.565617090625 0.0934997359375 0.4960969140625 0.059237789062500004 0.4846040125 0.0598911515625 0.483371903125 0.0643743734375 0.488584 0.080025696875 0.5127293374999999 0.118471965625 0.52208025625 0.15274431093750002 0.529915403125 0.15791565937500002
3 0.656459871875 0.1713332484375 0.6346267593749999 0.1689135140625 0.606113471875 0.1720891171875 0.6291015578125 0.18527554375 0.6359428484375 0.192659834375 0.646203640625 0.1964896953125 0.64739718125 0.1996314265625 0.6553503125 0.1964210609375 0.6643358671875 0.1833727953125 0.6648123703125 0.178832228125 0.656459871875 0.1713332484375
3 0.922791465625 0 0.9224824093749999 0.0023505703125 0.9262649953125 0.0316235953125 0.9521960828125 0.045796159375 0.957807546875 0.0721568265625 0.9770993078124999 0.0987929234375 0.9916146265624999 0.0983689359375 1 0.09134531875 1 0.0728137328125 0.9967790296875 0.0636726046875 1 0.05542463125 1 0.0006478499999999999 0.9997131859374999 0 0.922791465625 0
3 1 0.08116302187499999 0.9974597796874999 0.0934730140625 0.9902622531249999 0.0967407265625 0.978251996875 0.0950664609375 0.9698586500000002 0.0806992859375 0.967948075 0.06987525312500001 0.9537504218749999 0.0672721953125 0.9396390328125002 0.10739183593749999 0.9484294671875 0.1179752015625 0.96063940625 0.12500413906250002 0.96962724375 0.126449028125 0.9821162828125001 0.138075878125 0.9918234375000001 0.1616962203125 0.9989029781250001 0.1668102265625 1 0.1666765515625 1 0.08116302187499999
3 0.6097496437500001 0 0.6339663234375 0.0155429234375 0.6712314765625 0.0305756453125 0.692029884375 0.028340125 0.6850274781250001 0.0079762046875 0.6665995015625 0 0.6097496437500001 0
7 0.459375 0.4 0.3984976484375 0.4 0.3964032359375 0.40744019062500003 0.38901081406250004 0.47724409218749997 0.393576928125 0.52206699375 0.393370521875 0.5385298890625 0.387051753125 0.5804564859375001 0.37776469375 0.6740747687499999 0.3613695609375 0.747629865625 0.359641825 0.773455596875 0.36097027187499997 0.7865494749999999 0.3683388359375 0.81412505 0.3815535734375 0.8421833265625001 0.3830353984375 0.8512947328125 0.380559990625 0.8695678515624999 0.3838506828125 0.88881645 0.3925533921875 0.8960271078125001 0.41282176562500006 0.9 0.4347306984375 0.9 0.4424860703125 0.8986517515625 0.4531036984375 0.8910387609375 0.459375 0.8754711828125 0.459375 0.4
7 0.2352799015625 0.4 0.23945629687499997 0.44367373906249996 0.2129093734375 0.4794356171875 0.1993291546875 0.5052815015625 0.1917417234375 0.52463070625 0.18693752187499998 0.55419755625 0.187792309375 0.5732450328125 0.1969437578125 0.6354258640625 0.201223396875 0.697204440625 0.2063827453125 0.7171067250000001 0.2153594703125 0.7378235921874999 0.2100026015625 0.810292525 0.21250611562500002 0.8404627546875 0.21798574375 0.858393915625 0.2315072390625 0.8784872484375 0.2437002859375 0.885486703125 0.2541780578125 0.8878500031249998 0.29614893750000004 0.8878196921875 0.3126995703125 0.8831935328124999 0.334341940625 0.8685005546875001 0.3464876609375 0.8545216359375001 0.35376157343750003 0.8401404640625 0.3567444453125 0.8308983046874999 0.36146181718750003 0.7988273234375 0.36018639375 0.7732530234375 0.36208103281250004 0.749438640625 0.37480540156250003 0.6680895781249999 0.39324072656250003 0.5272850109375 0.391665309375 0.5126725640625 0.3794181734375 0.4816978265625 0.3557989734375 0.44778655624999997 0.3476635140625 0.44012334375 0.3452140875 0.43392839531250005 0.348128459375 0.4 0.2352799015625 0.4
10 0.6003368250000001 0.5726901171875001 0.57358046875 0.58211750625 0.5378432109375 0.6218936218750001 0.505558140625 0.793104975 0.5092765265625 0.8079419453125001 0.5541899531250001 0.8577274718750001 0.600057625 0.89375 0.6022307484375 0.89375 0.62775885625 0.8880143562499999 0.6328527187499999 0.7112584640625 0.646875 0.681712340625 0.646875 0.6745388999999999 0.63234685 0.6246715234375 0.63455656875 0.5812768375 0.626347734375 0.58161423125 0.6239339046875 0.6116930421875 0.6127521296875 0.5788419625 0.6003368250000001 0.5726901171875001
10 0.635561109375 0.6861622281249999 0.6284527125 0.718099528125 0.628497109375 0.8013743640625 0.637060934375 0.8509883796875 0.64570461875 0.8656229109375001 0.6637374312500001 0.8765404718750001 0.755842628125 0.896875 0.7627630906249999 0.896875 0.7800188875 0.8934130765624999 0.790625 0.8653082062500002 0.790625 0.8139580671874999 0.7903930421875 0.7664061546875001 0.7815452421875 0.7384557468749999 0.7591018390625 0.70773306875 0.6705263 0.67639744375 0.6487218609375 0.673962571875 0.635561109375 0.6861622281249999
10 0.6276789296875 0.8910277624999999 0.6370414390625 0.8989706187500002 0.8097286890625 0.9651564 0.8423332859375 0.9621507734375001 0.85713580625 0.9498836374999999 0.863268021875 0.9346417953125 0.8730209875 0.8742817359374999 0.8690718687500001 0.8577887171875 0.851296409375 0.8368673828125001 0.7903735468749999 0.8143883953125 0.7886253015625 0.86109518125 0.7796710234375 0.8797840796875 0.70907505625 0.8826856718750001 0.6633629437499999 0.8745713015625001 0.6301460015625 0.8376292984374999 0.6246793703125 0.8694991171875 0.6276789296875 0.8910277624999999
10 0.6631269718749999 0.4 0.5297230140625 0.4486909671875 0.5079185765625 0.4462560953125 0.5068891578125 0.4862712046875 0.515248865625 0.522569340625 0.4988312 0.523244128125 0.477923084375 0.5390932796875 0.49472236093750005 0.5767100734375 0.49841412500000004 0.60320686875 0.487791459375 0.6336230734375 0.5441262359375 0.6113212375 0.584069965625 0.5780343640625001 0.629089871875 0.5811805828125001 0.7553550296875 0.5393491796875 0.7755709390625001 0.5185318796875 0.7793691812500001 0.49838936875 0.7573872484375 0.4709787890625 0.76516123125 0.45566947031250005 0.75090004375 0.4362692234375 0.7288648703125 0.4321782984375 0.7160147125 0.41105452812500004 0.72360305625 0.4 0.6631269718749999 0.4
6 0.8129322343750001 1 0.8124708921874999 0.9966888234375 0.800055584375 0.990536978125 0.7946421953125 0.9990871406250001 0.776352025 0.9981733578124998 0.7543967125 0.9591029531250002 0.7260784499999999 0.933618340625 0.647353509375 0.9018778453125 0.61687876875 0.8964682640625 0.6154144968749999 0.9215114484375 0.648223209375 0.931821696875 0.661561459375 0.9445977453125 0.662945871875 0.954534040625 0.6530686515624999 0.9665987421875 0.6162309578125 0.9747749546875 0.6161777203125001 0.9980946093749999 0.6191217515625 1 0.8129322343750001 1
8 0.459375 0.6592514484375 0.479786740625 0.64727634375 0.49954117968749995 0.6231469437499999 0.50405825 0.5963127531250001 0.49849398437500003 0.5682273859375 0.4830791203125 0.54054689375 0.459375 0.5265590234374999 0.459375 0.6592514484375