9 0.41875 0.114847915625 0.4045301546875 0.12423274375 0.36812370625 0.1441488359375 0.3548521109375 0.16318309687500002 0.3344011515625 0.1637563046875 0.2632220375 0.17425975625 0.21771015624999998 0.18742863125 0.1513998828125 0.1970259328125 0.13629348125000001 0.1920864375 0.11219331562499998 0.18794952812500001 0.11219331562499998 0.2319593296875 0.114558746875 0.2641107265625 0.119298884375 0.3171646625 0.11839050468750001 0.36283998125 0.1402896578125 0.36301838124999997 0.16607303125 0.3714767171875 0.1962775265625 0.3711173875 0.24333855468749999 0.36178679687500004 0.29432980937500003 0.35865555 0.3286254078125 0.3632204875 0.3512281640625 0.35852135937499996 0.36780574375 0.3523982875 0.41875 0.3448988609375 0.41875 0.114847915625
1 0.41875 0 0.41875 0.3537739765625 0.425855653125 0.3593005953125 0.4690724171875 0.365625 0.4800471234375 0.365625 0.5325024796875 0.34813988125 0.5449032734375 0.247693453125 0.559375 0.1475973484375 0.559375 0.1441362546875 0.48413938593749994 0.028199404687500002 0.4664456421875 0 0.41875 0
1 0.4997867859375 0 0.49401041562500003 0.035813492187500004 0.4890625 0.03828745 0.4890625 0.0383039859375 0.496490575 0.0444940484375 0.531212796875 0.094097221875 0.5609747015625001 0.1486607140625 0.6180183515625 0.17842261875 0.683742559375 0.218105159375 0.733523259375 0.240625 0.7374158046874999 0.240625 0.77178819375 0.218105159375 0.8065104156249999 0.19082341249999998 0.8325520828125 0.15362103124999998 0.8523933515625 0.131299603125 0.871875 0.1045123375 0.871875 0.10277916093749999 0.8610739078125 0.065575396875 0.765587796875 0.0085317453125 0.75122949375 0 0.4997867859375 0
2 0.8089037703124999 0.2045138890625 0.8002232140625001 0.2293154765625 0.7779017859375 0.23551587343749997 0.7679811515624999 0.2553571421875 0.7506200390625001 0.2665178578125 0.72333829375 0.27147817500000004 0.7146577375 0.2962797625 0.7072172625 0.3248015875 0.7332589281249999 0.32232142812500003 0.7341889875 0.316741071875 0.75186011875 0.3049603171875 0.7692212296875001 0.28759920625 0.8213045640625001 0.2962797625 0.8746279765625001 0.2541170640625 0.9068700390625001 0.2169146828125 0.9403521828125001 0.1921130953125 0.98623511875 0.2007936515625 0.9921875 0.1674603171875 0.9921875 0.166103090625 0.9341517859374999 0.1735119046875 0.988715278125 0.12762896875000002 0.973834325 0.065625 0.947792659375 0.0395833328125 0.9229910718750001 0.0408234125 0.895709325 0.0730654765625 0.8634672625 0.1115079359375 0.8461061515625001 0.13506944375000002 0.82998511875 0.1697916671875 0.8089037703124999 0.2045138890625
1 0.7210434171875 0.46875 0.720858134375 0.462450396875 0.7245783734375 0.4054067453125 0.6836557546875 0.39424603125 0.639012896875 0.3744047625 0.59188988125 0.3483630953125 0.5298859125 0.34960317500000004 0.54228670625 0.4140873015625 0.5528356484375 0.46875 0.7210434171875 0.46875
0 0.6997767859375 0.3334821421875 0.704737103125 0.3334821421875 0.708457340625 0.3334821421875 0.77294146875 0.40416666718750005 0.82626488125 0.44384920625 0.885788690625 0.44384920625 0.9130704359374999 0.406646825 0.914310515625 0.36200396874999996 0.8944692453125 0.3359623015625 0.8721478171874999 0.3248015875 0.820064484375 0.3012400796875 0.7816220234375 0.2789186515625 0.7630208328125001 0.29255952343749997 0.7307787703124999 0.3198412703125 0.6997767859375 0.3334821421875
1 0.41875 0.43729804375 0.48028273749999995 0.3992063484375 0.5274057546875 0.3644841265625 0.519965278125 0.347123015625 0.470362103125 0.36944444375 0.41875 0.3578580546875 0.41875 0.43729804375
0 0.39208549375 1 0.39892112968750004 0.9646825390625 0.4 0.949578359375 0.4 0.898829365625 0.38156001875 0.88407738125 0.331956846875 0.8766369046874999 0.26003224375 0.8716765875 0.22282986093749999 0.8704365078125 0.199268353125 0.8319940484374999 0.1794270828125 0.7997519843750001 0.1583457328125 0.787351190625 0.128583828125 0.7935515875 0.10254216249999999 0.8146329359375001 0.09014136874999999 0.840674603125 0.0926215265625 0.8667162703125 0.0913814484375 0.8667162703125 0.1137028765625 0.8927579359374999 0.1459449421875 0.8977182546875 0.175706846875 0.9076388890625001 0.2141493046875 0.9262400796874999 0.26003224375 0.9584821421874998 0.30715525781249997 0.9882440484374999 0.3250068875 1 0.39208549375 1
2 0 1 0.41875 1 0.41875 0.9032005312500001 0.3956845234375 0.8780381937499999 0.35352182499999996 0.8408358125 0.322519840625 0.837115575 0.2766369046875 0.8321552578125001 0.231994046875 0.8160342249999999 0.194791665625 0.8011532734374999 0.14766865 0.785032240625 0.119146825 0.7763516859375 0.112946428125 0.756510415625 0.088144840625 0.7763516859375 0.0794642859375 0.8011532734374999 0.0447420625 0.793712796875 0 0.7888758171875001 0 0.85609705625 0.010019840625 0.8594370031249999 0.043501984375000004 0.84951636875 0.0397817453125 0.871837796875 0.0162202375 0.8904389875 0.0025793640624999998 0.9140004953125 0 0.9160271390624999 0 1
0 0.41875 0.746053446875 0.41148313437499995 0.7142609125 0.38544146874999996 0.7055803578125 0.3197172625 0.6844990078125 0.23291170625 0.6782986109375 0.1671875 0.67333829375 0.1287450390625 0.6782986109375 0.111383928125 0.7055803578125 0.1126240078125 0.74774305625 0.11386408750000002 0.74774305625 0.123784721875 0.7750248015625 0.157266865625 0.7861855156249999 0.19198908750000002 0.798586309375 0.22299107187499997 0.8122271828125001 0.26391369062500003 0.827108134375 0.29739583281250004 0.8333085312499999 0.338318453125 0.8407490078125001 0.37304067500000004 0.8419890875 0.38544146874999996 0.848189484375 0.4003224203125 0.82958829375 0.4090029765625 0.7961061515625 0.41875 0.765890378125 0.41875 0.746053446875
5 0.41875 0.46875 0.2247382046875 0.46875 0.22547122968750002 0.47864583281249995 0.21059027812500003 0.5245287703125 0.2031498015625 0.5790922625 0.2093501984375 0.6324156750000001 0.1944692453125 0.6472966265625 0.1944692453125 0.67333829375 0.195709325 0.67333829375 0.2651537703125 0.6770585312499999 0.26763392812500003 0.6534970234374999 0.3283978171875 0.6249751984375 0.3345982140625 0.601413690625 0.3556795640625 0.5654513890625 0.370560515625 0.564211309375 0.41875 0.5204026875000001 0.41875 0.46875
2 0.41875 0.5774611249999999 0.382961309375 0.57413194375 0.34575892812500003 0.576612103125 0.329637896875 0.605133928125 0.31475694375 0.6299355156249999 0.2688740078125 0.6534970234374999 0.255233134375 0.6745783734374999 0.304836309375 0.6820188484375 0.351959325 0.6931795640624999 0.41148313437499995 0.7155009921875 0.41875 0.7362634640625 0.41875 0.5774611249999999
7 0.1413948609375 0.46875 0.13370535781249998 0.5158482140625 0.1188244046875 0.6100942453125 0.11634424531250001 0.6460565468749999 0.1312251984375 0.6634176593750001 0.152306546875 0.6683779765625 0.152306546875 0.6720982140625 0.1870287703125 0.6584573406249999 0.1994295640625 0.57041170625 0.22919146875 0.4724454359375 0.22746693125 0.46875 0.1413948609375 0.46875
2 0.41875 0.64541170625 0.4065228171875 0.6410962296875 0.39412202343749997 0.6125744046875 0.40404265937500006 0.5877728171875 0.358159721875 0.5939732140625 0.36063988125 0.6063740078125 0.325917659375 0.6088541671875001 0.317237103125 0.6336557546874999 0.32095734062500003 0.6559771828125001 0.30731646874999996 0.6844990078125 0.37304067500000004 0.69813988125 0.4090029765625 0.7155009921875 0.41875 0.7404100515625001 0.41875 0.64541170625
7 0 0.46875 0 0.7889705875 0.0369791671875 0.7911458328125001 0.08410218281250001 0.7973462296875 0.091542659375 0.7750248015625 0.1126240078125 0.761383928125 0.111383928125 0.7427827375 0.1101438484375 0.7130208328125001 0.12130456406250001 0.695659721875 0.11634424531250001 0.6336557546874999 0.091542659375 0.49600694375 0.0761365609375 0.46875 0 0.46875
5 0.6587053578125 0.6308283734375 0.6259672625 0.6281001984375 0.5679315484374999 0.6253720234375 0.56123511875 0.6236359125 0.5337053578125 0.6226438484375001 0.49650297656250003 0.6189236109375 0.49129464375000004 0.6196676578125 0.48955853281249995 0.6238839281249999 0.48807043749999995 0.64298115 0.49005456406250003 0.65166170625 0.489310515625 0.726810515625 0.49005456406250003 0.7486359125 0.48831845312500005 0.7630208328125001 0.48831845312500005 0.79923115 0.4907986109375 0.8423859125 0.4907986109375 0.8686755953125 0.49129464375000004 0.8743799593750001 0.49283671875 0.878125 0.49750165312499994 0.878125 0.5027033734375 0.8751240078125001 0.56396329375 0.8503224203125 0.6031498015625 0.83271329375 0.67061011875 0.8059275796875 0.684375 0.7990451390625 0.684375 0.7862965796875001 0.679538690625 0.7473958328125001 0.6646577390624999 0.6407490078125 0.6621775796875 0.6318204359374999 0.6587053578125 0.6308283734375
10 0.7270833328125 0.8540674609375 0.7352678578124999 0.8577876984374999 0.7424603171874999 0.859027778125 0.7521329359375001 0.859027778125 0.7712301593750001 0.8572916671874999 0.78759920625 0.8610119046874999 0.7995039687500001 0.8607638890625001 0.8332341265625001 0.855803571875 0.8453869046874999 0.8550595234374999 0.8639880953125001 0.8505952375 0.8736607140625001 0.8453869046874999 0.8806051593750001 0.8394345234374999 0.8855654765625001 0.8322420640624999 0.8917658734374999 0.8205853171874999 0.894494046875 0.8111607140625001 0.8952380953125001 0.8047123015625001 0.8947420640625001 0.7952876984375 0.8882936515625002 0.7503968249999999 0.8882936515625002 0.743204365625 0.8977182546875 0.7290674609375 0.8989583328125 0.7255952375 0.8989583328125 0.7181547625 0.89697420625 0.703273809375 0.8900297625 0.668303571875 0.884821428125 0.630853175 0.8833333328125 0.6273809531250001 0.8696924609375 0.615228175 0.8674603171874999 0.6107638890625 0.8610119046874999 0.5676091265625 0.8582837296874999 0.55595238125 0.85282738125 0.543303571875 0.8481150796874999 0.5363591265625 0.8421626984374999 0.5301587296875 0.8337301593750001 0.5242063484375 0.8275297625 0.521478175 0.81612103125 0.519494046875 0.802976190625 0.5197420640625 0.7503968249999999 0.5271825390625 0.71220238125 0.53115079375 0.6958333328125 0.5338789687500001 0.6869047625 0.537847221875 0.6618551593750001 0.556696428125 0.6571428578124999 0.5611607140625 0.6544146828125 0.565873015625 0.65615079375 0.5867063484375 0.6658234125 0.6581349203125 0.6700396828125 0.681696428125 0.6878968249999999 0.8205853171874999 0.6898809531250001 0.8332341265625001 0.6926091265625001 0.837946428125 0.6953373015625 0.840674603125 0.69930555625 0.8426587296875001 0.70625 0.8424107140625001 0.712450396875 0.8448908734374999 0.7181547625 0.8458829359375001 0.7270833328125 0.8540674609375
7 1 0.61015385625 0.999652778125 0.6100198406249999 0.993204365625 0.6100198406249999 0.98427579375 0.6115079359375 0.974851190625 0.6105158734375 0.9557539687500001 0.6023313484375 0.940625 0.5919146828125 0.9321924609375 0.5891865078125 0.9227678578125001 0.5886904765625001 0.918799603125 0.58993055625 0.9113591265625001 0.5963789687500001 0.9001984125 0.6147321421875 0.8952380953125001 0.628125 0.89424603125 0.634821428125 0.893998015625 0.647222221875 0.8959821421874998 0.65987103125 0.903670634375 0.6792162703125 0.9108630953125001 0.690625 0.927976190625 0.708978175 0.9698908734374999 0.7429563484375 0.9924603171874999 0.7637896828125 1 0.7695160234375 1 0.61015385625
3 1 0.46875 0.9599152437499999 0.46875 0.946825396875 0.4884920640625 0.9351686515625002 0.503373015625 0.92822420625 0.5140376984375 0.9237599203125001 0.524950396875 0.919295634375 0.546527778125 0.919295634375 0.55967261875 0.9207837296874999 0.56612103125 0.9289682546875 0.5805059531250001 0.9403769843750001 0.5926587296875 0.9421130953125001 0.596875 0.9455853171874999 0.6015873015625 0.9552579359374999 0.606299603125 0.9783234125 0.6122519843750001 0.99990079375 0.6102678578124999 1 0.6102287765625001 1 0.46875
7 1 0.7681952828125 0.9956845234374999 0.765277778125 0.988244046875 0.7573412703125 0.98154761875 0.7526289687500001 0.97237103125 0.74345238125 0.9525297625 0.727579365625 0.9361607140625001 0.712946428125 0.9227678578125001 0.702777778125 0.918303571875 0.6985615078125 0.9133432546875 0.6918650796875 0.8992063484374999 0.668303571875 0.8954861109374999 0.6658234125 0.893998015625 0.6658234125 0.8917658734374999 0.672023809375 0.8917658734374999 0.6767361109375 0.8992063484374999 0.7169146828125 0.8992063484374999 0.7228670640624999 0.8954861109374999 0.73154761875 0.890773809375 0.7372519843750001 0.88779761875 0.7456845234375 0.8954861109374999 0.7997519843750001 0.8979662703125001 0.8076884921874999 0.9086309531250001 0.8248015875 0.9165674609375 0.8334821421875 0.940873015625 0.865476190625 0.958978175 0.8863095234374999 0.9738591265625001 0.9078869046874999 0.9889880953125001 0.9235119046874999 0.9946924609375 0.927728175 1 0.9305025703125 1 0.7681952828125