5 0.51875 0.22819485312499999 0.42091895468749996 0.2251045875 0.40532830156250005 0.225619303125 0.3974269359375 0.2291150140625 0.4106205640625 0.2591202078125 0.433360478125 0.3421023265625 0.45284216875 0.346875 0.458422675 0.346875 0.49439384531249997 0.3227103984375 0.5104012703125 0.3247117421875 0.51875 0.3160202171875 0.51875 0.22819485312499999
9 0.51875 0.56875 0.51875 0.3088407 0.51237294375 0.3169275 0.4941485046875 0.31860745 0.45798323593749996 0.34074500625000004 0.4382569421875 0.3364610359375 0.4314480484375 0.3279351421875 0.4234751484375 0.3061764953125 0.41327784375 0.3035686078125 0.3874282640625 0.3429913875 0.339038590625 0.406134046875 0.3020792421875 0.4281319296875 0.27280917968749996 0.4531108078125 0.23067846875 0.5385248953125 0.2237290265625 0.561730059375 0.22827304843750001 0.56875 0.51875 0.56875
1 0.51875 0.327785134375 0.5768229171875 0.31302083281250004 0.64765625 0.3026041671875 0.6484375 0.30130208281250004 0.6484375 0.296875 0.63984375 0.2625 0.63515625 0.23177083281250002 0.626302084375 0.23020833281250003 0.5799479171875 0.2359375 0.51875 0.2476740859375 0.51875 0.327785134375
5 0.51875 0 0.51875 0.11705729218750001 0.51953125 0.11796875 0.5200520828124999 0.12473958437499999 0.52578125 0.12890625 0.5294270828125 0.12890625 0.5518229156250001 0.11432291718750001 0.5596354156250001 0.11223958437499999 0.570572915625 0.14453125 0.578385415625 0.1484375 0.5799479187500001 0.1484375 0.59140625 0.1455729171875 0.60703125 0.13671875 0.6184895828125 0.123177084375 0.623697915625 0.11067708437499998 0.6559895828125 0.08515625 0.664322915625 0.08203125 0.71015625 0.079427084375 0.7234375 0.0750000015625 0.7234375 0.0315163359375 0.6778645828125 0.032552084375 0.675260415625 0.021614584375000002 0.66015625 0.0049479171874999995 0.6665885421875 0 0.51875 0
1 0.51875 0.2300480765625 0.5526041671875 0.23125 0.5520833328125 0.171875 0.51875 0.1673442546875 0.51875 0.2300480765625
6 0.609375 0.17916666718750002 0.5994791671875 0.1859375 0.5994791671875 0.20052083281250002 0.6036458328125 0.21770833281250002 0.6041666671875 0.23125 0.6322916671875001 0.23125 0.6401041671875001 0.26614583281250004 0.6536458328125 0.27395833281250004 0.6651041671875 0.2864583328125 0.671875 0.2890625 0.6864583328125 0.28958333281250004 0.6901041671875 0.2864583328125 0.6911458328125 0.28177083281250004 0.6979166671875 0.2791666671875 0.7036458328124999 0.2697916671875 0.7151041671875 0.25833333281250004 0.7177083328125 0.2484375 0.7322916671874999 0.23072916718749997 0.7401041671874999 0.2171875 0.753125 0.1875 0.7557291671874999 0.17916666718750002 0.7557291671874999 0.1697916671875 0.7630208328125001 0.1552083328125 0.7661458328125 0.13333333281249998 0.7703125 0.121875 0.7703125 0.11614583281249999 0.7635416671874999 0.09322916718749999 0.7604166671874999 0.08645833281250001 0.753125 0.0802083328125 0.7328125 0.0703125 0.7088541671875 0.10052083281249999 0.7015625 0.10625 0.6885416671875 0.128125 0.6838541671875 0.1328125 0.6671875 0.14114583281249998 0.6619791671875 0.1520833328125 0.6520833328125 0.1630208328125 0.646875 0.16354166718750002 0.6390625 0.159375 0.6359375 0.1598958328125 0.6328125 0.1640625 0.6302083328125 0.1744791671875 0.609375 0.17916666718750002
1 0.18134136875 0.56875 0.18370586718749998 0.5771349421874999 0.217146446875 0.6209549546875001 0.2271168703125 0.6428142421875 0.23386988125000002 0.6508820734375 0.24608501718750003 0.6593964125 0.258372575 0.6625 0.27963270156250003 0.6625 0.293271228125 0.6577420875 0.311452103125 0.6451987984375 0.3232241 0.6316305546875001 0.33144084375 0.613262203125 0.3328125 0.6021814390625 0.3328125 0.5945171125 0.327111671875 0.573826134375 0.3230191375 0.56875 0.18134136875 0.56875
10 1 1 1 0.89709348125 0.953854675 0.873461003125 0.8766659296875 0.839085225 0.8109271609375 0.8033711390625001 0.7706485921875 0.786884728125 0.6869945859375 0.7446859859374999 0.660971915625 0.7335980671875 0.6567824250000001 0.7366108812500001 0.6526446625 0.74870091875 0.5999950390625 1 1 1
10 1 0.8109177171875 0.9038015890625001 0.7859245406250001 0.8682620515625 0.775444359375 0.863374315625 0.7724832687500001 0.8607752796874999 0.7631991578124999 0.8630445828125 0.7437581203125 0.8859639218750001 0.6764870875 0.8950088171875 0.6416199390624999 0.9001422328124999 0.629413528125 0.8991789078125001 0.625489115625 0.893793346875 0.6225862140625 0.879446934375 0.6207306859375 0.8585382828125001 0.6231745562500001 0.738019371875 0.61959928125 0.733538946875 0.62012296875 0.7279723578125 0.6243059921875 0.7114730171875 0.6428871515625 0.675345146875 0.67486433125 0.6624210953125 0.68949521875 0.6503504546875 0.698475465625 0.6491349875 0.7182979515625 0.6569450234375 0.728991490625 0.674886121875 0.7400147578125 0.71346433125 0.7592230390625 0.7792936109374999 0.791394165625 0.806867946875 0.8028053484375001 0.82641889375 0.8146497 0.8949118625000001 0.848023365625 0.948011046875 0.87058065 1 0.897022609375 1 0.8109177171875
10 0.9651778890625 0.56875 0.9648659437500001 0.5744135531250001 0.9589825609375 0.610425053125 0.9551680578124999 0.620963425 0.9359274453124999 0.624726209375 0.9055342578125 0.623737028125 0.8984741953125 0.6280946140625 0.8615511093749999 0.7439326828125 0.8583766671875 0.75994713125 0.8608270015624999 0.7722763828125 0.9903390953125001 0.8096197078125 1 0.8119336718750001 1 0.6028985625 0.9935523046875 0.586704009375 0.9850447640625 0.56875 0.9651778890625 0.56875
10 0.51875 0.8070277375 0.5599273421875 0.818548284375 0.56844855625 0.818056921875 0.57621333125 0.8110938375 0.6023717671875 0.7585829921875 0.6647550453125 0.6231163937499999 0.6630611484375 0.6172588671875 0.647486334375 0.6135284140625 0.613226921875 0.61400038125 0.609418884375 0.6159593546875 0.6092637187500001 0.62758389375 0.5982469171875 0.6369455921875 0.550119525 0.6612420421875 0.5356825984375 0.6629294781249999 0.540499225 0.7214077546875 0.5400272625 0.7260045546875 0.5377708859375 0.7282867921875 0.5310922734375 0.731590540625 0.51875 0.733033146875 0.51875 0.8070277375