1 0 0 0 0.360882778125 0.02433981875 0.3619791671875 0.042196962500000004 0.364459325 0.1074251359375 0.36619543593750004 0.1166017234375 0.3671875 0.1670729515625 0.3671875 0.1800937875 0.3659474203125 0.20043108906249998 0.366939484375 0.20811958125 0.3664434515625 0.21431997812499998 0.3594990078125 0.21754418437499998 0.3500744046875 0.22002434218750003 0.23697916718749998 0.2225045015625 0.19357638906250002 0.22523267656249998 0.083457340625 0.227216803125 0.04873511875 0.226720771875 0.0164930546875 0.2272116359375 0 0 0
1 0.384375 0.41875 0.384375 0.3983941578125 0.38297370937499997 0.340240575 0.374293153125 0.162909228125 0.3718129953125 0.0847842265625 0.271366565625 0.0885044640625 0.276326884375 0.17158978125 0.2825272796875 0.23235367031249998 0.2825272796875 0.3452008921875 0.2812872015625 0.3923239078125 0.282087990625 0.41875 0.384375 0.41875
2 0 0.41875 0.10979602343749999 0.41875 0.183928571875 0.398487103125 0.196875 0.3704365078125 0.196875 0.36620275625 0 0.361899478125 0 0.41875
3 0.409375 0 0.409375 0.41875 0.5630025625 0.41875 0.5618799609374999 0.38555307656250004 0.5616319453124999 0.31437252031249996 0.5596478171875 0.28634672656250004 0.5593998015625 0.240463790625 0.557415675 0.22459077500000002 0.5519593265625 0.1983010921875 0.54501488125 0.17473958437499998 0.5194692468750001 0.11223958437499999 0.5145089296875 0.09463045625 0.501612103125 0.05767609218750001 0.4844990078125 0.015513393750000002 0.48010151093750003 0 0.409375 0
7 0.2545945015625 0.7971394468749999 0.3405958140625 0.83422893125 0.35725578125 0.8297002953125 0.360519678125 0.8297002953125 0.36345474375000003 0.834132625 0.36556129375 0.834375 0.3684235796875 0.834375 0.3734375 0.82068406875 0.3734375 0.8172612906250001 0.367069434375 0.8147575671875 0.3637040234375 0.8146227390625 0.356943634375 0.8019700750000001 0.3471584859375 0.7896709171875 0.31555524375 0.77590485625 0.264194946875 0.75625 0.26355323125 0.75625 0.26150217656249997 0.7569393062499999 0.25152775625 0.771586878125 0.2487847734375 0.77912660625 0.2545945015625 0.7971394468749999
7 0.28073755 0.6551071046875 0.27234422343750003 0.6602050281249999 0.24545031874999998 0.70376754375 0.2345172734375 0.7187726828125001 0.2313443375 0.7262755859375 0.2312852109375 0.7335521734375 0.23572736718749998 0.739140084375 0.241720009375 0.743755659375 0.2458231375 0.7465066312499999 0.2472735984375 0.746875 0.2622256234375 0.746875 0.267984640625 0.7421290328125 0.2851636140625 0.7063818828125 0.28985150625 0.7027335156250001 0.30152732968749996 0.6887654453125001 0.3062432515625 0.68049834375 0.307670246875 0.6715040359375 0.30604028125 0.6624498828125001 0.3078125 0.6599027671875 0.3078125 0.6512483281250001 0.302659925 0.6470327359375 0.2976196828125 0.6462455046875 0.29160911718750004 0.6523094421875 0.28073755 0.6551071046875
7 0.321728515625 0.831396484375 0.316357421875 0.834814453125 0.300732421875 0.833837890625 0.297314453125 0.830419921875 0.246533203125 0.832373046875 0.223095703125 0.834814453125 0.217724609375 0.836767578125 0.216748046875 0.839208984375 0.216748046875 0.850439453125 0.222119140625 0.860693359375 0.230419921875 0.860205078125 0.255322265625 0.866064453125 0.265087890625 0.872412109375 0.26939453125 0.8734375 0.2786328125 0.8734375 0.279248046875 0.872412109375 0.280712890625 0.863623046875 0.289501953125 0.859716796875 0.291455078125 0.856787109375 0.312939453125 0.859228515625 0.328564453125 0.868994140625 0.331982421875 0.868505859375 0.346142578125 0.858740234375 0.3578125 0.8461726265625 0.3578125 0.843017578125 0.355908203125 0.839208984375 0.337841796875 0.840673828125 0.333935546875 0.836767578125 0.321728515625 0.831396484375
0 0.19423828125 0.72470703125 0.18251953125 0.7271484375 0.16640625 0.71787109375 0.15908203125 0.72958984375 0.15322265625 0.7515625 0.152734375 0.75888671875 0.1556640625 0.76767578125 0.160546875 0.77109375 0.1673828125 0.76962890625 0.1732421875 0.76572265625 0.2064453125 0.765234375 0.211328125 0.7525390625 0.21328125 0.7359375 0.2083984375 0.72568359375 0.2044921875 0.72177734375 0.19765625 0.72080078125 0.19423828125 0.72470703125
7 0.17421875 0.68515625 0.16884765625 0.68857421875 0.16298828125 0.69638671875 0.1634765625 0.70712890625 0.1703125 0.7193359375 0.20302734375 0.7212890625 0.22353515625 0.71005859375 0.2376953125 0.70615234375 0.250390625 0.69638671875 0.2591796875 0.68271484375 0.26552734375 0.67734375 0.2689453125 0.665625 0.26259765625 0.65830078125 0.2357421875 0.65634765625 0.17421875 0.68515625
7 0.36318359375 0.81796875 0.36025390625 0.80478515625 0.34560546875 0.78525390625 0.336328125 0.7662109375 0.31240234375 0.7291015625 0.30068359375 0.71982421875 0.28701171875 0.71298828125 0.2806640625 0.70615234375 0.28115234375 0.7017578125 0.2748046875 0.69296875 0.26748046875 0.69248046875 0.25869140625 0.69833984375 0.258203125 0.70810546875 0.26650390625 0.71884765625 0.2728515625 0.75302734375 0.285546875 0.7720703125 0.29140625 0.784765625 0.3080078125 0.80478515625 0.31435546875 0.819921875 0.32119140625 0.82333984375 0.3275390625 0.8306640625 0.3353515625 0.835546875 0.3568359375 0.82626953125 0.36318359375 0.81796875
0 0.409375 0.7462134578125 0.40517578125 0.74228515625 0.39052734375 0.7359375 0.38662109375 0.7359375 0.37587890625 0.7427734375 0.37001953125 0.749609375 0.3685546875 0.757421875 0.3744140625 0.77451171875 0.409375 0.80947265625 0.409375 0.7462134578125
7 0.32705078125 0.8521484375 0.316796875 0.83798828125 0.3177734375 0.82578125 0.31484375 0.82138671875 0.30703125 0.8189453125 0.29873046875 0.8208984375 0.29482421875 0.83603515625 0.28603515625 0.843359375 0.28115234375 0.85166015625 0.2767578125 0.8765625 0.27041015625 0.93564453125 0.26796875 0.94296875 0.2689453125 0.960546875 0.27236328125 0.9654296875 0.28505859375 0.9634765625 0.3138671875 0.96982421875 0.31826171875 0.964453125 0.32119140625 0.9478515625 0.32314453125 0.90244140625 0.32705078125 0.88681640625 0.32900390625 0.86337890625 0.32705078125 0.8521484375
0 0.19033203125 0.7662109375 0.1498046875 0.77255859375 0.146875 0.77548828125 0.1400390625 0.77744140625 0.1400390625 0.78818359375 0.14150390625 0.80869140625 0.1517578125 0.8140625 0.19228515625 0.8130859375 0.24599609375 0.80625 0.2474609375 0.7818359375 0.24501953125 0.776953125 0.24404296875 0.7671875 0.24111328125 0.76376953125 0.19033203125 0.7662109375
7 0.24654749687500002 0.8646431921875 0.22558976875 0.8596534968749999 0.21413705625 0.8635157546875 0.2064958703125 0.8738276921875 0.204015478125 0.8883228750000001 0.20616501562499998 0.8997173140625 0.2153437984375 0.9090165734374999 0.2304410125 0.9125372171875 0.25997683125000004 0.9219072421875001 0.2725361671875 0.9224499546875 0.27542886875 0.8877248390624999 0.2750835921875 0.87799745 0.24654749687500002 0.8646431921875
7 0.409375 0.8524197796875 0.380368425 0.8250821187499999 0.3746327546875 0.8268131234375 0.3282284234375 0.8758629203125 0.32256521718750003 0.9110241968749999 0.321632940625 0.9423907984375 0.33794681249999997 0.9398732546874999 0.3504175609375 0.92985915625 0.3506679265625 0.924024153125 0.3541627203125 0.9254764734375 0.401871028125 0.8822747812500001 0.409375 0.8727404359375001 0.409375 0.8524197796875
7 0.2856011375 0.71075374375 0.301005259375 0.7206197515625 0.3120129796875 0.7289715375 0.32544243125 0.749026590625 0.33806955625 0.76850935625 0.34614844218749996 0.7868441515625 0.3581962109375 0.79734524375 0.37459735781250003 0.8153978000000001 0.3741102140625 0.8184708046875 0.3820323390625 0.826045903125 0.4016716640625 0.8106291046875 0.39411468125 0.7996875203125 0.3916815828125 0.8015430890624999 0.37721385625 0.7804731546875 0.3659556671875 0.752898946875 0.3458011359375 0.7289957546875 0.3134040921875 0.69220104375 0.29148779999999996 0.70790263125 0.2856011375 0.71075374375
7 0.3746881453125 0.7444869328125 0.38033285 0.74024208125 0.38647216875 0.73663176875 0.3924698484375 0.7366331078125 0.39441475000000004 0.7352926390625 0.3982251625 0.73023515625 0.3972104984375 0.72348616875 0.3876228296875 0.7091425265625 0.359764625 0.6755943390625 0.3512905921875 0.6648650609375 0.3381660203125 0.6578497375 0.3290314015625 0.655688165625 0.32644119531250004 0.6541357140625 0.327147965625 0.6523069015624999 0.32187031718750003 0.647023921875 0.3158336796875 0.6480908875 0.31075565156249996 0.651920003125 0.3084204046875 0.6565994390625 0.311658646875 0.6623428390624999 0.31329225156249996 0.6608612218750001 0.315670903125 0.6640313203125 0.31338856718749997 0.6730804984375001 0.31356722187499997 0.6843032843750001 0.3158349234375 0.6894196156250001 0.3324962640625 0.711840203125 0.358557325 0.743028584375 0.3671613671875 0.753773490625 0.3688228578125 0.7506648453125 0.3746881453125 0.7444869328125
7 0.39082948906250004 0.947303975 0.3996388984375 0.9431954874999999 0.3991394765625 0.9325490000000001 0.3921479546875 0.909194465625 0.3865025203125 0.900713059375 0.3719041171875 0.9109196546875001 0.354891946875 0.9257474875 0.351932546875 0.9255561312499999 0.350478696875 0.929787065625 0.33973950625 0.9399825312499999 0.32151156875 0.942321121875 0.32141723125 0.964524953125 0.33348436718749996 0.96050786875 0.353861909375 0.9537579203125001 0.3689314078125 0.952333828125 0.39082948906250004 0.947303975
5 0.70078125 0.5640625 0.6958984375 0.5630859375 0.68515625 0.56650390625 0.67392578125 0.57529296875 0.66123046875 0.58017578125 0.65244140625 0.5806640625 0.624609375 0.5982421875 0.6158203125 0.6080078125 0.6099609375 0.62607421875 0.593359375 0.63779296875 0.59140625 0.63828125 0.59091796875 0.63583984375 0.59384765625 0.62314453125 0.58896484375 0.6158203125 0.5884765625 0.603125 0.5787109375 0.605078125 0.57236328125 0.61240234375 0.569921875 0.6236328125 0.5669921875 0.62705078125 0.5669921875 0.6451171875 0.55283203125 0.65341796875 0.550390625 0.66611328125 0.55478515625 0.6734375 0.56650390625 0.683203125 0.5728515625 0.68662109375 0.58359375 0.68564453125 0.573828125 0.7115234375 0.573828125 0.7173828125 0.58017578125 0.72763671875 0.5748046875 0.7330078125 0.56748046875 0.7359375 0.569921875 0.741796875 0.5765625 0.7484375 0.57759765625 0.7484375 0.59775390625 0.74375 0.601171875 0.74033203125 0.60751953125 0.72421875 0.6158203125 0.6822265625 0.63583984375 0.66123046875 0.65048828125 0.65 0.68564453125 0.63095703125 0.6900390625 0.6255859375 0.70712890625 0.61337890625 0.71787109375 0.608984375 0.721875 0.5983072921875 0.721875 0.580078125 0.72177734375 0.57578125 0.714453125 0.57431640625 0.70859375 0.57626953125 0.70078125 0.5640625
5 0.8015625 0.546217903125 0.7888671875 0.536940559375 0.78056640625 0.541335090625 0.778125 0.549635871875 0.77470703125 0.545729621875 0.77177734375 0.545241340625 0.76640625 0.546706184375 0.76201171875 0.551100715625 0.75078125 0.549147590625 0.74248046875 0.552077278125 0.7400390625 0.556960090625 0.7341796875 0.561842903125 0.72880859375 0.574049934375 0.72392578125 0.576491340625 0.7224609375 0.581374153125 0.7224609375 0.593581184375 0.71806640625 0.618971809375 0.72685546875 0.624831184375 0.733203125 0.636549934375 0.75029296875 0.643385871875 0.7556640625 0.642897590625 0.7595703125 0.649733528125 0.76640625 0.653151496875 0.76103515625 0.663893684375 0.7615234375 0.672682746875 0.7656051265625 0.678125 0.7665436515625 0.678125 0.77177734375 0.674635871875 0.77568359375 0.667799934375 0.78154296875 0.664381965625 0.791796875 0.652174934375 0.81083984375 0.647292121875 0.8201171875 0.639479621875 0.8181640625 0.626296028125 0.821875 0.6032057500000001 0.821875 0.5933468093750001 0.8201171875 0.578932746875 0.8083984375 0.559401496875 0.8025390625 0.554518684375 0.8015625 0.546217903125
5 0.6544921875 0.723828125 0.6486328125 0.727734375 0.64228515625 0.73505859375 0.6427734375 0.74384765625 0.63349609375 0.758984375 0.63544921875 0.766796875 0.62666015625 0.76630859375 0.6466796875 0.78291015625 0.65009765625 0.78388671875 0.66083984375 0.79853515625 0.66572265625 0.80146484375 0.6828125 0.80048828125 0.68916015625 0.794140625 0.69306640625 0.7755859375 0.69306640625 0.76484375 0.68818359375 0.74775390625 0.69990234375 0.74775390625 0.70087890625 0.7560546875 0.70478515625 0.75751953125 0.71748046875 0.7443359375 0.7203125 0.7379638671875 0.7203125 0.7325032546875001 0.71845703125 0.72724609375 0.7140625 0.72431640625 0.67744140625 0.72041015625 0.6544921875 0.723828125
5 0.89345703125 0.7306640625 0.88857421875 0.7228515625 0.87880859375 0.7130859375 0.844140625 0.71162109375 0.82265625 0.712109375 0.8197265625 0.71357421875 0.8314453125 0.74921875 0.83779296875 0.74970703125 0.840234375 0.74677734375 0.84462890625 0.74677734375 0.8509765625 0.753125 0.8607421875 0.7482421875 0.8685546875 0.747265625 0.883203125 0.739453125 0.89345703125 0.7306640625
5 0.82021484375 0.69404296875 0.820703125 0.6984375 0.81826171875 0.70478515625 0.8197265625 0.71259765625 0.875390625 0.7130859375 0.8802734375 0.71455078125 0.88515625 0.7189453125 0.89052734375 0.7189453125 0.90908203125 0.69208984375 0.90908203125 0.68720703125 0.9017578125 0.66962890625 0.88466796875 0.6447265625 0.8734375 0.63544921875 0.86513671875 0.633984375 0.8607421875 0.63984375 0.85244140625 0.64423828125 0.84609375 0.6515625 0.83974609375 0.6544921875 0.8373046875 0.66328125 0.83876953125 0.67109375 0.83681640625 0.6740234375 0.8314453125 0.6759765625 0.83095703125 0.680859375 0.824609375 0.68525390625 0.82021484375 0.69404296875
5 0.74111328125 0.76240234375 0.7455078125 0.77314453125 0.75234375 0.7794921875 0.7962890625 0.78486328125 0.82265625 0.770703125 0.832421875 0.7609375 0.83388671875 0.7453125 0.8255859375 0.7140625 0.8080078125 0.7013671875 0.7884765625 0.70087890625 0.77822265625 0.70478515625 0.76796875 0.7140625 0.76015625 0.71650390625 0.758203125 0.719921875 0.7513671875 0.72333984375 0.74453125 0.73310546875 0.74404296875 0.7384765625 0.7484375 0.743359375 0.7484375 0.747265625 0.742578125 0.751171875 0.74111328125 0.76240234375
5 0.58583984375 0.76484375 0.58779296875 0.7716796875 0.5892578125 0.7716796875 0.5921875 0.77021484375 0.5892578125 0.7658203125 0.590234375 0.76435546875 0.61513671875 0.75947265625 0.62197265625 0.747265625 0.6224609375 0.7375 0.62734375 0.73359375 0.6322265625 0.71552734375 0.64248046875 0.70283203125 0.6517578125 0.69794921875 0.65859375 0.69111328125 0.66689453125 0.673046875 0.6693359375 0.66328125 0.6693359375 0.6505859375 0.67177734375 0.645703125 0.66494140625 0.6427734375 0.6439453125 0.6544921875 0.61513671875 0.67939453125 0.609765625 0.69208984375 0.598046875 0.74287109375 0.58828125 0.74384765625 0.57021484375 0.75166015625 0.535546875 0.75556640625 0.53359375 0.75849609375 0.535546875 0.76337890625 0.54189453125 0.76826171875 0.58583984375 0.76484375
5 0.62197265625 0.80341796875 0.62197265625 0.79072265625 0.62001953125 0.78828125 0.6166015625 0.78828125 0.582421875 0.8009765625 0.58828125 0.8009765625 0.58779296875 0.80439453125 0.58486328125 0.805859375 0.58486328125 0.821484375 0.6107421875 0.821484375 0.61708984375 0.81708984375 0.61611328125 0.81416015625 0.62197265625 0.81171875 0.6234375 0.805859375 0.62197265625 0.80341796875
5 0.7630859375 0.69453125 0.76162109375 0.6876953125 0.7650390625 0.6818359375 0.76455078125 0.676953125 0.76064453125 0.67060546875 0.75234375 0.67060546875 0.742578125 0.66083984375 0.73134765625 0.66083984375 0.71669921875 0.653515625 0.7083984375 0.65302734375 0.7064453125 0.65107421875 0.703515625 0.6515625 0.699609375 0.6564453125 0.70009765625 0.6876953125 0.70400390625 0.7052734375 0.70791015625 0.71259765625 0.72646484375 0.72236328125 0.7357421875 0.7248046875 0.74208984375 0.72431640625 0.74990234375 0.712109375 0.7611328125 0.7033203125 0.7630859375 0.69453125
5 0.89052734375 0.653515625 0.891015625 0.64765625 0.898828125 0.64228515625 0.90078125 0.633984375 0.90712890625 0.62177734375 0.90712890625 0.614453125 0.90078125 0.58955078125 0.89638671875 0.58564453125 0.875390625 0.58369140625 0.86904296875 0.58125 0.8666015625 0.5783203125 0.848046875 0.57783203125 0.8412109375 0.5802734375 0.83779296875 0.58759765625 0.83828125 0.60126953125 0.83583984375 0.60322265625 0.83486328125 0.628125 0.83779296875 0.64521484375 0.84462890625 0.6515625 0.84853515625 0.65205078125 0.86416015625 0.64375 0.8734375 0.64423828125 0.89052734375 0.653515625