10 1 0.22777299218749997 0.9836328171875 0.1925822703125 0.8683887796875001 0.0489945640625 0.8280316031249999 0.0463431609375 0.792621984375 0.056136264062499996 0.7162849453125 0.057835875 0.6820158109375 0.078513153125 0.65869543125 0.0819762203125 0.6594557546875001 0.08923233750000001 0.6408928515625 0.10332588281249999 0.6657174953125 0.2185358015625 0.69416459375 0.2987717703125 0.762219471875 0.30496252031250004 0.8337990296875001 0.2926324328125 0.9589654890624999 0.2875078921875 0.9825682624999998 0.3041259921875 1 0.29991538125 1 0.22777299218749997
10 1 0.035652012500000003 0.8531659421875 0.008032990625 0.8169960015625 0.0105699765625 0.7870118734375 0.0199825296875 0.7815809203125 0.05508333125 0.8399307609375001 0.0381991015625 0.8618228046875 0.0384909390625 0.9248214296875 0.11813080000000001 0.962512015625 0.130106046875 1 0.1362752453125 1 0.035652012500000003
10 1 0.2956888515625 0.9914206640625001 0.301677715625 0.9710547265624999 0.281177859375 0.9563966687499998 0.280378625 0.8318004515625 0.29094525312499997 0.76602654375 0.3065228515625 0.7618338484375 0.3360547125 0.7674384984375 0.406928696875 0.88822595 0.46606895625 1 0.4582290453125 1 0.2956888515625
10 0.559375 0 0.559375 0.053263693749999994 0.607585040625 0.063632803125 0.613863165625 0.0887755109375 0.624904228125 0.0898284453125 0.6346147265625 0.07818317500000001 0.6169205578125 0 0.559375 0
10 0.559375 0.264367221875 0.55939086875 0.26436821718750003 0.581380684375 0.24820694375 0.6085081406249999 0.24630420625 0.6367760812500001 0.25528564062500003 0.65095620625 0.2689099296875 0.6581901953125 0.26840253125 0.6673304515625 0.251315175 0.665907575 0.22034983125 0.64535155625 0.1980359453125 0.559375 0.18132104843750002 0.559375 0.264367221875
10 0.559375 0.3836160125 0.59172643125 0.433872159375 0.6175178609375 0.45399146718749994 0.634652428125 0.44365283125 0.6478821515625001 0.4482069734375 0.647116365625 0.47567110625 0.6375424203125 0.483652078125 0.745699940625 0.47606583281250003 0.7349724 0.4621993765625 0.732132109375 0.36554843593749997 0.7364171171875 0.35428371406250003 0.7645927484375 0.34499801093750004 0.7627897125 0.3104046078125 0.7026368375 0.292695434375 0.6797020781249999 0.2650663109375 0.6636156859375 0.2680219828125 0.6389647390625 0.25878685 0.5792843359375001 0.2629728765625 0.559375 0.2724325984375 0.559375 0.3836160125
10 0.559375 0.1824369890625 0.6130864593750001 0.18568015 0.637547325 0.1931012546875 0.6572507109375 0.1898918828125 0.639942446875 0.0942557375 0.6812554890625 0.0712570359375 0.7502662296875 0.051797681250000005 0.7491257453125 0.040913504687500005 0.7364662656250001 0.0418014515625 0.559375 0.1179204953125 0.559375 0.1824369890625
10 0.010086096875 0.5796875 0.00802938125 0.5868787281250001 0 0.59657265625 0 0.729958565625 0.009860928125 0.717620884375 0.0156833953125 0.7143381421875 0.031871115625 0.7113569984375 0.045145703125 0.693002959375 0.06569478437500001 0.670422096875 0.0758446109375 0.66331994375 0.0870821328125 0.6597015984375 0.118685834375 0.6611143375 0.13469593124999998 0.6689776671875001 0.1555413296875 0.6735295296875 0.18266877343750001 0.6905933203125001 0.209417528125 0.7115914171875 0.226908375 0.7194978296875 0.231293178125 0.7176527531250001 0.2305410828125 0.7087538906249999 0.2237223671875 0.6947468515625 0.223377684375 0.68290085 0.237678725 0.6320277515624999 0.23511027499999998 0.628500859375 0.21767687656249998 0.622568778125 0.1894277265625 0.6178014875 0.1411910890625 0.60406880625 0.111446828125 0.598764846875 0.048171078125 0.5796875 0.010086096875 0.5796875
10 0 1 0.24092534375 1 0.2512067203125 0.9613627843749999 0.26074426875 0.9162690703124999 0.262172853125 0.897570346875 0.271268984375 0.8712040796875 0.28166972343749996 0.8049293640625 0.28698952968749997 0.7843712015625 0.28607945468749996 0.770042921875 0.27985485468750004 0.7595053265625 0.26766416875 0.7473146421875 0.1650199453125 0.6772574890625 0.14953215625 0.6703956875 0.1311690375 0.6664092171875 0.11666841562500001 0.6595761390625 0.097346853125 0.6565481125 0.0826398828125 0.6595723421875 0.069034975 0.6665739625 0.043708039062499995 0.694440625 0.0333231421875 0.7104129171875 0.009309896875 0.7156321890624999 0 0.7270327328125 0 1
10 0.559375 0.5796875 0.400562728125 0.5796875 0.40039039374999996 0.580048140625 0.39324895312499997 0.6227457484375 0.384366765625 0.7073117734375 0.38562680781249997 0.7167185828125 0.38860266875 0.7172983375 0.3996678515625 0.7077569890625 0.44072292968750004 0.6611145140625 0.4490420390625 0.6588907484375 0.46799927343750003 0.6663466640625 0.5093061 0.696152171875 0.5399317140625 0.7147972453125 0.559375 0.7307981875 0.559375 0.5796875
10 0.559375 0.7344817921875 0.5228339156249999 0.7034501078125001 0.4800319796875 0.6731079328125 0.46095984999999995 0.6617033484375 0.4460805375 0.658804578125 0.44024370937499996 0.6615937359374999 0.42445811874999995 0.6783952156249999 0.4206961546875 0.6846969062499999 0.388166534375 0.719258309375 0.35193239374999996 0.7620957359375 0.2770340046875 0.8659470031250001 0.262436646875 0.8896873750000001 0.2611856859375 0.8975416234375 0.2619952296875 0.9084148203125 0.2687277734375 0.9194603593749999 0.3563172671875 1 0.5295164265625 1 0.54843010625 0.9729700937500001 0.5518421046875 0.9715898765625 0.559375 0.9740138515625001 0.559375 0.7344817921875
10 0.2538218359375 0.5796875 0.23400293125 0.6412909421874999 0.22289846249999998 0.6833800703125 0.2248531515625 0.699711409375 0.241423359375 0.7268244921875 0.24651717343750001 0.7323975265625 0.26918800468750004 0.7488384765625 0.285020478125 0.76754628125 0.288791521875 0.778505646875 0.2883213796875 0.7962459265625 0.3023374984375 0.8203257 0.306271803125 0.8199470109375 0.31922514999999996 0.8075016109375 0.349565009375 0.7654790109375 0.3791044078125 0.72984426875 0.38350885468749996 0.7117253015625 0.3906986625 0.6537409703125 0.393546753125 0.5990824671875 0.39187690937499997 0.5796875 0.2538218359375 0.5796875
0 0.559375 0.82545378125 0.5749631625 0.8340143156250001 0.60148575625 0.8288497328125001 0.6378315328124999 0.7908111250000001 0.627899203125 0.7804384625 0.6063973484375 0.7755757843750001 0.5847863453125 0.7765823328125 0.559375 0.77375356875 0.559375 0.82545378125