3 0.272694 0.4422118390625 0.2615850328125 0.43860702968750004 0.24044728124999998 0.4414833890625 0.217232003125 0.453974215625 0.176501140625 0.45878997187500004 0.172673734375 0.46230509687500004 0.1698808953125 0.474342575 0.19781294062500002 0.48882727656249997 0.2190791296875 0.5173009609375 0.2399804546875 0.5332656578125 0.3643022046875 0.56486770625 0.3854627625 0.5627731578125 0.3955371578125 0.5578556140625001 0.4069965703125 0.546528425 0.4197269796875 0.5248825312500001 0.423950440625 0.5079990328124999 0.42328912343749997 0.48532649218749996 0.401421640625 0.46318487968750005 0.34912573281250003 0.4487595921875 0.3064853609375 0.44200332500000006 0.272694 0.4422118390625
3 0.6170394078125 0.3642194421875 0.6386020515624999 0.4028566765625 0.65459579375 0.412250525 0.661640925 0.43821151562500005 0.6665257046875 0.444000553125 0.67362483125 0.44486599375 0.6852438734375 0.4390114828125 0.690501903125 0.4306503359375 0.6848873953125 0.399843325 0.6847817625 0.3692750953125 0.6716036578125 0.3486255828125 0.6639800375 0.3297784734375 0.6511896046875 0.3224197578125 0.634754196875 0.3248306609375 0.62170453125 0.3355311921875 0.6170394078125 0.3642194421875
3 0.5975123546875001 0.4492636015625 0.6119842578125 0.4603762234375 0.6187101312500001 0.47539185 0.6275135328125 0.48079300937499997 0.6384172625 0.47736151250000003 0.6420850390624999 0.46837370624999997 0.639476990625 0.40590634843749995 0.621855771875 0.3676630453125 0.6122686484375001 0.3623394625 0.5997290578125 0.363580675 0.5951863421875 0.3695188125 0.595916071875 0.3945367859375 0.591707028125 0.43886126875000003 0.5975123546875001 0.4492636015625
3 0.5926275750000001 0.44347456406249997 0.5899031515625001 0.45785747656250003 0.5971535203125 0.49085477187500004 0.5960793734375 0.5348689515625 0.6074847921875 0.548637315625 0.6104060671875 0.5679498781250001 0.617596409375 0.5719425640625 0.6246499296875 0.57124438125 0.632304740625 0.56421413125 0.6284173078124999 0.5387246484375 0.632016675 0.5273914078125 0.6418630296875001 0.5146557453125 0.643689709375 0.49644135 0.6322614875 0.48189117656249997 0.6203231890625001 0.476800321875 0.61433543125 0.46014349687499995 0.5926275750000001 0.44347456406249997
3 0.669569384375 0.44056300156250006 0.6535756421875 0.4311691546875 0.6497626546874999 0.46212526406250004 0.651207696875 0.48472022968750006 0.6552403390625 0.4882414078125 0.660398765625 0.5034121859375 0.6683500296875 0.5065454875000001 0.6853099296875 0.5221162515625 0.691343296875 0.5403366984375 0.7002379140625 0.5488651046874999 0.7104035265624999 0.5470748078125001 0.7172062 0.537776696875 0.7153194953125 0.526986484375 0.7103891078125 0.5196338234375 0.7158235390625001 0.46342701249999996 0.7123093609375 0.4237873453125 0.6919097234375 0.4250225046875 0.687526634375 0.43643332343749996 0.6790196859375001 0.44119571406249997 0.669569384375 0.44056300156250006
3 0.4120782 0.586012940625 0.39031635 0.59443955625 0.3742230046875 0.6085776375 0.3585257125 0.6093473421875 0.3565166 0.62130724375 0.36165222343750003 0.6356962109375 0.414649025 0.620257503125 0.470316259375 0.61553143125 0.48043626250000004 0.6121775078125 0.47601595156250004 0.5953655312499999 0.4792732578125 0.5723051140625001 0.47501257499999994 0.5609658171875 0.47021901093749996 0.5583040265625 0.44361799218750003 0.562505228125 0.42120924375 0.575700290625 0.4120782 0.586012940625
3 0.241015025 0.541788009375 0.2485246265625 0.5567260609375 0.27861702187500004 0.591382715625 0.2929437109375 0.6244636406249999 0.301701503125 0.6283011765625 0.3363222015625 0.6295787078124999 0.356097740625 0.6338938062499999 0.360754478125 0.6318647296875 0.35688985 0.6071570578125 0.37334806249999997 0.605527965625 0.380310365625 0.6017025375 0.3785604828125 0.5956031953125 0.3688365359375 0.585588740625 0.32947627343749997 0.55655386875 0.25337218125 0.534292303125 0.2416619234375 0.537019565625 0.241015025 0.541788009375
3 0.42807797187499996 0.64950694375 0.43580119687499996 0.6448221281250001 0.4432279671875 0.629973759375 0.44309114374999997 0.6252828874999999 0.43348121562499997 0.61917749375 0.4107304046875 0.6206453796875 0.38189223125 0.6289883703125 0.4073134703125 0.63823311875 0.41535595000000003 0.644493665625 0.42641930625 0.6465348484375 0.42807797187499996 0.64950694375
3 0.6941264296874999 0.33933957812500004 0.6772037484375 0.3519916109375 0.6832371171875 0.370212059375 0.6833199453125001 0.3999984765625 0.6912400203125 0.4290091375 0.7198189609375001 0.4387253953125 0.7292152656249999 0.46445365625 0.7526958046875001 0.4880037453125 0.767540959375 0.4849661796875 0.775911084375 0.4755129171875 0.7747168859375 0.4615178828125 0.7680594203125 0.4488476921875 0.7750757187499999 0.4199267125 0.7729381703125 0.400536571875 0.738334246875 0.3459406953125 0.731882021875 0.34030680625 0.7112999515625 0.3352874734375 0.6941264296874999 0.33933957812500004
3 0.7659279046874999 0.48355770781249996 0.753365509375 0.48401710937500003 0.7427666187499999 0.47095298437500005 0.7393124656250001 0.460317928125 0.7243760953125 0.46022824218749997 0.715419096875 0.5034545578125 0.7259039671874999 0.5126096234374999 0.7394097125 0.5175453296875 0.748837209375 0.51739623125 0.7632635046875 0.5269452296875 0.776487215625 0.549158365625 0.7844612828125 0.5530734749999999 0.7961487359375 0.54956440625 0.8005090218750001 0.537371775 0.78970489375 0.517271346875 0.79147155 0.47005234375000005 0.7805534046875 0.4460428546875 0.770783846875 0.434464778125 0.76646916875 0.44822103125 0.7739787687499999 0.46315908281249996 0.772867403125 0.4789504671875 0.7659279046874999 0.48355770781249996
3 0.23365299374999998 0.424122328125 0.2339038359375 0.43272225625000005 0.2388342234375 0.44007491718749997 0.24833013125 0.44227125625 0.26006319218749996 0.4403258046875 0.26264240625 0.44791119375 0.269026221875 0.45119964531249995 0.303487290625 0.4470044984375 0.36184775468749997 0.45377287343750006 0.38890485468749997 0.46520790625 0.42923966093750004 0.47376052343749997 0.45028619843750006 0.46775691718749995 0.4402886 0.448360725 0.40546266875 0.44004688437499995 0.3823241890625 0.428223975 0.341274071875 0.422094365625 0.31668216562499996 0.414335665625 0.2892518125 0.4170508203125 0.2639902015625 0.413278753125 0.24204591875 0.415450875 0.23365299374999998 0.424122328125