0 0.26130036093750003 0 0.2777513171875 0.1498529 0.289045490625 0.2098171109375 0.3024182765625 0.23804254375 0.332131021875 0.25904699375 0.3699494828125 0.26875 0.397241559375 0.26875 0.40568297031249995 0.268472584375 0.451510121875 0.2518939078125 0.484129971875 0.22287473124999999 0.5015625 0.18186744531250001 0.5015625 0.1665592 0.5006965796875 0.14880636249999998 0.4836493671875 0.1062570796875 0.4162729234375 0 0.26130036093750003 0
0 0.1382402703125 0 0.1345099984375 0.012300296875 0.12163365781249999 0.031429670312500005 0.088485690625 0.151619725 0.0766781453125 0.21077307812499999 0.078003078125 0.23984303593749998 0.099553215625 0.27843132187499997 0.1383318859375 0.3060909765625 0.1738023453125 0.3140625 0.180623421875 0.3140625 0.233253746875 0.3103732328125 0.2760388984375 0.28671708281249997 0.288132075 0.27250308125 0.290625 0.264282846875 0.290625 0.2296524984375 0.2885547890625 0.1801244703125 0.2738275796875 0.0669357140625 0.262638809375 0.00817923125 0.2558827609375 0 0.1382402703125 0
0 0 0 0 0.296875 0.029480481250000003 0.296875 0.0369191390625 0.296635746875 0.06368054375 0.2838237703125 0.074358128125 0.2672787625 0.082385840625 0.1925938328125 0.1234375 0.0326793890625 0.1234375 0.026284371875 0.12047418750000001 0.004010853125 0.11803844062499999 0 0 0
0 0.6390625 0.175125421875 0.628828853125 0.160611640625 0.5918273234375 0.12553670156250002 0.5130957828125 0.02898568125 0.4974789109375 0.016714090625 0.48080901249999997 0.0109375 0.4771530890625 0.0109375 0.44153178437499996 0.0145602640625 0.43231512812500006 0.02006680625 0.43163736718749995 0.026189904687499998 0.453609125 0.06960910625 0.4827041859375 0.111313859375 0.4972364234375 0.1528243171875 0.49923911875 0.175771175 0.4950070796875 0.196724840625 0.47935962343750005 0.225769409375 0.46265811562500003 0.2427366828125 0.4635013578125 0.25239851875 0.48175335468749997 0.29486334687500004 0.5026710609375 0.32620525312500004 0.528347834375 0.3426321421875 0.5523248546875 0.3484375 0.5567594328125 0.3484375 0.5636028093750001 0.34380620156249997 0.5854997453124999 0.34470151250000003 0.609068415625 0.3369738125 0.6390625 0.31822473906250004 0.6390625 0.175125421875
0 0.5194253546875001 0.41875 0.525778840625 0.41191849999999997 0.537028778125 0.3880426625 0.533821296875 0.365180253125 0.524333753125 0.3536941265625 0.52458989375 0.34274011249999997 0.4945609328125 0.3181124734375 0.46807150625 0.2507075890625 0.45219849375 0.2493900140625 0.405271959375 0.267260875 0.3395811515625 0.26457494375 0.336493821875 0.27086695 0.34191480625000004 0.3190916734375 0.3541576265625 0.3899254484375 0.36453460625 0.41875 0.5194253546875001 0.41875
0 0.298551128125 0.41875 0.30728398281249997 0.4075970640625 0.3136093765625 0.382851303125 0.31055262968749997 0.3478271484375 0.2902831890625 0.254468778125 0.263898075 0.285481146875 0.221112921875 0.3091372984375 0.179050859375 0.3133008734375 0.13352517656250001 0.305556053125 0.124187275 0.379117709375 0.12597915937499998 0.39964910625 0.1372438453125 0.403719953125 0.148827828125 0.41875 0.298551128125 0.41875
0 0 0.41875 0.1169974421875 0.41875 0.11965791249999999 0.415889365625 0.1242061671875 0.398558890625 0.1276402953125 0.3545739109375 0.1207130578125 0.33075713281249997 0.1307128765625 0.320335225 0.13125 0.31455462968750003 0.13125 0.30640023437499997 0.10749100781250001 0.2903699515625 0.0872057296875 0.26627442343749996 0.07515788125 0.2671189484375 0.049450525 0.29200822187500003 0 0.296844303125 0 0.41875
6 1 0 0.8702595328125 0 0.8664043875 0.010091984375 0.8630222234375001 0.0337889328125 0.8604856484375001 0.05325431562500001 0.84611146875 0.0854144625 0.8342739921875 0.11503565625 0.8435748953125 0.1429642671875 0.8232819765624999 0.148042109375 0.7886149437500001 0.1455031578125 0.7649398625 0.1429642671875 0.7376163984375 0.1589930328125 0.7370371578125 0.16073690937500001 0.751411271875 0.18697284218750002 0.7581756000000001 0.19797505625 0.771704190625 0.2098234515625 0.7936881578125 0.224210928125 0.8063712234375 0.2335204328125 0.8232819765624999 0.2504468296875 0.8427293703125001 0.2631416265625 0.8697865499999999 0.27583642343750003 0.89599820625 0.2817606359375 0.9272830750000001 0.288531221875 0.9421453703125 0.2890625 0.9528465781250001 0.2890625 0.9763242875 0.28514592968749997 1 0.2830550015625 1 0.21144040937500003 0.9949260921875 0.2022066578125 0.9932350421875 0.18528025937499998 0.9898529421875001 0.159890665625 1 0.1372339671875 1 0
2 0.668784378125 0 0.6694221515625001 0.0004965062499999999 0.6793980390625001 0.0074426578125000005 0.693277503125 0.021335010937500003 0.7097593953125 0.0426075765625 0.7158316734375 0.052158562500000005 0.705422059375 0.0634460625 0.7793574624999999 0.1125 0.7818419890625 0.1125 0.82634735 0 0.668784378125 0
2 0.6390625 0 0.6390625 0.172384421875 0.6502876109375 0.1796875 0.6576248687499999 0.1796875 0.6705709390625 0.177276703125 0.6861853453125 0.167725734375 0.69963108125 0.14515071562499998 0.7065708468749999 0.10848072499999999 0.7065708468749999 0.1037052484375 0.7065708468749999 0.1019687046875 0.7039684187499999 0.098929771875 0.700932296875 0.0941542953125 0.6987636265624999 0.085905725 0.6987636265624999 0.0711451328125 0.688787740625 0.0728816796875 0.6970286859375 0.06897445937499999 0.7057033578125 0.061594181250000005 0.7125 0.0580136953125 0.7125 0.0517388421875 0.7091732421875 0.0446629125 0.700932296875 0.034677798437500004 0.6896552265625 0.02512684375 0.6792456125 0.015575907812500001 0.6688359984375001 0.0055907734375 0.661854 0 0.6390625 0
2 0.6390625 0.3509894046875 0.6784013843750001 0.35873534218750003 0.694031709375 0.35873534218750003 0.7130598734375 0.36145623125 0.73412679375 0.367578053125 0.7613099296875 0.37914155156249996 0.78441560625 0.384583228125 0.8099878953124999 0.3890625 0.8171424890625 0.3890625 0.8224719859375 0.38254258750000003 0.8306269578125001 0.35873534218750003 0.838781878125 0.3301666671875 0.84489809375 0.30703961875 0.8503347421875 0.277790721875 0.8515625 0.2673449609375 0.8515625 0.2661315609375 0.8367431734374999 0.2553438953125 0.8136374984374999 0.2403793359375 0.7918909578125 0.22949600781249999 0.7694649015625 0.2118106359375 0.7579120375 0.196846075 0.74839798125 0.1866429703125 0.7382043046875 0.175079459375 0.7280106296875 0.1709982140625 0.7117007375 0.1682773890625 0.7015070609375 0.16691699531249998 0.687235925 0.16759717968750001 0.6716056 0.17575965468750002 0.652577384375 0.1818815296875 0.6390625 0.17388805624999998 0.6390625 0.3509894046875
9 1 0.2843073515625 0.9877348015624999 0.2893486078125 0.9739471562500001 0.290438121875 0.9492745656249999 0.291527609375 0.932947103125 0.290074959375 0.9158939609375001 0.2864432796875 0.9060974953125001 0.2853537640625 0.890858515625 0.2835379234375 0.8752567359375 0.2817220828125 0.85638943125 0.27336920625 0.8513097984375 0.27336920625 0.8473186203124999 0.292617125 0.8320784187499999 0.366557321875 0.8809271421875 0.390625 0.9070746296875001 0.390625 0.9311455421874999 0.3844472765625 0.9549307859375 0.3830868578125 0.9725997625 0.3837670546875 0.9834730593749998 0.3844472765625 0.9916279781250001 0.381726490625 1 0.3659490265625 1 0.2843073515625
5 0.6390625 0.41875 0.44476074062500004 0.41875 0.4152415953125 0.439478490625 0.385812121875 0.45541816874999996 0.3676891703125 0.462579184375 0.35372417343749996 0.47504284375 0.305578353125 0.50005453125 0.2678371421875 0.5240685359375 0.2447335421875 0.541580196875 0.2415073765625 0.5466870187499999 0.24107032031250003 0.55500283125 0.2509114140625 0.5741065859375001 0.2577063109375 0.5948930109375 0.26166484843750004 0.6321283875000001 0.25998749375 0.635904715625 0.248835228125 0.6417483875000001 0.249792728125 0.651668690625 0.2941912640625 0.72609454375 0.3011897453125 0.7336278375 0.30795684375 0.7455636218749999 0.31812710312500003 0.746875 0.326999359375 0.746875 0.3464262546875 0.7452122109375 0.359902778125 0.742042696875 0.43621414999999997 0.706380815625 0.46306435625000003 0.7019984390625 0.5013239234375 0.686880740625 0.5313467921874999 0.6690300671875 0.546783471875 0.6567034062499999 0.57745324375 0.6453032109375 0.5876223015625001 0.630028403125 0.6040658109375 0.6173039078125 0.615061734375 0.605055425 0.6206378671875 0.6021335875 0.624613771875 0.60152058125 0.6390625 0.6063846015625 0.6390625 0.41875
5 0.3453157953125 0.74395758125 0.33736398749999996 0.7451835921875001 0.327604190625 0.7432919515625 0.32109835625 0.7451441265625001 0.3154450953125 0.7495334578125 0.30818952187500004 0.7468918140625 0.2916605390625 0.7237245828125 0.24537688906250002 0.647648571875 0.2431297578125 0.64350691875 0.24589107187499998 0.6378652640625 0.2445222265625 0.6357716078125 0.237782921875 0.6326864624999999 0.232153284375 0.6272468265625 0.2258017046875 0.62616400625 0.2183147484375 0.6279248515625 0.20122225 0.6248590625 0.185599346875 0.6125904625 0.1725063765625 0.5990826984375 0.1691989109375 0.5869774078125001 0.1521578328125 0.5829332890625001 0.141751134375 0.574591165625 0.1410528140625 0.5691190171875 0.1464211875 0.5607706968749999 0.160283346875 0.5502637 0.1585781953125 0.545189384375 0.1594029765625 0.5388759046875 0.15144282343749998 0.5027426953124999 0.141785865625 0.49889439375 0.1300124078125 0.49779841874999997 0.1076286640625 0.5016134531249999 0.10254309218749999 0.504580953125 0.10228808593750001 0.5188124125 0.09447108125 0.5456120140625 0.0891263328125 0.544131365625 0.0862837171875 0.532560903125 0.0825649046875 0.5282822578124999 0.07727157500000001 0.5258232765625 0.0701466328125 0.5300756124999999 0.065165984375 0.5404262546874999 0.06529661406250001 0.5473202359375 0.0554874875 0.55574673125 0.0541464375 0.5625037140625 0.05151366875 0.5656995421875 0.05244545625 0.576109009375 0.0508730234375 0.5872684796875001 0.056920265625 0.612900890625 0.07570055 0.6588893812500001 0.0870390375 0.67764096875 0.0963617765625 0.687848415625 0.1242250734375 0.711087625 0.1802580921875 0.742356253125 0.2034707875 0.7509073453124999 0.26564554218750003 0.7684925 0.34099039375 0.7981179265625 0.405718696875 0.8046349421875 0.4071468203125 0.8046875 0.44999492031250005 0.8046875 0.45157223125 0.8044793484374999 0.453125 0.7961142406249999 0.453125 0.7927499625 0.4443639046875 0.782179765625 0.42987429375 0.7577277015625 0.41130176875 0.7171656921875 0.3453157953125 0.74395758125
2 0.24240971406249998 0.41875 0.211787028125 0.44157148749999997 0.2027255515625 0.44515199687500007 0.18749663125 0.46290514062500004 0.1796004125 0.4818324328125 0.176558384375 0.5021947109375 0.1767168125 0.517939328125 0.17158190625 0.5312249671875 0.16833211875 0.5461607625 0.1688899609375 0.55 0.1737134796875 0.55 0.1905081015625 0.5369192453125 0.21707342343749997 0.5285778828125001 0.2268033390625 0.512279078125 0.24185229531250002 0.497950090625 0.25457699218749996 0.48094695 0.288057409375 0.4535869640625 0.299104753125 0.4403601484375 0.3141085484375 0.45502890625000003 0.32270725625 0.4602533734375 0.3318778296875 0.482735621875 0.3424366953125 0.47880294531249995 0.3558854234375 0.46678278593750006 0.3609375 0.46438763906249997 0.3609375 0.45832082500000004 0.3505601265625 0.4367935546875 0.3393634046875 0.41875 0.24240971406249998 0.41875
5 0.25137776875 0.5700292765625 0.2435524203125 0.5594696578125 0.23970506249999998 0.5576368390625 0.228861309375 0.5576105265625 0.225375965625 0.5582691984375 0.2176319140625 0.56492169375 0.1949118671875 0.5657560734375 0.1926647359375 0.5616144203125 0.1873199875 0.5601337703125 0.1836268859375 0.5553659578125 0.17642272812499998 0.551745984375 0.15767858437499999 0.5519673546874999 0.15011449999999998 0.5551956921875 0.14490038125 0.5606090203124999 0.142192571875 0.574612153125 0.1550777828125 0.5826934343750001 0.17160259375 0.5871810546875 0.171191246875 0.595007696875 0.173877515625 0.6001733437500001 0.19587979375 0.6223753984375 0.20943552968749998 0.6270781890625 0.2236617921875 0.628402490625 0.2267594125 0.6257414921875 0.23267185 0.625800315625 0.23972175 0.63235528125 0.2513568453125 0.634375 0.252102321875 0.634375 0.2625 0.6281694171875 0.2625 0.6275624437499999 0.25941713593750004 0.6140347953124999 0.260496921875 0.5934898546875 0.258920315625 0.585969715625 0.25137776875 0.5700292765625
5 0.6390625 0.6039924453125 0.6236705578125 0.6004413234375 0.610581759375 0.6056131687499999 0.5884849890625 0.6227269953125 0.5821869140625 0.6300056546875 0.577388315625 0.646271946875 0.5590318921875 0.6484956453125 0.5454525343750001 0.653621825 0.5014389578125 0.68442531875 0.4988319 0.6871319828125 0.4986797296875 0.69940678125 0.4946802015625 0.70984875625 0.49421743593749995 0.7186537296875001 0.5089106359375 0.7298526671875 0.5157548625 0.7403209562499999 0.538425578125 0.7498047171875 0.5513365 0.7573968328125 0.564609434375 0.7674804421875 0.5743456078125 0.779201053125 0.5917744109374999 0.7852475015625 0.5976565234375 0.790625 0.605992878125 0.790625 0.61222370625 0.7901004453125 0.6327994625 0.7831677578124999 0.6390625 0.77778751875 0.6390625 0.6039924453125
5 0.5987128937499999 0.7910946203125 0.5926184046875 0.7851201484375 0.582935734375 0.7817610125 0.5729424703125 0.7749320515625 0.5531616125000001 0.7573608109375 0.516185421875 0.7386804437500001 0.5068883921875 0.727983828125 0.48349364687499996 0.713517084375 0.476908596875 0.70749695 0.462836590625 0.70323765625 0.42984047500000006 0.7026238921875001 0.41298353125 0.7138352265625001 0.41032505468749997 0.7175202203125 0.42071021562500005 0.7450311171875 0.44558289999999995 0.787654271875 0.4541559046875 0.7933679046875 0.47473374375 0.7957750234375001 0.49549572187499996 0.81343759375 0.5629936890625 0.8516721765625 0.594393746875 0.8732743812500001 0.6031352609375 0.878125 0.6094148703125 0.878125 0.621875 0.8566829828125 0.621875 0.8469455406249999 0.6196631781249999 0.8426922546875 0.609592784375 0.8373307890625 0.6063603625 0.8144182000000001 0.5987128937499999 0.7910946203125
9 1 0.6340732171875001 0.9871876625 0.6440092125 0.97321046875 0.6483310359375001 0.9301676734375001 0.6701947625 0.9225958546874999 0.676278675 0.9054850078125 0.6810347734375 0.892727246875 0.6885439828125 0.8921875 0.6976957031250001 0.8921875 0.7048953578124999 0.8987855859374999 0.7538604937500001 0.8971176359375 0.7721984562499999 0.8998602328124999 0.7843606515625 0.9054051375000001 0.7897750265625 0.9048207953125 0.7986885984375001 0.9010774234374999 0.7975291796875 0.899275890625 0.7932742203125001 0.8973340546875 0.7963697609375 0.90156996875 0.826961771875 0.9065305296874999 0.8412897171874999 0.918842009375 0.8453247203124998 0.9254108171875 0.860224721875 0.9315256609375 0.8671875 0.9357424203125 0.8671875 0.9537793890625 0.8594730078125 0.9612683703125 0.8518107109375 0.971667865625 0.84948624375 0.9801829921875 0.841328434375 0.9915257937499999 0.8369300671875 1 0.8292988781249999 1 0.6340732171875001
9 1 0.5281052671875 0.9998581296874999 0.52811894375 0.979694225 0.5448688390624999 0.9527107578124999 0.5519647140625 0.93959179375 0.5626153890625 0.9214824171875 0.5683931265625001 0.9020133046875 0.5783339671875 0.8939698328125001 0.5854548312500001 0.8800202562500001 0.5903027812499999 0.8739085765624999 0.5941367843750001 0.875848984375 0.6311092859375 0.89478700625 0.6511443781249999 0.9020207546875 0.6686903328125 0.9400069171875 0.6703125 0.9405180281250001 0.6703125 0.9432575359375001 0.662533925 0.9412903281249999 0.6551221968750001 0.974876934375 0.633509040625 0.989578771875 0.612923153125 0.9986483890625 0.6053067796875 1 0.605678603125 1 0.5281052671875