9 0.4890625 0.11870621875000001 0.4844035203125 0.0880763328125 0.4086980484375 0.070983765625 0.368984915625 0.0557171828125 0.2489119046875 0.03971845 0.20577720625 0.0207232046875 0.16632190156249999 0.0227983421875 0.1883365890625 0.13216012187499998 0.211661071875 0.21027180625000003 0.22670953593749998 0.332206971875 0.238576015625 0.3402604984375 0.244329334375 0.36227183749999997 0.2646371328125 0.3946746546875 0.2928299546875 0.49856321406250004 0.30266390625 0.498046 0.3150380421875 0.48499855781249995 0.3342469265625 0.4790296203125 0.3820291828125 0.51875 0.47102429375000004 0.51875 0.4890625 0.5042164984374999 0.4890625 0.11870621875000001
8 0.734707546875 0.51875 0.7384857765625 0.46714689375 0.7358368625 0.46092074531250005 0.7215768859375 0.44386758437499996 0.6985889703125 0.4196944546875 0.68882191875 0.41217850624999997 0.649151871875 0.4096288 0.5438058140625001 0.4086094578125 0.53944035625 0.41453384218749995 0.5461686390625 0.416860696875 0.548454384375 0.4196287234375 0.552787196875 0.45613698593749996 0.5558484953125 0.51875 0.734707546875 0.51875
8 0.9768650515624999 0.1819094671875 0.9727100953125 0.1708411828125 0.9615155718749999 0.154481940625 0.9510992640625 0.1455329609375 0.9393577531249999 0.1382130875 0.9223939999999999 0.1334084984375 0.9145480390625 0.1346868234375 0.8979459625 0.1428247234375 0.8542187609375 0.16813223906250002 0.8138371390625 0.23004605625000002 0.8005317453125 0.255327503125 0.765216721875 0.3132439890625 0.754770746875 0.3277589171875 0.7383243140625 0.3373788671875 0.7248647671875 0.35169389687499997 0.71831583125 0.3653226546875 0.716781615625 0.3744600640625 0.71854556875 0.3912566515625 0.7278960828125 0.404304828125 0.75028661875 0.42753894375 0.7912507140624999 0.46140781875 0.79860156875 0.46966287968750003 0.8030959875000001 0.46971572500000003 0.8111227859374999 0.47490864374999997 0.8251248468749999 0.48000735156249996 0.848167625 0.4857057625 0.8627937515624999 0.48724830937499997 0.88664291875 0.4863774375 0.9140259609375001 0.48116227343749995 0.9306280390625 0.47302437656249996 0.9413853 0.46147355 0.9480898765625 0.4493268453125 0.9512620734375 0.43204006093749997 0.9431863734375 0.40738438906249996 0.943891984375 0.3808583359375 0.9482085437500001 0.3554712 0.9716560796875001 0.26528888125 0.9760764 0.24088978125 0.978811334375 0.1956929328125 0.9768650515624999 0.1819094671875
3 0.4890625 0.51875 0.3663066546875 0.51875 0.3617446375 0.5418825171874999 0.3700575171875 0.611001340625 0.3596356921875 0.653906409375 0.3304790296875 0.7263941015625 0.3371091515625 0.743279646875 0.3530780890625 0.7515625 0.35718953125 0.7515625 0.3878795421875 0.7500674140625 0.3966387078125 0.726816409375 0.40941245625 0.7091826375 0.43891381718750005 0.6312594359375 0.4890625 0.5902520640625 0.4890625 0.51875
3 0 0.8817132937500001 0.02543839375 0.8712682140625001 0.04153731875 0.870122696875 0.07754697656250001 0.8799283953125 0.123086284375 0.8641795437500001 0.3004990640625 0.7742559953124999 0.3168616078125 0.7591074890625 0.31528016875 0.7315326499999999 0.2820889578125 0.67071938125 0.26420581875 0.6507695578125 0.24283520468750003 0.65299290625 0.21493578750000003 0.6629891531250001 0.1930176984375 0.6771275125 0.0453900015625 0.747012215625 0.022072875 0.7668016515625 0.0172472046875 0.7871024140625 0.0027905625 0.8082992843750001 0 0.809771096875 0 0.8817132937500001
4 0.4890625 1 0.6020012203125 1 0.67356425 0.969586046875 0.7071080875 0.9379585890625 0.7072302421875 0.9337816703125 0.696917971875 0.9266027125 0.6296551406249999 0.923888475 0.57980711875 0.9373465359375001 0.55449575625 0.9393308546875 0.5034760296874999 0.9568744734374999 0.4890625 0.958220084375 0.4890625 1
4 0.4890625 0.96108833125 0.530978109375 0.9519401843749999 0.6153696734375 0.94462963125 0.6684579609375 0.9283129578124999 0.7213019390625 0.9203501187499998 0.7517999734374999 0.9209110484374999 0.7614596984374999 0.9144236671874999 0.7576585015624999 0.9004832546875001 0.63270094375 0.8917000843749999 0.5017016265625001 0.9096100843749999 0.4890625 0.908799534375 0.4890625 0.96108833125
4 0.9460938468750001 0.7535711812500001 0.9464603125 0.7410404296875 0.9433422 0.7397221265624999 0.8393145703125 0.7348545796874999 0.8202088937500001 0.7405197359375 0.796599628125 0.756261753125 0.7222149484375 0.7811935546875001 0.7060441515625 0.794442390625 0.702101490625 0.8213182765625 0.6900678171875001 0.837021003125 0.6927889265625 0.8519142875 0.71797813125 0.854106884375 0.7653188171875 0.8184459343749999 0.8176324046874999 0.7926398406249999 0.9375142125 0.759105690625 0.9460938468750001 0.7535711812500001
4 0.5977684734375 0.826893021875 0.6114013953125 0.7924855265625 0.6129701062499999 0.7748249875 0.6347551203125 0.7495021921875 0.632278321875 0.7262550734375 0.6239735375000001 0.72239151875 0.616626684375 0.7217520109375 0.5973988515624999 0.7315940859375 0.5928341859375 0.7437594046875 0.568022678125 0.764631209375 0.5663012734375 0.7875128921875 0.549733471875 0.8143367093749999 0.5370890234375001 0.8509240218749999 0.5302532531249999 0.9047671515625 0.5777578640625001 0.899480209375 0.58232253125 0.887314890625 0.593123421875 0.8777861796875 0.5977684734375 0.826893021875
4 0.6759543531250001 0.8159016328125 0.7051167546875 0.790174115625 0.7303252703125 0.7557273312499999 0.7482174703125001 0.719596809375 0.7497251031250001 0.704024728125 0.7416035484375 0.6938958 0.7279288562499999 0.693752371875 0.6949652562499999 0.7055394765624999 0.66618055 0.7543313968750001 0.643773528125 0.7649436234375 0.6055846375 0.84746424375 0.5985238671875 0.873021825 0.5801928937499999 0.888176403125 0.579979121875 0.8954860078125 0.6074201218749999 0.892640175 0.6185874765625 0.8705807140624999 0.6465476375 0.849982984375 0.6759543531250001 0.8159016328125
4 0.7987775890625001 1 0.83917941875 0.9913302515625 0.8404427406250001 0.9841120046875 0.8249132578125 0.975432028125 0.8253408 0.9608128171875 0.8492554531250001 0.9346285078125 0.8420918343749999 0.9277236249999999 0.8211619078125001 0.923808003125 0.819826278125 0.89751955625 0.813528975 0.8969714062499999 0.7942400671875001 0.9089019390624999 0.78982809375 0.9158461093750001 0.7490290203125 0.9437013765625 0.727763165625 0.9512722734375 0.6919563015625 0.9523430125000001 0.6618970421875 0.9727580234375001 0.60439678125 0.9960188703124999 0.602773653125 1 0.7987775890625001 1
4 0.4890625 0.8874021765624999 0.533057390625 0.888855646875 0.5462488953125 0.8255491562499999 0.5651906453125 0.78950999375 0.5668509703125 0.7687167671875 0.5949943640625 0.7418536625 0.5974599296875 0.7295056265625 0.610482078125 0.7159827171875 0.6069862671874999 0.6916000109375 0.5832741546875 0.6748795624999999 0.5763243078125 0.660665075 0.5957659109375 0.643513396875 0.6375952265625 0.652388871875 0.6419766609375 0.646488928125 0.64067156875 0.6191562515625 0.6210965796875 0.6048896953125 0.5968653078124999 0.6059211437500001 0.5614972171875 0.627967825 0.5468645921874999 0.62460035 0.5288695437500001 0.6282684062499999 0.5037108781249999 0.62503158125 0.49469246718750004 0.609590146875 0.48909755781250003 0.5850247265624999 0.4890625 0.5849856578125 0.4890625 0.8874021765624999