7 0.379051790625 0 0.38636286875 0.005197031249999999 0.40462660625 0.0107889015625 0.41051365625 0.0201507921875 0.45221463125000005 0.04375 0.46951292968749997 0.04375 0.47386012187500004 0.03051135625 0.49130340156249996 0.0220237984375 0.49239366249999994 0.009266884375 0.49754784062499996 0 0.379051790625 0
7 0.1723231328125 0 0.17807175625 0.0055568546875 0.216022271875 0.0083262296875 0.242950196875 0.025789664062500002 0.2939199734375 0.039920246874999996 0.358855671875 0.04375 0.3701100265625 0.04375 0.3775090390625 0 0.1723231328125 0
7 0.3021779296875 0.0470171453125 0.27442357500000003 0.065991578125 0.2650248875 0.0647733375 0.255781096875 0.0689494359375 0.25278011875 0.08038383125000001 0.2558900328125 0.0872360515625 0.27155451406250003 0.089266453125 0.2864844953125 0.10195017656250001 0.3063031890625 0.110968159375 0.419908946875 0.1125 0.42699553124999995 0.1125 0.44108667031250004 0.1090912125 0.465625 0.0872739 0.465625 0.081774375 0.4603776953125 0.07074728125 0.463223775 0.053918542187499995 0.44078284375 0.0477852296875 0.3819233734375 0.048754790625 0.32239834375 0.041039259375 0.3021779296875 0.0470171453125
7 0.070375896875 0.130792325 0.07435222968750001 0.1388317 0.0865280546875 0.1425596140625 0.0857935546875 0.1532129375 0.0925700046875 0.157315846875 0.110047821875 0.1578125 0.11399925156249999 0.1578125 0.129166425 0.14916117812500002 0.14681056718750002 0.1331756859375 0.15792508125 0.09269707968749999 0.185478571875 0.08122057499999999 0.20941148906249998 0.0596011109375 0.21765694062500002 0.0423973765625 0.221875 0.0174561984375 0.221875 0.015717384374999997 0.21794972812500002 0.0091148953125 0.18319709374999998 0.0078125 0.18293473124999998 0.0078125 0.1667331296875 0.0153745203125 0.11762213437499999 0.065976028125 0.107288084375 0.082909040625 0.081088690625 0.105309584375 0.072332578125 0.11922256875 0.070375896875 0.130792325
7 0 0.1901326828125 0.0022163046874999997 0.1885591453125 0.0081723 0.178582625 0.0243934015625 0.171011503125 0.0647253 0.140769115625 0.090625 0.09811945625 0.090625 0.0945710140625 0.087906703125 0.085731809375 0.0797301953125 0.08359713125 0.0682199265625 0.08855430625 0.038268040625 0.0889714046875 0.0239346765625 0.10431118125000001 0.0042249171875 0.113579815625 0 0.11951929218749999 0 0.1901326828125
7 0.15443090625 0.1709471953125 0.1613622578125 0.18044444531249998 0.1738824453125 0.1859375 0.1778241703125 0.1859375 0.1986242328125 0.1809748671875 0.2125 0.1303393515625 0.2125 0.129461975 0.2098766375 0.1018194375 0.1951245375 0.0880839171875 0.18312659375 0.0833042078125 0.15941751875000001 0.09097960468750001 0.14903750468750002 0.120804890625 0.15443090625 0.1709471953125
7 0.1925317859375 0.16358524375 0.1894618609375 0.1943580515625 0.17948356875 0.20918747343750002 0.17734900781250001 0.22180902656249998 0.18504282656249998 0.25 0.1979661453125 0.25 0.20356541250000001 0.24347964531250002 0.21978651718750003 0.23590852343750002 0.2296328921875 0.209238625 0.2437883796875 0.1949506453125 0.2632802640625 0.14910878125 0.2640625 0.142195628125 0.2640625 0.1265682984375 0.2609508125 0.1187109671875 0.24892988906250002 0.1203773953125 0.24024271874999997 0.11495196875 0.2106236125 0.1197116125 0.2042429140625 0.1511301359375 0.1925317859375 0.16358524375
7 0.2525749765625 0.175732984375 0.2376849890625 0.2006742859375 0.2359061890625 0.211192246875 0.22401718124999997 0.2246991515625 0.2227720203125 0.23206172343749998 0.22758797031250003 0.2375 0.2372842328125 0.2375 0.2471696328125 0.226625278125 0.2621455765625 0.22641672812500002 0.28603252968750004 0.2176895359375 0.3295432875 0.1749609546875 0.349964565625 0.1614851375 0.3609375 0.13928118125 0.3609375 0.13340821249999998 0.3546124265625 0.1276923015625 0.3534362109375 0.1157164640625 0.33499459374999996 0.1111763875 0.3194850109375 0.11454032656249999 0.3019957671875 0.1359201578125 0.2525749765625 0.175732984375
7 0.347854696875 0.25671023437499996 0.34074546875 0.2482647796875 0.3280360015625 0.2476922546875 0.272952003125 0.2641991203125 0.26317457499999997 0.27153060625 0.2311570734375 0.26523085 0.209714475 0.2721251703125 0.1934474125 0.29258856718750004 0.18018132656250002 0.30161756562500003 0.184157659375 0.309656940625 0.1949564078125 0.30890695 0.20868718749999998 0.3160609734375 0.22163060781250002 0.3171875 0.23773068749999998 0.3171875 0.2809906265625 0.30501061875 0.336562303125 0.2982406390625 0.3501841484375 0.28710804843750004 0.351429309375 0.279745475 0.3460529140625 0.27367433281250003 0.347854696875 0.25671023437499996
7 0.1268387453125 0.3371791859375 0.14275493125 0.3515625 0.1503225078125 0.3515625 0.1576110859375 0.35084151874999997 0.1686106953125 0.3425935953125 0.1703125 0.332530909375 0.1703125 0.321366840625 0.168547721875 0.31141470625 0.09618728125 0.24076887187499998 0.0678822796875 0.2188275328125 0.073964221875 0.2712087890625 0.12028613749999999 0.31913220937500003 0.1268387453125 0.3371791859375
7 0.0140625 0.2384393796875 0.0140625 0.258824265625 0.02526815 0.2779337796875 0.028012635937500002 0.278125 0.0453736890625 0.278125 0.057153732812500004 0.27239306406249997 0.063109728125 0.2624165421875 0.0670460703125 0.232830890625 0.0649804546875 0.22611403281250003 0.06875 0.209201621875 0.06875 0.20438468593749998 0.0650953609375 0.1938833453125 0.053654037499999994 0.179502109375 0.0353903 0.1739102375 0.0210569328125 0.189250015625 0.01409663125 0.2367162 0.0140625 0.2384393796875
7 0.1697188875 0.205868353125 0.14843716093749998 0.16763971718749998 0.1328186421875 0.152717040625 0.12550855156250001 0.15176951875 0.1103317484375 0.1594760015625 0.0998887609375 0.1581224 0.09582050156250001 0.17586757343749998 0.1035723078125 0.1994442546875 0.125387675 0.23451750468750002 0.1351191421875 0.2400782890625 0.14373736718750002 0.2648421265625 0.1572672859375 0.2794940828125 0.1587594953125 0.2796875 0.1663287421875 0.2796875 0.17104403125 0.2737558328125 0.17730982343749999 0.27456799374999996 0.19024313125 0.2611964484375 0.19044399218750002 0.253698515625 0.1840233015625 0.24749201406250002 0.1697188875 0.205868353125
7 0 0.12010398281250001 0.006921773437500001 0.1098854890625 0.028542253125 0.1019393734375 0.0421875 0.071569728125 0.0421875 0.07145442656249999 0.023969303125 0.0658764984375 0.02210455 0.051661709374999996 0.006795828125 0.0475277140625 0 0.0491716921875 0 0.12010398281250001
7 0.24953974531249998 0.3341486359375 0.23778265156249997 0.35949601875 0.24504678124999998 0.3733358140625 0.2985238890625 0.4168124140625 0.3283907109375 0.4234375 0.3434844734375 0.4234375 0.3453125 0.417666915625 0.3453125 0.417456728125 0.33720890625 0.40892846718750003 0.3331006546875 0.3890486171875 0.3082383453125 0.3783020375 0.2929985703125 0.35482963125 0.27164789843750003 0.3359394046875 0.24953974531249998 0.3341486359375
7 0 0.239683140625 0.011370428125 0.2288584140625 0.0430611203125 0.1802983265625 0.046875 0.16750107812499998 0.046875 0.16091017968750002 0.0457523015625 0.15807524687500002 0.0358199734375 0.16001239375 0.0174872921875 0.17375893281250002 0.0040203437500000005 0.190285865625 0 0.1913143625 0 0.239683140625
7 0 0.30238243125 0.035875484375 0.3097516984375 0.066970246875 0.321875 0.09382696093750001 0.321875 0.103112328125 0.3034188828125 0.07327534687500001 0.27160529843750003 0.058655165625000005 0.26971025625 0.0426119421875 0.2762295828125 0.029902478125 0.27565705625 0.0194824734375 0.2678573171875 0.01395118125 0.256391834375 0 0.2533696640625 0 0.30238243125
7 0 0.45961471875 0.014562471875 0.4686641546875 0.046588725 0.4703125 0.05609416874999999 0.4703125 0.059375 0.4645455515625 0.059375 0.4603032296875 0.052094251562500006 0.4423582328125 0 0.4107132625 0 0.45961471875
7 0.306391171875 0.3758864921875 0.373688646875 0.4125 0.38107678125 0.4125 0.40524379218749995 0.3908493015625 0.40625 0.3848996484375 0.40625 0.384465971875 0.39920184375 0.376093071875 0.335947303125 0.339947959375 0.28477666562500004 0.333315309375 0.2817756890625 0.34474970625 0.2941064125 0.3538719625 0.306391171875 0.3758864921875
7 0.0469563375 0.3878163171875 0.041023323437499995 0.3913467015625 0.031555690625 0.40946687031250006 0.0299547703125 0.4189330359375 0.03342044375 0.42368166093750004 0.10818525000000001 0.45486959843749997 0.1341378203125 0.45285926249999997 0.14753022968750001 0.45625 0.1519513078125 0.45625 0.15625 0.44577646875 0.15625 0.44376095781249997 0.14584894843750001 0.4404041546875 0.13007553125 0.42008713750000004 0.117566928125 0.4120166765625 0.07095222500000001 0.3973757390625 0.059487921875 0.389440640625 0.0469563375 0.3878163171875
7 0.2671018984375 0.227238615625 0.2463708203125 0.229925753125 0.2426813046875 0.2391211984375 0.2043290671875 0.2513476890625 0.2006395484375 0.260543134375 0.20392734531249998 0.26634355625 0.21961480625 0.26192782187499997 0.24837730468750002 0.2671875 0.26614697187499997 0.2671875 0.323448065625 0.24744033906250001 0.3485342171875 0.24424284843750002 0.359375 0.23694068750000002 0.359375 0.232673196875 0.3562690125 0.22374836718750002 0.359269990625 0.21231396875000003 0.3528493015625 0.206107465625 0.3513173265625 0.1962352203125 0.31996538281250003 0.1986205515625 0.2671018984375 0.227238615625
7 0.12345553125 0.341782165625 0.1206554125 0.3457186296875 0.12303082812499999 0.36322416875 0.1142747140625 0.37713715312499996 0.10956387812499999 0.3797511015625 0.0867671859375 0.37572137968749997 0.0879663828125 0.38125108281250003 0.0953341078125 0.384375 0.10988781875 0.384375 0.1830665125 0.3742304484375 0.2064657890625 0.35576636875 0.2203125 0.354396659375 0.2203125 0.3425215515625 0.20355673593749998 0.34141621875 0.1732950546875 0.3310446359375 0.1613830640625 0.350997678125 0.14309634531249998 0.35185194062499997 0.1318099203125 0.34286504687499997 0.12345553125 0.341782165625
7 0 0.3294724890625 0.008712856250000001 0.34517458125 0.03150955 0.349204303125 0.0495724234375 0.36229410624999997 0.09287635 0.37758076093750004 0.09707513437500001 0.378125 0.110272646875 0.378125 0.11796250156250002 0.3743832671875 0.12531855625 0.36243851562499996 0.1296875 0.34259596875 0.1296875 0.34148135 0.0919929203125 0.332322440625 0.090971603125 0.32574094531250003 0.051821892187499996 0.3174418671875 0.029914600000000003 0.3081531671875 0 0.306305296875 0 0.3294724890625
7 0 0.40753164843749995 0.0024856828125 0.4109375 0.006145771875 0.4109375 0.023533078125000002 0.408683778125 0.06859879062499999 0.3693813078125 0.0425372859375 0.3531050296875 0.0272285640625 0.348971034375 0 0.376840521875 0 0.40753164843749995
7 0.1182827890625 0.4796875 0.10455080937500001 0.4526883328125 0.0635133625 0.43662060468749997 0.059375 0.450110853125 0.059375 0.456112096875 0.0607992 0.4652898203125 0.06756915 0.4796875 0.1182827890625 0.4796875
7 0 0.4796875 0.0415865296875 0.4796875 0.04375 0.4753096734375 0.04375 0.4735564 0.002780440625 0.4640625 0.00227735 0.4640625 0 0.46536149531250004 0 0.4796875
8 0.61875 0.3532412078125 0.6366349203125 0.3578033453125 0.6483064125 0.3591295171875 0.6652852499999999 0.359263734375 0.6873035562500001 0.3569624265625 0.714096396875 0.35123485 0.72444910625 0.3481130484375 0.740082653125 0.341523709375 0.7521661828124999 0.3347176328125 0.77176473125 0.32046561875 0.782788525 0.3096966109375 0.8002440328125001 0.285496 0.8069200625 0.27128522187500004 0.8005969828125 0.2505417640625 0.8002024375 0.238425946875 0.8042674156249999 0.21759480625 0.8233270812499999 0.178837675 0.828495984375 0.165762103125 0.8296875 0.1581188703125 0.8296875 0.1305505859375 0.8290549546874999 0.126741746875 0.8250838828125 0.1121336109375 0.8214307703125 0.103067375 0.81161364375 0.0869111984375 0.7992767828125 0.071972790625 0.7874992484375001 0.0615442734375 0.77345513125 0.05231288125 0.7617365125 0.046941221875 0.7495204265625001 0.0423693703125 0.7332568546875 0.0383805890625 0.7142321859375 0.0366415859375 0.6939771015625 0.03803989375 0.6725092828125 0.04409256875 0.6495785234375 0.0550730953125 0.6327852625 0.070867975 0.6258089531250001 0.081053909375 0.6225503828125001 0.08410349218749999 0.6195862046875 0.0906722375 0.61875 0.091529225 0.61875 0.3532412078125
8 0.61875 0.4796875 0.8278711578125 0.4796875 0.8344141546875001 0.47074455625 0.8390625 0.4456948140625 0.8390625 0.44440479374999997 0.8324267046875 0.408901253125 0.836885871875 0.3566556796875 0.819841875 0.3074286671875 0.799412996875 0.29390924687500003 0.7694324609375001 0.3305197578125 0.7215398343749999 0.3521402390625 0.67224889375 0.36248599062500003 0.6252832734375 0.3549263484375 0.61875 0.35316319687500003 0.61875 0.4796875
8 1 0.099453525 0.9443846609375001 0.10134166093750001 0.9028061000000001 0.1211819453125 0.8715598046874999 0.15789565625 0.8450377906250001 0.1651196484375 0.8225045203124999 0.1884688328125 0.8038568953125 0.219093715625 0.7991915281249999 0.2536402921875 0.8237122515624999 0.292134409375 0.886338284375 0.33891054375 0.9703496546875 0.37255440625 1 0.37886496875 1 0.099453525
8 1 0.4796875 1 0.397826978125 0.9967973499999999 0.3994041734375 0.9424286484375 0.408898496875 0.88398283125 0.394682340625 0.8429777906249999 0.3550013546875 0.8322045593749999 0.409027128125 0.8364731437499999 0.44917239374999995 0.8430375906249999 0.46888383906250003 0.8438436218750001 0.4796875 1 0.4796875
3 0.61875 0.5680181140625 0.6137599781249999 0.56637780625 0.5858895984375 0.5627664421875 0.5706729765625 0.56758858125 0.547637009375 0.5834725796875 0.5312646328125 0.6085352953125 0.5167215171875 0.647527696875 0.5041181109374999 0.668785625 0.4930022171875 0.6960421218749999 0.4783585578125 0.72414431875 0.471293040625 0.74414375 0.4606296703125 0.8446525046875 0.458016534375 0.8524630421874999 0.45089067343749994 0.8610790843749999 0.4399657125 0.8799313859375001 0.4382169375 0.8892616640625001 0.44828769062499996 0.899074234375 0.4802435046875 0.915625 0.48833428124999995 0.915625 0.4932843546875 0.91080678125 0.49928450937499996 0.8917535234375 0.5230742234375 0.8605607734374999 0.54233115 0.8425432796875001 0.5857296078124999 0.8072024328125 0.5944937125 0.79667395 0.61875 0.75423759375 0.61875 0.5680181140625
3 0.5204168953125 0.5184654796875 0.51390411875 0.5256220671875 0.4943054453125 0.53570845 0.4666361484375 0.5538774984375 0.43067508749999994 0.57071855625 0.419076703125 0.5796469203125 0.4013474890625 0.6031698015625 0.3842614859375 0.6188017640625001 0.353868525 0.6521991859374999 0.312178725 0.7029492625 0.30740473437500004 0.7190836171875 0.309646071875 0.7340197609375 0.3303303328125 0.759110103125 0.3445520046875 0.7725558140625 0.36238184375000004 0.784169465625 0.373995996875 0.7875 0.375647778125 0.7875 0.39090550625 0.7858281953125 0.3991068015625 0.7822042640625 0.4054989765625 0.7765272234375 0.44494751875 0.7350873265625 0.4890595203125 0.684930909375 0.5033916421875 0.6667124609374999 0.51255775625 0.65125215 0.527482821875 0.6196976765625 0.5512623828125001 0.558320315625 0.5568706 0.5501371671874999 0.5668709421875 0.542628065625 0.5796875 0.5255498890625 0.5796875 0.5169873234375 0.5794240765625001 0.5159250359375 0.5467092124999999 0.48688002187499996 0.5397340828125 0.48758504843750006 0.535975184375 0.497328125 0.522658153125 0.5091552953125 0.5204168953125 0.5184654796875
3 0.3215885046875 0.822281009375 0.30641208125 0.8266099640625001 0.2939091359375 0.834511771875 0.23424883593749998 0.8874974999999999 0.23014818906249998 0.889309465625 0.21927341875 0.88936054375 0.189784934375 0.89953819375 0.185031003125 0.90330279375 0.1798750640625 0.9119992187499999 0.178558509375 0.934212528125 0.191775159375 0.9599878015625001 0.19660577343750002 0.9640625 0.20413188125 0.9640625 0.2087707703125 0.9636502437499999 0.2199671453125 0.9596537062500001 0.2353847734375 0.9523656546874999 0.24079198906250002 0.9466484218750001 0.2473952375 0.9444437515625002 0.26463205156249997 0.9451471 0.32562929375 0.9545636125 0.34347919375 0.9538075062499999 0.36571114374999997 0.9477871609375 0.403973803125 0.9330193093750001 0.451663921875 0.9117086265625 0.46470961875 0.90927201875 0.46067930312499994 0.90415933125 0.4432615421875 0.8935521421875 0.4406684671875 0.888992928125 0.442949928125 0.8791895625 0.449050628125 0.8710265109374999 0.460739403125 0.84280374375 0.4671875 0.7956641734375001 0.4671875 0.7887418203125 0.45904065312500003 0.7848401453125 0.433763346875 0.785787996875 0.40460653906250005 0.7979584734375 0.3566952734375 0.8098584984375 0.33201099375 0.8217166531250001 0.3215885046875 0.822281009375
3 0.61875 0.824839090625 0.6158724640625 0.827599353125 0.5337991843750001 0.8524552609375 0.50564748125 0.8765425 0.5008634203125 0.88673856875 0.49638090625000003 0.90535893125 0.49069228593750003 0.9145284421875001 0.4817472359375 0.9151530859375001 0.4717669546875 0.9102924343750001 0.465404909375 0.9095380078125 0.43509234843750005 0.9419490640625 0.4202576765625 0.9542091312500001 0.4110111609375 0.9706558062500001 0.40902117968749996 0.982945178125 0.4095148328125 0.9997893000000001 0.41467841875 1 0.5189461828125 1 0.565247928125 0.9576513375000001 0.59051508125 0.9265188734375001 0.6141239296875 0.9096686078125 0.61875 0.9072300515624999 0.61875 0.824839090625
3 0.20421774374999999 0.7185505546875 0.17804586875 0.700163809375 0.1697139015625 0.6993290015625 0.156899421875 0.7171145546875 0.1351800921875 0.73503156875 0.137582234375 0.747994984375 0.1616133125 0.7623357890625 0.1741766 0.7658173703125 0.1928909359375 0.7908273328125001 0.21256010625 0.8223089515625001 0.2239474984375 0.8341545406249999 0.23664145625000002 0.8420948625 0.26724709999999996 0.85625 0.272690678125 0.85625 0.29981961562500004 0.830817803125 0.32393101406249997 0.8199259171875 0.3394391140625 0.8175897890625 0.35534921875 0.8103218312500001 0.3658822421875 0.8023396437500001 0.36743001406250003 0.795475278125 0.36875 0.7935834156249999 0.36875 0.789372321875 0.337428828125 0.7695099359375 0.3269459921875 0.758690903125 0.311397615625 0.7372738890624999 0.299688615625 0.7293737609375001 0.2819492484375 0.72271203125 0.20421774374999999 0.7185505546875
7 0.61875 0.8614952531250001 0.6419396625 0.8673399328125001 0.6559144515625001 0.8610363171875001 0.669405028125 0.84416210625 0.6859375 0.8417404546875 0.6859375 0.8214578984375001 0.6681314031250001 0.8209373124999999 0.6564661890625 0.8066837296875 0.6403549828124999 0.7984021484375 0.61875 0.802802903125 0.61875 0.8614952531250001
7 0.61875 0.8019188015625 0.6344563421875 0.7981399921875 0.647668125 0.7866273796875 0.6791686484375 0.7256131578125 0.6838670234374999 0.7068343546875 0.7020823875 0.6786265421875 0.7046875 0.6688118624999999 0.7046875 0.6528220453125 0.70451815625 0.6516659453125 0.69824095 0.6451363546875 0.685434153125 0.64488396875 0.6828663421875 0.6346185734375 0.6751159390625 0.6325613828125001 0.6545851515625001 0.63769700625 0.64256776875 0.6500988171875 0.63057679375 0.669945825 0.632361040625 0.7111864156250001 0.61875 0.7220479890625 0.61875 0.8019188015625
7 0.7521690265625 0.5791404453125 0.7495278390625 0.5901688468749999 0.7363160578125 0.6016814578125 0.706972509375 0.6410966828125 0.6949345671875 0.6896826890625001 0.701041640625 0.6984375 0.7110377578125 0.6984375 0.7196589640625 0.6913818562499999 0.748218946875 0.6829418265625 0.7572371234374999 0.6645944203124999 0.773269103125 0.65054040625 0.7784252859375 0.6348870015625 0.8193548203125001 0.587389765625 0.821875 0.5692901734375 0.821875 0.5603237906249999 0.8168603843750001 0.555830575 0.8062897875000001 0.5563147890625 0.8032641734375 0.5429239953125 0.7837751828125 0.547907015625 0.7692163984375 0.55748863125 0.7521690265625 0.5791404453125
7 0.61875 0.5407074015625 0.6454583359375 0.5545977484375 0.6779075 0.5671875 0.678125 0.5671875 0.678125 0.565148821875 0.65739649375 0.51986034375 0.61875 0.49837469062500006 0.61875 0.5407074015625
7 0.6706154140625 0.5255435125 0.6759300484375 0.5545613 0.6799710546875 0.5603542921875 0.681828675 0.5803010875 0.6897580875 0.5908452765625001 0.7031402171875001 0.6 0.7251989437499999 0.6 0.7328125 0.58451028125 0.7328125 0.580153090625 0.7254522156250001 0.5366658453125 0.71927479375 0.5162876578125 0.7020953796875 0.50071348125 0.6845373875 0.5043495015625 0.673256603125 0.5145151109375 0.6706154140625 0.5255435125
7 0.61875 0.6382010421875 0.635858953125 0.646875 0.6454923890625001 0.646875 0.657580065625 0.6355918171875 0.6671875 0.6341845359375 0.6671875 0.6247389375 0.6664456421875 0.6162026140625001 0.6517812203125 0.596003434375 0.6201163937499999 0.5687170765625 0.61875 0.5683898390625 0.61875 0.6382010421875
7 0.7775579984375 0.635136928125 0.7718178203124999 0.65406833125 0.7535496421875 0.66738575 0.7497932781250001 0.6998605453125 0.769003475 0.7002391234375 0.7748348265625 0.7125 0.7919159234375 0.7125 0.8038670734375 0.7057738828125 0.8127326484375 0.6863846765625 0.853356984375 0.6368038375 0.8578125 0.5963656484375 0.8578125 0.583576559375 0.856728915625 0.5799098484374999 0.8522565140625 0.5784366546874999 0.8387395296874999 0.5878656671875 0.8183613421875 0.5940430890625 0.7981621624999999 0.6087075093750001 0.7775579984375 0.635136928125
7 0.806553725 0.5555872374999999 0.8204023203125 0.5556870203125001 0.8247749375 0.5710088125 0.8320939453125 0.577385803125 0.8528037421875 0.5807371781249999 0.86131715 0.588003365625 0.885762753125 0.5950641359375 0.8905391375 0.5953125 0.9034263156250001 0.5953125 0.9159749390625 0.590638703125 0.9171875 0.5729949249999999 0.9171875 0.5625922328125 0.9159954984375 0.5544545109375 0.9092604890625001 0.544799521875 0.8024070828125 0.52001345 0.79375 0.5243804453124999 0.79375 0.5251337765625 0.806553725 0.5555872374999999
7 0.7159815109375 0.613428203125 0.7190581390624999 0.6171875 0.7218362468749999 0.6171875 0.728788309375 0.6136805875 0.7421262859375 0.595764575 0.7499500609374999 0.5765279718749999 0.7597576531250001 0.5708347640625 0.7723590312499999 0.55515495 0.7953125 0.5407658515625 0.7953125 0.5318818359375 0.79049516875 0.504611540625 0.7711059625 0.495745965625 0.7522273765625 0.504896184375 0.731065625 0.5420488015625 0.7156234921875 0.5964542046875 0.7159815109375 0.613428203125
7 0.622907396875 0.4796875 0.6200818734375 0.4971478078125 0.657648490625 0.51875 0.6614925328125001 0.51875 0.6730140828125 0.517062340625 0.68637846875 0.506591528125 0.6987274625 0.5037185140625 0.711102865625 0.5082906984375 0.719921475 0.5176404875 0.745229865625 0.5160616578125 0.7637768406250001 0.497382640625 0.7709168359375 0.4952726328125 0.77615224375 0.501954825 0.7846392421875 0.5017758156250001 0.7890625 0.49397097500000003 0.7890625 0.4871403765625 0.788753621875 0.48627501406249996 0.7757942234375 0.48498082968749995 0.7679986296875 0.4796875 0.622907396875 0.4796875