10 0.36318288593750003 0 0.365576171875 0.00869140625 0.368505859375 0.0326171875 0.374365234375 0.0462890625 0.377783203125 0.05068359375 0.388037109375 0.0560546875 0.3890787765625 0.05625 0.4158059515625 0.05625 0.440771484375 0.0482421875 0.467138671875 0.03212890625 0.477392578125 0.021875 0.484228515625 0.01162109375 0.4859375 0.0070638015624999995 0.4859375 0 0.36318288593750003 0
1 0 0 0 0.0546875 0.0390345984375 0.0546875 0.0431640625 0.052880859375 0.0421875 0.047021484375 0.044140625 0.045556640625 0.05439453125 0.044091796875 0.06318359375 0.040185546875 0.0998046875 0.037744140625 0.11005859375 0.031884765625 0.1095703125 0.024072265625 0.10419921875 0.018701171875 0.1037109375 0.013330078125 0.106640625 0.008447265625 0.10523274687499999 0 0 0
1 0.174348675 0 0.16025390625 0.01884765625 0.159765625 0.022265625 0.2388671875 0.069140625 0.2563304234375 0.0765625 0.259166615625 0.0765625 0.31259765625 0.0154296875 0.315625 0.0085100453125 0.315625 0.0069779828125 0.3113606765625 0 0.174348675 0
2 1 0 0.9066358031250001 0 0.90634920625 0.0025793656250000002 0.9013888890625001 0.033581349999999996 0.896428571875 0.04970238125 0.87782738125 0.0869047625 0.846825396875 0.0943452390625 0.8170634921875 0.0658234125 0.7389384921875 0.130307540625 0.727777778125 0.0869047625 0.7240575406249999 0.07822420625 0.7017361125 0.105505953125 0.6868551593750001 0.10922619062500001 0.702976190625 0.12038690468749999 0.6868551593750001 0.1365079375 0.6422123015625 0.15634920624999998 0.6296875 0.1661342078125 0.6296875 0.46446875781249997 0.736458334375 0.4564484125 0.85302579375 0.4539682546875 0.93115079375 0.467609128125 0.9683531750000001 0.48125 0.9993551593750001 0.46884920625 1 0.471643515625 1 0
2 0.6482842625 0 0.6374255953125 0.0116939484375 0.6349454375 0.0439360109375 0.62998511875 0.0712177578125 0.6296875 0.071455853125 0.6296875 0.1033256015625 0.632465278125 0.10593998125 0.6296875 0.11744791875 0.6296875 0.1691039 0.6510664687500001 0.1543030765625 0.6981894843750001 0.1394221234375 0.7341517859375 0.1319816453125 0.7651537703125 0.112140378125 0.7775545640625 0.10097966249999998 0.763913690625 0.07741815468749999 0.7750744046875 0.053856646875000004 0.794915675 0.0178943453125 0.7977410984375 0 0.6482842625 0
6 0.7989742765625 0 0.788454859375 0.03681795625 0.7698536687499999 0.0628596234375 0.7807871859375 0.096875 0.7822261203125 0.096875 0.7853220296875 0.095069053125 0.8219370046875 0.0703001 0.8442584328125001 0.0951016875 0.8839409703125 0.0876612109375 0.8926215281250001 0.0504588296875 0.9078125 0.02124541875 0.9078125 0 0.7989742765625 0
5 1 0.29350473906249996 0.9702380953125 0.285788690625 0.9181547625 0.2919890875 0.8400297625 0.2225446421875 0.8387896828125001 0.2250248015625 0.8524305562500001 0.2709077375 0.853670634375 0.3068700390625 0.8449900796875 0.33291170625 0.8449900796875 0.35399305625 0.8474702375 0.37383432499999997 0.8673115078125001 0.38623511875 0.88095238125 0.39863591249999997 0.9144345234374999 0.39863591249999997 0.931795634375 0.3837549609375 0.96279761875 0.3775545640625 0.990079365625 0.3502728171875 1 0.33510008281250003 1 0.29350473906249996
2 0.9542974390625 0.5 0.965277778125 0.4879216265625 0.965277778125 0.47800099218750003 0.931795634375 0.46932043593749995 0.872271825 0.458159721875 0.8201884921874999 0.45567956406250004 0.77802579375 0.458159721875 0.681299603125 0.4631200390625 0.6949404765625 0.48916170625 0.7026176015625001 0.5 0.9542974390625 0.5
2 0.677579365625 0 0.677579365625 0.014211309375 0.6800595234375 0.0439732140625 0.6825396828125 0.09605654687500001 0.681299603125 0.11713789687500001 0.7011408734375 0.11713789687500001 0.6912202375 0.1369791671875 0.6478174609375 0.158060515625 0.6296875 0.1695977640625 0.6296875 0.24642094062500003 0.67509920625 0.1940228171875 0.7197420640625001 0.14317956406250001 0.7569444437499999 0.1183779765625 0.78174603125 0.10101686562500001 0.7705853171875 0.082415675 0.7693452375 0.0600942453125 0.7829861109375 0.04893353125 0.775545634375 0.0191716265625 0.7457837296875 0.0538938484375 0.734623015625 0.082415675 0.7383432546875 0.11713789687500001 0.7271825390625 0.12705853125 0.7271825390625 0.0848958328125 0.716021825 0.06381448437500001 0.6949404765625 0.061334325 0.702380953125 0.001810515625 0.690310846875 0 0.677579365625 0
2 0.6296875 0.41098958281250003 0.6540178578125 0.408556546875 0.6924603171875 0.39863591249999997 0.7123015875 0.392435515625 0.722222221875 0.3849950390625 0.759424603125 0.388715278125 0.800347221875 0.3849950390625 0.825148809375 0.3750744046875 0.8387896828125001 0.35399305625 0.849950396875 0.3279513890625 0.8549107140625001 0.2907490078125 0.8549107140625001 0.25850694375 0.8449900796875 0.24858630937499998 0.8387896828125001 0.2213045640625 0.8363095234374999 0.203943453125 0.794146825 0.2225446421875 0.7767857140625 0.25850694375 0.7395833328125 0.29818948437500004 0.6924603171875 0.3453125 0.67137896875 0.3589533734375 0.656498015625 0.3490327375 0.6428571421875 0.35523313437500004 0.6296875 0.3462223265625 0.6296875 0.41098958281250003
2 0.6296875 0.34459449375 0.6478174609375 0.35275297656250004 0.6651785718750001 0.35523313437500004 0.697420634375 0.342832340625 0.7321428578125 0.3068700390625 0.7668650796875001 0.264707340625 0.7891865078125 0.2213045640625 0.8077876984374999 0.21510416718749997 0.833829365625 0.203943453125 0.8573908734375 0.17170138906250001 0.8834325390625001 0.15186011875 0.8697916671874999 0.1320188484375 0.8449900796875 0.09853670625 0.8177083328125001 0.0650545640625 0.7445436515624999 0.12705853125 0.685019840625 0.18038194375 0.6341765875 0.23742559531250002 0.6296875 0.24264546406249998 0.6296875 0.34459449375
0 0.24008620625 0.7717403015625 0.2293103453125 0.76484375 0.21293103281249998 0.758162715625 0.2075431015625 0.7579472 0.19461206874999998 0.7609644390625 0.18211206875 0.7657058187500001 0.17370689687500002 0.7708782328125 0.1655172421875 0.7782058187500001 0.16056034531250002 0.7855334046875 0.154741378125 0.79867995625 0.153448275 0.80492995625 0.151939653125 0.8165678875 0.1532327578125 0.8182920250000001 0.1564655171875 0.8320851296875 0.16228448125 0.843723059375 0.17241379375000002 0.8551454734374999 0.17758620625 0.8579471999999999 0.1829741375 0.8592403015624999 0.1855603453125 0.8609644390625 0.18642241406249999 0.8635506484375 0.1920258625 0.8659213359375 0.1982758625 0.8665678874999999 0.20442545 0.86875 0.20935816406250002 0.86875 0.214655171875 0.8654903015625 0.22672413749999998 0.8601023703124999 0.233405171875 0.8596713359375 0.24073275781249998 0.86117995625 0.245689653125 0.8607489218750001 0.2493534484375 0.85492995625 0.25948275781249996 0.8435075421875 0.2637931015625 0.8340247843749999 0.26357758593749997 0.80859375 0.2640625 0.8056842640624999 0.2640625 0.8042872546875 0.261206896875 0.7967403015625 0.2556034484375 0.7866109906250001 0.24827586250000003 0.7782058187500001 0.24008620625 0.7717403015625
0 0.4401176390625 1 0.44461207031249994 0.9926454734375 0.45409482968750003 0.9818696124999999 0.46206896718749996 0.9685075421875 0.468534484375 0.9618265078124999 0.48943965624999997 0.9238954734375 0.496875 0.9079921046875 0.496875 0.9034752125000001 0.49568965625 0.9016971999999999 0.4862068984375 0.8948006484375 0.4316810359375 0.862473059375 0.364266940625 0.8203125 0.360123925 0.8203125 0.3584051734375 0.82109375 0.3495689671875 0.82992995625 0.34849138125 0.82992995625 0.3482758640625 0.8275592671875 0.35021551875 0.825404096875 0.3500000015625 0.8228178875 0.34568965625 0.8213092671875 0.33426724218750004 0.8213092671875 0.3213362078125 0.8226023703124999 0.31163793281249996 0.8251885781249999 0.3049568984375 0.8284213359375 0.2959051734375 0.8342403015625 0.28793103593749997 0.8422144390625 0.2808189671875 0.8538523703124999 0.2786637953125 0.8629040968750001 0.278448278125 0.8717403015624999 0.28060345 0.8829471999999999 0.2875000015625 0.8958782328125 0.29310345 0.9021282328125 0.29698275937499996 0.9051454734375 0.2974137953125 0.9092403015624999 0.296551725 0.9165678875000001 0.2987068984375 0.920662715625 0.32004310468749997 0.93359375 0.3280172421875 0.937473059375 0.334482759375 0.9435075421875 0.3525862078125 0.953636853125 0.366810346875 0.9665678875000001 0.3698275875 0.9685075421875 0.37521551875000003 0.9700161640625 0.39224138124999997 0.9801454734374999 0.4030172421875 0.9879040968750001 0.4196120703125 0.9980334046875001 0.42190643124999994 1 0.4401176390625 1
5 0.6296875 0.965916896875 0.63546626875 0.970362103125 0.6488591265625 0.9745783718750001 0.6602678562500001 0.9748263890625001 0.6734126984375 0.976810515625 0.6860835546875 0.9828125 0.6942088265625 0.9828125 0.7024305546875 0.9760664671875 0.7118551578125001 0.9750744046875 0.7212797609375 0.9634176578125 0.7245039671875 0.9472966265625 0.7284722218749999 0.93936011875 0.7356646828125 0.9187748015625001 0.7470734125 0.892237103125 0.754265871875 0.86768353125 0.75625 0.857983353125 0.75625 0.8364632953125 0.75029761875 0.8074156734375 0.75079365 0.7749255953125 0.7485615078125 0.7387152765625 0.7443452374999999 0.7188740078125 0.738640871875 0.7062251984375 0.737648809375 0.69853670625 0.7341765875 0.6915922609375 0.732192459375 0.6781994046875 0.7277281734375001 0.6687748015625 0.7237599203125 0.6623263890625 0.7207837296874999 0.6593501984375 0.7076388890625 0.648685515625 0.6902777765625 0.62735615 0.68134920625 0.6070188484375001 0.6741567453124999 0.5938740078125 0.656795634375 0.57080853125 0.6550595234375 0.5690724203124999 0.6515873015625 0.56808035625 0.6296875 0.5802204625 0.6296875 0.965916896875
1 0.8208953390625 0.6153149796874999 0.818415178125 0.615562996875 0.8139508921875 0.61184275625 0.8097346249999999 0.611594740625 0.7727802578125 0.6202752984375 0.7678199421875 0.6227554546875 0.7623635906249999 0.631187996875 0.75616319375 0.6242435515625 0.7521949421875 0.6242435515625 0.71003224375 0.638132440625 0.7053199421875 0.6406126000000001 0.70358383125 0.642596725 0.706560021875 0.6495411703125 0.7137524796875 0.657973709375 0.7209449421875 0.66318204375 0.7283854187500001 0.6758308515625 0.730617559375 0.689471725 0.734337796875 0.7011284718749999 0.734585815625 0.7085689484375 0.740290178125 0.7172495031249999 0.741034228125 0.7370907734375 0.74326636875 0.75420386875 0.7427703390625 0.7700768859375 0.743514384375 0.7809895843750001 0.74053819375 0.7876860109375 0.741034228125 0.7946304546875 0.7400421625 0.7995907734375 0.73681795625 0.8057911703125 0.7353298609375 0.8122395843750001 0.73681795625 0.8221602171875 0.73483383125 0.8268725203124999 0.7283854187500001 0.8355530765625 0.7144965296875 0.8516741078125 0.7095362093750001 0.8608506953124999 0.7132564484375 0.8687872015625 0.7154885906249999 0.8814360109375 0.7147445453125 0.8871403765625001 0.7073040671874999 0.9010292671875 0.706560021875 0.9191344234375001 0.70928819375 0.9250868046875 0.71920883125 0.9330233140625002 0.722185021875 0.9379836296875 0.7224330375 0.93996775625 0.71920883125 0.9521205359374999 0.7197048609375 0.9608010921875 0.721937003125 0.9635292671875 0.728975684375 0.9640625 0.8045051390625 0.9640625 0.8449528765625001 0.9603050609375 0.8791790671874999 0.9598090265625 0.9049727203125 0.9580729171875 0.9084449421875 0.9573288703125 0.9109375 0.9543831203125 0.9109375 0.9484969781250001 0.906212796875 0.8360491078125 0.8982762890625 0.6874876000000001 0.8920758921875 0.605146328125 0.89033978125 0.598201884375 0.8892340437499999 0.596875 0.8861494375 0.596875 0.862562003125 0.6021701375 0.8283358156249999 0.6071304546875 0.8246155749999999 0.6096106140625001 0.8208953390625 0.6153149796874999