9 0 0.4465426609375 0.0745481671875 0.43326190625 0.1625 0.4102983421875 0.1625 0.40423589687500006 0.1565253921875 0.3623681359375 0.0839397546875 0.24329732499999998 0.0751845875 0.241589228125 0.0673207515625 0.235027709375 0.054817435937500006 0.242548140625 0.0444548328125 0.24213897499999998 0.010312215625 0.19791530156249998 0 0.18734311718750002 0 0.4465426609375
9 0.304123090625 0.099573303125 0.297331509375 0.0936952546875 0.2841120921875 0.0976611953125 0.20194635781249998 0.1444250125 0.126208459375 0.1813448421875 0.0796875 0.2096574296875 0.0796875 0.2099822421875 0.10409279375 0.27567938125 0.11911195000000001 0.3038409921875 0.21016893749999999 0.4484375 0.2132725953125 0.4484375 0.30745178906250004 0.37587139375 0.35674516093749997 0.3329386515625 0.4078125 0.305519646875 0.4078125 0.30150451875 0.4072917078125 0.296226265625 0.38387353750000003 0.2634855359375 0.3282611578125 0.145165053125 0.304123090625 0.099573303125
9 0 0 0 0.1899627828125 0.012505559375 0.20363250625 0.039498546875 0.240200884375 0.0458860203125 0.24375 0.05104297343750001 0.24375 0.07701039374999999 0.2222878578125 0.083794384375 0.2095728453125 0.12023207968750001 0.18632808437499998 0.2 0.11725442500000001 0.2 0.11524685625 0.1820022046875 0.070799190625 0.135880065625 0.004223953125 0.13330756562499999 0 0 0
9 0.5 0 0.391567434375 0 0.344079525 0.0291667046875 0.29375 0.0564628015625 0.29375 0.05727914375 0.30122158125 0.080848521875 0.2964011765625 0.08939358281250001 0.2983685578125 0.0945201609375 0.32929820468750004 0.14598995937499998 0.354868475 0.1986906890625 0.417343775 0.3015625 0.41914643125 0.3015625 0.5 0.2564484 0.5 0
9 0.129794421875 0 0.1784342953125 0.0689053828125 0.20722322656249997 0.1283047796875 0.21508598281250002 0.1359375 0.21861173125 0.1359375 0.302252228125 0.0804460390625 0.29509690625 0.058845946875 0.29956115781250003 0.053171907812499995 0.3794052546875 0.008800796875 0.3935665765625 0 0.129794421875 0
4 0.5 0.2917470328125 0.5194519390625001 0.26887856875 0.64119721875 0.16933662656249998 0.6633388984375 0.159410278125 0.6678725078125 0.154255434375 0.666174528125 0.146273996875 0.6810148859374999 0.1427432875 0.6817789796875 0.136155978125 0.6972306109375 0.1273554234375 0.70091523125 0.11820985937499999 0.7192873921875 0.106851046875 0.724517175 0.107004384375 0.7257566984375 0.11893820937499999 0.734993715625 0.129784578125 0.7773074109375 0.14953240625 0.8372631296874999 0.2094557671875 0.8861649828125 0.2968158234375 0.897032059375 0.32753911874999997 0.8983564828125001 0.3500509734375 0.9109045640625 0.366282190625 0.9245223734374999 0.373291175 0.942826615625 0.3738278546875 0.978125 0.35116083124999997 0.978125 0.3371878765625 0.97131875 0.320463603125 0.9503147203125 0.309272228125 0.936306375 0.2943201375 0.9255921171875 0.2622793796875 0.9056578156249999 0.2418657703125 0.8833972859375001 0.19626705312499998 0.8407439999999999 0.134207109375 0.7771715828125 0.071533821875 0.7497661671875 0.0363597953125 0.7216136343749999 0.030246595312500003 0.7061620015625 0.03904715 0.6786716765625 0.0950846578125 0.64192735625 0.11780228125 0.62187419375 0.1436531703125 0.5659257 0.196212403125 0.5 0.252586609375 0.5 0.2917470328125
4 1 0.09617742968750001 0.9991603093750001 0.0956483875 0.9702436875 0.09612249687499999 0.9511753546874999 0.1021731265625 0.9298656874999999 0.093616671875 0.9164176749999999 0.10776374531249999 0.9165874703124999 0.128919803125 0.8953796781250001 0.153414896875 0.8873991640625001 0.1769758703125 0.8799450234374999 0.184688971875 0.8848861453125 0.20995075000000002 0.8999811984375 0.23815412500000002 0.9136791921875 0.2453125 0.9180144234375 0.2453125 0.9259772937499999 0.24023827187500002 0.9941172890625001 0.2409141890625 1 0.2386997453125 1 0.09617742968750001
4 0.8135884718749999 0.22050690468749998 0.80384205625 0.24798192968750002 0.7913958484375 0.2648022578125 0.7608831203124999 0.290346475 0.7526648890625001 0.3046468828125 0.7481482546875 0.332275246875 0.7386904968750001 0.33464183125 0.72524248125 0.3487889015625 0.68379475625 0.35550531093750004 0.6885830609375 0.38208454999999997 0.7159035796875 0.4066805515625 0.742052490625 0.4074472359375 0.7604246531250001 0.39608842499999997 0.774025484375 0.3806238921875 0.7932975796875 0.338886790625 0.8135035609375001 0.31171843906249996 0.86875 0.264476253125 0.86875 0.25585916875 0.866905084375 0.2471870484375 0.8475820593750001 0.22150359375 0.8264252109375001 0.2116296796875 0.8135884718749999 0.22050690468749998
4 0.5 0.253064546875 0.5456621187499999 0.2151739671875 0.5763106890625 0.1658387703125 0.5859375 0.1387009140625 0.5859375 0.1310088015625 0.5857344906249999 0.11852515 0.565953009375 0.0967940796875 0.549261853125 0.0936608109375 0.5500938671875 0.0751780125 0.5308557390625 0.0600725859375 0.5 0.052778971875000004 0.5 0.253064546875
4 0.8137873390625 0.1860561671875 0.799948790625 0.1922601328125 0.7983187296875001 0.172383203125 0.7841575671875 0.158748575 0.771541565625 0.15441285 0.7626271625000001 0.163405075 0.7543410093749999 0.189600975 0.7011941921875 0.1840768859375 0.6755207109375 0.2018313359375 0.6692891203125 0.1990047390625 0.66319336875 0.17238716406250001 0.6381990828124999 0.1729762765625 0.625752878125 0.18979660625 0.605767634375 0.20375200468750002 0.5833372953125 0.23878679531250002 0.53105644375 0.25972694375 0.52547008125 0.2965775390625 0.57562845 0.3165553734375 0.6144952390625 0.35470933125 0.652105528125 0.35845594687500004 0.6899365546875 0.3489896109375 0.7255432265625 0.3473897125 0.7626441265625 0.2876681578125 0.7928512203125 0.2647588640625 0.8199510109375 0.20077825312500003 0.8137873390625 0.1860561671875
4 0.5995894749999999 0 0.59231964375 0.014319950000000001 0.5938817828125 0.04609236875 0.603135778125 0.07941225468749999 0.6168384859375 0.0969992671875 0.6126274875 0.1219927078125 0.620862696875 0.1301658171875 0.6740604578125 0.1013208984375 0.6991566328125 0.03199376875 0.6857595625 0.011771832812499999 0.6686696640625 0 0.5995894749999999 0
4 0.688814075 0 0.688068815625 0.0144834234375 0.6988509953125 0.0346286921875 0.6966266390625 0.042495128125 0.7199229453125 0.033924578125 0.7579916890625 0.033718809375 0.7683663562499999 0.0234474546875 0.7735791609375 0.0011272734375 0.7729896734375 0 0.688814075 0
4 0.565323484375 0 0.5589373296875 0.008053412499999999 0.55399619375 0.0845811984375 0.5636916671875001 0.09147517968749999 0.564404815625 0.11925687968750001 0.5707213046875 0.1326615015625 0.580416778125 0.139555484375 0.59479868125 0.1399771625 0.616312109375 0.11284714375 0.6168384859375 0.0969992671875 0.59851726875 0.073989071875 0.589925490625 0.0010303296875 0.5886228140624999 0 0.565323484375 0
4 0.7721452640625 0 0.7652250890625 0.0392186609375 0.7704718500000001 0.061845515625 0.7897948734375 0.087528971875 0.8230413468750001 0.1175864890625 0.838425059375 0.12068142343749999 0.8438755796875 0.10762180937500002 0.8417870656249999 0.09169726406249999 0.8575443343749999 0.080261784375 0.8489865109375 0.05225007968749999 0.8563387765625 0.011485434375 0.8460183125 0 0.7721452640625 0
4 0.5 0.4333127671875 0.529711621875 0.434183909375 0.5321091734375 0.4316103203125 0.5541489765625001 0.388632428125 0.55987118125 0.32799085156249996 0.5570185734375 0.31865361875 0.5403953375 0.3036248578125 0.5132446140625 0.3001849171875 0.5 0.306343525 0.5 0.4333127671875
4 0.6252604421875001 0.35238108125 0.59996051875 0.3556051171875 0.5792960828125 0.3867258546875 0.5777848734375001 0.422373990625 0.5727928078125 0.4314812203125 0.574295521875 0.4354911078125 0.6490378328124999 0.43768254687499997 0.6621575703125 0.43013556093750005 0.6788317484374999 0.4107953125 0.6809712078125 0.392350846875 0.6761149828125 0.377667096875 0.6800203421875001 0.35530858125 0.6252604421875001 0.35238108125
4 0.5 1 0.5 0.6383874875 0.47202766562500004 0.6226668562500001 0.34104647187500003 0.624955234375 0.3072448734375 0.6276603171875 0.294569275 0.6447980484375 0.2671054765625 0.6558505390625 0.237529078125 0.6944288875 0.2459794765625 0.7661754125 0.2649928765625 0.814477515625 0.2671054765625 0.8736475640625001 0.254429878125 0.969023059375 0.288231475 0.9980359906250001 0.3579472703125 0.9925889156250001 0.3769606703125 0.9795695234374999 0.40442446875 0.9769751687500001 0.46276381874999994 1 0.5 1
4 0 1 0.0738163546875 1 0.08133221406249999 0.9810618375000001 0.11724641250000001 0.9635181046875001 0.12569681093750001 0.9485687281249999 0.10879601406249999 0.917145990625 0.1066834140625 0.893923021875 0.1151338140625 0.81130855 0.0940078140625 0.7757305624999999 0.1235842125 0.7582975578125 0.1421875 0.7248697484375001 0.1421875 0.7239505359375 0.1151338140625 0.7119254421875001 0.047530615625 0.713106540625 0.053868415625 0.6559033890625 0.041510437500000004 0.64375 0.04106693125 0.64375 0.013729018749999999 0.71158255625 0 0.7118224171875001 0 1
4 0.5 0.6019775203125001 0.48671016875 0.5955587078125 0.395868375 0.6077184812499999 0.25432418125 0.6080768734374999 0.2099595828125 0.5834775578125 0.186921615625 0.5796875 0.18640135625 0.5796875 0.11277999062499999 0.587289921875 0.09799179062499999 0.6002354921874999 0.09587918906250001 0.6510212234375 0.1148925890625 0.673948915625 0.12545558750000002 0.70971145 0.143491996875 0.7234375 0.1477448546875 0.7234375 0.2353107828125 0.7035630968750001 0.2648871828125 0.6607556828125001 0.298688778125 0.647477928125 0.30925177812500004 0.63037710625 0.45713377031249997 0.627793453125 0.49516056875 0.6355872234375 0.5 0.6282368796875 0.5 0.6019775203125001
4 0.12148923281249999 0.76593110625 0.0966351171875 0.7688530234375 0.10657676406250001 0.7885808328125 0.1252173515625 0.8255704703125 0.16125581875 0.8087708734374999 0.155190384375 0.834375 0.1587720984375 0.834375 0.17989640625 0.8308343890625001 0.2022651109375 0.8167613046875001 0.247002521875 0.8010535703125001 0.259375 0.7929568046875 0.259375 0.789749971875 0.2457598140625 0.765003815625 0.2395724875 0.709375 0.2380780453125 0.709375 0.21344946406249998 0.7133268765625 0.17492558593750002 0.731413740625 0.155042290625 0.744199559375 0.12148923281249999 0.76593110625