4 0.409375 0 0.3701367203125 0 0.36905740625 0.00207218125 0.3087064046875 0.07312702343750001 0.27984699687500003 0.12556478124999998 0.24240132499999997 0.1809893578125 0.228105240625 0.215590421875 0.184757234375 0.26182996406250003 0.18697562968749998 0.28200222343750003 0.198682596875 0.3024495875 0.2035356296875 0.303125 0.2052940859375 0.303125 0.22129481874999998 0.29305121875 0.22602761249999997 0.282209965625 0.225711525 0.26648424843749996 0.23917713749999997 0.249540228125 0.24186106718749997 0.2373683796875 0.248447321875 0.2320123171875 0.2555709390625 0.21523111250000002 0.3103586734375 0.172674565625 0.3221892125 0.1680483703125 0.3816120390625 0.11672786718749999 0.409375 0.0810387484375 0.409375 0
4 0.23456381249999997 0 0.21630909687500002 0.01162289375 0.2050389015625 0.026781560937499997 0.1864726625 0.08483364374999999 0.1609375 0.12127888125 0.1609375 0.12422854375 0.1630529484375 0.13384666875 0.1749553203125 0.1501394359375 0.20043478750000002 0.175 0.2020423609375 0.175 0.22874015625 0.15135214531250002 0.2333522671875 0.120630575 0.27131232656250004 0.031823240625 0.2745242109375 0 0.23456381249999997 0
4 0.409375 0.16433476875 0.353456775 0.17381691875 0.3456751109375 0.18214295625000002 0.33811183125 0.20827200937499998 0.31725536718749997 0.2252328703125 0.290496565625 0.23300869687499998 0.25361412968749997 0.254011865625 0.24997904375000002 0.26396044375 0.2411973765625 0.271101859375 0.24185542343750002 0.279557028125 0.24495927812499999 0.28125 0.29040250625 0.28125 0.291395978125 0.2812244953125 0.368574659375 0.25642044375 0.38125865000000003 0.2560948171875 0.4086036671875 0.23585519375000003 0.409375 0.234627746875 0.409375 0.16433476875
4 0.409375 0.32797066406250003 0.40210938125 0.3282850734375 0.3258330046875 0.3563510484375 0.29170633281249997 0.38610133125 0.2915109265625 0.39025593125 0.3017063921875 0.3979475546875 0.3576472390625 0.403125 0.373849596875 0.403125 0.409375 0.39547352343750003 0.409375 0.32797066406250003
4 0.409375 0.3837738328125 0.38406663750000003 0.38463046875 0.330646740625 0.3981048265625 0.2776176546875 0.40326998593749996 0.2471030859375 0.401114078125 0.23732140937500001 0.40707087187499996 0.24088177187499998 0.42115720625 0.36160223281250004 0.4359375 0.37193488124999996 0.4359375 0.409375 0.432809115625 0.409375 0.3837738328125
4 0.16774326875 0.5796875 0.1753471296875 0.57785074375 0.199252465625 0.5634051 0.274138025 0.5424637 0.2905548046875 0.5301121953125 0.2949715125 0.503545225 0.30625 0.489800625 0.30625 0.48220332812500005 0.3048279109375 0.47355351875 0.2796553328125 0.470050175 0.23164925468750003 0.5030960624999999 0.17883855312500002 0.5260642375 0.0582659078125 0.55319260625 0.0517529328125 0.55699069375 0.051060871875000004 0.571704896875 0.052093446875000005 0.572197084375 0.1277725796875 0.5796875 0.16774326875 0.5796875
4 0.409375 0.5796875 0.409375 0.449043809375 0.4046934078125 0.45285096718749995 0.3991531203125 0.503306878125 0.38490588593749997 0.536869290625 0.38302655625000004 0.554380359375 0.3609375 0.57829449375 0.3609375 0.5796875 0.409375 0.5796875
4 0.409375 0.435818421875 0.389777178125 0.43681414687500003 0.3782138734375 0.4582047109375 0.349868853125 0.47725971093749997 0.3198399046875 0.5096711843749999 0.29020176875 0.533773459375 0.2643682515625 0.566768821875 0.25753580625 0.5796875 0.323398925 0.5796875 0.3285439578125 0.5715185578125 0.3511561828125 0.5621201890624999 0.39082314218750003 0.48191399687500003 0.39833756875000004 0.4568235921875 0.409375 0.4484401328125 0.409375 0.435818421875
4 0.19155510781250001 0.3078458546875 0.1996528578125 0.3152455328125 0.20237944375 0.315625 0.2093382109375 0.315625 0.21782539375 0.310456521875 0.2265625 0.28791558125 0.2265625 0.27827351093749997 0.2244145375 0.26014658281249997 0.20702362343749997 0.2483172015625 0.21644036249999998 0.2276733421875 0.2112219453125 0.203947215625 0.19085688437499998 0.16556770468749998 0.13414964375 0.091812340625 0.123322003125 0.052669284375 0.10977761562499999 0.046875 0.107997046875 0.046875 0.09370973906249999 0.053775296875 0.09222121875 0.0629771703125 0.11992828281250001 0.1023784890625 0.12948868281249998 0.123572559375 0.1538020234375 0.212683084375 0.19155510781250001 0.3078458546875
4 0.160596521875 0.326525309375 0.15920570625 0.33364988281249996 0.1745966078125 0.34311002031250004 0.1739126890625 0.3576511140625 0.149518840625 0.3824832546875 0.156567734375 0.389736959375 0.17744717968749998 0.3947337125 0.1783236109375 0.42099189531250003 0.1846167578125 0.42186773125 0.2041312578125 0.4109927953125 0.208668646875 0.404306140625 0.24999076874999998 0.3786936140625 0.271407578125 0.3722652234375 0.3072641359375 0.37307369375 0.3377068734375 0.354310640625 0.3956641609375 0.334149625 0.4 0.3242176578125 0.4 0.321187209375 0.3961785453125 0.30076686874999997 0.393129675 0.29825165 0.3864457203125 0.3056850109375 0.260143165625 0.2975161359375 0.2233584328125 0.3164420046875 0.160596521875 0.326525309375
2 0.0882342015625 0.5796875 0.0776735703125 0.6660484140625 0.0839392 0.6673735671875 0.0981833125 0.6762334187500001 0.10255565625 0.684954528125 0.10092930625 0.698254225 0.0962129390625 0.7004330375000001 0.08777005624999999 0.7088260125 0.083113925 0.7105122421875001 0.0812205484375 0.713865615625 0.0815391140625 0.7193471421875 0.0854034921875 0.7200922515625 0.087985540625 0.7232371375 0.100559828125 0.725535596875 0.1055345234375 0.7293308921875 0.11330777031249999 0.73125 0.11379390625000001 0.73125 0.1176095390625 0.7276255703125 0.11799640781250001 0.7082886328125 0.1245192015625 0.663034278125 0.1376262828125 0.6286291890625 0.1495921 0.5796875 0.0882342015625 0.5796875
2 0.183852075 0.78854551875 0.17298176406250002 0.7803992140625 0.16104398281250001 0.76076570625 0.14194564375000002 0.747125396875 0.1382532765625 0.7409303265625 0.125360425 0.7331503375 0.1049282171875 0.7263746015625 0.10228593281250001 0.7237222984375 0.0963990140625 0.72334350625 0.09424730625 0.72072276875 0.0722113625 0.714931821875 0.064934434375 0.7744398453125 0.0779738421875 0.793151325 0.0910647890625 0.8073980015625001 0.1095179296875 0.834401140625 0.1133996953125 0.843090684375 0.13442618906249998 0.8692664921875 0.1525346796875 0.8788714484375 0.21510493749999998 0.8928266624999999 0.226809846875 0.8901046109375 0.24299887656250002 0.8911462921875 0.257526775 0.8895987999999999 0.267761053125 0.8984375 0.26875 0.8984375 0.26875 0.8970582437499999 0.26157185781250003 0.8888661671874999 0.25842160937499997 0.8782378625 0.24192208124999998 0.847388771875 0.20493880468749998 0.81422874375 0.183852075 0.78854551875
5 0.409375 1 0.409375 0.5796875 0.1480342640625 0.5796875 0.145443434375 0.59149624375 0.12409156406249999 0.640760996875 0.12352399218750001 0.661575678125 0.1168894203125 0.7117874140625 0.1166143296875 0.7261669703125 0.119945284375 0.73531753125 0.1369006109375 0.7503093203125 0.1564895234375 0.7639811953125 0.179857125 0.795272209375 0.218742471875 0.8290510843749999 0.2530493140625 0.8719680406249999 0.2568106109375 0.881642746875 0.2566988359375 0.8866001265625 0.2533337296875 0.8898588000000001 0.2472058671875 0.8914503328125001 0.21207375156250002 0.8916720515625001 0.188327978125 0.8836901906250001 0.1585835078125 0.8802869171874999 0.142876359375 0.8753045859374999 0.1325742515625 0.8746417000000001 0.12773741562500002 0.8778056750000001 0.12339985 0.8849734328124998 0.1270239140625 0.9159869703125001 0.12961465625 0.923104071875 0.137481271875 0.9315535609375001 0.16019435312500002 0.9439370890625 0.16896449687499998 0.9449978609375 0.197099378125 0.9413471625 0.21262581875 0.9478072375 0.23995218437500002 0.9669415499999999 0.24887757656249998 0.9829060265624999 0.26813923281249996 0.9871241546875 0.331983125 0.9947073781250001 0.3463259734375 1 0.409375 1
9 0.409375 1 0.50557646875 1 0.5107108859375 0.9861843546875001 0.5104761609375 0.9812264328125 0.5048678437499999 0.9749977703124999 0.5052297171875 0.968092865625 0.5023738625 0.96596495 0.4954172625 0.9665894953125 0.4951566859375 0.962124778125 0.50605894375 0.9617070171875 0.508654221875 0.9593702203125 0.5214391859375 0.9041547390625 0.5234811703125001 0.865191353125 0.5235440296875 0.7979342078125 0.5265625 0.7335324390625 0.5265625 0.7070784437500001 0.5254183453125 0.70554933125 0.4827936265625 0.6978752828125 0.47804248749999995 0.6941643515625 0.43918249375 0.6901495359375 0.4246189 0.6849352328125 0.409375 0.682918109375 0.409375 1
9 0.6184793953125001 0.7045004031250001 0.601475615625 0.698663653125 0.5945190140625 0.6992881984375 0.5902610828125 0.6956031140625 0.5842908984374999 0.6962793546875 0.5814867421875001 0.6931650234375 0.5720899515625 0.69316711875 0.5681722375 0.7018639171875 0.5581613921875 0.7418933609375 0.531919421875 0.8651477156249999 0.5120528140625 0.94224735625 0.5103168109375 0.956498675 0.5126536078124999 0.9590939515624999 0.519948328125 0.9614545 0.523581715625 0.958182984375 0.529734934375 0.96345108125 0.5779400203125 0.9684502125 0.6026899828125 0.9734375 0.618264234375 0.9734375 0.6265845234375 0.9650648171875 0.6399381390625 0.8989987734374999 0.6523633265625 0.8600849859374999 0.6700244734374999 0.7873208187499999 0.6800115703125 0.757181375 0.6828125 0.7414967171875 0.6828125 0.73179278125 0.681900565625 0.730574021875 0.66551923125 0.72229708125 0.64119488125 0.714592990625 0.6374301578124999 0.7109337546875001 0.6227631765625 0.7076922796874999 0.6184793953125001 0.7045004031250001
9 0.7374098 1 0.7286186906250001 0.997445765625 0.614061134375 0.9751215109375 0.5497352875 0.966310153125 0.524581709375 0.964991909375 0.5136019078125 0.9668892921874999 0.5089821046875 0.9701091140625 0.5040114015625 1 0.7374098 1
9 0.6904610140624999 0.7125524359375 0.67886925 0.763873953125 0.66696311875 0.80232038125 0.655293809375 0.855121521875 0.639704690625 0.90722266875 0.630811596875 0.9542345593749999 0.634472928125 0.9598666234375 0.639301609375 0.9620979328124999 0.683457646875 0.9688631109375001 0.7206312359375 0.9767460421875 0.7356880359375 0.9819861937500001 0.7416065234375 0.9822963671875 0.7442018015625 0.979959571875 0.7464568625 0.9652408921875001 0.7557956640625 0.9380348406250001 0.768970440625 0.8848180375 0.774051309375 0.8539269062500001 0.77822750625 0.8402980343750001 0.7815444250000001 0.8147546390624999 0.7953125 0.7752381546875 0.7953125 0.7535623734375 0.7952361625 0.7516736875000001 0.7744613625 0.713987334375 0.7613236000000001 0.7004402 0.7076415359375 0.6961431578124999 0.6959617421875001 0.7019603515625 0.6904610140624999 0.7125524359375
4 1 0.9392324734375 0.9968882328124999 0.9360647609375 0.9808191703125001 0.9312661203125 0.9476149921874999 0.9136999796874999 0.9400855437499999 0.90638150625 0.9337234453125 0.8956622812500001 0.927025325 0.89135475 0.9115291124999999 0.8944991234374999 0.9093494984374999 0.8983413921875 0.902834409375 0.8999782 0.9007064937500001 0.9028340515625001 0.8872089562500001 0.9055886109374999 0.8770863296875 0.9100037265625 0.8703127625 0.916572609375 0.8674848562499999 0.923348271875 0.8604507109374999 0.9254524375 0.8611786468750001 0.930436209375 0.87447359375 0.9504208875 0.9358143484374999 0.9595703656250001 0.960970025 0.970285396875 0.9748594718749999 0.9789263046875 1 0.9910416968749999 1 0.9392324734375
4 1 0.741922909375 0.9963220015625 0.7409847203125001 0.9923504953125001 0.74127114375 0.9930008875 0.7477345359375 0.998167690625 0.7529509390625 0.9944826078125001 0.7572088703125 0.936882828125 0.761608625 0.92527848125 0.75654940625 0.91805920625 0.743312446875 0.9073616328125 0.7303877609375 0.9033901249999999 0.730674184375 0.8925933546875001 0.73851590625 0.8891150578125 0.7388281765625 0.8838707093749999 0.7350913984374999 0.8785725703124999 0.72294424375 0.8682669109375001 0.7214150234375 0.864217859375 0.7231810703125 0.856147703125 0.7356167453125 0.8510088453125 0.739303925 0.8486999921875 0.7456122296875 0.853634165625 0.7552674968749999 0.863349515625 0.7869340687499999 0.8728559890625001 0.8131495093750001 0.8774003453125001 0.8208060968750001 0.8772194093749999 0.82425855 0.8735601734374999 0.8280232734374999 0.8619837718750001 0.8318676390625 0.8566898281250002 0.8385140640625 0.8436079546874999 0.8427740921875 0.8191585625 0.8563296156250001 0.8117087546875 0.8569283109375 0.803610653125 0.8604604046875 0.77517019375 0.9029859281249999 0.76875 0.93166184375 0.76875 0.9327898234375 0.7691308546875 0.9427289453125001 0.7710519890625 0.9438187515625 0.78260254375 0.94046759375 0.7919713875 0.9315619140625 0.7977305953125 0.91603775625 0.816853903125 0.8814314984375 0.8247689734375001 0.8719550703125 0.839278771875 0.868758996875 0.8679364968750001 0.8692717625 0.8831721359374999 0.8616626734375 0.8866245890624999 0.8618436078125 0.8937900656250001 0.8666701937500001 0.902930475 0.8809969593750001 0.8998182390625 0.89319790625 0.9071129593750001 0.8955584546875001 0.925490871875 0.8940487906250001 0.9298780453125 0.8952678359374999 0.9461580843749999 0.9149143937499999 1 0.9426647671874999 1 0.741922909375