7 0.2189625453125 0.5390625 0.21953125 0.53798828125 0.2203125 0.5291341140625 0.2203125 0.5148242187500001 0.2185546875 0.49794921875 0.20927734375 0.47109375 0.19658203125 0.457421875 0.17998046875 0.44375 0.16142578125 0.4388671875 0.1501953125 0.4291015625 0.14091796875 0.426171875 0.13017578125 0.437890625 0.11650390625 0.46669921875 0.108203125 0.4798828125 0.07890625 0.5150390625 0.052856739062500005 0.5390625 0.2189625453125 0.5390625
7 0 0 0 0.06593940625 0.019677734375 0.07841796875 0.068017578125 0.11748046875 0.097314453125 0.1501953125 0.117822265625 0.182421875 0.136376953125 0.22490234375 0.142236328125 0.233203125 0.145654296875 0.246875 0.152490234375 0.26005859375 0.193994140625 0.26689453125 0.2041015625 0.2671875 0.2329833984375 0.2671875 0.242822265625 0.26591796875 0.2515625 0.259017784375 0.2515625 0 0 0
7 0.162060546875 0.35029296875 0.157177734375 0.35810546875 0.156201171875 0.364453125 0.147412109375 0.37568359375 0.139111328125 0.40791015625 0.138134765625 0.41865234375 0.142041015625 0.42841796875 0.181103515625 0.4435546875 0.202099609375 0.4650390625 0.2066569015625 0.471875 0.214794921875 0.471875 0.230419921875 0.4708984375 0.2515625 0.46417125312499996 0.2515625 0.317431640625 0.25141624375 0.2546875 0.251328125 0.2546875 0.238232421875 0.26923828125 0.229443359375 0.28291015625 0.206494140625 0.3029296875 0.162060546875 0.35029296875
0 1 0.2455218640625 0.9926414000000001 0.24743514375000003 0.978150921875 0.24843458593749998 0.9674473124999998 0.25593041250000004 0.958701184375 0.2589287453125 0.927527365625 0.26292651875 0.8895649046875 0.2654251265625 0.86732045 0.2694229015625 0.8367991281249999 0.271921509375 0.8209246984374999 0.271921509375 0.8144488953125 0.2674240140625 0.8070598984374999 0.2669242921875 0.8038748859375 0.26892318125000003 0.8025967156250001 0.27641900625 0.7972977953125 0.2844145546875 0.79341114375 0.30740175625 0.7875 0.321734653125 0.7875 0.32280879218749997 0.7924846140625 0.392354459375 0.7962714796875 0.39885084375 0.8027182359375 0.4015625 0.8050802656249999 0.4015625 0.8180466781250001 0.399350565625 0.8805000921874999 0.3998502859375 0.9135017937499998 0.397351678125 0.9353023109375 0.3928541828125 0.9733169109375 0.3898558515625 0.9867884203124999 0.3843589125 1 0.381860721875 1 0.2455218640625
9 0.45077479687500005 0.3201126296875 0.451560678125 0.3411009453125 0.451563203125 0.36009037187500004 0.45198284843750003 0.375082025 0.4532194328125 0.40806366406250005 0.455511125 0.415625 0.45640383125 0.415625 0.559003025 0.357092040625 0.5624417171875 0.3051209734375 0.5707865906249999 0.24415491875 0.5921875 0.12890249843749998 0.5921875 0.1221286234375 0.48812700312499996 0.11422725468749999 0.48102843125000005 0.1252211328125 0.47581193906249997 0.1562038828125 0.45077479687500005 0.3201126296875
9 0.6547237406249999 0.1726665125 0.631439140625 0.16766929531250002 0.59327579375 0.1626720765625 0.5843485453125 0.162672078125 0.5600947578125 0.328579709375 0.57554830625 0.332577484375 0.5936647625 0.3395735875 0.6092225906250001 0.34257191875 0.6271279640625 0.3325774828125 0.6404933984375 0.3375747015625 0.6571474187499999 0.3395735875 0.6808491375 0.34057303125 0.6968774828125 0.34856858125 0.717082053125 0.354565240625 0.743158446875 0.3578125 0.7493710046875 0.3578125 0.7875 0.20371963124999998 0.7875 0.1965681796875 0.7806996625 0.1916559390625 0.7439453484375 0.1826609484375 0.7093325484375 0.1816615046875 0.6547237406249999 0.1726665125
9 0.9151525218749998 0 0.7476491875 0.0814206046875 0.7516702546875 0.090415596875 0.7687973234375 0.116401128125 0.7818015671875 0.1533805390625 0.7968914 0.1703710828125 0.8271728359375 0.253125 0.881497265625 0.253125 0.910867621875 0.24732823593750003 0.9303397109375 0.24133157500000002 0.9547713828125 0.23533491406249998 0.9878149390625002 0.2133471546875 0.9895368093750001 0.2063510515625 0.9935553546874999 0.1963566140625 0.9933442703124999 0.17936607499999999 1 0.16771758750000001 1 0.155341665625 0.9774635046875 0.1034083625 0.94273888125 0 0.9151525218749998 0
9 0.500539125 0 0.49742337187499996 0.0189121796875 0.476814309375 0.11186043125 0.4560959203125 0.16782927187500002 0.4701696109375 0.17282648750000001 0.47760019531250003 0.13284874687499998 0.4826106546875 0.12285431093750002 0.4874125546875 0.1148587625 0.59172146875 0.12285431093750002 0.6084162656250001 0.0389010515625 0.5939546359375 0.0349032765625 0.576776690625 0.0189121796875 0.5662367734375 0 0.500539125 0
9 0.8191171562499999 0.01591385 0.6936676828125 0.029906057812499998 0.6477266859374999 0.0329043890625 0.6124882125 0.0379016078125 0.6065367140625 0.03790160625 0.584574546875 0.1628320546875 0.7832217703125 0.1868186984375 0.7890136265625 0.161832609375 0.7498482609374999 0.08087768125 0.8167721359375001 0.0478960421875 0.8191171562499999 0.01591385
9 0.764497878125 0.3207441359375 0.7887248953125 0.3147474765625 0.792002003125 0.25677975000000003 0.8200885031249999 0.2537814171875 0.8021730281250001 0.18781814218749998 0.7876045921875 0.1658303828125 0.7846313687500001 0.18481981249999999 0.7842167765625 0.2078070140625 0.764497878125 0.3207441359375
9 1 0.1698634765625 0.9940809078124999 0.1738259328125 0.99580530625 0.18581925625 0.9939282781250001 0.2038092390625 0.984324475 0.21980033593749998 0.9220982203125001 0.2457858703125 0.962296278125 0.2407886515625 1 0.23771382812500003 1 0.1698634765625
9 0.59457236875 0.36172132343749996 0.6726997875 0.3427318953125 0.6464623406250001 0.3397335640625 0.6359683765625 0.3357357890625 0.619001515625 0.33673523437499997 0.6105447875000001 0.341732453125 0.6036013703125 0.3417324515625 0.5890354625 0.338734121875 0.59457236875 0.36172132343749996
10 0 0.5390625 0 0.6834212609375 0.0481871984375 0.7697989078124999 0.09668206093750001 0.800727940625 0.11709511718750001 0.803125 0.1275406296875 0.803125 0.13649453125 0.79563181875 0.136679478125 0.7615017328125 0.1490190171875 0.7900824500000001 0.15625 0.788847203125 0.15625 0.7861767765625001 0.140702715625 0.7471750578125 0.138375040625 0.6913101765625 0.11255143593750001 0.6633279765625 0.06608135781249999 0.5390625 0 0.5390625
10 0.0728774890625 0.5390625 0.078802303125 0.576167734375 0.10631386875 0.6567142484375 0.1239098453125 0.6861019468749999 0.1383621125 0.69375 0.14505845625 0.69375 0.1617106921875 0.688169165625 0.23891547812499997 0.6391770828125 0.25 0.6074197203125 0.25 0.5745311046875 0.23805414531250002 0.5390625 0.0728774890625 0.5390625
10 0 0.774851978125 0.015432732812499999 0.7952431093750001 0.0205504546875 0.8216476578125 0.01638850625 0.8615718984375 0.042304582812500005 0.872489053125 0.0587598375 0.8696780515625001 0.06250565625 0.9065465046875 0.0767643421875 0.9450289281250001 0.097516459375 0.93807405625 0.28578851250000004 0.9621746140624999 0.3226297890625 0.9592909796875 0.3378056125 0.9498788390625 0.326333171875 0.9433140203124999 0.3062670078125 0.9450369359374999 0.29415485 0.9351715500000001 0.29986985312500003 0.9120312515624999 0.3203021109375 0.9034260968750001 0.3279824953125 0.8816549828125 0.315230621875 0.8684890265625 0.32789382031250003 0.8373420906250001 0.31747342500000003 0.8186630796875001 0.29059777656249997 0.8027950734375 0.1519188703125 0.788976834375 0.1084492578125 0.8015173953125 0.057942771875 0.777751696875 0 0.7688561484375 0 0.774851978125
3 0.45 0.8212966578125 0.4763132203125 0.825 0.498095703125 0.825 0.5025390625 0.823974609375 0.5142578125 0.808837890625 0.52890625 0.801513671875 0.5337890625 0.790283203125 0.5396484375 0.764404296875 0.5421875 0.7205147875 0.5421875 0.702685546875 0.54111328125 0.699462890625 0.5298828125 0.690673828125 0.525 0.675048828125 0.51767578125 0.664306640625 0.50986328125 0.661376953125 0.45 0.6535327984375 0.45 0.8212966578125
3 0.510107421875 0.5390625 0.5087890625 0.539501953125 0.48583984375 0.555615234375 0.45654296875 0.569287109375 0.45 0.5730259484375 0.45 0.653603515625 0.51806640625 0.664013671875 0.52685546875 0.671337890625 0.5283203125 0.686474609375 0.53271484375 0.693310546875 0.54248046875 0.700634765625 0.54345703125 0.705517578125 0.54712890625 0.7078125 0.550439453125 0.7078125 0.5576171875 0.707470703125 0.58056640625 0.701123046875 0.60595703125 0.689404296875 0.6171875 0.679150390625 0.63037109375 0.671826171875 0.63525390625 0.663037109375 0.6884765625 0.636181640625 0.7021484375 0.624462890625 0.76220703125 0.585888671875 0.7919921875 0.572216796875 0.8125 0.568798828125 0.83056640625 0.562939453125 0.833984375 0.559521484375 0.8291015625 0.551708984375 0.814453125 0.541943359375 0.8112521703125001 0.5390625 0.510107421875 0.5390625
3 0.602099609375 0.778857421875 0.597216796875 0.773974609375 0.593798828125 0.747119140625 0.591845703125 0.741748046875 0.589404296875 0.741259765625 0.537646484375 0.773486328125 0.530810546875 0.800830078125 0.528369140625 0.804736328125 0.525439453125 0.805712890625 0.531787109375 0.815478515625 0.549365234375 0.822314453125 0.567431640625 0.835986328125 0.585498046875 0.855517578125 0.596728515625 0.860888671875 0.609912109375 0.860888671875 0.617724609375 0.857958984375 0.625048828125 0.852099609375 0.630908203125 0.841357421875 0.63125 0.833837890625 0.63125 0.8302734375 0.625537109375 0.816943359375 0.610400390625 0.802294921875 0.605517578125 0.793994140625 0.602099609375 0.778857421875
2 0.6979248046875 1 0.69423828125 0.98525390625 0.69375 0.9583984375 0.69033203125 0.95400390625 0.6576171875 0.9408203125 0.63564453125 0.93984375 0.6078125 0.95693359375 0.5931640625 0.969140625 0.5873046875 0.976953125 0.5853515625 0.976953125 0.56826171875 0.95595703125 0.54189453125 0.93056640625 0.45986328125 0.90419921875 0.45 0.902483865625 0.45 0.9729851968750001 0.458626575 1 0.6979248046875 1