4 0.5390625 0.237153521875 0.5295714265625 0.2378975875 0.4529654890625 0.26682358906250003 0.44030980937499997 0.2678157484375 0.413368659375 0.2895490671875 0.4034035484375 0.30647874062499997 0.340441765625 0.3365923984375 0.31671034531250003 0.35651133281249997 0.29211260625 0.3700735328125 0.2888418015625 0.37397637499999997 0.29075766875000003 0.380424465625 0.298508946875 0.3890625 0.3330700546875 0.3890625 0.395365534375 0.3654516578125 0.4695059078125 0.3488736890625 0.4771276078125 0.340115134375 0.48421891875 0.3135133234375 0.504740609375 0.2954087734375 0.53131529375 0.2862062078125 0.5390625 0.2813175609375 0.5390625 0.237153521875
4 0.3004114859375 0.1532212859375 0.2367971546875 0.16966860625 0.19735301875 0.1871729375 0.1938379046875 0.19942961406249998 0.21535929999999998 0.21910003281249998 0.279465778125 0.2265625 0.288782975 0.2265625 0.3494767296875 0.2025083390625 0.4180639609375 0.1959158703125 0.493711965625 0.163765821875 0.5265625 0.1327920578125 0.5265625 0.127393759375 0.5170656874999999 0.12078248750000001 0.44980285625 0.11806825000000001 0.399954834375 0.1315263109375 0.37464347187499997 0.1335106296875 0.32362374531250004 0.15105424843749998 0.3004114859375 0.1532212859375
4 0.5390625 0.091486 0.45305994062500005 0.085440946875 0.32206062343749997 0.10335094687499999 0.2306886734375 0.0974912390625 0.21584227500000003 0.10143337187499998 0.196875 0.115175090625 0.196875 0.11596945 0.20560231406249999 0.1277611078125 0.23030289843750001 0.14666137343750002 0.2587435765625 0.159375 0.2885932109375 0.159375 0.35133710625000003 0.145681046875 0.4357286703125 0.13837049375 0.48881695625 0.1220538203125 0.5390625 0.114482528125 0.5390625 0.091486
4 0.131124153125 0.18507631875 0.10195051875000001 0.1752086828125 0.050400401562499995 0.174909046875 0.0323137359375 0.18170979062499998 0.0268522140625 0.1885626046875 0.0327830515625 0.20164150468750003 0.051125257812500005 0.222082078125 0.1123463296875 0.2514894875 0.1195099484375 0.2583943703125 0.1860703875 0.28512588125 0.2090688765625 0.2902684484375 0.218340221875 0.290625 0.258811384375 0.290625 0.28920116406249996 0.2846809234375 0.3767413765625 0.2776444453125 0.4015625 0.2696126765625 0.4015625 0.268404296875 0.3961829796875 0.26049276875 0.34823959375 0.24480376874999998 0.2175038953125 0.21772055156249998 0.1847733734375 0.1855586703125 0.16381290625 0.1826872765625 0.131124153125 0.18507631875
4 0.37550030156249997 0 0.3705189078125 0.008065040625 0.357874459375 0.044652353125 0.35124442031249997 0.096875 0.36559916718749996 0.096875 0.3985433 0.093208540625 0.4031079671875 0.081043221875 0.41390885781250003 0.0715145109375 0.41855390937500003 0.020621353125 0.4267244921875 0 0.37550030156249997 0
4 0.4450193234375 0 0.4259055 0.041302184375 0.41884472968750003 0.066859765625 0.40051375624999996 0.08201434375 0.40030763125 0.0890625 0.40282100625000006 0.0890625 0.427740984375 0.08647811562499999 0.43890833906250004 0.064418653125 0.4668685 0.0438209234375 0.496275215625 0.0097395734375 0.5073151203124999 0 0.4450193234375 0
4 0.5390625 0.1456458609375 0.5118278546874999 0.14646026406249998 0.48176859531250005 0.166875275 0.42426833437499994 0.190136121875 0.41973420624999996 0.20125721093750001 0.4243406421875 0.22364281562500002 0.42611433437499996 0.225 0.4282707546875 0.225 0.43396982812499996 0.2181996640625 0.5390625 0.219502634375 0.5390625 0.1456458609375
4 0.18911021875 0.1199023609375 0.099001590625 0.10682440625 0.05553125625000001 0.08210277656250001 0.0491423375 0.0846873171875 0.0493978796875 0.11192863281250001 0.10891685625 0.12757834375 0.133586903125 0.1475228375 0.18440408749999998 0.1728839765625 0.1961175765625 0.1859375 0.20594898125 0.1859375 0.2262334046875 0.181759453125 0.25620105 0.1644771265625 0.255273653125 0.16020885 0.24690779062499998 0.15843375625 0.21090646249999997 0.1301747171875 0.18911021875 0.1199023609375
4 0.10117238906249999 0.0553292421875 0.11102657812500001 0.0781716375 0.11365606875 0.096197609375 0.1059122125 0.10913308125000001 0.1197933921875 0.1140625 0.17881808125 0.1140625 0.185739109375 0.11398785 0.1890625 0.100443096875 0.1890625 0.0904732359375 0.1846783265625 0.0783013375 0.15432175625 0.036924109375 0.11952267187500001 0.00353528125 0.10584798124999999 0.0033918546874999998 0.1008252328125 0.031220609375000003 0.10117238906249999 0.0553292421875
4 0.271875 0.3890625 0.271875 0.3845253125 0.265407946875 0.38021397968750004 0.1955767 0.3573853109375 0.1485301734375 0.347008815625 0.0951751109375 0.30048901875 0.0898968203125 0.30107645625 0.07471449531249999 0.316505109375 0.059837559375 0.32149147031249997 0.05839100625 0.3349750921875 0.024347315624999998 0.3477150671875 0.011294631250000001 0.3622822078125 0.0322856359375 0.36410937187500003 0.08306105312499999 0.3549195859375 0.09377032656249999 0.3485235640625 0.10951358124999999 0.3498939375 0.159889328125 0.3890625 0.271875 0.3890625
4 0.116782865625 0 0.1179583484375 0.0019413343749999999 0.1252135828125 0.0057135296875 0.1618674578125 0.0476389078125 0.1860488828125 0.08429107031250001 0.2004677375 0.0949681484375 0.21118254687500002 0.096875 0.21268045 0.096875 0.2299773 0.0933492609375 0.28461409375 0.0804426296875 0.35363240937499996 0.08272280625 0.3668239140625 0.019416315625 0.3770288953125 0 0.116782865625 0
3 0.9550919624999998 0.3890625 0.9424825359375 0.339956990625 0.911636946875 0.2994255453125 0.8997508812499999 0.2891915703125 0.838330846875 0.25476296875000004 0.829963296875 0.2514285890625 0.8174544640625001 0.25373537968750004 0.81613204375 0.2655922578125 0.8245926734375001 0.2849354234375 0.8267604421874999 0.298819659375 0.8261093484375 0.3064881859375 0.819242284375 0.321922428125 0.82562013125 0.34199807656250003 0.85500570625 0.370721240625 0.8773648375 0.3890625 0.9550919624999998 0.3890625
3 0.8241139671875001 0.3890625 0.8223104984375 0.3803253078125 0.820777634375 0.3559884109375 0.8233820109375 0.325314309375 0.8177888046875001 0.3205392640625 0.7941583140625 0.3244325125 0.7802218421875 0.3204992953125 0.771106071875 0.30812861874999997 0.7598063484375001 0.279089571875 0.730453153125 0.255934684375 0.7213859453125 0.25191641875 0.7045982359374999 0.23619921718749998 0.7004245796874999 0.23627211250000002 0.689505265625 0.272660278125 0.68957001875 0.2837968265625 0.70022674375 0.32189646562499996 0.7079512921875 0.3342914390625 0.7184340015624999 0.34246160937500003 0.7366898187500001 0.3713791609375 0.7517386593750001 0.3890625 0.8241139671875001 0.3890625
3 0.6952836671875 0.3890625 0.7015625 0.352506759375 0.7015625 0.3179829140625 0.6874501890625 0.27863714375000004 0.6779059078125 0.3122168765625 0.6779625671875 0.32196135312499996 0.68359219375 0.3330007046875 0.6823588046875 0.3601703390625 0.6740721953125 0.37075664218750004 0.6657532093749999 0.375774671875 0.6441933578125 0.3768473375 0.629520809375 0.36596592656250004 0.624570603125 0.35213028749999997 0.62232594375 0.32502140156250003 0.6033583265625 0.2933318609375 0.59426279375 0.2844413578125 0.5939111734375 0.34361641249999997 0.59605465625 0.35332444375 0.61473795 0.3890625 0.6952836671875 0.3890625
3 0.5390625 0.3890625 0.5779263140625 0.3890625 0.590625 0.3542908640625 0.590625 0.28083218906249996 0.5789030078125 0.2540327171875 0.5747495875 0.2575857828125 0.563773615625 0.284229471875 0.539682240625 0.32850485156250003 0.5390625 0.341763528125 0.5390625 0.3890625
3 0.5390625 0.3527912046875 0.5392360843749999 0.3521027765625 0.53980219375 0.3298175359375 0.5765625 0.25610545625 0.5765625 0.1637125671875 0.57427059375 0.1558854078125 0.5700807484375 0.15317416718750002 0.5603422140625 0.1533442578125 0.551372134375 0.166030815625 0.5390625 0.177619396875 0.5390625 0.3527912046875
3 0.6278930109374999 0.3635955265625 0.6341980140625 0.3711425578125 0.6448108625 0.3765625 0.6603722484375 0.3765625 0.671077459375 0.37258674687500004 0.67938430625 0.3654806140625 0.6835013062499999 0.355663240625 0.6833596625 0.331302040625 0.6776936140625 0.31399838281250003 0.69375 0.25001911718750003 0.69375 0.23914705625 0.693122015625 0.21557812968749998 0.6832458859375 0.19208305625 0.679047946875 0.18797975 0.6763262125 0.198468859375 0.66939035 0.202070521875 0.6701223828125 0.20832268125 0.6770865734375 0.20959325624999997 0.6771229953125 0.215857565625 0.670935353125 0.2284955234375 0.6633281656250001 0.236285540625 0.6549768046875 0.2357352984375 0.657783521875 0.2398629078125 0.6397017218750001 0.240874825 0.6313301265625 0.2368444078125 0.6326889687499999 0.23125183749999997 0.6277630453125 0.22159240625 0.6283898578125 0.20974767343749998 0.6325230453125 0.2027144375 0.630403840625 0.197182609375 0.6241474015625 0.19798798906249998 0.6186108531250001 0.2029574234375 0.6158972140625 0.2148386 0.613005509375 0.1960942765625 0.5786364890625 0.1625 0.578125 0.1625 0.578125 0.166727334375 0.5799400046875001 0.252360178125 0.586997271875 0.26963953906250004 0.621405896875 0.32472695625000003 0.6236384140625 0.3497477390625 0.6278930109374999 0.3635955265625
3 0.8179501 0.2633160390625 0.816878125 0.1985970078125 0.811891496875 0.1784970609375 0.8028081031250001 0.1716946625 0.7860810984375 0.1664179703125 0.7776811718750001 0.15751531875 0.7650307 0.1354609125 0.720398375 0.11674951250000001 0.7001447578125 0.10318115937500001 0.6966990859375001 0.1088101796875 0.6933829171875 0.1367122921875 0.687898978125 0.15073017187499999 0.68658465 0.1639791203125 0.688081090625 0.18205170937499998 0.7008893953124999 0.23125144843749998 0.7379833296875 0.2695854484375 0.7540592421875 0.28253066250000003 0.7604411359375 0.30330234375 0.7681616390625 0.3150012828125 0.77864434375 0.3231714546875 0.7875803125 0.325 0.802096021875 0.325 0.8050896468750001 0.3247978828125 0.8161910734375001 0.3197312546875 0.8272479796875001 0.30700825 0.82929029375 0.2993154265625 0.8278140890625 0.28472300625 0.8179501 0.2633160390625
3 0.9333816828125 0.1710880125 0.923606728125 0.1649937953125 0.8476476906249999 0.142652909375 0.8420949531249999 0.1448382046875 0.83313296875 0.15891683125 0.817894309375 0.1703206609375 0.813757075 0.1766578671875 0.8152737484374999 0.1982106296875 0.819500015625 0.2071861765625 0.8146590765624999 0.2121434609375 0.8154437203124999 0.2274440640625 0.8258859578125 0.22865389375 0.8294489890625 0.2432098640625 0.83856880625 0.256276571875 0.90767696875 0.296835840625 0.9160728468749999 0.3050424578125 0.9238135843749999 0.320221565625 0.9384982765625001 0.3331910828125 0.9556287390625 0.3375 0.9580879078125001 0.3375 0.9705125031249999 0.3354163515625 0.9836764734375001 0.32613706875 0.9898843515625 0.316979278125 0.990625 0.3118257921875 0.990625 0.29809485625 0.9897548484375001 0.29470618593750003 0.9806350343750001 0.28163947500000003 0.9652547328125 0.26868211249999996 0.9603288062499999 0.25902267968750003 0.93901535625 0.1828234 0.9333816828125 0.1710880125
3 1 0.133114571875 0.981131265625 0.117404859375 0.9528981421874999 0.047591378125 0.9298013859375001 0.023631112500000002 0.9015301984375 0.00625 0.8887143453125 0.00625 0.8170074171875001 0.0075024125 0.8255773140624999 0.0456385 0.8265643015624999 0.09574081250000001 0.8356800703125 0.108111484375 0.8392552453125 0.124755559375 0.8497905625 0.14197417343750002 0.8714111171875001 0.1513420234375 0.9187975500000001 0.1651325890625 0.9544395640625 0.193050375 0.9684024234375 0.196875 0.9838892749999999 0.196875 1 0.19120910625 1 0.133114571875
3 0.700128590625 0.1041160234375 0.7190031265625001 0.1197967796875 0.757366871875 0.137225453125 0.780491959375 0.1660579625 0.788176040625 0.1714925921875 0.7959876171875 0.1734375 0.8097293953125 0.1734375 0.8153169531250001 0.173106871875 0.8291967687499999 0.1672956109375 0.83959044375 0.16015303125 0.8484375 0.14788761875 0.8484375 0.1403925234375 0.8456081125000001 0.11828163437500001 0.8364680625 0.1017347546875 0.8336208718750001 0.0906468078125 0.8326460250000001 0.0426326 0.8207748796875001 0.0078125 0.79364115 0.0078125 0.6703125 0.0099665234375 0.6703125 0.013644525 0.67614196875 0.0467582640625 0.68455808125 0.058445053125 0.6902686484375 0.0834050890625 0.700128590625 0.1041160234375
3 0.634410103125 0.012877512499999999 0.6274904296875 0.0192633109375 0.620700259375 0.0479222078125 0.6124217421875 0.059900581249999994 0.6006570828125 0.07054763281250001 0.57286103125 0.07590584375000001 0.567401375 0.094099925 0.5698038640624999 0.1483541453125 0.5831459015625 0.16970036718749998 0.6083416296874999 0.195712290625 0.6119410843749999 0.21653256875000002 0.61966968125 0.229623578125 0.6259665906249999 0.235778540625 0.6366847734375 0.240625 0.647507603125 0.240625 0.6572973484375 0.24010405937499998 0.6808590390625 0.22437823125 0.6842682890624999 0.212484903125 0.6826504421874999 0.1735312875 0.696875 0.1251198015625 0.696875 0.099071640625 0.6825123843750001 0.030136096875 0.6741124578125 0.021233445312499998 0.663678315625 0.021415684375 0.6531996546875 0.013941548437500001 0.6406624953125 0.0113761 0.634410103125 0.012877512499999999
3 0.5390625 0.021428509374999998 0.5487222109375 0.035014434375 0.5600178890625 0.063357446875 0.5705046406250001 0.0722236515625 0.581658675 0.07620546875 0.601123603125 0.073777184375 0.61635416875 0.060981284375 0.6259955749999999 0.044106371875 0.6265900125 0.02669336875 0.634193153125 0.0182073171875 0.636931075 0.01050234375 0.5390625 0.0122116890625 0.5390625 0.021428509374999998
8 0 0.834290715625 0.159107375 0.8135808046874999 0.17937350624999998 0.8080531078125001 0.191113990625 0.8013418125000001 0.19740341875 0.7391381984375001 0.1967714703125 0.6646411671875001 0.1984375 0.6295949750000001 0.1984375 0.5238469171875 0.19454942656250002 0.5167796484375 0.18246223749999999 0.5136634671875 0.16946890625 0.513153953125 0.124156925 0.5160387 0.035327921875 0.5161034921875001 0.0116326203125 0.5093048578125 0 0.5087608625 0 0.834290715625
7 0 0.3890625 0 0.4463995515625 0.008380832812499999 0.4635378546875 0.02225194375 0.47478269375000004 0.025184704687499997 0.487183921875 0.030016429687500002 0.49682868437500005 0.048118845312500005 0.514844946875 0.0501115953125 0.515625 0.076741315625 0.515625 0.0839990375 0.513383265625 0.0966630046875 0.5045566796875 0.1053036875 0.49485515625000004 0.1099730890625 0.48575282187499996 0.1109375 0.48239126718750003 0.1109375 0.4669447203125 0.1010014609375 0.44363540468749996 0.0973359046875 0.4387545796875 0.088140503125 0.4327321421875 0.085311753125 0.42327915625 0.0789561296875 0.4128763375 0.0557578484375 0.3890625 0 0.3890625
7 0.31018761562499997 0.454885921875 0.30380362656250004 0.45782509375 0.2948115203125 0.48585724062499996 0.29717853125000004 0.49636787031249996 0.2942237125 0.5116333703125 0.289502303125 0.5192615859374999 0.2841174390625 0.5363756984375 0.28905317343750003 0.5489687062499999 0.2866751359375 0.552291440625 0.2738898234375 0.557678409375 0.277730309375 0.6099558093749999 0.294724865625 0.6390069859375 0.31007056093749996 0.659375 0.310753690625 0.659375 0.3137507625 0.65490795625 0.32267352968749996 0.6249103140625 0.3341823546875 0.597486421875 0.3424920921875 0.5359659609375 0.3431665765625 0.5126467 0.345781 0.5018784625 0.34956159375 0.4958741625 0.35625 0.46724089375 0.35625 0.4643791734375 0.3558289609375 0.461337275 0.3492196171875 0.4578885890625 0.3331958203125 0.456354340625 0.3227712140625 0.457927203125 0.3166756140625 0.45489499218749996 0.31018761562499997 0.454885921875