8 0.55 0.378909865625 0.528299884375 0.4023094328125 0.4325800046875 0.526020871875 0.3849736140625 0.5890625 0.5265721859375 0.5890625 0.533888828125 0.5800778125 0.55 0.5615693359375 0.55 0.378909865625
8 0.3325232125 0.5890625 0.3864809859375 0.526260646875 0.4792114015625 0.42365695781249996 0.5359375 0.3639422125 0.5359375 0.360107478125 0.5282446359375 0.3320045671875 0.5124300093749999 0.3510643703125 0.5010155875 0.3409852828125 0.452168871875 0.390321090625 0.37078790625 0.4672201875 0.338168115625 0.5004121375 0.3212928265625 0.4891136953125 0.2542329546875 0.5550911453125 0.22806971250000002 0.5840770171874999 0.2306968390625 0.5890625 0.3325232125 0.5890625
8 0 0.315640175 0.0872947875 0.3640625 0.09073046093750001 0.3640625 0.11692443906250001 0.34774841093750003 0.117447996875 0.2932702671875 0.13722480625 0.2939210625 0.1453125 0.24087099531249997 0.1453125 0.23080496718750002 0.129326146875 0.202734440625 0.131680278125 0.127956575 0.11820950156250001 0.0929446828125 0.06352048125000001 0.076026675 0 0.0581561125 0 0.315640175
8 0.157817196875 0.1983706421875 0.1540962234375 0.1928333125 0.147966421875 0.205583996875 0.16938728593750002 0.2282516578125 0.1609991890625 0.2894453734375 0.1437868625 0.29030849375 0.13440307812500002 0.35692764375 0.1213240265625 0.3662440390625 0.105358884375 0.35514882187499996 0.0907058984375 0.3678789453125 0.15249983281249999 0.4080331765625 0.1639895171875 0.43318977031249994 0.1795427125 0.4359375 0.1845748515625 0.4359375 0.1948642859375 0.414668875 0.1947189078125 0.3741607703125 0.2162356015625 0.3704935984375 0.2203125 0.330200390625 0.2203125 0.32392348593750003 0.199883871875 0.30471701093750003 0.190460825 0.2837870546875 0.19139667968750002 0.23222485312500002 0.157817196875 0.1983706421875
9 0.3306468765625 0.2771911953125 0.352993309375 0.2690028265625 0.3508308421875 0.291111025 0.3350213625 0.2998177390625 0.3346791796875 0.3223323890625 0.343363175 0.33180179375 0.404985428125 0.34375 0.4078995765625 0.34375 0.41543561249999994 0.3365993578125 0.4296660140625 0.34165945781249996 0.515625 0.2517469359375 0.515625 0.2506260796875 0.4370892765625 0.2237726671875 0.3641118375 0.208418790625 0.3536024140625 0.20889601875000002 0.3306468765625 0.2771911953125
8 0 0.5890625 0.080418390625 0.5890625 0.112109053125 0.5242266953125 0.1578125 0.430377975 0.1578125 0.42837440468750004 0.15601331875 0.42954646875 0.1575872578125 0.42613273906250004 0.1571801 0.412863709375 0.1433671421875 0.40036646718749996 0.10945061874999999 0.37867381875 0.026642976562499997 0.3291209578125 0 0.31291348124999996 0 0.5890625
8 0.23008831875000002 0.5890625 0.2271867734375 0.5823674265625 0.25 0.5535544078125 0.25 0.5521143890625 0.2236574546875 0.52416043125 0.20621420625 0.4901441109375 0.16203975312500002 0.46239579218750004 0.1602143234375 0.4723424234375 0.1442337515625 0.49230646250000004 0.163014871875 0.4983826953125 0.18393274843750002 0.5341161624999999 0.1798029734375 0.5890625 0.23008831875000002 0.5890625
6 0 0 0 0.055237915625 0.0068093468749999995 0.060850671875 0.07912299375000001 0.0798215015625 0.0995687390625 0.06650225625 0.139529515625 0.0810728828125 0.1650238203125 0.0660570515625 0.187777409375 0.0711377140625 0.201092528125 0.0863476703125 0.2187120078125 0.09875358125 0.25032068281250003 0.102046321875 0.26968005 0.1101342625 0.2716611453125 0.119989559375 0.2593262890625 0.13041341875 0.2685849375 0.1453125 0.2712158953125 0.1453125 0.2952341890625 0.14125519375 0.344231425 0.12207440624999999 0.38767196875 0.1280090859375 0.4145691203125 0.12083685156249999 0.434375 0.1011323609375 0.434375 0.098166153125 0.42120943750000006 0.07432920312499999 0.373399553125 0.035414889062499996 0.34960776718750003 0 0 0
8 0.1796743984375 0.5890625 0.1839855359375 0.5274213296875 0.15625044375 0.49504325781249997 0.1396199359375 0.50587709375 0.12924500781249998 0.5384739187500001 0.1323066984375 0.5537048359375001 0.11004984843750001 0.5632823625000001 0.127373596875 0.5890625 0.1796743984375 0.5890625
10 0 1 0.0635308484375 1 0.065625 0.9460742937500001 0.065625 0.928743996875 0.0502161109375 0.8296009390625001 0.0587887796875 0.7726204578125 0.0336741890625 0.7819803703125 0 0.7792929749999999 0 1
10 0.14859066875 0.5890625 0.1190932109375 0.621893621875 0.086808140625 0.793104975 0.0905265265625 0.8079419453125001 0.13543995312499998 0.8577274718750001 0.181307625 0.89375 0.1834807484375 0.89375 0.20900885625 0.8880143562499999 0.21410271875000003 0.7112584640625 0.228125 0.6817123406250001 0.228125 0.6745389 0.21359685 0.6246715234375 0.2154101125 0.5890625 0.20700000937500002 0.5890625 0.2051839046875 0.6116930421875 0.19748097343749998 0.5890625 0.14859066875 0.5890625
10 0.2517763 0.67639744375 0.22997186093750002 0.673962571875 0.21681110937499998 0.6861622281249999 0.2097027125 0.718099528125 0.209747109375 0.8013743640625 0.218310934375 0.8509883796875 0.22695461875 0.8656229109375 0.24498743125 0.8765404718750001 0.337092628125 0.896875 0.34401309062499996 0.896875 0.36126888749999997 0.8934130765624999 0.371875 0.8653082062499999 0.371875 0.8139580671875001 0.3716430421875 0.7664061546875 0.3627952421875 0.7384557468749999 0.3403518390625 0.70773306875 0.2517763 0.67639744375
10 0.3695067296875 0.861023828125 0.360552453125 0.8797127265625001 0.2899564859375 0.88261431875 0.24424437187499998 0.8744999484375 0.21102742968750002 0.8375579453124999 0.2055608 0.8694277640625 0.208560359375 0.890956409375 0.21792286875000003 0.898899265625 0.3879421625 0.9640625 0.40170255624999995 0.9640625 0.4232147140625 0.9620794203124999 0.438017234375 0.949812284375 0.4441494515625 0.9345704421875001 0.453125 0.879021725 0.453125 0.8709635984374999 0.4499532984375 0.8577173640625 0.4321778390625 0.8367960296875001 0.371254975 0.8143170421875 0.3695067296875 0.861023828125
6 0.3937305921875 1 0.39328130781250004 0.9967753687500001 0.38086600000000004 0.9906235234375 0.3754526109375 0.9991736859374999 0.357162440625 0.998259903125 0.33520712812500003 0.9591894984374999 0.306888865625 0.9337048859374999 0.228163925 0.901964390625 0.1994929703125 0.896875 0.1976704625 0.896875 0.19622491250000001 0.9215979937500001 0.22903362500000002 0.9319082421875 0.242371875 0.9446842906249999 0.24375628749999997 0.9546205859375 0.2338790671875 0.9666852875 0.1970413734375 0.9748615 0.1969881359375 0.9981811546875001 0.1997984453125 1 0.3937305921875 1
8 0 0.788290128125 0.0326248296875 0.7834129828125 0.05 0.7621897828125 0.05 0.751277209375 0.046841621875 0.719538390625 0.0133673234375 0.6926001625 0 0.68928495 0 0.788290128125
8 0 0.5890625 0 0.6671875 0.0007267578125 0.6671875 0.030386253125000002 0.6647580953125 0.060914232812500003 0.646848021875 0.080668671875 0.622718621875 0.084375 0.600700740625 0.084375 0.5917922484375 0.0838341828125 0.5890625 0 0.5890625
0 0.55 0.79375 0.561313290625 0.79375 0.5984375 0.767124415625 0.5984375 0.763199271875 0.5916979953125 0.7533225921875 0.5710710703124999 0.7435599078124999 0.55 0.7396224109375 0.55 0.79375