6 0.6296875 0.1218729328125 0.6228546640625 0.1207341265625 0.5980530765625 0.1207341265625 0.50008680625 0.1889384921875 0.5298487109375001 0.20505952343749997 0.5174479171875 0.22490079375 0.4976066484375 0.22614087343749997 0.47652529843749997 0.206299603125 0.42568204375 0.23978174531250002 0.43312252031250004 0.2521825390625 0.4132812515625 0.263343253125 0.45490223125 0.2859375 0.459263390625 0.2859375 0.48644593281250004 0.275744046875 0.5261284734375 0.284424603125 0.541009425 0.2645833328125 0.5707713296875 0.2484623015625 0.6166542671874999 0.23854166562499998 0.6296875 0.219275146875 0.6296875 0.1218729328125
5 0.6296875 0 0.3830603390625 0 0.3787078359375 0.0034722218749999997 0.342745534375 0.03447420625 0.5081121171875 0.1875 0.508491 0.1875 0.5039558515625 0.1795634921875 0.6296875 0.094800584375 0.6296875 0
5 0.1194692453125 0.020734128125 0.0500248015625 0.045535714062499996 0.07606646875 0.0852182546875 0.0934275796875 0.12366071406250001 0.1256696421875 0.1546626984375 0.1492311515625 0.14970238125 0.1442708328125 0.17822420625 0.1559069109375 0.1921875 0.1569010421875 0.1921875 0.15791170625 0.1881448421875 0.15915178593749998 0.1918650796875 0.15791170625 0.1918650796875 0.1588789671875 0.1921875 0.161605371875 0.1921875 0.172792659375 0.1608630953125 0.2124751984375 0.1137400796875 0.18891369062500002 0.090178571875 0.1194692453125 0.020734128125
5 0.264710884375 0.51875 0.23105158750000002 0.48154761874999996 0.20997023750000002 0.4418650796875 0.2236111109375 0.40218253906249996 0.22981150781249998 0.3773809515625 0.203769840625 0.3699404765625 0.1814484125 0.3525793640625 0.1926091265625 0.3240575390625 0.1826884921875 0.3079365078125 0.16532738125 0.35009920625 0.1541666671875 0.343898809375 0.1541666671875 0.35753968281250004 0.16532738125 0.3649801578125 0.1678075390625 0.37862103125 0.1616071421875 0.4046626984375 0.156646825 0.462946428125 0.156646825 0.51875 0.264710884375 0.51875
5 0.34813290625 0.51875 0.32801339218750003 0.48087797656250003 0.3106522828125 0.42755456406250003 0.2858506953125 0.344469246875 0.267249503125 0.2849454375 0.22136656718749997 0.291145834375 0.189124503125 0.307266865625 0.1878844234375 0.3085069453125 0.1916046609375 0.32586805625 0.1816840265625 0.348189484375 0.189124503125 0.35190972187499997 0.23004712187499998 0.3804315484375 0.217646328125 0.40771329375 0.2139260921875 0.43995535781250006 0.22384672499999997 0.4622767859375 0.246168153125 0.4969990078125 0.272498303125 0.51875 0.34813290625 0.51875
5 0.1311068984375 0 0.141021825 0.0367435515625 0.1459821421875 0.0404637890625 0.1621031734375 0.060305059375000004 0.18662812812500001 0.0921875 0.1870075109375 0.0921875 0.1984375 0.0521825375 0.1984375 0.0476085578125 0.17152831562499998 0 0.1311068984375 0
5 0.5375 0.51875 0.5375 0.49647453124999996 0.524822628125 0.4365451375 0.5012611203125 0.37082093125000004 0.5037412765625 0.31377728125000004 0.405775009375 0.30261656718749996 0.40825516562499997 0.2716145828125 0.3660924671875 0.2629340265625 0.3660924671875 0.291455853125 0.3046762140625 0.2742593015625 0.3189694515625 0.33857886875 0.33385040625 0.39438243906250003 0.352451596875 0.4526661703125 0.37310279375 0.51875 0.5375 0.51875
5 0.6296875 0.21291631249999998 0.6206225203125 0.22327628906250002 0.6169022828124999 0.2406374 0.5834201390625 0.2406374 0.5474578375 0.26171875 0.5263764890625 0.28156001875 0.50281498125 0.2790798609375 0.4854538703125 0.271639384375 0.45941220312500003 0.287760415625 0.44453125 0.2790798609375 0.422209821875 0.271639384375 0.41724950468750005 0.27287946406249997 0.40360863125 0.2703993046875 0.406088790625 0.2989211296875 0.5065352187500001 0.3150421625 0.50281498125 0.3671254953125 0.52761656875 0.4390500984375 0.533816965625 0.45765128906249997 0.5389802359375 0.51875 0.560243365625 0.51875 0.58093998125 0.4700520828125 0.6020213296875 0.48245287656249997 0.6296875 0.515059434375 0.6296875 0.21291631249999998
5 0.15802331249999998 0.51875 0.15802331249999998 0.460181053125 0.1629836296875 0.398177084375 0.1716641875 0.3746155765625 0.160503471875 0.352294146875 0.1617435515625 0.352294146875 0.156783234375 0.351467428125 0.156783234375 0.3535342265625 0.156783234375 0.35477430625 0.14444444375 0.3375 0.14428521875 0.3375 0.1096602171875 0.36841517968750004 0.11338045468749999 0.414298115625 0.133221725 0.4192584328125 0.0898189484375 0.48994295781249997 0.1132486765625 0.51875 0.15802331249999998 0.51875
0 0.6296875 0.20864535156250003 0.6341179375 0.2109375 0.6570771015625 0.2109375 0.6728441765625 0.206431553125 0.69977651875 0.1238773921875 0.67631931875 0.067392965625 0.6624187546875 0.04740616875 0.644174265625 0.037847265625 0.6302737015625001 0.036978275 0.6296875 0.037198153125 0.6296875 0.20864535156250003
0 0.6296875 0.44984224062499995 0.6300307984375 0.44965494218749996 0.6404562203124999 0.407943365625 0.71517175 0.3314721421875 0.73125 0.31297777187500003 0.73125 0.3089896484375 0.721253246875 0.2897605671875 0.702139971875 0.274118725 0.6812891265625 0.258476884375 0.654528003125 0.2645598234375 0.644800146875 0.27238074375 0.6404562203124999 0.3010574515625 0.6296875 0.31691515937500003 0.6296875 0.44984224062499995
0 0.6640382953125 0.46842969375 0.675332503125 0.4362770203125 0.677938859375 0.4232421515625 0.681414 0.40238636406249995 0.6807226109375 0.3676267171875 0.6605631546875 0.3884825046875 0.6484001609375001 0.40325535468749996 0.6414498796875 0.41368324999999995 0.639712309375 0.4284560984375 0.6336308125000001 0.44496693125000003 0.64058109375 0.45626381718750003 0.646662590625 0.46234675468750003 0.6527440875 0.47364364062500003 0.653612871875 0.48407153437500006 0.649268946875 0.5118792515624999 0.6640382953125 0.46842969375
7 0 1 0.24946050937500003 1 0.273583984375 0.989697265625 0.327783203125 0.974072265625 0.355615234375 0.958935546875 0.371728515625 0.947705078125 0.411767578125 0.906689453125 0.426416015625 0.877880859375 0.442041015625 0.871044921875 0.444970703125 0.867138671875 0.45 0.8478597000000001 0.45 0.8319458000000001 0.448876953125 0.826611328125 0.443994140625 0.820751953125 0.439599609375 0.820751953125 0.436181640625 0.823193359375 0.433740234375 0.832470703125 0.425927734375 0.832958984375 0.406884765625 0.818798828125 0.371728515625 0.804150390625 0.341455078125 0.797802734375 0.285302734375 0.795849609375 0.264794921875 0.799267578125 0.240380859375 0.807568359375 0.141259765625 0.827099609375 0.055322265625 0.842724609375 0.027490234375 0.845166015625 0 0.8501232703125 0 1
7 0 0.51875 0 0.5432373046875 0.011279296875 0.565283203125 0.030810546875 0.591162109375 0.038134765625 0.604833984375 0.062060546875 0.678564453125 0.074755859375 0.704931640625 0.078662109375 0.720068359375 0.099169921875 0.758154296875 0.118701171875 0.800634765625 0.137255859375 0.823583984375 0.145556640625 0.826513671875 0.239306640625 0.807958984375 0.253955078125 0.802587890625 0.260791015625 0.792822265625 0.268115234375 0.759130859375 0.268603515625 0.745947265625 0.266650390625 0.736669921875 0.259814453125 0.721533203125 0.257373046875 0.695166015625 0.250537109375 0.673193359375 0.244677734375 0.662451171875 0.237353515625 0.626318359375 0.219775390625 0.577490234375 0.210009765625 0.559912109375 0.205126953125 0.545263671875 0.202685546875 0.532568359375 0.202685546875 0.51875 0 0.51875
3 0.203125 0.51875 0.203125 0.522106934375 0.20654296875 0.547314453125 0.23681640625 0.627392578125 0.23876953125 0.629345703125 0.24951171875 0.630322265625 0.27294921875 0.626904296875 0.28662109375 0.640087890625 0.2934875484375 0.64375 0.29638671875 0.64375 0.298828125 0.643505859375 0.306640625 0.633251953125 0.31982421875 0.609326171875 0.32666015625 0.588818359375 0.3375 0.5685525640625 0.3375 0.5560324921875 0.3330078125 0.553173828125 0.30908203125 0.548291015625 0.296875 0.526806640625 0.28553602499999997 0.51875 0.203125 0.51875
3 1 0.51875 0.9395537984375 0.51875 0.937537203125 0.52568204375 0.9122395843750001 0.5990947421875 0.9045510921875 0.6246403765624999 0.9023189500000001 0.6362971234375 0.8941344250000001 0.7067336296875 0.8919022828125 0.7121899796875 0.8881820453125 0.7171502984375 0.8854538703125 0.7283110109375001 0.8852058546875 0.7439360109375001 0.8827256953125 0.7608010921874999 0.8832217265625001 0.7766741078124999 0.8849578375 0.7883308546875 0.891158234375 0.8066840265625 0.8983506953125 0.8173487109375 0.9075272828125 0.8265252984375 0.9169518859375 0.8327256953125 0.9335689500000001 0.8379340265625 0.9459697437500001 0.8404141859375001 0.9635788703125 0.8401661703125001 0.9749876000000001 0.8384300609374999 0.9866443468749999 0.8332217265625002 0.99656498125 0.8252852171875 1 0.8213817859375 1 0.51875
7 0.6296875 0.51875 0.6296875 0.8646875843749999 0.6422247015625 0.8765873015625001 0.6464409718749999 0.8832837296875 0.6873635921875 0.9170138890625001 0.7029885921875 0.9326388890625001 0.70770089375 0.9393353171874999 0.7121651796874999 0.9527281750000001 0.7119171640624999 0.96512896875 0.7101810515625 0.975545634375 0.7114211296875 0.990178571875 0.714267921875 1 0.7813387140625 1 0.7823536703125 0.993402778125 0.7818576390625 0.9698412703125001 0.7803695421875 0.962648809375 0.7754092265625 0.952976190625 0.7754092265625 0.9398313484374998 0.7773933515625 0.9279265875 0.7813616078125 0.9147817453125 0.8041790671875001 0.8795634921875 0.8083953359375 0.8693948406249999 0.8160838296874999 0.855505953125 0.8267485109375 0.8304563484375 0.8336929546875 0.8044146828125001 0.8356770828125001 0.7845734125 0.8359375 0.7766740828125 0.8359375 0.756349221875 0.8331969234375001 0.72430555625 0.8302207328125 0.7019841265625 0.8289806531250001 0.6766865078125 0.8255084328125 0.6439484125 0.82278025625 0.5891369046875 0.8106606578125 0.51875 0.6296875 0.51875
7 0.8888392859375 0.5353422625 0.8766865078125001 0.5345982140625 0.8662698421874999 0.536086309375 0.85858135 0.536086309375 0.8337797625000001 0.5303819453124999 0.8260912703125 0.5303819453124999 0.8196428578124999 0.531870040625 0.8159226187499999 0.5333581359374999 0.814434525 0.5353422625 0.8136904765624999 0.54501488125 0.8161706359374999 0.560391865625 0.8193948421874999 0.5948660718750001 0.8223710328125 0.65166170625 0.827083334375 0.6772073421875 0.830803571875 0.7121775796875001 0.8335317468750001 0.76103670625 0.8327876984374999 0.7771577390625 0.8288194453125 0.80146329375 0.808978175 0.8592509921874999 0.803273809375 0.8714037703124999 0.7854166671875 0.8994295640625 0.7824404765625 0.9093501984374999 0.7829365078125 0.945064484375 0.7816964296875 0.9525049609374999 0.783432540625 0.9589533734375 0.7859126984375 0.963913690625 0.790873015625 0.9691220250000001 0.7935941015625 0.9703125 0.800155009375 0.9703125 0.80848214375 0.96639385 0.8211309531250001 0.9569692468749998 0.8283234125 0.95498511875 0.8392361109375 0.9539930562500001 0.8419642859375 0.9525049609374999 0.8449404765625002 0.9443204375 0.8444444453125 0.9249751984374999 0.845932540625 0.9182787703124999 0.861557540625 0.9024057546875 0.8667658734374999 0.892237103125 0.86875 0.882564484375 0.8699900796875 0.86396329375 0.8699900796875 0.8493303578125 0.8675099218749999 0.8210565484375 0.868501984375 0.7982390875 0.8732142859375 0.7798859125 0.881398809375 0.76326885 0.886855159375 0.747395834375 0.890079365625 0.7220982140625 0.8950396828125001 0.709697421875 0.902976190625 0.6367807546875 0.909375 0.5990498484375 0.909375 0.564405584375 0.9069444453125 0.5524553578125 0.8992559531250001 0.5410466281249999 0.8942956359374999 0.5373263890625 0.8888392859375 0.5353422625
0 0.6999518859375 1 0.7012028781249999 0.9975942453125001 0.7034350203125 0.9956101187499999 0.70417906875 0.9928819437499999 0.705419146875 0.992137896875 0.7071552578125 0.9839533734374999 0.7131076390625 0.9693204359374998 0.7168278781249999 0.96336805625 0.7163318453125 0.9524553578125001 0.7126116078125 0.9405505953125001 0.7039310515625 0.9244295640625001 0.6972346234375 0.91649305625 0.6925223218750001 0.9125248015625 0.68855406875 0.90458829375 0.6855778781249999 0.9031001984374999 0.6818576390625 0.8991319437499999 0.6692088296875001 0.8944196421875 0.64812748125 0.879290675 0.645151290625 0.8807787703125 0.6296875 0.9034589953125 0.6296875 0.9954907046875 0.630518353125 0.9961061515625002 0.6373898515625 1 0.6999518859375 1