0 0.193538684375 0 0.177859440625 0.0037508296875 0.1646489203125 0.0046289203125 0.1497368375 0.0070551437499999994 0.1313641921875 0.014221498437499999 0.11276183749999999 0.027963284375 0.10096574375 0.035512525 0.0857665171875 0.0461580359375 0.07050986406250001 0.0584474046875 0.0635887484375 0.0679276671875 0.06266989843750001 0.0942293859375 0.064587525 0.092693828125 0.145239203125 0.21875 0.2890625 0.21875 0.2890625 0.19787862812499998 0.2885631796875 0.1831520625 0.284319909375 0.1631386078125 0.2823524828125 0.1251384453125 0.2801553421875 0.0937137109375 0.2666789625 0.055043498437500005 0.24633889375 0.024209690625 0.24027919999999997 0.009032090625 0.23546164531249997 0.0054572109375 0.22302795 0 0.193538684375 0
7 0.4890625 0.21875 0.4890625 0 0.30301562187500003 0 0.29261244999999997 0.0276963265625 0.2905088890625 0.040751465625 0.28159906874999996 0.059999148437500004 0.28039307812500003 0.0945201546875 0.2901082484375 0.21875 0.4890625 0.21875
7 0.8836830390625 0 0.8673431140625001 0.016301065625 0.8543157296875 0.020620690625 0.8197394265625 0.0212840921875 0.8041021703125001 0.0303108421875 0.79453996875 0.041164965625 0.787729065625 0.0556723640625 0.7840858453124999 0.07280413125 0.7853429015625 0.0958275171875 0.7836773625 0.09994313125 0.77271725625 0.11192890312499999 0.765831975 0.1254587671875 0.760693934375 0.12944521874999998 0.7389444359375 0.1361558265625 0.7285567859375 0.14266242499999998 0.701268084375 0.1740931546875 0.6916912390625 0.19775794375 0.6885725265625 0.21875 0.8543038375 0.21875 0.8604387687500001 0.21162407968750002 0.8634351578124999 0.1989939515625 0.8759047296875 0.1873428296875 0.883845903125 0.17468775625 0.905216203125 0.169494815625 0.921076584375 0.163400665625 0.9338436578125 0.155659675 0.940758803125 0.1490239078125 0.9448110859375 0.137268571875 0.9455841234375001 0.121422565625 0.9433382265624999 0.10490725625 0.9373223249999999 0.084352646875 0.95822383125 0.059995081250000006 0.9638971421874999 0.05004069531250001 0.9822259656250001 0.030879020312499998 0.984375 0.022724103125 0.984375 0.0143717953125 0.9828203859375 0.0061838484375 0.9794626171874998 0 0.8836830390625 0
7 0.4890625 0 0.4890625 0.21875 0.6811328718749999 0.21875 0.6812279921875 0.2186367265625 0.6960544453124999 0.1924517859375 0.703512178125 0.17344274843750002 0.7101670125 0.16338561875 0.7140625 0.1492727140625 0.7140625 0.1393267265625 0.709578753125 0.11664459687499999 0.6789499125 0.0651655984375 0.650782771875 0.0395398390625 0.6423801265625 0.0266249546875 0.6332934609375 0.01772294375 0.603779078125 0 0.4890625 0
0 0 0.9003701046875001 0.0342544109375 0.8976683515625 0.047725920312499996 0.8921714125000001 0.071510740625 0.8876739171875 0.08135329687500001 0.883676140625 0.0941976328125 0.8746811484375 0.0975643859375 0.8661858812500001 0.101894975 0.8436983984375 0.10625 0.8151167515625 0.10625 0.8098847906250001 0.10551793281249999 0.8042203781249999 0.098465596875 0.78623039375 0.0931875046875 0.7607445828125 0.0892442203125 0.755747365625 0.0785644296875 0.748751259375 0.0535789 0.75524764375 0.039088421875 0.7562470859375 0.028384812500000002 0.7637429124999999 0.019638684375 0.7667412453125 0 0.7692597375 0 0.9003701046875001
9 0 0.7470030999999999 0.015708882812499998 0.7431474140625001 0.0487524390625 0.7211596546875 0.050474309375000005 0.7141635515625 0.0544928546875 0.7041691140624999 0.0542817703125 0.687178575 0.0625 0.6727954875 0.0625 0.6667548046875 0.038401004687500004 0.6112208625 0 0.49686440468750004 0 0.7470030999999999
9 0.140579371875 0.7266646546875 0.131028971875 0.75165074375 0.0999667234375 0.754649075 0.092919028125 0.7556485171875 0.0952716265625 0.7806346093750001 0.1006508515625 0.7956262609375 0.10587239531249999 0.802622365625 0.115740684375 0.8126168 0.12707140781249998 0.827608453125 0.12999628125 0.8376028921875001 0.1307287625 0.849596215625 0.12524778125 0.8545934328125 0.11256142656250001 0.8525945421875001 0.107131325 0.847597325 0.0990891859375 0.8296073406249999 0.09444496875 0.8455984390625 0.0932470171875 0.8665867515624999 0.0874023234375 0.8845767375000001 0.09951640625 0.9015672796875001 0.11074285312500001 0.9175583750000001 0.121799134375 0.9234375 0.1222501890625 0.9234375 0.15135802812500002 0.9085633859375001 0.22062944999999998 0.8625889781249999 0.3255005359375 0.7796351625 0.34544061875 0.75964629375 0.3578125 0.741967596875 0.3578125 0.7378557625 0.354624778125 0.72866354375 0.3547799328125 0.7176696625 0.3471040390625 0.705676340625 0.2844480390625 0.6407125078125 0.18474004375 0.6836885828125 0.140579371875 0.7266646546875
9 0.0195721671875 0.525359871875 0.06966124375 0.7012619390625 0.0794353015625 0.725 0.08291107343750001 0.725 0.3015625 0.632868784375 0.3015625 0.6130987859375 0.2751229109375 0.5383526375000001 0.27950516875 0.5153654359375001 0.2715647859375 0.47738658125000005 0.2716106109375 0.4294132890625 0.1666810734375 0.46539325781249996 0.0195721671875 0.525359871875
9 0.2717472953125 0.44876808125 0.2715412625 0.469756396875 0.2736319015625 0.48774638125 0.2767678578125 0.51473135625 0.2794332953125 0.536719115625 0.31421261562499997 0.5826935203125 0.31995176718749996 0.58569185 0.4785247703125 0.49632256718749995 0.4860016515625 0.2822127265625 0.47950563593749995 0.2828604484375 0.40914054218749996 0.34882372500000003 0.379960371875 0.37181092656250003 0.2717472953125 0.44876808125
9 0 0.7514894578125 0.023233778125 0.7486011515625 0.0722548046875 0.7446033765625 0.088074590625 0.7545978125 0.129839365625 0.7535983703125 0.1474448359375 0.6976295296874999 0.0959005953125 0.7176184015625 0.0780994984375 0.7266133921875 0.0624832203125 0.6766412140625 0.0550184078125 0.6816384328125 0.05674280625 0.6936317562500001 0.054865778125 0.7116217390624999 0.045261974999999996 0.7276128359375 0 0.7465141281250001 0 0.7514894578125
7 0 0.50123886875 0.00210688125 0.50123886875 0.012055215625 0.5057363640625001 0.0279296421875 0.5057363640625001 0.061192040625 0.500739146875 0.0978211953125 0.4872466578125 0.1219441765625 0.4747536140625 0.138417459375 0.4642594562499999 0.1571089265625 0.4467691921875 0.175122578125 0.43577531562500005 0.212380403125 0.43527559374999997 0.238645603125 0.430778096875 0.24407561875 0.4262806015624999 0.2543859359375 0.408290615625 0.2592885640625 0.3708114828125 0.25476874375 0.3523217765625 0.2499375875 0.346325115625 0.24077284531249998 0.34382650625 0.222914115625 0.34382650625 0.187275615625 0.34782428125 0.178164509375 0.3543206625 0.169183003125 0.3548203859375 0.136176809375 0.3288348546875 0.12489666562499999 0.322838190625 0.07173909218749999 0.32833513124999997 0.0363612890625 0.3298342984375 0 0.3287888953125 0 0.50123886875
5 0.4890625 0.7998382546875 0.514374990625 0.81808476875 0.529221490625 0.825 0.5674321015625 0.825 0.6183222390625 0.8121205843750001 0.6298496703125 0.7997777796875 0.6344893546875 0.789978203125 0.641359746875 0.7869404515625 0.6471147859374999 0.7805217859375 0.6574574484375 0.762819984375 0.6675808265625001 0.753070884375 0.6722552171875 0.7442603484375 0.682823475 0.73298731875 0.696875 0.70838556875 0.696875 0.7067841593749999 0.6947547671875001 0.70375005625 0.6866996046875 0.7014288078125 0.6652270609375 0.700197478125 0.665053521875 0.69525226875 0.676939065625 0.6789129218750001 0.6757890046874999 0.6745429656249999 0.6693114296875 0.674573221875 0.65945939375 0.677853175 0.647035890625 0.6788623609375 0.644996071875 0.6775402671874999 0.6534314296875 0.6480910546875001 0.66589436875 0.6198024640625001 0.6723940234375 0.591998284375 0.6693776765624999 0.5912514468750001 0.661992990625 0.5938350453125001 0.6375451171875 0.6072274046875 0.6122879390625 0.6117587484375 0.60325625 0.61001275625 0.5996388406250001 0.60633915625 0.599361184375 0.598426815625 0.5927794875 0.59548994375 0.4890625 0.6496504812499999 0.4890625 0.7998382546875
2 0.855029590625 0.5074147515625 0.8458590734375001 0.5017125874999999 0.8348743296875 0.5011171078125 0.8158407375 0.5125818609375 0.8035103140625001 0.5304451359375 0.76470955 0.5608732 0.750558590625 0.569461671875 0.7302187546875001 0.572105778125 0.697016846875 0.5916644859375 0.683484303125 0.603674240625 0.6780873765625 0.6060963671875 0.6704834046875 0.61663266875 0.6627406062500001 0.6232128015625 0.6521613046875 0.6483727953125 0.64454629375 0.672796059375 0.6452688296875 0.67918446875 0.6478055921875 0.6804661953125 0.6695841875 0.6762174234375 0.6751025890625 0.677256946875 0.674779184375 0.6822425265625001 0.663407934375 0.6990360234375 0.6644712281249999 0.7009333734375 0.6917608734374999 0.703125 0.7102586953125 0.703125 0.7182448812500001 0.6995408203125 0.7357703015625 0.6877026453124999 0.7748376796875001 0.6790738875 0.7874110515625 0.6681339109375 0.7999954640625 0.6433069687499999 0.8260729859375001 0.6337496796875 0.88249225 0.6083375328124999 0.9221717312500001 0.588748571875 0.9234375 0.5873368453125 0.9234375 0.580381759375 0.9171897062500001 0.560389278125 0.9017198765625001 0.5313941390625001 0.8960800015625001 0.5268929671875 0.883979903125 0.522916575 0.865107221875 0.5105635734374999 0.855029590625 0.5074147515625
2 1 0.5148590453125 0.99513001875 0.507393646875 0.9783712999999998 0.47007238281249997 0.9762620640625 0.46677220312499995 0.9722691890625 0.4666006203125 0.942765146875 0.4779240484375 0.9179591625000001 0.4953129453124999 0.9047326671875 0.501842596875 0.902883734375 0.5059602375 0.8863348421874999 0.5172231546875 0.88349203125 0.52142153125 0.8991748296875001 0.5280824796875001 0.9113159484375 0.5474294000000001 0.9891967140624999 0.537135546875 1 0.5424831640625 1 0.5148590453125
2 1 0.4658331265625 0.9964637140625001 0.45800602343749997 0.989228896875 0.450658828125 0.97107875 0.4446942359375 0.9541480796874999 0.44507768593749997 0.9461102703125001 0.443250959375 0.9455265624999999 0.44081871874999995 0.9489357296875 0.43855806249999996 0.9338192843750001 0.4338348296875 0.8874981500000001 0.39197194375 0.8496313125 0.36380429375 0.841148621875 0.363501496875 0.8412937625 0.38183914999999996 0.8556024875 0.4203512984375 0.8889732 0.4340062484375 0.898866253125 0.4460968203125001 0.8980632625 0.45161728906250004 0.9061531328125 0.45492757968749997 0.911862421875 0.46140683593750004 0.9173981781249999 0.4629408796875 0.9260891093750001 0.46917793124999996 0.946279078125 0.47646461718750005 0.9841963937500001 0.4634659 0.986305628125 0.46676607968749995 1 0.4743221046875 1 0.4658331265625
2 0.5949974421875 0.5992836203125 0.6019088546875 0.6116163984374999 0.6139850515624999 0.6125 0.62667999375 0.6125 0.6421262953125 0.60735759375 0.6894965171875 0.5797049359375 0.69375 0.574960971875 0.69375 0.565812721875 0.693483078125 0.5654950328125 0.6763615203125 0.56043875 0.655969621875 0.561599290625 0.63374614375 0.567371996875 0.6222644625 0.56681688125 0.610984709375 0.557814540625 0.5978213171875 0.5519407953125001 0.5931406140625001 0.5463698484374999 0.59346401875 0.54138426875 0.585986253125 0.5271137749999999 0.5861187671875 0.5166884609375 0.583519825 0.515625 0.582651596875 0.515625 0.5604861265625 0.5247218218749999 0.547276984375 0.531745996875 0.54441681875 0.53544985 0.5698080953125 0.563143121875 0.590859428125 0.580774384375 0.5949974421875 0.5992836203125
6 1 0.5434473734375 0.9915027953125 0.5386129359374999 0.9875272734374999 0.538935875 0.9807783546875001 0.545435275 0.9651365734375 0.5541448484375 0.9498592171875 0.573239371875 0.9352633796875001 0.583351778125 0.928358278125 0.5854004843749999 0.9240593515625001 0.590709003125 0.9055053453124999 0.60163886875 0.8780064187499999 0.6132953484375 0.8607349890625 0.61816985625 0.8485891437499999 0.62709138125 0.833288121875 0.6313098984375001 0.827481021875 0.6362449984375 0.8047606046875 0.6420580703125001 0.798456565625 0.6470335359375 0.790991421875 0.661526009375 0.7809201046875 0.6727586734375001 0.7652262640625 0.679984684375 0.7543282890625 0.681861809375 0.7337344609375 0.69146958125 0.7284763640625 0.6978478781249999 0.717647803125 0.7017030875 0.7162090437499999 0.7033077546875 0.7173764578125 0.7081722312500001 0.7278185125000001 0.721706 0.7344175625 0.7251373937500001 0.7433514421874999 0.7382977421875 0.752897425 0.7404978890625 0.76458735 0.7469872546875 0.77307635 0.7616715359375 0.7802938171875 0.7685242109375 0.7934051484375 0.77291439375 0.8305084328125 0.7793231078125 0.8580136734374999 0.7820481125 0.878902509375 0.7808472015625 0.8881065484375 0.7859375 0.8956053234375 0.7859375 0.944724196875 0.781947478125 0.9604874546875 0.7766995515625 1 0.7712702171875 1 0.5434473734375
6 0.8266465999999999 0.465288090625 0.7821717734375 0.45236983750000004 0.7606850265625 0.43179835781250003 0.7456795359375 0.406567634375 0.7152452375 0.367712296875 0.6918811640625 0.364650896875 0.6753559359375 0.39078981874999996 0.685931034375 0.4081149171874999 0.6190571 0.44330307031250005 0.5731966296875 0.46190633124999997 0.6488840265625 0.46485016406249996 0.63231935625 0.46619574531249997 0.6080508015625 0.4846981578125 0.5879234140625 0.502864175 0.5889646281250001 0.5325354484375 0.600425803125 0.551441671875 0.6113663734375 0.5555122562499999 0.6243394062500001 0.570162909375 0.653125121875 0.5620387296875 0.6822000609375001 0.5621565687500001 0.7079620671875 0.5625435265625001 0.7464657234375001 0.57098751875 0.7757615234374999 0.5537298375 0.8088803437500001 0.5270695375 0.8202047890624999 0.4947406734375 0.863215084375 0.4895937609375 0.8877728640625 0.47933336875000004 0.9082762437499999 0.471881978125 0.904471625 0.458139659375 0.886395103125 0.46374080937500006 0.8745395296874999 0.45726489687500005 0.8666331890624999 0.46865231406249996 0.8266465999999999 0.465288090625