7 0.409375 0.46875 0.409375 0.35482546406250004 0.3135729296875 0.25256470625 0.2917298140625 0.23834538125 0.23021573125 0.20450793437499998 0.22134511250000002 0.20205799062500002 0.20545250625000003 0.202083259375 0.176989621875 0.20696304687499997 0.15366921718749998 0.21857180625 0.1428894234375 0.2308780046875 0.1397664078125 0.2472267921875 0.142249834375 0.2586697578125 0.1783859796875 0.3466318828125 0.231623771875 0.467285653125 0.23295993125 0.46875 0.409375 0.46875
7 0.1638510328125 0 0.1658301390625 0.0067310468750000005 0.17030815625 0.0124941703125 0.178802634375 0.0185004296875 0.2126666578125 0.0304237328125 0.25196388281250004 0.0364433921875 0.258349878125 0.0360277609375 0.2709201609375 0.031173243750000003 0.28270968750000003 0.030405925 0.3127751125 0.0421875 0.3252763234375 0.0421875 0.3413084609375 0.0417284703125 0.3624895078125 0.037827165625 0.38346884999999997 0.0299026109375 0.3875 0.024613446875 0.3875 0.0026288937500000002 0.3871596015625 0 0.1638510328125 0
7 0.409375 0.0913699375 0.3810509234375 0.0784931953125 0.288042353125 0.0320736734375 0.2740280515625 0.0314721484375 0.2621803796875 0.034765990625 0.24637319375 0.0438675625 0.2289760265625 0.058118092187500005 0.22267665 0.059032634375000004 0.21065694218750003 0.052751265625 0.19277094374999998 0.049878989062500004 0.183032953125 0.051017334375 0.1690174515625 0.058993196875 0.1622849921875 0.0574131875 0.15673789375 0.0512151 0.1600329453125 0.044441521875 0.1587336875 0.036957865625 0.152840121875 0.0287641359375 0.12518886093749998 0.015427382812500001 0.1146131734375 0.0146020546875 0.1033433484375 0.0183628375 0.0784614375 0.0381459875 0.07482218125 0.040075525 0.0790480609375 0.064416365625 0.091431534375 0.0670701453125 0.1235904859375 0.0806180671875 0.136362475 0.0797868046875 0.14407859843749998 0.07272548281249999 0.1525161296875 0.072680875 0.1590172140625 0.0757895875 0.161616928125 0.08217950625 0.1614994390625 0.0958099421875 0.16542808281250002 0.104131559375 0.17632056875 0.11250448125000001 0.193599046875 0.120461775 0.1961702890625 0.123826259375 0.1972678390625 0.12728665781249998 0.1941720984375 0.15523827031249998 0.1962793828125 0.17023755000000002 0.20298097343750002 0.1859469046875 0.2102616125 0.19354580937500002 0.261836 0.22449834531250001 0.33493670625 0.262122609375 0.355046278125 0.2749411171875 0.409375 0.30185493750000003 0.409375 0.0913699375
10 0.533854559375 0 0.5841246984375 0.0901114078125 0.6326195609375 0.121040440625 0.6530326171875 0.1234375 0.6634781296875 0.1234375 0.67243203125 0.11594431875 0.672616978125 0.0818142328125 0.6849565171875 0.11039494999999999 0.6921875 0.10915970312500001 0.6921875 0.1064892765625 0.676640215625 0.0674875578125 0.674312540625 0.0116226765625 0.6635864578125 0 0.533854559375 0
10 0.8638493328125 0.2014637375 0.8510974593749999 0.18829778125000002 0.8637606578125 0.1571508453125 0.8533402625000001 0.138471834375 0.8264646140625 0.122603828125 0.6877857078125 0.1087855890625 0.644316096875 0.12132615 0.5938096093749999 0.0975604515625 0.5307324015624999 0.08787664843750001 0.551299571875 0.11505186406250001 0.5564172921875 0.14145641250000002 0.5522553453125 0.181380653125 0.5781714203125 0.1922978078125 0.594626675 0.18948680625 0.59837249375 0.226355259375 0.61263118125 0.2648376828125 0.6333832968750001 0.2578828109375 0.8159263187499999 0.28125 0.831024859375 0.28125 0.8584966265624999 0.279099734375 0.871875 0.270802384375 0.871875 0.268659046875 0.862200009375 0.263122775 0.8421338453124999 0.26484569062499996 0.8300216875 0.2549803046875 0.835736690625 0.23184000624999998 0.8561689484375 0.2232348515625 0.8638493328125 0.2014637375
0 0.409375 0.307252515625 0.40941800781250004 0.3073858125 0.4191357703125 0.3546002625 0.42501357500000003 0.3578125 0.43463661093750006 0.3578125 0.4605937640625 0.3492230421875 0.4648906234375 0.34507916875 0.4568017078125 0.3208871078125 0.45890580312499996 0.2966587265625 0.4671875 0.2864187625 0.4671875 0.2687753328125 0.409375 0.2053369703125 0.409375 0.307252515625
8 0.409375 0.1824644 0.4203641125 0.202722128125 0.441297375 0.2230151078125 0.49125661874999993 0.22641519062499998 0.52553903125 0.21032927968749998 0.5569427250000001 0.1793908125 0.5630238203125 0.1493682796875 0.559231765625 0.1210323453125 0.5458864140624999 0.0960332984375 0.5183710484375 0.0768647203125 0.4822619625 0.06598388125 0.44080396874999994 0.071361103125 0.4163947078125 0.08576041250000001 0.409375 0.09743186875 0.409375 0.1824644
10 0.32074718281250003 1 0.325 0.9730203296875001 0.325 0.9699539312500001 0.26231503906250003 0.9043337828125001 0.23695699218750002 0.8970447609375001 0.2319935359375 0.9007436656250001 0.21930719375000002 0.9149590625 0.2099239671875 0.9409964515624999 0.14779001249999998 1 0.32074718281250003 1
10 0 0.8756244140625 0.02292755625 0.8928956140625001 0.0610217890625 0.9226212468749999 0.0786903109375 0.9381613453125001 0.0835461140625 0.9597489546875 0.09252258125 0.9734375 0.0933239390625 0.9734375 0.1015625 0.939532715625 0.1015625 0.9369912906250001 0.077891628125 0.9086490312500001 0.0213198625 0.8590849781250001 0 0.84612379375 0 0.8756244140625
10 0.24076575625 0.7430857484375 0.207200621875 0.7407925953125 0.20360170156250001 0.8176931265625 0.20698646874999999 0.8676838046875 0.22254432343750002 0.8896980531249999 0.2624276859375 0.906187409375 0.2520592234375 0.8831065828125 0.246885328125 0.8463521796875 0.240751978125 0.7767044000000001 0.24076575625 0.7430857484375
8 0.1672914703125 0.8663879046874999 0.1692280453125 0.8494708546874999 0.17516418125 0.8265974796875 0.1662084828125 0.8183928 0.14691444375 0.8125361984375001 0.0924794171875 0.7918023796875 0.0680808765625 0.797486721875 0.0522207546875 0.8206139421875001 0.0348427984375 0.847848034375 0.0624034109375 0.8618277234375 0.11270515156250001 0.8785000000000001 0.1591513046875 0.88614259375 0.1672914703125 0.8663879046874999
6 0.8695722124999999 1 0.863720703125 0.92734375 0.864697265625 0.90390625 0.860791015625 0.84775390625 0.862744140625 0.8267578125 0.858837890625 0.7984375 0.871875 0.76415473125 0.871875 0.762861328125 0.869580078125 0.7486328125 0.862744140625 0.73154296875 0.855908203125 0.7203125 0.831494140625 0.694921875 0.823193359375 0.6880859375 0.801220703125 0.6763671875 0.793896484375 0.6744140625 0.787548828125 0.6666015625 0.791943359375 0.65634765625 0.788525390625 0.6509765625 0.782666015625 0.62265625 0.763134765625 0.6119140625 0.750927734375 0.6109375 0.739208984375 0.60556640625 0.727490234375 0.5962890625 0.724072265625 0.5982421875 0.718701171875 0.60849609375 0.707958984375 0.6138671875 0.694287109375 0.628515625 0.673291015625 0.6421875 0.668896484375 0.66025390625 0.663037109375 0.665625 0.654736328125 0.663671875 0.644482421875 0.65439453125 0.634228515625 0.64853515625 0.615673828125 0.64560546875 0.609326171875 0.648046875 0.576611328125 0.6919921875 0.554638671875 0.71494140625 0.545361328125 0.71640625 0.523388671875 0.714453125 0.495068359375 0.7095703125 0.484326171875 0.70517578125 0.479443359375 0.70615234375 0.474072265625 0.71103515625 0.454541015625 0.74130859375 0.435986328125 0.76279296875 0.435986328125 0.866796875 0.448681640625 0.9166015625 0.455029296875 0.93515625 0.466748046875 0.9546875 0.476025390625 0.99521484375 0.488720703125 0.999609375 0.494091796875 0.99423828125 0.496044921875 0.9947265625 0.49771021718749997 1 0.5393391921874999 1 0.542431640625 0.99814453125 0.549267578125 0.983984375 0.556591796875 0.98349609375 0.594189453125 0.9908203125 0.624666015625 1 0.8695722124999999 1
2 1 0.46875 0.47589801249999997 0.46875 0.483642578125 0.5021484375 0.489501953125 0.53681640625 0.503173828125 0.5919921875 0.517333984375 0.676953125 0.522216796875 0.69013671875 0.525146484375 0.708203125 0.530517578125 0.71357421875 0.541796875 0.715625 0.553369140625 0.715625 0.560791015625 0.712109375 0.571533203125 0.6974609375 0.580810546875 0.68916015625 0.588623046875 0.67744140625 0.591064453125 0.659375 0.593994140625 0.653515625 0.605712890625 0.6447265625 0.633056640625 0.64912109375 0.645751953125 0.65693359375 0.654541015625 0.665234375 0.662841796875 0.66767578125 0.668701171875 0.6662109375 0.672607421875 0.659375 0.673095703125 0.645703125 0.678955078125 0.63984375 0.697021484375 0.62958984375 0.708740234375 0.6173828125 0.716552734375 0.61298828125 0.723388671875 0.6046875 0.729248046875 0.60078125 0.740478515625 0.60615234375 0.748291015625 0.60322265625 0.754638671875 0.6037109375 0.757080078125 0.6056640625 0.758056640625 0.61005859375 0.763916015625 0.61396484375 0.779541015625 0.6173828125 0.786376953125 0.6212890625 0.788330078125 0.6330078125 0.792236328125 0.63935546875 0.791748046875 0.66474609375 0.796630859375 0.66865234375 0.890869140625 0.66279296875 0.928955078125 0.65498046875 0.939208984375 0.6505859375 0.959228515625 0.64765625 0.968017578125 0.6369140625 0.974365234375 0.633984375 0.978759765625 0.63447265625 0.989013671875 0.64130859375 1 0.6405951953125 1 0.46875