0 0.3422783203125 0.3206973734375 0.319039840625 0.327470909375 0.305027965625 0.328696128125 0.295982953125 0.33619995 0.28798825625 0.33927828125000004 0.2582009 0.3437183640625 0.2214691609375 0.3468112859375 0.20043518749999997 0.3510977671875 0.17099793593749998 0.3540626890625 0.15543636562500002 0.35433575624999997 0.148219596875 0.3500553328125 0.1408797140625 0.3496944546875 0.1381435109375 0.35170116406249996 0.13833818281250002 0.35904284999999997 0.13468785781249998 0.3669416796875 0.13531726718749998 0.3894556171875 0.1322571171875 0.403709846875 0.15081570625000001 0.4724281515625 0.155782571875 0.4787067515625 0.1626426984375 0.48125 0.16470003125 0.48125 0.1772251265625 0.478820159375 0.23854420625 0.47823383125 0.270412953125 0.47522624062499996 0.2909152296875 0.47045941406249997 0.32760157031250003 0.46687761562499996 0.3397459671875 0.461278103125 0.362193440625 0.45647714375000004 0.371069940625 0.45240399375000007 0.381923953125 0.443399409375 0.3828125 0.4389272703125 0.3828125 0.3979431140625 0.38213019375 0.382676278125 0.37941323125 0.374399503125 0.369025521875 0.35695353750000003 0.358929440625 0.3321573484375 0.3540987703125 0.32734538125 0.3422783203125 0.3206973734375
9 0 0.4232085203125 0.0084156234375 0.42404719062499996 0.031843242187499995 0.42461544062499995 0.0490998609375 0.4321474046875 0.070064353125 0.43765560781249996 0.0835987171875 0.4390625 0.102405009375 0.4390625 0.109375 0.3007889921875 0.109375 0.2826476625 0.1009658953125 0.2774798015625 0.0631987625 0.269328403125 0.029075103125 0.26894784375 0 0.26482130000000004 0 0.4232085203125
9 0.094628928125 0.2397424546875 0.1127027078125 0.2560742015625 0.1590162421875 0.3375 0.160535425 0.3375 0.167975578125 0.3373694421875 0.2058979140625 0.33670399687499997 0.2392952078125 0.3292625265625 0.2572254171875 0.3230718125 0.2800174625 0.316795784375 0.30816334843750004 0.2947562578125 0.30850014375 0.28789491875 0.31050928906249997 0.2780661921875 0.3070210203125 0.2614785046875 0.3125 0.246753178125 0.3125 0.243535096875 0.2767837078125 0.187578725 0.21675142812499998 0.07600724375 0.047252181250000004 0.17006081875 0.0529311828125 0.1787752875 0.074739228125 0.20385563125 0.094628928125 0.2397424546875
9 0.4890625 0.22981731718749998 0.4347240390625 0.25635466562500003 0.3997335578125 0.299080584375 0.3951968859375 0.3236438671875 0.3653258765625 0.32710607187499996 0.35861009843749997 0.328203265625 0.3657418359375 0.3525617953125 0.373910346875 0.3671086609375 0.38038012499999996 0.3738505609375 0.3919841296875 0.3834404109375 0.40598684531250007 0.3978849015625 0.41078427656249994 0.4075941875 0.4138185609375 0.41929310624999994 0.409410703125 0.42426718750000003 0.39658833125 0.42253349531250006 0.390300146875 0.41774710312499996 0.378942146875 0.4003181640625 0.377477778125 0.4160134109375 0.380356859375 0.436529178125 0.3781017140625 0.45419699687500004 0.39325839375 0.47057993124999997 0.4073519046875 0.48600217656250005 0.41732394843750004 0.490625 0.42133949375 0.490625 0.44542944687499997 0.47651988437500004 0.4890625 0.4424532296875 0.4890625 0.22981731718749998
9 0.4890625 0.0763775109375 0.4792716765625 0.052448804687499996 0.47005163124999993 0.0056019390625 0.374138790625 0.042541471875 0.2415103484375 0.10362960000000002 0.3245837984375 0.27453693281249997 0.3383347390625 0.296875 0.3434451859375 0.296875 0.4890625 0.22743502656249998 0.4890625 0.0763775109375
9 0 0.2629112109375 0.08932656562499999 0.271875 0.10315015624999999 0.271875 0.10395427500000001 0.2487587234375 0.049926160937500005 0.1703796796875 0.1078125 0.137781428125 0.1078125 0.12614403125 0.10528358281250001 0.10575073593749999 0 0.1196001265625 0 0.2629112109375
9 0.1140661640625 0.403125 0.1323753515625 0.3980414546875 0.12439270625000001 0.3413794046875 0.15 0.338138803125 0.15 0.33511955000000004 0.1210448890625 0.2738632078125 0.102517128125 0.2526426921875 0.103269884375 0.271237075 0.107302928125 0.2936912859375 0.1097572625 0.403125 0.1140661640625 0.403125
9 0.3125028109375 0.28534989843749997 0.306176603125 0.3011304609375 0.25234030937499996 0.3265625 0.25718695468749997 0.3265625 0.288635965625 0.3220045421875 0.3359187953125 0.3172574546875 0.3530217015625 0.3265625 0.3577441765625 0.3265625 0.394105646875 0.3250505375 0.4 0.27482337968750004 0.4 0.27033662187499996 0.353887025 0.2904997875 0.3381739375 0.2995896375 0.3132144234375 0.2510602671875 0.306861828125 0.256068475 0.310868484375 0.26775033125 0.3125028109375 0.28534989843749997
7 0 0 0 0.11845334062499999 0.0319361359375 0.1145861703125 0.09385154999999999 0.10468558125 0.11957999999999999 0.103744434375 0.150871653125 0.0997676265625 0.176677821875 0.09441805625000001 0.207638609375 0.08163293125 0.2193097875 0.08142812968749999 0.22993065000000001 0.085648821875 0.24549221875 0.085375753125 0.2771339765625 0.07992378125 0.3104354640625 0.0661182359375 0.33167027031249996 0.053503778125 0.345792184375 0.042972829687500005 0.360737421875 0.0255720046875 0.3762728359375 0.0145265796875 0.41269986562499994 0.013397696875 0.437578834375 0.0085540703125 0.4420332421875 0.0040688453125000005 0.44355413437499996 0 0 0
5 0.5053283015625001 0.220931803125 0.4974269359375 0.2244275140625 0.5106205640625 0.2544327078125 0.533360478125 0.3374148265625 0.55284216875 0.3421875 0.558422675 0.3421875 0.5943938453125 0.3180228984375 0.6104012703125 0.32002424218750003 0.6231139796875 0.3067895546875 0.6270917812500001 0.2920184578125 0.6390030203125 0.2941135625 0.64375 0.2901554046875 0.64375 0.287483646875 0.6342927625 0.267229034375 0.636053546875 0.256139234375 0.6279943390625 0.24006516093750002 0.6281274984375 0.2238035671875 0.5209189546874999 0.2204170875 0.5053283015625001 0.220931803125
9 0.4890625 0.5390625 0.901230384375 0.5390625 0.95625 0.1925371171875 0.95625 0.18529423750000001 0.934417696875 0.1449664828125 0.9312882171875 0.13383076875 0.9223880781249999 0.1281940421875 0.9098800593749999 0.15042149062500001 0.888410271875 0.2085281640625 0.88251384375 0.2148192796875 0.8190266921875 0.2085378328125 0.779063634375 0.21860787187500003 0.7600451093749999 0.22014815 0.7278971078125 0.23240705625000002 0.6901510625 0.23879579843749998 0.6724297015625 0.2373072359375 0.6500227703125 0.244765521875 0.6359808234375001 0.2406671390625 0.63375641875 0.25981789843750003 0.6417293171875 0.2815765484375 0.6401806140625 0.2861896453125 0.6287256078125 0.2915030453125 0.61237294375 0.31223999999999996 0.5941485046875 0.31391995 0.5579832359375 0.33605750625 0.5382569421875 0.3317735359375 0.5314480484375 0.3232476421875 0.5234751484375 0.3014889953125 0.51327784375 0.2988811078125 0.4890625 0.335811540625 0.4890625 0.5390625
8 0.10971678124999999 0.5390625 0.11283685937500001 0.547832071875 0.13194483125 0.580873625 0.1526164109375 0.606206203125 0.173861421875 0.62393981875 0.1901122875 0.633688346875 0.2202776953125 0.646412075 0.246328478125 0.6484375 0.2579730703125 0.6484375 0.2835101265625 0.6464196421875 0.299544159375 0.64212645625 0.333488559375 0.6242893140625 0.3673984890625 0.593897246875 0.38526561406250004 0.571818140625 0.4009179953125 0.5439569 0.4022644234375 0.5390625 0.10971678124999999 0.5390625
0 0.396916490625 0.58594945 0.3935379734375 0.5747707609375 0.390202696875 0.5721272203125001 0.38568609375 0.5721266796875 0.361625953125 0.5969032515625 0.331251215625 0.6233860953125 0.30541940625 0.63781015 0.26312803749999997 0.6530582171875 0.2555625546875 0.66093166875 0.237660965625 0.6704558484375001 0.22798476875 0.6815779109375 0.23409066875 0.690444178125 0.24129078124999997 0.708231178125 0.26775554218750003 0.7439718187500001 0.2778654078125 0.7609331859375 0.29022434218750004 0.7703125 0.3062537125 0.7703125 0.3112620671875 0.7672697078125 0.32188520625 0.7475024859375 0.3321692984375 0.7413363859375 0.3388661796875 0.7345641374999999 0.34654446562499996 0.731701653125 0.3498972953125 0.7263056421874999 0.3617882359375 0.7209657171874999 0.3642724625 0.716670909375 0.3717683828125 0.7123216375 0.376180953125 0.70329143125 0.38280827031250003 0.7000433625 0.3870297015625 0.6935461453125 0.3959501015625 0.6885362578125 0.4101516765625 0.673394959375 0.4218514765625 0.670588021875 0.4283572140625 0.6663487625 0.4359375 0.652181484375 0.4359375 0.644523715625 0.43515875625 0.6399732265625 0.4284969765625 0.6306663703125001 0.424128275 0.6195976937500001 0.41554692031249996 0.6110064562499999 0.40555863593749997 0.595036284375 0.396916490625 0.58594945
7 0.4027718546875 0.5390625 0.4025576125 0.5398500609375 0.385037675 0.572942296875 0.38353485468750004 0.58114686875 0.3991515015625 0.5979987625 0.41753 0.6250931625 0.422515365625 0.637098025 0.4257547578125 0.655325075 0.4362030328125 0.6873193484375 0.4465560578125 0.7062630999999999 0.448762025 0.7160650140625 0.46058277187499996 0.7428833 0.4698328078125 0.7569260953125 0.48106320937499997 0.7707488640625 0.4890625 0.7777259796875 0.4890625 0.5788781796875 0.45619218437500003 0.543435734375 0.4506746 0.5390625 0.4027718546875 0.5390625
10 1 0.617790021875 0.9957857421874999 0.6201667140625 0.8972817781250001 0.6668902 0.7963146015625 0.721752934375 0.7216287796875 0.7597147359375 0.6733512328125 0.7827541921875 0.5874230640625 0.816099478125 0.581220765625 0.828001115625 0.5712852640625 0.86702600625 0.5711325031250001 0.8879136359375 0.5742428671875001 0.8976191703125 0.5836123468750001 0.9118213921875 0.5946133890625 0.9204325656249999 0.5990588296875 0.9215872 0.71106893125 0.9131082078125001 0.8096230578125001 0.898192071875 0.850815734375 0.8965649984375 0.865416403125 0.89148335625 0.88541945625 0.877542925 0.8895585 0.8722591140624999 0.900724846875 0.86793449375 0.9465325328125 0.8684433171875 1 0.85700711875 1 0.617790021875
8 1 0.5390625 0.7247724828125 0.5390625 0.7056321953125 0.5474213531250001 0.6772942375 0.555531084375 0.6526761796875 0.5673356187499999 0.6273091234375 0.5752204546875 0.6050716265625 0.5853536359375 0.57419445625 0.5926614812500001 0.55898425625 0.60375385625 0.5309953359375 0.61730470625 0.5259929125 0.6246420703125 0.5267544484375 0.6365136046875 0.564244140625 0.7400442234375 0.5731051671875 0.785101984375 0.5941294921875 0.81035113125 0.6011705859375 0.8125 0.6097393375 0.8125 0.6190139359375 0.810455615625 0.6538714999999999 0.7953907203125 0.743684871875 0.75280444375 0.8555328156249999 0.6891652625 1 0.6182979640624999 1 0.5390625