2 0.019482421875 0.28994140625 0.026318359375 0.2923828125 0.0281494140625 0.2953125 0.0293294265625 0.2953125 0.032177734375 0.2904296875 0.039990234375 0.2875 0.054150390625 0.27626953125 0.072705078125 0.24404296875 0.075146484375 0.230859375 0.079541015625 0.2240234375 0.079052734375 0.21669921875 0.091748046875 0.2083984375 0.09375 0.20468052499999997 0.09375 0.1974875703125 0.078564453125 0.1947265625 0.059033203125 0.18837890625 0.034130859375 0.1869140625 0.025341796875 0.25234375 0.019482421875 0.28017578125 0.019482421875 0.28994140625
2 0.241942740625 0.3 0.2419921875 0.29951171875 0.2453125 0.29139539999999997 0.2453125 0.2819661453125 0.2390625 0.2736328125 0.21416015625 0.24921875 0.18583984375 0.24775390625 0.13505859375 0.23701171875 0.13115234375 0.23994140625 0.1267578125 0.251171875 0.1150390625 0.26875 0.10478515625 0.278515625 0.0931326140625 0.3 0.241942740625 0.3
5 0.12545572968750002 0.3 0.13505859375 0.291357421875 0.1453125 0.270361328125 0.14482421875 0.251806640625 0.1306640625 0.249365234375 0.13310546875 0.238134765625 0.13115234375 0.228369140625 0.139453125 0.228369140625 0.14189453125 0.226416015625 0.14384765625 0.213232421875 0.1501953125 0.199072265625 0.15166015625 0.189794921875 0.1853515625 0.174658203125 0.1984375 0.161572265625 0.1984375 0.1557468578125 0.18779296875 0.149267578125 0.16044921875 0.139501953125 0.143359375 0.136083984375 0.127734375 0.137060546875 0.12529296875 0.130712890625 0.1248046875 0.119482421875 0.12138671875 0.116552734375 0.1130859375 0.116064453125 0.10283203125 0.119970703125 0.09208984375 0.118017578125 0.09501953125 0.137060546875 0.07255859375 0.147802734375 0.0740234375 0.154638671875 0.08427734375 0.166845703125 0.0857421875 0.172216796875 0.07158203125 0.180029296875 0.06474609375 0.186376953125 0.06474609375 0.189794921875 0.09306640625 0.197119140625 0.09404296875 0.201513671875 0.075 0.227880859375 0.06669921875 0.253271484375 0.0583984375 0.263525390625 0.0525390625 0.275732421875 0.03642578125 0.289892578125 0.0313720703125 0.3 0.12545572968750002 0.3
2 0.4890625 0 0.4890625 0.091253771875 0.5089607125 0.10120287812499999 0.5374825375000001 0.11856398906250001 0.5771650765625 0.1371651796875 0.619327775 0.15204613125 0.6520996890624999 0.1640625 0.65653015625 0.1640625 0.65653015625 0.14584573437499998 0.6577702359375 0.12724454375 0.6602503937499999 0.10492311562500001 0.665625 0.08449961406249999 0.665625 0.08136718125 0.6614904734375 0.0565600203125 0.6540499984375 0.023077878125 0.6458610734375 0 0.5962815953125 0 0.5746849187499999 0.0057167671875 0.5325222203125 0.0181175609375 0.5064805531250001 0.0317584328125 0.5013582249999999 0 0.4890625 0
2 0.6448119 0 0.6548859125 0.0382812484375 0.6648065484375 0.0717633921875 0.6772073421875 0.123846725 0.6939029453125001 0.1453125 0.695469140625 0.1453125 0.7193700406250001 0.12260664531250001 0.7578125 0.0940848203125 0.747891865625 0.048201884375 0.747891865625 0.023400296875 0.7565586421875 0 0.6448119 0
1 0.8458646859375 0.3 0.8523561515625 0.24265872968750002 0.8560763890625 0.190575396875 0.8560763890625 0.1583333328125 0.8399553578125 0.1546130953125 0.7940724203125 0.1546130953125 0.7382688484375001 0.1570932546875 0.6911458328125001 0.162053571875 0.6316220234375 0.1632936515625 0.632862103125 0.165773809375 0.6155009921875 0.1670138890625 0.5981398812500001 0.2017361109375 0.5906994046875 0.23769841249999998 0.589459325 0.26746031718749996 0.5927132937499999 0.3 0.8458646859375 0.3
7 0.758565565625 0 0.7519097218749999 0.0244047625 0.745709325 0.060367064062499996 0.7680307546874999 0.1112103171875 0.80771329375 0.140972221875 0.867237103125 0.155853175 0.920560515625 0.13229166718750002 0.957762896875 0.09756944375 0.9751240078125001 0.041765873437500003 0.9678149812499999 0 0.758565565625 0
7 1 0.10177404375000002 0.9838045640625002 0.10749007968749999 0.9466021828125001 0.1310515875 0.932961309375 0.162053571875 0.9304811515625001 0.1632936515625 0.9441220234374998 0.2054563484375 0.96396329375 0.22777777812500002 0.9937251984375 0.24637896874999998 1 0.2466299609375 1 0.10177404375000002
3 0.4890625 0.3789016 0.43388671875 0.3867838546875 0.339485678125 0.3998046875 0.2450846359375 0.41282552031249997 0.16207682343750002 0.44212239531249997 0.1050352265625 0.45638279531250003 0.1034830734375 0.5153645828125001 0.1034830734375 0.5755859375 0.12097749218750001 0.63125 0.1267578109375 0.63125 0.17509765625 0.61953125 0.280891928125 0.5772135421875 0.34599609375 0.5560546875 0.37529296875 0.5397786453125001 0.4111002609375 0.512109375 0.44365234375 0.5072265625 0.47620442812499997 0.48932291718750004 0.48597005312499997 0.4681640625 0.4890625 0.4647623703125 0.4890625 0.3789016
7 0.16210286406250002 0.3 0.1683919265625 0.3052408859375 0.18466796875 0.3736002609375 0.20419921875 0.414290365625 0.20745442656250002 0.41591796875 0.20582682187499998 0.42242838593750004 0.20582682187499998 0.4234375 0.2064453125 0.4234375 0.20908203125 0.42080078125 0.24163411406250002 0.41266276093750004 0.2920898421875 0.399641928125 0.3702148421875 0.399641928125 0.3425455734375 0.35732421875 0.3116210921875 0.331282553125 0.269911021875 0.3 0.16210286406250002 0.3
5 0.76796875 0.41962890625 0.75673828125 0.42841796875 0.74404296875 0.43330078125 0.73525390625 0.4337890625 0.707421875 0.4513671875 0.6986328125 0.4611328125 0.6927734375 0.47919921875 0.676171875 0.49091796875 0.67421875 0.49140625 0.67373046875 0.48896484375 0.67666015625 0.47626953125 0.67177734375 0.4689453125 0.6712890625 0.45625 0.6615234375 0.458203125 0.65517578125 0.46552734375 0.652734375 0.4767578125 0.6498046875 0.48017578125 0.6498046875 0.4982421875 0.63564453125 0.50654296875 0.633203125 0.51923828125 0.63759765625 0.5265625 0.64931640625 0.536328125 0.6556640625 0.53974609375 0.66640625 0.53876953125 0.656640625 0.5646484375 0.656640625 0.5705078125 0.66298828125 0.58076171875 0.6576171875 0.5861328125 0.65029296875 0.5890625 0.652734375 0.594921875 0.659375 0.6015625 0.66041015625 0.6015625 0.68056640625 0.596875 0.683984375 0.59345703125 0.69033203125 0.57734375 0.6986328125 0.5353515625 0.71865234375 0.51435546875 0.73330078125 0.503125 0.76845703125 0.48408203125 0.7728515625 0.4787109375 0.78994140625 0.46650390625 0.80068359375 0.462109375 0.8046875 0.45143229218750003 0.8046875 0.433203125 0.80458984375 0.42890625 0.797265625 0.42744140625 0.79140625 0.42939453125 0.78359375 0.4171875 0.7787109375 0.4162109375 0.76796875 0.41962890625
5 0.86337890625 0.394460090625 0.8609375 0.402760871875 0.85751953125 0.398854621875 0.85458984375 0.398366340625 0.84921875 0.399831184375 0.84482421875 0.404225715625 0.83359375 0.402272590625 0.82529296875 0.405202278125 0.8228515625 0.410085090625 0.8169921875 0.414967903125 0.81162109375 0.427174934375 0.80673828125 0.429616340625 0.8052734375 0.434499153125 0.8052734375 0.446706184375 0.80087890625 0.472096809375 0.80966796875 0.477956184375 0.816015625 0.489674934375 0.83310546875 0.496510871875 0.8384765625 0.496022590625 0.8423828125 0.502858528125 0.84921875 0.506276496875 0.84384765625 0.517018684375 0.8443359375 0.525807746875 0.8484176265624999 0.53125 0.8493561515625 0.53125 0.85458984375 0.527760871875 0.85849609375 0.520924934375 0.86435546875 0.517506965625 0.874609375 0.505299934375 0.89365234375 0.500417121875 0.9029296875 0.492604621875 0.9009765625 0.479421028125 0.9046875 0.45633075000000006 0.9046875 0.44647180937500003 0.9029296875 0.432057746875 0.8912109375 0.412526496875 0.8853515625 0.407643684375 0.884375 0.399342903125 0.8716796875 0.390065559375 0.86337890625 0.394460090625
5 0.72509765625 0.58818359375 0.7255859375 0.59697265625 0.71630859375 0.612109375 0.71826171875 0.619921875 0.70947265625 0.61943359375 0.7294921875 0.63603515625 0.73291015625 0.63701171875 0.74365234375 0.65166015625 0.74853515625 0.65458984375 0.765625 0.65361328125 0.77197265625 0.647265625 0.77587890625 0.6287109375 0.77587890625 0.61796875 0.77099609375 0.60087890625 0.78271484375 0.60087890625 0.78369140625 0.6091796875 0.78759765625 0.61064453125 0.80029296875 0.5974609375 0.803125 0.5910888671875 0.803125 0.5856282546875 0.80126953125 0.58037109375 0.796875 0.57744140625 0.76025390625 0.57353515625 0.7373046875 0.576953125 0.7314453125 0.580859375 0.72509765625 0.58818359375
5 0.913818359375 0.602685546875 0.920166015625 0.603173828125 0.922607421875 0.600244140625 0.927001953125 0.600244140625 0.9330078125 0.60625 0.934033203125 0.60625 0.943115234375 0.601708984375 0.950927734375 0.600732421875 0.965576171875 0.592919921875 0.975 0.5848423546875 0.975 0.582802734375 0.970947265625 0.576318359375 0.961181640625 0.566552734375 0.926513671875 0.565087890625 0.905029296875 0.565576171875 0.902099609375 0.567041015625 0.913818359375 0.602685546875
5 0.93486328125 0.497265625 0.928515625 0.50458984375 0.92216796875 0.50751953125 0.9197265625 0.51630859375 0.92119140625 0.52412109375 0.91923828125 0.52705078125 0.9138671875 0.52900390625 0.91337890625 0.53388671875 0.90703125 0.53828125 0.90263671875 0.5470703125 0.903125 0.55146484375 0.90068359375 0.5578125 0.9021484375 0.565625 0.9578125 0.56611328125 0.9626953125 0.567578125 0.96573350625 0.5703125 0.9740962359375 0.5703125 0.990625 0.5463892890625 0.990625 0.538125 0.9841796875 0.52265625 0.96708984375 0.49775390625 0.955859375 0.4884765625 0.94755859375 0.48701171875 0.9431640625 0.49287109375 0.93486328125 0.497265625
5 0.83515625 0.6326171875 0.8791015625 0.63798828125 0.90546875 0.623828125 0.915234375 0.6140625 0.91669921875 0.5984375 0.9083984375 0.5671875 0.8908203125 0.5544921875 0.8712890625 0.55400390625 0.86103515625 0.55791015625 0.85078125 0.5671875 0.84296875 0.56962890625 0.841015625 0.573046875 0.8341796875 0.57646484375 0.82734375 0.58623046875 0.82685546875 0.5916015625 0.83125 0.596484375 0.83125 0.600390625 0.825390625 0.604296875 0.82392578125 0.61552734375 0.8283203125 0.62626953125 0.83515625 0.6326171875
5 0.6720703125 0.6248046875 0.675 0.62333984375 0.6720703125 0.6189453125 0.673046875 0.61748046875 0.69794921875 0.61259765625 0.70478515625 0.600390625 0.7052734375 0.590625 0.71015625 0.58671875 0.7150390625 0.56865234375 0.72529296875 0.55595703125 0.7345703125 0.55107421875 0.74140625 0.54423828125 0.74970703125 0.526171875 0.7521484375 0.51640625 0.7521484375 0.5037109375 0.75458984375 0.498828125 0.74775390625 0.4958984375 0.7267578125 0.5076171875 0.69794921875 0.53251953125 0.692578125 0.54521484375 0.680859375 0.59599609375 0.67109375 0.59697265625 0.65302734375 0.60478515625 0.618359375 0.60869140625 0.61640625 0.61162109375 0.618359375 0.61650390625 0.62470703125 0.62138671875 0.66865234375 0.61796875 0.67060546875 0.6248046875 0.6720703125 0.6248046875
5 0.70283203125 0.64140625 0.6994140625 0.64140625 0.665234375 0.6541015625 0.67109375 0.6541015625 0.67060546875 0.65751953125 0.66767578125 0.658984375 0.66767578125 0.674609375 0.6935546875 0.674609375 0.69990234375 0.67021484375 0.69892578125 0.66728515625 0.70478515625 0.66484375 0.70625 0.658984375 0.70478515625 0.65654296875 0.70478515625 0.64384765625 0.70283203125 0.64140625
5 0.8478515625 0.5349609375 0.84736328125 0.530078125 0.84345703125 0.52373046875 0.83515625 0.52373046875 0.825390625 0.51396484375 0.81416015625 0.51396484375 0.79951171875 0.506640625 0.7912109375 0.50615234375 0.7892578125 0.50419921875 0.786328125 0.5046875 0.782421875 0.5095703125 0.78291015625 0.5408203125 0.78681640625 0.5583984375 0.79072265625 0.56572265625 0.80927734375 0.57548828125 0.8185546875 0.5779296875 0.82490234375 0.57744140625 0.83271484375 0.565234375 0.8439453125 0.5564453125 0.8458984375 0.54765625 0.84443359375 0.5408203125 0.8478515625 0.5349609375
5 0.981640625 0.49541015625 0.98359375 0.487109375 0.98994140625 0.47490234375 0.98994140625 0.467578125 0.98359375 0.44267578125 0.97919921875 0.43876953125 0.958203125 0.43681640625 0.95185546875 0.434375 0.9494140625 0.4314453125 0.930859375 0.43095703125 0.9240234375 0.4333984375 0.92060546875 0.44072265625 0.92109375 0.45439453125 0.91865234375 0.45634765625 0.91767578125 0.48125 0.92060546875 0.49833984375 0.92744140625 0.5046875 0.93134765625 0.50517578125 0.94697265625 0.496875 0.95625 0.49736328125 0.97333984375 0.506640625 0.973828125 0.50078125 0.981640625 0.49541015625