2 0 0.121875 0.0343301515625 0.121875 0.0875432125 0.11846703125 0.1015625 0.10283015 0.1015625 0.0773215921875 0.0807875359375 0.062349329687499996 0.014098070312499999 0.052827604687499995 0 0.0529327046875 0 0.121875
2 0 0.1799266734375 0.009983209375 0.17859013125 0.0614724546875 0.1877060578125 0.07779233125 0.1825230375 0.0953125 0.1559590015625 0.0953125 0.1340416015625 0.0872924453125 0.11984714375000001 0 0.1217058140625 0 0.1799266734375
2 0.1315325828125 0.14368160000000002 0.13240719843749998 0.14375 0.142602009375 0.14375 0.178988028125 0.125470321875 0.209226353125 0.0931896484375 0.25625 0.060529318750000005 0.25625 0.04122346875 0.2419264015625 0.02489010625 0.23079012968749998 0.022844764062500002 0.16464731562499998 0.054666345312499996 0.14772049062499998 0.0764395609375 0.11696945781250001 0.0977188546875 0.1315325828125 0.14368160000000002
2 0.2777366046875 0.16094498125 0.2903770671875 0.1656525453125 0.3913386546875 0.170220796875 0.39268072656249997 0.1397907484375 0.409375 0.10181599687500001 0.409375 0.0995992640625 0.3846131265625 0.0851363421875 0.3721649296875 0.0845542953125 0.368229159375 0.0889441890625 0.33514078281250004 0.08968401718749999 0.28461286874999997 0.10119568125 0.2777366046875 0.16094498125
2 0.45500208906250006 0.154998596875 0.529874253125 0.16875 0.55116270625 0.16875 0.5707454249999999 0.1213796859375 0.5765625 0.07713671562499999 0.5765625 0.06680915625 0.510868134375 0.050733489062500005 0.48321971875 0.049745646875 0.46696392812500004 0.056303837499999995 0.463156334375 0.06344407656249999 0.45333577968750005 0.11924410781250001 0.45500208906250006 0.154998596875
2 0.65 0.065214490625 0.5789217296875 0.08397076249999999 0.5913096328125 0.1424863125 0.601921125 0.165625 0.6176712515625 0.165625 0.65 0.16355454375 0.65 0.065214490625
2 0.3104339015625 0 0.2849751921875 0.0026531421874999997 0.281039421875 0.0070430375 0.2799537078125 0.042973776562499996 0.2858422890625 0.0508723125 0.3674374453125 0.0546875 0.3770259734375 0.0546875 0.40875598125 0.052655390625 0.4171875 0.045870851562499995 0.4171875 0.0262776140625 0.41684993437499995 0.01903436875 0.40677338125 0 0.3104339015625 0
2 0.5375883984375001 0 0.5359375 0.013101260937500001 0.5359375 0.0166626640625 0.5443864828125 0.027995545312499998 0.5855386671875 0.022601450000000002 0.5945939515625 0.0096080203125 0.5954380421875001 0 0.5375883984375001 0
9 0.65 0.2580507453125 0.7416990328125 0.2635262109375 0.8543031546875 0.2671875 0.8770260999999999 0.2671875 0.8811432406249999 0.26430423593749997 0.8926756859375 0.1854522875 0.89375 0.164921865625 0.89375 0.152463996875 0.887475246875 0.143298146875 0.669643875 0.1308027625 0.65 0.126216296875 0.65 0.2580507453125
1 0.724976184375 0 0.733451659375 0.008121134375 0.73936283125 0.036692959375 0.7707121140625001 0.0745115984375 0.786157990625 0.0859980125 0.81886413125 0.0978867765625 0.9230595734375001 0.1109375 0.9332231265625 0.1109375 0.9367033265625 0.11052379375000002 0.9400090375 0.0945294453125 0.942034975 0 0.724976184375 0
10 0.65 0.59064976875 0.6405421078125 0.6135884828125 0.6169157109375 0.6329438296875 0.6092423046875 0.648075896875 0.6077631390625 0.6569025749999999 0.6091343921875 0.66254918125 0.6168099515625001 0.6653990578125001 0.6177436296875001 0.67948845625 0.6144572562499999 0.7045977828125001 0.6112234921875 0.711231753125 0.60535783125 0.7145766578125 0.6039881968749999 0.7224165109375 0.60168595625 0.7251579359375 0.5841979671875001 0.7297103375 0.578277540625 0.73354865625 0.5771269625000001 0.7394148546875 0.5844186359375 0.7412231421875 0.6429433999999999 0.7421875 0.65 0.7421875 0.65 0.59064976875
6 0.100901378125 0.41875 0.0814210453125 0.5942644140625 0.08640471718750001 0.5988660640625 0.0976442390625 0.605607946875 0.11003434062499999 0.6064836328125 0.12056085624999999 0.6106489203125001 0.1231609078125 0.6109375 0.1362624046875 0.6109375 0.14287345468749998 0.6076309859375 0.15915556250000001 0.604942709375 0.17625966875000001 0.5993487156249999 0.192542315625 0.6011559265625 0.2056448875 0.6001127171875 0.2395755109375 0.5599234 0.24023429375 0.5674888953125 0.24330484062500002 0.5713261375 0.25975178125 0.57165310625 0.28951980625 0.5644677328125 0.3060204328125 0.555310315625 0.3144073875 0.5472503296875 0.323944921875 0.5333241484375 0.3328125 0.5069113375 0.3328125 0.4891998390625 0.3321616640625 0.477294059375 0.33046075468749997 0.46561696562500005 0.327280140625 0.45827106406249996 0.3137367671875 0.4407841484375 0.3030985734375 0.41962374531249996 0.302190678125 0.41875 0.100901378125 0.41875
10 0.5514483718750001 0.41875 0.53860181875 0.4732319875 0.5382737734374999 0.480687953125 0.5412353296875 0.4900075078125 0.5401411281249999 0.5088667515624999 0.537730978125 0.5260814609375 0.532908521875 0.5425289375 0.534270803125 0.54375 0.550625746875 0.54375 0.55840065625 0.53786593125 0.5656923328125 0.5396742171875 0.5762725328125 0.534355121875 0.610533359375 0.504691778125 0.6167281390625 0.5028818765625 0.6200708921875 0.4907655953125 0.6261491515625 0.43150120625 0.6363996937499999 0.42015161875 0.6403718375 0.41875 0.5514483718750001 0.41875
4 0.5950776890625 0.6496899453125 0.5852647203125 0.6525967375 0.5689842265625 0.668771471875 0.5576953234375 0.7074778593750001 0.5569286296875 0.71438565 0.5617537734375 0.7204155999999999 0.5744735375000001 0.7273217781250001 0.5798250625 0.728125 0.59509369375 0.728125 0.6038582156250001 0.7235902953125001 0.6124626109375 0.7000701984375001 0.6101002296875 0.6583501796875 0.6067553234374999 0.6524845203125 0.6019854812500001 0.650456640625 0.5950776890625 0.6496899453125
4 0.48226615625 0.6314030796875001 0.4877479296875 0.627016584375 0.49284635625 0.6260839828125 0.5032064265625 0.6137475671875 0.50753439375 0.5882543578125 0.5111520421875 0.582661978125 0.512083028125 0.574273946875 0.5022689828125 0.56818976875 0.490920471875 0.566930196875 0.47249718749999997 0.54390674375 0.46081955468749997 0.54111216875 0.44272646875 0.5286146921875 0.43543479375 0.52680640625 0.41832745937500004 0.5054274828125 0.40270251874999996 0.502194796875 0.393220284375 0.5201230531250001 0.3848875578125 0.5231941375 0.3724400015625 0.5003344375000001 0.35999513437499997 0.49995216718749996 0.3482622 0.4931555203125 0.340641940625 0.49430771562500003 0.335598815625 0.4992423875 0.3323661296875 0.5148673296874999 0.3342318703125 0.5295596703125 0.3416894515625 0.5433741718749999 0.340979134375 0.5632750078125 0.344817990625 0.5736909156250001 0.36236397343750004 0.595618015625 0.37437072968749996 0.5999475953125 0.382704534375 0.60586748125 0.3924085125 0.6084430015625 0.41061112499999997 0.6199536515625 0.4217953453125 0.6226934625 0.4281554953125 0.62839429375 0.4311170546875 0.6377138484375 0.43813544687499995 0.6464846875 0.44515437812499997 0.6597510124999999 0.4468547515625 0.666932621875 0.45206378281250004 0.6740041640625 0.4577689171875 0.7036079015625 0.46213784843749994 0.7078125 0.47493583125 0.7078125 0.4914847921875 0.7013561218750001 0.49965269062499995 0.695269790625 0.5028316890625 0.689129234375 0.512644659375 0.6862224421875001 0.54375 0.651091534375 0.54375 0.6455918671875001 0.5415310812499999 0.6419768250000001 0.5351709328124999 0.63627599375 0.5283726703125 0.634522471875 0.50047038125 0.6564001890625001 0.49093015781249993 0.6478489421875 0.48226615625 0.6314030796875001
10 1 1 1 0.6781172984375 0.9123278234375001 0.7193456218750001 0.9088207125000001 0.7406760578125 0.8926342281250002 0.7630852453125 0.8733602749999999 0.8099050265625 0.8524675937499999 0.8919159531249999 0.8374201625 0.9109176281250001 0.8370304390625 0.9315933578125 0.84227595 0.9700953218749999 0.8528530406249999 1 1 1
10 0.65 1 0.83148969375 1 0.8409334515625 0.9687611453125001 0.845220009375 0.9060792515625 0.8663823453124999 0.8731201765625001 0.8696796359375 0.8502496624999999 0.9022025875 0.7594595921874999 0.9154815046875001 0.7392451890625 0.9242642406249999 0.6977970421874999 0.9515625 0.6290648187500001 0.9515625 0.6269262140625 0.9484542125000001 0.592915603125 0.9264827109375 0.5610946875 0.8903930093750001 0.5433278609375 0.8679418328124999 0.5432905796874999 0.8591291796875 0.560982840625 0.8394956171875 0.5698586750000001 0.8295139921875 0.5672025625 0.8250178125 0.545968815625 0.8114991578125 0.5408872546875 0.758803334375 0.5424494578125 0.6741843000000001 0.5332905203125 0.6698979406250001 0.5135968531249999 0.6577281593750001 0.5066478578125 0.65 0.5082709109375 0.65 1