4 0.46875 0.4530310484375 0.4650560875 0.4555391484375 0.443944284375 0.5098992421874999 0.4265646 0.503759471875 0.40121777343750004 0.5139747515625 0.3942142265625 0.5562297078125 0.3828125 0.576448965625 0.3828125 0.5770189359375 0.40487129218750006 0.6014544390625 0.404168971875 0.609379425 0.385103721875 0.62225961875 0.3888699203125 0.6296875 0.4514764609375 0.6296875 0.46875 0.6154317921875 0.46875 0.4530310484375
4 0.3355850734375 0.6296875 0.3630693671875 0.5732674171875 0.365625 0.5444296234375 0.365625 0.5291320625 0.36198495468749997 0.5119576171875 0.3355537171875 0.460863096875 0.310185784375 0.37938365625000003 0.2915615734375 0.3505139734375 0.2612577515625 0.361504309375 0.2589499234375 0.3691593140625 0.2807851515625 0.3985689578125 0.3064340125 0.4768784046875 0.31500377031250004 0.5088832015625 0.313037275 0.531073159375 0.31889745937499997 0.5384930625 0.315807253125 0.5733629953125 0.29421365 0.614773134375 0.26854165625 0.6296875 0.3355850734375 0.6296875
4 0 0.531699053125 0.020853921875 0.5592489421875 0.0350225859375 0.5648487531249999 0.05966709218750001 0.5625584578125 0.07006288125 0.5739582953125 0.087723490625 0.5769280718750001 0.09739513125 0.5859375 0.10048052031250002 0.5859375 0.11341165625 0.58124774375 0.14505970625 0.5367024921875 0.1546875 0.49644348281250006 0.1546875 0.4868039890625 0.15270516875 0.4688176046875 0.106024559375 0.42557830937499996 0.074422090625 0.41875 0.071801690625 0.41875 0.056876009375 0.42857390000000006 0.0045164375 0.431029534375 0 0.4436784421875 0 0.531699053125
4 0.164546178125 0.282342228125 0.1775110765625 0.3199119546875 0.19774079375 0.3490516171875 0.2191045484375 0.396875 0.221229584375 0.396875 0.24337774687499997 0.38568094531249997 0.246875 0.375886403125 0.246875 0.372075434375 0.20398161250000002 0.2970167 0.21734679531249998 0.2381367171875 0.1914577609375 0.217697096875 0.180219190625 0.215807240625 0.1675759796875 0.2297673515625 0.164546178125 0.282342228125
4 0.066476490625 0 0.12778410625 0.0383257625 0.1883524515625 0.0903348625 0.20482894218749997 0.0882796671875 0.2125 0.079983503125 0.2125 0.0741698125 0.20498905625 0.049699781250000005 0.14543948906249998 0 0.066476490625 0
4 0.36812956093750004 0.35268189687499996 0.3106725328125 0.3574975859375 0.3063378015625 0.3696376 0.328153378125 0.4360421296875 0.34133879375 0.4527369171875 0.37379033281249996 0.47267146093749995 0.3957267625 0.5125 0.40078174375 0.5125 0.426130253125 0.5072107124999999 0.434375 0.4957508921875 0.434375 0.48860688750000003 0.4299227796875 0.4644157984375 0.40676296875 0.43156618125 0.421232209375 0.397001109375 0.41866310156250003 0.37083122031250004 0.39702874375 0.357541528125 0.36812956093750004 0.35268189687499996
4 0.2498290640625 0.5254002515625 0.270078434375 0.5175450265625 0.2960098765625 0.5265625 0.2972109265625 0.5265625 0.311620828125 0.5084445468750001 0.3125 0.49852395937500005 0.3125 0.49100202656249997 0.2860520234375 0.4108451578125 0.26313425625 0.3765625 0.2628060578125 0.3765625 0.20932887031249997 0.4124210921875 0.1693723375 0.45878643906249994 0.16816857031250002 0.4907563578125 0.1883982875 0.51989601875 0.21464830468749999 0.517875703125 0.2498290640625 0.5254002515625
4 0.46875 0.1992744734375 0.4511420828125 0.211747775 0.45212532968749997 0.2006527984375 0.44612468125 0.1948178890625 0.42559438437499997 0.20584310781249998 0.426979375 0.22698802499999998 0.39779926250000003 0.2252983875 0.3685587453125 0.20590380625 0.3638222734375 0.185803925 0.355794721875 0.184454028125 0.3080311609375 0.2085945390625 0.277386003125 0.20504992500000002 0.2238226640625 0.2394754765625 0.203834571875 0.2811555921875 0.20242993281250002 0.2970055625 0.22209779531249998 0.3324852125 0.2500511828125 0.3609375 0.266208884375 0.3609375 0.274999575 0.360684478125 0.287923709375 0.343554371875 0.31947205625 0.3552939484375 0.369322928125 0.344373371875 0.40394183281249996 0.3582379078125 0.425033984375 0.3408727 0.46875 0.3320187 0.46875 0.1992744734375
4 0.006996 0.3772910625 0.0003534390625 0.39708608125 0.006755828125 0.43516088750000004 0.024298059375 0.4359375 0.0472853359375 0.4359375 0.07496963125 0.4192851015625 0.11922159531250001 0.43476951093749994 0.182679275 0.43578873281249997 0.198252578125 0.4255385734375 0.219766121875 0.4034183765625 0.2203125 0.3972530359375 0.2203125 0.3915094078125 0.1676059640625 0.2933043515625 0.162990303125 0.3086143609375 0.13304746875 0.2971447625 0.11119258750000001 0.30473000781250004 0.080949175 0.33342529062500004 0.006996 0.3772910625
4 0.2784315359375 0.6296875 0.29462580625 0.62071646875 0.3140520421875 0.5853763390625 0.3203125 0.5446087703125 0.3203125 0.5333662875 0.31736276874999997 0.52963146875 0.2681538109375 0.514922115625 0.2384118453125 0.519572465625 0.190246540625 0.5114730796875 0.1665248734375 0.4849634515625 0.15109203437500002 0.49362861406249997 0.1327698609375 0.5532836578125 0.1356803046875 0.593988496875 0.1586392421875 0.610718165625 0.158164146875 0.6296875 0.2784315359375 0.6296875
4 0.3480128921875 0.603125 0.3501193046875 0.603125 0.3750436375 0.589740090625 0.3939080171875 0.5607399484375 0.396875 0.5272604765625 0.396875 0.5162393437499999 0.3756644421875 0.472415440625 0.33125 0.44251647812500006 0.33125 0.44281360468750003 0.3607738109375 0.5117355015625 0.364948428125 0.5381753703125 0.3480128921875 0.603125
6 0.9698089937500001 0.2510815984375 0.971938759375 0.2430877703125 0.9746009078124999 0.23296226562500003 0.9756657499999999 0.224435503125 0.9756657499999999 0.21590875937499998 0.9746009078124999 0.20631616875 0.973003603125 0.19352607500000002 0.973003603125 0.1807359 0.971938759375 0.17540668125 0.9703414562500001 0.172742071875 0.9660820031250001 0.1684787 0.9586279828125001 0.1599519578125 0.9495767 0.1471618234375 0.9421226796875001 0.13970092812499998 0.9357335015625001 0.1322400125 0.9240200703125 0.12477909843749999 0.9101769140624999 0.11998281250000001 0.9005931671875 0.11678526874999999 0.8872824328124999 0.11678526874999999 0.8553366671875 0.11891696562500001 0.844688078125 0.1231803359375 0.8319097640625 0.13330586093750002 0.8228584796874999 0.14076675624999999 0.81806660625 0.146095975 0.8159368812500001 0.153556890625 0.8116774703124999 0.1647482421875 0.8095477437499999 0.1647482421875 0.8004964609374999 0.1583531953125 0.79251001875 0.153556890625 0.7829262734375 0.14929351875000002 0.77281010625 0.14822767187500002 0.7632264 0.1450301484375 0.758434528125 0.13863508125 0.7568372234374999 0.131174165625 0.7531102328125 0.12264742343749999 0.7477859390624999 0.11305483125 0.7413967625 0.10665976562499999 0.7248914578125 0.0917379546875 0.7185023203125 0.082678278125 0.7105158796875 0.079480734375 0.7062564281249999 0.077349059375 0.671648515625 0.075750296875 0.6588702 0.079480734375 0.650883759375 0.0837441265625 0.6370406015625 0.0981330015625 0.6263920140625 0.10879144062499999 0.6194704343749999 0.119449878125 0.615743425 0.1349046234375 0.615743425 0.15622149999999999 0.6178731515625 0.172742071875 0.62000285625 0.18606511875 0.6242623078125 0.20205277812500003 0.6295865828125 0.225501390625 0.6434297796874999 0.2484169890625 0.6524810640625 0.26067420937499997 0.6594026625 0.2750630859375 0.6673891046875 0.282524 0.686024134375 0.2878532203125 0.6934781140625 0.2942482671875 0.703061859375 0.3070384015625 0.71424286875 0.319295621875 0.7158401734375 0.3326186703125 0.7243590359375001 0.342211240625 0.7344752031249999 0.34913924218750003 0.755239959375 0.36033059375 0.7557723796875 0.35401847656249996 0.7531102328125 0.3486892578125 0.7499156656249999 0.34549169375 0.7408643406250001 0.3401624734375 0.74033191875 0.33163573125 0.744058909375 0.3257735984375 0.74885078125 0.319911465625 0.7525778125 0.3135163984375 0.7589669484374999 0.30552256875 0.76429124375 0.2948641296875 0.7680182328124999 0.2868703015625 0.769083115625 0.277810625 0.769083115625 0.2698167953125 0.7712128421875001 0.25649374687500004 0.7733425281249999 0.24476946093750002 0.7738749890625 0.235709784375 0.7738749890625 0.22398549843749999 0.776004675 0.2149258421875 0.783991115625 0.20693201249999998 0.7919775578125 0.20533322968749998 0.8031586078125 0.20906368749999998 0.8106125875 0.213327059375 0.8217936375000001 0.22398549843749999 0.8287151953125 0.23251226093750002 0.827650353125 0.2415719375 0.8260530484374999 0.2548949859375 0.8260530484374999 0.2666192515625 0.8260530484374999 0.277810625 0.8233909015625 0.2884690640625 0.81646934375 0.3007263046875 0.8090153234375 0.31777976875 0.8047558718750001 0.324174815625 0.8020937234375 0.3321686453125 0.8058207546875 0.33430034062499997 0.8175341859374999 0.3401624734375 0.8271179312499999 0.34549169375 0.842558353125 0.3556172171875 0.8548042453125 0.359880609375 0.8633231078125 0.3593476953125 0.8723744328125 0.3593476953125 0.8750365796875 0.36254521875 0.8755690015625 0.36520982812499997 0.8755690015625 0.368940265625 0.882490559375 0.3721377890625 0.8929755499999998 0.375 0.9079277156250001 0.375 0.9186957765624999 0.3732036578125 0.9250849140625 0.368940265625 0.9288119437500001 0.363611046875 0.9341362375 0.3609464375 0.9426551015625 0.3555342875 0.946382090625 0.35020506875 0.9474469734375 0.34594171875 0.9495767 0.34061249843749997 0.9511739640624999 0.3352832796875 0.9570306796875 0.333684496875 0.96341985625 0.334750365625 0.9708738359375001 0.334750365625 0.9761981296875 0.3315528015625 0.9788602765625001 0.32728945 0.9825873484375001 0.3240919265625 0.9889764859374999 0.3187627078125 0.995898084375 0.307571315625 0.9974953078125001 0.2958470484375 0.9984375 0.287359975 0.9984375 0.285885909375 0.9969629265624999 0.2814581734375 0.9921710125000001 0.27346434375 0.9857818765624999 0.26813512500000003 0.978327896875 0.2660034296875 0.9687441515625 0.2612071234375 0.9698089937500001 0.2510815984375
2 0.7990251671874999 0.33786374218750004 0.7961273312499999 0.3375736828125 0.7917805796875 0.3393139984375 0.7868542656249999 0.343374715625 0.7862747078125001 0.34917574687499997 0.7909112421875 0.3575872703125 0.7949682140625 0.3639683875 0.80018430625 0.371799784375 0.8016332234375 0.376440625 0.8016332234375 0.3831117890625 0.79757625 0.3883327265625 0.79120101875 0.3912332421875 0.7859849062500001 0.3918133390625 0.7778709796875 0.3883327265625 0.7720753078125 0.3857222578125 0.767148975 0.3828217421875 0.7642511390625 0.38224165781249997 0.7610635234375 0.3776008140625 0.75961460625 0.372669934375 0.7581656890625 0.368609209375 0.75555763125 0.3651285875 0.7488926250000001 0.35932755312500003 0.7401991156250001 0.3538165796875 0.730926028125 0.34830559375000003 0.7228121015625 0.3436647734375 0.7155675125000001 0.33699358749999997 0.7129594562499999 0.3291621921875 0.7129594562499999 0.324521359375 0.7132492375 0.3210407484375 0.7097718421874999 0.31727006874999997 0.7060046468750001 0.3129192953125 0.7002289703125 0.3065582765625 0.6958622218749999 0.3114690375 0.69209505 0.31436955312500003 0.6865891562499999 0.3190103875 0.68050370625 0.3271318296875 0.6729693265625001 0.3346731671875 0.668043003125 0.3393139984375 0.6628269015624999 0.3456951375 0.6616677624999999 0.352366321875 0.6616677624999999 0.3584574015625 0.665434946875 0.363678328125 0.6712306187499999 0.368609209375 0.674997803125 0.37063959375 0.6825321828125 0.374410240625 0.6891972125000001 0.37557045312500004 0.6981805 0.37557045312500004 0.71904490625 0.3819515890625 0.754398515625 0.39007303125 0.7741037859375 0.3944238078125 0.79120101875 0.401095003125 0.7982994437500001 0.403125 0.8050397140625 0.403125 0.8161224015625 0.40051488593749995 0.82423635 0.40051488593749995 0.8366970296874999 0.3929735484375 0.851186209375 0.38630235156250003 0.8584308 0.3799212265625 0.8665447687500001 0.37092961875 0.8734375 0.3654678171875 0.8734375 0.3604201484375 0.86828344375 0.363678328125 0.863936690625 0.363678328125 0.8390153078125 0.3535265234375 0.820179378125 0.3456951375 0.8082982546874999 0.34076425625 0.7990251671874999 0.33786374218750004
2 0.79511525625 0.4343497765625 0.79105828125 0.43638012968749995 0.7861319703125 0.434059728125 0.7838136921875 0.4320293546875 0.780626078125 0.42680844999999995 0.7788873796875 0.42448801718749996 0.7759895453125 0.422457675 0.7696142921875 0.418686984375 0.7711969625 0.41888092343750005 0.772137540625 0.41793948125 0.7733814875 0.4172367265625 0.7829443546875 0.409695378125 0.7896093640625 0.40737496718750005 0.7942458968749999 0.40621476718749994 0.7956948140625 0.40476450937499997 0.7948254765625 0.4033142515625 0.7881604453125 0.4009938296875 0.7696142921875 0.394032596875 0.7551251140625 0.38910171718750003 0.7394768203125001 0.3853310484375 0.7208124921875 0.381924434375 0.709339325 0.395772903125 0.7029640718750001 0.40708492031250004 0.69861731875 0.41346605781249995 0.696009284375 0.41897703125 0.6945603671875 0.4236178640625 0.6931114484374999 0.42825870781250003 0.6899238125 0.43318956562500005 0.6844179421875 0.43986076093750004 0.6809405265625 0.4442115359375 0.6792018296875 0.447692146875 0.6794916078125001 0.45262301562499996 0.6831152406250001 0.45625 0.6854795796875 0.45625 0.6878953359375 0.45262301562499996 0.6887646953125 0.4511727546875 0.690793171875 0.45030261562499996 0.696878621875 0.45030261562499996 0.7157145546875 0.448562309375 0.7307833125000001 0.447692146875 0.7388972390624999 0.4459518390625 0.7446929109375 0.4447916296875 0.74932944375 0.4442115359375 0.7522272796875 0.44363141875 0.7559944734374999 0.44363141875 0.7655573406249999 0.4389905984375 0.768165375 0.4372502921875 0.7730917093749999 0.4346398234375 0.7783078 0.43347961250000006 0.7800465187500001 0.43347961250000006 0.782654553125 0.4389905984375 0.78091585625 0.4442115359375 0.780626078125 0.44537172500000005 0.7913480609375 0.4445015828125 0.79627439375 0.4439214671875 0.803518984375 0.443341371875 0.8078657375 0.44189111406250003 0.8127920484375 0.4395706921875 0.8168490234375 0.43667017656249996 0.8171875 0.43599259687499997 0.8171875 0.4302719828125 0.8142409671875 0.4265183796875 0.810763571875 0.42622832187500004 0.8058372390624999 0.4273885328125 0.802939403125 0.429418896875 0.798013090625 0.43289951875000005 0.79511525625 0.4343497765625
2 0.7686415015625 0.46577579843750005 0.7686415015625 0.466919953125 0.768450990625 0.4707337609375 0.768069953125 0.473784790625 0.7669268718750001 0.47874274687499996 0.765212240625 0.481603103125 0.76178299375 0.4833193203125 0.75568653125 0.4861796765625 0.7532098546875 0.487514503125 0.7520667578125 0.49075625 0.7520667578125 0.49457005781249996 0.7524477953125001 0.49819316562499993 0.753400365625 0.5031511281250001 0.7539719 0.506583546875 0.7551149968749999 0.5082997640625 0.75721065 0.50982529375 0.762354528125 0.5084904515625001 0.7671173828125 0.5084904515625001 0.777405153125 0.5115414953124999 0.7808344140625 0.512304259375 0.7887438765624999 0.51169439375 0.794821778125 0.5099562296875 0.7969924671874999 0.5082180984375 0.8008997125 0.5043072390625001 0.8048069578125 0.4999618453125 0.8091483359375001 0.4982236828125 0.8260797109375 0.49344375625000003 0.850391415625 0.4912710609375 0.863415546875 0.48692566875 0.8703617421875001 0.48518750468749994 0.8755714156250001 0.482580275 0.8803469234375001 0.4751930875 0.88125 0.47044756874999993 0.88125 0.45730834531250003 0.881215184375 0.4569424515625 0.88125 0.45471215625 0.88125 0.42480199843750005 0.879044496875 0.40088687968750003 0.8755714156250001 0.40175599375 0.8673227921875 0.4095776640625 0.8621131203125 0.41218490937499996 0.7694939671875 0.4637263265625 0.7686415015625 0.46577579843750005
5 0 1 0.0741018703125 1 0.090625 0.9801722453125 0.090625 0.9743513515625001 0.08631274531250001 0.9681225390625 0.077454478125 0.9666461625 0.046942667187499995 0.9681225390625 0.0267655015625 0.973535925 0.0095410921875 0.9819020671875001 0 0.9899042734375 0 1
5 0.1109375 1 0.1109375 0.999360234375 0.1077448328125 0.9929749015624999 0.0979023140625 0.978211121875 0.09445743125 0.97673474375 0.09445743125 0.9683686015624999 0.09248892812500001 0.96443159375 0.0811700296875 0.9595103343750001 0.07526451875 0.953112696875 0.0854078015625 0.9433031015625 0.0905204234375 0.9403174218749999 0.09150467500000001 0.9358882874999999 0.089536171875 0.92949065 0.08215428125 0.9289985234374999 0.07526451875 0.9358882874999999 0.058532234375000006 0.942285925 0.06345349375 0.9353961609375 0.0590243609375 0.9206323812499999 0.06443774687500001 0.9152189953125 0.059516485937499995 0.9112819875 0.052282234375 0.9109375 0.04803765 0.9109375 0.0339259359375 0.912758365625 0.0226070375 0.9166953734375 0.0186700296875 0.9211245078125 0.0058747546875 0.9289985234374999 0.0019377468750000001 0.9417937984375 0 0.9416751609375 0 0.9907795078125 0.019060523437499997 0.9769741609375 0.042103546874999995 0.9689970078125001 0.0609884390625 0.9672628453125001 0.0826454234375 0.9665691921875 0.08609128906249999 0.9683686015624999 0.089536171875 0.9747662406250001 0.0900282984375 0.9806717515625 0.07367362656250001 1 0.1109375 1
5 0.3509301375 1 0.36241387812500003 0.97277928125 0.36389025625000004 0.9535863687500001 0.3619217515625 0.9447281000000001 0.32648868124999997 0.9225824312500001 0.23298474374999997 0.8733698328124999 0.1990280515625 0.8615588093750001 0.19312253906250001 0.8610666828125 0.186232775 0.8625430609375 0.18278789374999999 0.8654958171875 0.181311515625 0.8891178640625 0.1773745078125 0.8920706203125001 0.1680241140625 0.8925627453124999 0.162610728125 0.8950233765625001 0.1478469484375 0.9147084156249999 0.143417815625 0.9580155015624999 0.1370201765625 0.9904958171875 0.13308316874999998 0.9998462109374999 0.13313443125 1 0.1827760625 1 0.190661909375 0.9968934546874999 0.196567421875 0.9919721953125 0.21379183125 0.9895115656249999 0.22068159375000002 0.9845903046875 0.2536540359375 0.980653296875 0.2605437984375 0.99787770625 0.2618800578125 1 0.3509301375 1