5 0 0 0 0.2709384125 0.0243923609375 0.2966145828125 0.0417534734375 0.3028645828125 0.0464409671875 0.303125 0.05620660625 0.303125 0.0730034734375 0.2993923609375 0.093142359375 0.3000868046875 0.11328125 0.2931423609375 0.168142359375 0.28203125 0.19453125 0.2563368046875 0.203559028125 0.233420140625 0.21467013906250001 0.2188368046875 0.2202256953125 0.19939236093749999 0.22578125 0.19244791875 0.2361979171875 0.1875868046875 0.25703125 0.183420140625 0.26258680624999997 0.1750868046875 0.274392359375 0.16744791875 0.2896701390625 0.1716145828125 0.3014756953125 0.1688368046875 0.31953125 0.15494791875 0.334114584375 0.13897569375000002 0.3417534734375 0.12578125 0.34730902812500003 0.10842014062500001 0.35625 0.0228422625 0.35625 0 0 0
5 0.5390625 0.3454427078125 0.583984375 0.3454427078125 0.61328125 0.3389322921875 0.6376953125 0.2673177078125 0.6669921875 0.195703125 0.681640625 0.156640625 0.5807291671875 0.1550130203125 0.5390625 0.1550130203125 0.5390625 0.3454427078125
5 0.671875 0.1843098953125 0.6555989578125 0.234765625 0.6490885421875 0.2689453125 0.6507161453125 0.2673177078125 0.6604817703125 0.3291666671875 0.6946614578125 0.3080078125 0.7369791671875 0.28359375 0.7727864578125001 0.2966145828125 0.8151041671874999 0.3194010421875 0.8655598953125001 0.3291666671875 0.8883463546874999 0.3242838546875 0.8492838546874999 0.2608072921875 0.8151041671874999 0.1989583328125 0.7841796875 0.1403645828125 0.7581380203125001 0.1029296875 0.7255859375 0.1257161453125 0.6865234375 0.156640625 0.671875 0.1843098953125
5 0.7369791671875 0.2884765625 0.701171875 0.3096354171875 0.6604817703125 0.3340494796875 0.6669921875 0.332421875 0.6653645828125 0.3340494796875 0.6637369796875 0.3340494796875 0.662178146875 0.338725975 0.7353515625 0.3356770828125 0.8118489578125001 0.3373046875 0.8557942703125001 0.3291666671875 0.7776692703125001 0.2998697921875 0.7369791671875 0.2884765625
5 0.5390625 0.0830353578125 0.5563151046875 0.0850260421875 0.6197916671875 0.078515625 0.6783854171875 0.078515625 0.7027994796875 0.0720052078125 0.6735026046875 0.0557291671875 0.6328125 0.0410807296875 0.5872395828125 0.0361979171875 0.5498046875 0.0345703125 0.5390625 0.03160695 0.5390625 0.0830353578125
6 0 0.7578176546875 0.000726325 0.75777874375 0.0678568015625 0.7528965265625001 0.081282896875 0.7358087687499999 0.0873856671875 0.7175004578124999 0.10569397968750001 0.7113976859375001 0.156957253125 0.7052949156249999 0.1625 0.689775225 0.1625 0.6874944015625 0.149633928125 0.6711194 0.1349872796875 0.666237184375 0.10691453437500001 0.6528110874999999 0.05076904375 0.6418261015625 0.009270203125 0.6271794515625 0.0104907578125 0.658913859375 0 0.6659076984375 0 0.7578176546875
6 0 0.9177055968750001 0.0914559296875 0.9198324796874999 0.15370419062500001 0.9222735875 0.157365853125 0.9015241671875 0.168350840625 0.8929802875 0.2122907890625 0.85392255625 0.2428046421875 0.8270703656249999 0.24646630468750003 0.812423715625 0.23059910156250002 0.7770276453125 0.2122907890625 0.7391904671875 0.164689178125 0.7050149515624999 0.12685200000000002 0.69525051875 0.0902353765625 0.69525051875 0.0414132109375 0.7013532890625 0.0072376953125 0.718441046875 0 0.7219258640625 0 0.9177055968750001
2 0.14393975781249999 0.6683983281250001 0.16713028593749998 0.6867066390625001 0.168350840625 0.6854860859375 0.16713028593749998 0.635443365625 0.1585864078125 0.623237825 0.10122036406249998 0.623237825 0.114646459375 0.639105028125 0.12074922968749999 0.657413340625 0.14393975781249999 0.6683983281250001
2 0.5390625 0.58506239375 0.541097159375 0.588623046875 0.547444815625 0.591552734375 0.561604971875 0.605712890625 0.579671378125 0.632080078125 0.597737784375 0.642822265625 0.619710440625 0.659423828125 0.642171378125 0.680419921875 0.649007315625 0.690673828125 0.6630789703125 0.6984375 0.6797385171875 0.6984375 0.685140128125 0.695556640625 0.734456534375 0.636962890625 0.750081534375 0.638427734375 0.7984375 0.627789421875 0.7984375 0.622963953125 0.798421378125 0.622802734375 0.796468253125 0.621337890625 0.797933096875 0.617919921875 0.796468253125 0.607666015625 0.787679190625 0.595947265625 0.757405753125 0.594482421875 0.725667471875 0.581298828125 0.712972159375 0.577880859375 0.700765128125 0.577392578125 0.689046378125 0.570556640625 0.679769034375 0.572021484375 0.674886221875 0.574951171875 0.672933096875 0.580322265625 0.668538565625 0.580322265625 0.666097159375 0.576904296875 0.624104971875 0.548095703125 0.587483878125 0.531982421875 0.577229971875 0.531982421875 0.5390625 0.5420013828125 0.5390625 0.58506239375
2 0.7496972656249999 0.45 0.74580078125 0.4537109375 0.73017578125 0.48251953125 0.7248046875 0.49716796875 0.71357421875 0.5083984375 0.70869140625 0.5103515625 0.69990234375 0.50986328125 0.68916015625 0.49814453125 0.6818359375 0.49375 0.67255859375 0.49228515625 0.66962890625 0.49423828125 0.67255859375 0.5240234375 0.67646484375 0.53623046875 0.68427734375 0.54892578125 0.68818359375 0.54990234375 0.69208984375 0.56162109375 0.6994140625 0.57431640625 0.73505859375 0.57822265625 0.8029296875 0.58017578125 0.85419921875 0.57822265625 0.8703125 0.58115234375 0.8732421875 0.57724609375 0.87470703125 0.56259765625 0.87421875 0.53525390625 0.8791015625 0.51328125 0.8830078125 0.47470703125 0.88740234375 0.46396484375 0.88740234375 0.45859375 0.88095703125 0.45 0.7496972656249999 0.45
6 0.5390625 0.45 0.5390625 0.5131167765625 0.54609375 0.5171875 0.55732421875 0.53623046875 0.58564453125 0.5328125 0.63349609375 0.5533203125 0.65107421875 0.55771484375 0.66279296875 0.5572265625 0.67451171875 0.550390625 0.67744140625 0.54404296875 0.67744140625 0.53623046875 0.67353515625 0.52548828125 0.67109375 0.5103515625 0.6681640625 0.47275390625 0.66181640625 0.46396484375 0.66181640625 0.45712890625 0.6633285984375 0.45 0.5390625 0.45
5 0.6941640625 0.45 0.6935546875 0.45126953125 0.67744140625 0.4654296875 0.6701171875 0.480078125 0.6701171875 0.48984375 0.6818359375 0.49423828125 0.6916015625 0.5005859375 0.6974609375 0.5083984375 0.6994140625 0.51669921875 0.7482421875 0.51328125 0.7501953125 0.51083984375 0.7501953125 0.50009765625 0.75703125 0.49423828125 0.76630859375 0.47568359375 0.77607421875 0.46689453125 0.7843250359375 0.45 0.6941640625 0.45