0 0.6296875 0.482421875 0.630859375 0.48125 0.64599609375 0.44755859375 0.67138671875 0.45244140625 0.68408203125 0.451953125 0.69970703125 0.44853515625 0.71630859375 0.43876953125 0.7255859375 0.424609375 0.72607421875 0.4138671875 0.71875 0.36162109375 0.7060546875 0.3533203125 0.69384765625 0.3484375 0.68017578125 0.34599609375 0.666015625 0.34599609375 0.650390625 0.34892578125 0.63818359375 0.354296875 0.6296875 0.3615185546875 0.6296875 0.482421875
1 0.6296875 0.3444852515625 0.659314128125 0.29342659531250004 0.6877972 0.23646045 0.6829143875 0.22099820937499998 0.6487347 0.19332893906249998 0.6296875 0.2245663484375 0.6296875 0.3444852515625
8 0.6296875 0.56875 0.6940773890624999 0.56875 0.7034912109375 0.542041015625 0.72119140625 0.490771484375 0.7254638671875 0.463916015625 0.72607421875 0.4449951171875 0.7120361328125 0.441943359375 0.693115234375 0.451708984375 0.6680908203125 0.4529296875 0.6461181640625 0.4462158203125 0.6314697265625 0.4803955078125 0.6296875 0.485082103125 0.6296875 0.56875
8 0.72411388125 0.56875 0.727294921875 0.5487548828125 0.728515625 0.5316650390625 0.7254638671875 0.5048095703125 0.7205810546875 0.49443359375 0.7059326171875 0.53837890625 0.6942514265625 0.56875 0.72411388125 0.56875
3 0.6296875 0.56875 0.5530007015625 0.56875 0.5518229984375 0.5689084046875 0.6296875 0.7490268328124999 0.6296875 0.56875
3 0.553000703125 0.56875 0.43615188906249996 0.584466521875 0.43099162656249995 0.6185663703125 0.4373200421875 0.7148956234374999 0.42959896875 0.749339909375 0.4400841125 0.8071489578125 0.469604253125 0.859360853125 0.486689334375 1 0.5895587046874999 1 0.602404934375 0.85212786875 0.6267059749999999 0.804824415625 0.6296875 0.7740790921875 0.6296875 0.7456046890625 0.555928309375 0.56875 0.553000703125 0.56875
3 0.3569302296875 1 0.3680980609375 0.944380634375 0.44180146249999996 0.7142928578125 0.44427213906249996 0.6744809890625 0.43368304843749994 0.6394625875 0.43615372656250007 0.59965071875 0.43174160468749995 0.58505971875 0.4250550421875 0.5859590828125001 0.349601246875 0.6355874015625 0.2551511 0.6574019015625 0.2424758203125 0.6651805421875 0.218603415625 0.7276107859375001 0.21261254062499998 0.77548835625 0.1779716515625 0.9076969937499999 0.1347743609375 1 0.3569302296875 1
3 0 0.7082800359375 0.025193203125 0.71262705 0.030443599999999998 0.717994634375 0.0453816640625 0.71598541875 0.34550431718749997 0.6391753390625 0.4207870234375 0.58653314375 0 0.6431302796875 0 0.7082800359375
3 0 1 0.0930431890625 1 0.09439113906249999 0.990305715625 0.094702978125 0.9219337734374999 0.077104790625 0.8088990062500001 0.048073084375000005 0.736881634375 0.0334312125 0.717592790625 0 0.7109540187500001 0 1
3 0.13634495468750002 1 0.16355052187500002 0.949116234375 0.190129996875 0.8605083265625 0.19053013593749998 0.8164196171875 0.2032652125 0.773708709375 0.2024520859375 0.7555967453125 0.1970692421875 0.7138043109375001 0.1749141890625 0.683378453125 0.04947859375 0.71239748125 0.038489365625 0.7214677875 0.0652141359375 0.7755741125 0.0837450453125 0.836856315625 0.09421454375 0.9417392453125 0.0905290328125 1 0.13634495468750002 1
3 0.4866862453125 1 0.4690275203125 0.8548830921875 0.4417701640625 0.8084406218750001 0.43450902343750003 0.7638639359375 0.42925862812500004 0.7584963515625 0.4160949109375 0.78608046875 0.36163439999999997 0.96498979375 0.354970046875 1 0.4866862453125 1
3 1 0.812109375 0.99794921875 0.812109375 0.97890625 0.81796875 0.945703125 0.8228515625 0.9203125 0.83115234375 0.84072265625 0.847265625 0.79873046875 0.85458984375 0.7591796875 0.858984375 0.7416015625 0.85751953125 0.7201171875 0.8521484375 0.67666015625 0.83310546875 0.6634765625 0.82919921875 0.656640625 0.827734375 0.633203125 0.8287109375 0.6296875 0.8295619421874999 0.6296875 1 0.7315148312499999 1 0.7630859375 0.97177734375 0.78115234375 0.96201171875 0.844140625 0.94541015625 0.92373046875 0.933203125 0.96328125 0.92490234375 0.9984375 0.91513671875 1 0.9149864781249999 1 0.812109375
10 1 0.6912785453125 0.99697265625 0.68662109375 0.99111328125 0.67978515625 0.9779296875 0.67294921875 0.9525390625 0.67001953125 0.8744140625 0.6841796875 0.859765625 0.6890625 0.76162109375 0.7115234375 0.6296875 0.7455394656250001 0.6296875 0.829802453125 0.7025390625 0.81259765625 0.74111328125 0.800390625 0.7474609375 0.79599609375 0.76455078125 0.7916015625 0.80654296875 0.77353515625 0.86025390625 0.773046875 0.91591796875 0.76181640625 0.933984375 0.7564453125 0.9994140625 0.7447265625 1 0.74443359375 1 0.6912785453125
3 0.6296875 0.7445398546875 0.7162109375 0.7212890625 0.7123046875 0.67734375 0.703515625 0.6578125 0.6296875 0.6578125 0.6296875 0.7445398546875