2 0.4 0.042643228125 0.38359375 0.002799478125 0.35592447968749996 0.0190755203125 0.31686197968749996 0.0255859375 0.278078 0.040129929687499996 0.279427084375 0.071158853125 0.284309896875 0.128125 0.2778909765625 0.1875 0.2926106609375 0.1875 0.334765625 0.18509114531249998 0.36080729218749996 0.137890625 0.4 0.10205729062499999 0.4 0.042643228125
5 0.4 0.3530645453125 0.3548828125 0.36871744687499997 0.3646484375 0.40452473906249997 0.358138021875 0.42568359375 0.363020834375 0.45498046875 0.358192275 0.4984375 0.3620442703125 0.4984375 0.3841796875 0.495670571875 0.4 0.48604081718750003 0.4 0.3530645453125
5 0.4 0.5296875 0.4 0.525501303125 0.3867838546875 0.52021484375 0.3607421875 0.50068359375 0.3639973953125 0.45999349062499995 0.3184244796875 0.41279296875 0.2988932296875 0.43395182343750005 0.2940104171875 0.41930338593750005 0.2549479171875 0.37373046875 0.238671875 0.33466796875 0.1784505203125 0.31513671875 0.160546875 0.27607421875 0.11334635468750001 0.2874674484375 0.0775390625 0.337923178125 0.0921875 0.342805990625 0.1361328125 0.347688803125 0.1426432296875 0.3558268234375 0.1524088546875 0.40139974062499995 0.1491536453125 0.44208984375 0.1589192703125 0.48277994843750005 0.1751953125 0.5071940109375 0.1638020828125 0.5169596359375 0.1622111 0.5296875 0.4 0.5296875
5 0.12862774999999999 0.5296875 0.134375 0.524514975 0.134375 0.52353015 0.11383463593750001 0.509309896875 0.11708984375 0.4962890625 0.1284830734375 0.462109375 0.10428130625000001 0.425 0.1039438109375 0.425 0.0959309890625 0.44583333437499995 0.0845377609375 0.46048177187499995 0.0359375 0.4491417109375 0.0359375 0.44969075468749997 0.05849609375 0.509309896875 0.05361328125 0.519075521875 0.058161271875 0.5296875 0.12862774999999999 0.5296875
5 0.1264578984375 0.5234375 0.1169635421875 0.519368490625 0.1153359375 0.519368490625 0.1261866296875 0.5234375 0.1264578984375 0.5234375
8 0 0.45087414218750005 0.0141113359375 0.4515625 0.0765625 0.4515625 0.0765625 0.44588448124999996 0.055078125 0.33232421875 0.038802084375000004 0.25582682343749996 0 0.22937085625 0 0.45087414218750005
1 1 0.17229011875 0.6482964796875 0.1541506828125 0.640775421875 0.1752096484375 0.6182122453125001 0.29103395625 0.7370449750000001 0.27749605 0.798717659375 0.430925653125 0.80774293125 0.3903119359375 0.819776625 0.37526981875 0.985239921875 0.3587234890625 1 0.388243646875 1 0.17229011875
3 0 0.830317696875 0.0029835921875 0.842179484375 0.00568759375 0.8668867562500001 0.0044929109375 0.8978671359374999 0.010393371875 0.9029021437499999 0.0341860125 0.899794578125 0.0485121359375 0.9042720843750001 0.058345240625 0.91712604375 0.0711810125 0.9469421796875 0.1020567984375 0.9714366171875 0.1114463953125 0.9758279546875 0.129053890625 0.9921875 0.1335119828125 0.9921875 0.1421875 0.9583862984374999 0.1421875 0.9445487265625001 0.1296122796875 0.9056876921875 0.1211896125 0.89285835 0.110167825 0.8842110812499999 0.090279865625 0.8542718499999999 0.0677927859375 0.828514690625 0.0431960484375 0.7759469140624999 0.033584696875 0.767324265625 0.024305978125 0.7650485843749999 0.0032972562499999996 0.76750016875 0 0.7694420421875 0 0.830317696875
3 0.18402705 0.785597184375 0.184624390625 0.7701069953124999 0.179358228125 0.750287015625 0.170341221875 0.739561021875 0.1595411875 0.7351450640625 0.13712202812500002 0.73757203125 0.12969725468749999 0.7437835921875 0.1259464078125 0.7528775765625 0.12794518906250002 0.7775725375 0.133436103125 0.788236984375 0.13521313125 0.8087006328124999 0.12625205 0.879706140625 0.12850954375 0.90933763125 0.14418194687500002 0.9484375 0.145043734375 0.9484375 0.15281960781249998 0.916103128125 0.15230218281250002 0.9062300671875001 0.146069090625 0.8948480921874999 0.146038128125 0.867369184375 0.15394636718750002 0.8569386218750001 0.162150278125 0.8521498062500001 0.183975096875 0.8518261859375 0.19937603125 0.8633681875000001 0.20505173906250002 0.8775587265624999 0.20860879531249998 0.9050991828124999 0.229349809375 0.9378715984374999 0.2375 0.9457511046875 0.2375 0.9103466906250001 0.23656182656250002 0.8872681921875 0.2339287453125 0.8773582031250001 0.1865122953125 0.7926863 0.18402705 0.785597184375
3 0.32080900625000003 0.748440571875 0.310975903125 0.7355866125 0.300286746875 0.7332863125 0.2799462828125 0.7350449890625 0.27311585156249996 0.739153203125 0.267212390625 0.7475050390625 0.26527853125 0.7643810484375 0.2670156015625 0.7975263234375 0.2581773921875 0.817100109375 0.23756322343749997 0.8808564765625 0.241148240625 0.9492626828125001 0.2549273359375 0.978125 0.2565413203125 0.978125 0.25944096562499996 0.9756512031250001 0.26932002499999996 0.9490498484375 0.2916742625 0.9050519125 0.2916802609375 0.8782782250000001 0.29773455625 0.85936041875 0.3057167125 0.8503402921875001 0.31466280156250004 0.84626900625 0.3359375 0.8480070421875 0.3359375 0.8458895375000001 0.320427421875 0.7949357625 0.319836078125 0.783652265625 0.322918665625 0.7752511890625 0.32080900625000003 0.748440571875
3 0.4 0.75923305625 0.3992295875 0.765724696875 0.3929904984375 0.7811164093749999 0.371270559375 0.8103293734375001 0.35073630625 0.8487224874999999 0.351765159375 0.8952422984374999 0.357918334375 0.9319875234375001 0.361961853125 0.9419221343749999 0.370831025 0.9498272546875001 0.3750623359375 0.9499011124999999 0.391584034375 0.9290522953125 0.4 0.92100419375 0.4 0.75923305625
3 0.3764488375 1 0.3730429 0.9744491171874999 0.3503800203125 0.9050053312499999 0.3533147703125 0.8937833828125001 0.3525046734375 0.8648817281250001 0.34118721406249997 0.8505927124999999 0.32682412968749996 0.8454099875000001 0.3072997609375 0.84929663125 0.2952710859375 0.8617689921875 0.2913324484375 0.880723728125 0.29180991562499997 0.9032784125 0.2570144578125 0.9787649937499999 0.2581273375 1 0.3376649015625 1 0.3467590171875 0.9972412546874999 0.3713613484375 1 0.3764488375 1
3 0.2563188171875 1 0.25497272031249996 0.980138503125 0.246996559375 0.9623849406249999 0.20948413281249997 0.9053642796875 0.20603795468750002 0.8799394796875 0.2010674640625 0.8657612499999999 0.1943139484375 0.857893059375 0.1819926015625 0.8513368265625001 0.1685934484375 0.85110294375 0.156826484375 0.8551249921874999 0.14873345 0.8620294625 0.1450195640625 0.871828665625 0.146313128125 0.8965113171875 0.15287885 0.9142402593749999 0.13939078437500002 0.9795301593750001 0.1408894734375 1 0.16482582343750002 1 0.1711226234375 0.9934709375 0.1796222046875 0.9943238718749999 0.176579578125 0.9900433218749999 0.1948783015625 0.9896581531249999 0.2035626796875 0.9940371796874998 0.202447915625 0.9996543109375 0.202637225 1 0.2563188171875 1
3 0.13416488437500002 1 0.13326257187499999 0.997037528125 0.093816284375 0.9568928765625 0.07689403593750001 0.9432106000000001 0.0694383 0.9219432546874999 0.061052593749999995 0.9098191312499999 0.050030806250000004 0.9011718640625 0.0371890359375 0.8981294156249999 0.023121621875 0.8985884421874999 0.0120968375 0.9033280187500001 0.0014786 0.9158249984375001 0 0.9225042125 0 0.9251092906249999 0.0019560671875 0.9383796859375 0.01297485625 0.960413796875 0.0154746703125 1 0.13416488437500002 1
8 0.5130958296875 0.5296875 0.5097208171875 0.5458924859375001 0.50516945625 0.5880489718749999 0.5055058640625 0.6263830515625 0.51081751875 0.6633960218749999 0.5166150859374999 0.685587184375 0.5169587828125 0.6859375 0.5220830640624999 0.6859375 0.53286019375 0.6762749578125 0.53305821875 0.6747581453125 0.531726925 0.67258711875 0.5281585203125 0.6710606109375 0.526602959375 0.669656003125 0.5262824625 0.6676709890625 0.5568926421875 0.616827796875 0.580101184375 0.5697171703125 0.5844235109375 0.5569060953125 0.5905169156250001 0.5444830765625001 0.5953941015625 0.5296875 0.5130958296875 0.5296875
8 0.6115718953125 0.74089266875 0.5626623937499999 0.7064186265625001 0.550442975 0.7159746453125 0.54528959375 0.78399074375 0.5413172015625001 0.8857744531249999 0.5453254046875 0.9644854046875 0.54677079375 0.9734375 0.5511167875 0.9734375 0.576754721875 0.9298846640625001 0.6069314765625 0.89536406875 0.6392634328125 0.8506779609375 0.6657699875 0.81889910625 0.6831149578125 0.7764253984374999 0.7046875 0.75267604375 0.7046875 0.7523983078125001 0.671782265625 0.739546990625 0.6451882281250001 0.7688245421875 0.611878078125 0.7496472328125 0.6115718953125 0.74089266875