7 0.4296875 0.4890625 0.4296875 0.25463789531250003 0.41361607031250003 0.2724950390625 0.40493551562499996 0.2873759921875 0.38385416562499997 0.3010168640625 0.3627728171875 0.320858134375 0.30324900781249997 0.37666170625 0.268526784375 0.41634424531249997 0.268526784375 0.4188244046875 0.28340773750000003 0.4312251984375 0.2970486109375 0.45106646875 0.30572916562499997 0.4808283734375 0.3039647109375 0.4890625 0.4296875 0.4890625
0 0 0.4890625 0.304412203125 0.4890625 0.30625 0.47068452968749996 0.30625 0.468657878125 0.2977306546875 0.44675099218750003 0.27416914531250003 0.41822916718750003 0.26920882968750004 0.4169890875 0.24564732031249997 0.41450892968749997 0.1811631953125 0.4157490078125 0.10923859218750001 0.4219494046875 0.0360739078125 0.42070932499999997 0.0075520828124999995 0.43187004062499995 0 0.4458123484375 0 0.4890625
0 0.1354166671875 0.23545386875 0.11061507968749999 0.254055059375 0.094494046875 0.27265625 0.0921875 0.29341518125 0.0921875 0.2955605171875 0.109375 0.353261409375 0.1341765875 0.41898561562500003 0.1292162703125 0.4202256953125 0.17013888906250002 0.415265378125 0.1961805546875 0.4115451390625 0.23710317500000003 0.41278521875 0.26550925937500003 0.4234375 0.267068453125 0.4234375 0.2734375 0.4075148796875 0.2734375 0.4021205390625 0.25694444375000003 0.340860615625 0.23958333281250002 0.28133680625 0.225942459375 0.2453745046875 0.19866071406250002 0.23173363125000002 0.1676587296875 0.22925347187499998 0.1354166671875 0.23545386875
1 0.413132440625 0.1810391875 0.29160466406249996 0.11035466249999999 0.2668030765625 0.1053943453125 0.23084077500000003 0.0991939484375 0.19115823437499999 0.0929935515625 0.1812376 0.0681919640625 0.1849578375 0.048350695312500004 0.153955853125 0.0309895828125 0.09443204375 0.0607514890625 0.0956721234375 0.07191220312499999 0.075830853125 0.1264756953125 0.1229538703125 0.19343997968749999 0.1514756953125 0.20832093281250003 0.187437996875 0.23188244062500002 0.224640378125 0.2455233140625 0.2395213296875 0.28148561562499996 0.2792038703125 0.308767359375 0.3325272828125 0.3484499015625 0.3317522328125 0.35 0.3332318703125 0.35 0.35980902812500004 0.33728918750000003 0.3635292671875 0.318687996875 0.38337053593750003 0.30008680625 0.405691965625 0.2827256953125 0.42305307656249996 0.26040426562499996 0.413132440625 0.1810391875
5 0.4296875 0.0180619703125 0.37490079375 0.015228175 0.3116567453125 0.0164682546875 0.2670138890625 0.0226686515625 0.20625 0.015228175 0.1864087296875 0.049950396875000004 0.1814484125 0.0685515875 0.1814484125 0.07351190468749999 0.2012896828125 0.0883928578125 0.2422123015625 0.099553571875 0.2893353171875 0.10575396875000001 0.33397817500000004 0.11195436562500001 0.3513392859375 0.1355158734375 0.37862103125 0.152876984375 0.3947420625 0.1603174609375 0.42574404687499995 0.1702380953125 0.42450396718750005 0.1913194453125 0.4296875 0.199958665625 0.4296875 0.0180619703125
6 0.59851886875 0 0.5815583796875 0.012720367187500001 0.560808959375 0.028587570312499998 0.53761843125 0.017602584375 0.490016821875 0.049336990625 0.5071045796875 0.08473306093750001 0.4814729421875 0.09815915625 0.46682629374999995 0.12867300937499998 0.4729290625 0.177495175 0.4729290625 0.2067884734375 0.45462075 0.150642984375 0.438753546875 0.157966309375 0.44607687343749997 0.20556792031249999 0.4363124375 0.24950786875 0.4296875 0.255353403125 0.4296875 0.2710756765625 0.431430221875 0.27147784375 0.4326507765625 0.3141972375 0.44607687343749997 0.2849039390625 0.46316463125 0.28002172187499996 0.4887962671875 0.291006709375 0.520530675 0.2958889265625 0.5400595390625 0.3007711421875 0.562029515625 0.3239616703125 0.5632500671875 0.32640277968750003 0.6023078 0.32884388750000004 0.6071900171875 0.339828875 0.61451334375 0.3654605109375 0.6316011015624999 0.3581371859375 0.6499094125 0.37156328125 0.634042209375 0.39597436406250003 0.641365534375 0.4142826765625 0.6535710734375 0.424047109375 0.67554105 0.4508993 0.6901876984374999 0.485074815625 0.70361379375 0.46676650468750003 0.7207015515625 0.47775149062500005 0.699776184375 0.4890625 0.76697586875 0.4890625 0.773185378125 0.4789720453125 0.798817015625 0.4545609625 0.8085814484375 0.46188428750000005 0.8366541953125001 0.4643253953125 0.831771978125 0.42526766406250005 0.8476391828125 0.42282655468749997 0.8744913734375 0.40451824375 0.8879174671874999 0.3654605109375 0.91232855 0.37644549843749997 0.922092984375 0.3422699828125 0.9428424046874999 0.3166383453125 0.9599301609375 0.33250555 0.9501657281250001 0.2665956265625 0.986782353125 0.26781618125 0.986782353125 0.24096399062499999 1 0.2387610484375 1 0.14803605312499998 0.9953262328125 0.1420991046875 0.940401296875 0.08595361562500001 0.8964613453125001 0.049336990625 0.8439775203125001 0.024925907812500002 0.8085814484375 0.037131449999999996 0.7658620546874999 0.015161474999999999 0.7381758828125 0 0.59851886875 0
5 0.090595065625 0.4890625 0.062659940625 0.5609449578125 0.018063278125000002 0.73309249375 0.062952353125 0.734375 0.07564764375000001 0.734375 0.07681798906250001 0.6725343625 0.19545075781250001 0.690513784375 0.388204328125 0.7149060015625001 0.4296875 0.7143344218750001 0.4296875 0.5728816484375 0.2606082234375 0.4890625 0.090595065625 0.4890625
5 0.0242115515625 0.4890625 0 0.5533271375 0 0.7389826515625 0.0229257296875 0.73671171875 0.028146725 0.6932642015624999 0.0815095109375 0.5081925843749999 0.089603721875 0.4890625 0.0242115515625 0.4890625
5 0.4296875 1 0.4296875 0.718920865625 0.36976099218749997 0.721251403125 0.0248603390625 0.7378249140625 0 0.7416041796874999 0 0.752204859375 0.044039439062500005 1 0.4296875 1
3 1 0.6633407765625 0.9733630953125001 0.6961929578125 0.947321428125 0.7395957359375 0.9225198406249999 0.7805183546875 0.9225198406249999 0.7718377984375 0.9212797625 0.8214409734375 0.9361607140625001 0.8102802593749999 0.9708829359374999 0.789198909375 0.9977443953125 0.834375 0.9988401140625001 0.834375 1 0.8331611656250001 1 0.6633407765625
3 0.8601562515625 0.4890625 0.8601562515625 0.49547371093750003 0.8601562515625 0.5140749015624999 0.855195934375 0.5574776796875 0.8465153781249999 0.603360615625 0.8266741078125 0.6988467265625 0.8192336328125001 0.8253348218750001 0.8192336328125001 0.8228546640625 0.8179935531249999 0.8240947437500001 0.8365947437500001 0.8488963296875 0.8561466625000002 0.8515625 0.8796875125 0.8515625 0.8824776796875 0.8513764890625 0.9196800609375 0.8166542671875 0.933320934375 0.7199280765625 0.9308407750000001 0.6343626 0.9271205375000001 0.5239955375 0.9358010921875 0.51159474375 0.9370190515625 0.4890625 0.8601562515625 0.4890625
3 0.763330853125 0.7406994046875 0.7472098218750001 0.7121775796875001 0.722408234375 0.6935763890625 0.67900545625 0.6724950406250001 0.6864459328125 0.6576140875 0.6666046625 0.635292659375 0.65420386875 0.6191716281249999 0.623201884375 0.6216517859375 0.6058407734375 0.63777281875 0.5959201390625 0.6625744046875 0.6120411703124999 0.6811755953125 0.6256820453125 0.7034970250000001 0.644283234375 0.7022569453124999 0.6517237093749999 0.74441964375 0.6715649796875001 0.7927827390625 0.7124876 0.8374255953125 0.7422495031249999 0.8709077390625 0.7699156703125001 0.878125 0.7714781796875 0.878125 0.79375 0.87109179375 0.79375 0.868909434375 0.78565228125 0.841145834375 0.7893725218750001 0.8064236125 0.791753471875 0.7790426593750001 0.7893725218750001 0.77666170625 0.7893725218750001 0.779141865625 0.763330853125 0.7406994046875
7 0.99375 1 0.99375 0.9953844265625001 0.970262896875 0.9789434531250001 0.9380208328125 0.9677827390625 0.8995783718750001 0.954141865625 0.87725694375 0.9429811515625002 0.8462549593750002 0.9380208343749998 0.79541170625 0.933060515625 0.764409721875 0.9318204375000001 0.7383680546875 0.9380208343749998 0.711086309375 0.9467013890625001 0.6937251984375 0.9628224218749999 0.6800843249999999 0.9615823421874999 0.6763640859375 0.95166170625 0.64288194375 0.95166170625 0.64660218125 0.957862103125 0.64660218125 0.9603422625 0.63916170625 0.9876240078125 0.63730530625 1 0.99375 1
5 1 1 1 0.8321524625000001 0.9769455265625 0.8070932546874999 0.9670248921875 0.7922123015625 0.9397431468749999 0.8083333328125001 0.9112213203125 0.8306547625 0.8170964999999999 0.9090921125000001 0.81821536875 0.9112599203125 0.8665784640624998 0.9397817453125 0.9000606062500001 0.9571428578125001 0.9372629875000001 0.972023809375 0.9831459234375 0.98194444375 0.9955467171875 0.996825396875 0.995319959375 1 1 1
6 0.7196676578125001 0.8446304546875 0.6998263890625 0.8148685515625 0.6911458328125001 0.8843129968750001 0.68370535625 0.9016741078125001 0.69610615 0.912834821875 0.70478670625 0.9078745046875 0.7171875 0.9401165656250001 0.7192212343750001 0.940625 0.7238549921875 0.940625 0.739508928125 0.9339161687499999 0.7605902765625 0.9314360125000001 0.7853918640625001 0.9326760921874999 0.8140625 0.9350653109374999 0.8140625 0.9337921640625 0.805233134375 0.9227554546875 0.813913690625 0.9016741078125001 0.7977926578125001 0.8719122031250001 0.776711309375 0.8805927562499999 0.748189484375 0.8768725203125 0.7196676578125001 0.8446304546875