9 0 0.2796875 0 0.3554386625 0.008921984375 0.363719303125 0.0283427 0.3756178046875 0.0407590640625 0.36926464531250003 0.1065148046875 0.283850375 0.1104358328125 0.2796875 0 0.2796875
9 0.2542272109375 0.45328329375000004 0.0960510953125 0.5236643796875 0.0954011734375 0.5310025234375 0.1059076984375 0.558380015625 0.1154987484375 0.571759834375 0.1210704796875 0.5940198750000001 0.149008021875 0.6435940859375 0.19687043906249999 0.71154148125 0.2280975234375 0.73614118125 0.24460008125 0.7688209671874999 0.253182815625 0.7692514187499999 0.32394021875 0.7368677640625 0.36917503906250004 0.712812359375 0.3900413640625 0.6962217421875 0.3785395078125 0.631414146875 0.3371104140625 0.5273305640625 0.32323448906249996 0.50149515 0.29146331718749996 0.4587045515625 0.2794712546875 0.4480999625 0.2542272109375 0.45328329375000004
2 0.4890625 0.2796875 0.46737912187499997 0.2796875 0.3740261296875 0.353863671875 0.37522014062500003 0.3647164234375 0.4023350578125 0.39924465625 0.41002925625 0.42187438749999995 0.4317451484375 0.4565267015625 0.4426759734375 0.4669464453125 0.47040088437499994 0.4824203171875 0.4825387109375 0.47921207656250003 0.4890625 0.47297508125 0.4890625 0.2796875
2 0.4890625 0.49918486249999994 0.4777366890625 0.48476253593749996 0.4366799421875 0.46164415156250005 0.40177798124999997 0.405534496875 0.33553106875 0.45999334531249997 0.3136434375 0.4881153328125 0.3530558953125 0.5663001875 0.3812989171875 0.6489264296874999 0.38785202343749997 0.647938884375 0.4440436515625 0.58534175 0.4890625 0.546574578125 0.4890625 0.49918486249999994
9 0.33323589375 0.43723953125000004 0.32636431875 0.42965578125 0.3275713171875 0.4160277953125 0.2923908171875 0.3630630609375 0.277626359375 0.35942692656249997 0.2526079375 0.37422985937500003 0.23686210000000002 0.3938413140625 0.173387584375 0.4413317078125 0.1845440328125 0.461371053125 0.20377905468750002 0.4753661671875 0.23248534531249998 0.467592453125 0.25528844687499996 0.4534681375 0.27725593593750003 0.44877858125000003 0.292524553125 0.4588893953125 0.3035881546875 0.4799770468749999 0.31073826875 0.4844158796875 0.33141889999999996 0.469921875 0.3496585921875 0.4464868859375001 0.343848253125 0.439087978125 0.33323589375 0.43723953125000004
9 0 0.6806271671874999 0.01986965 0.6902920171875 0.025268678125 0.690167934375 0.03367870625 0.6682142609375 0.039356271875 0.664945259375 0.07594245468750001 0.6777046609375 0.0886772859375 0.6799227984375 0.099846721875 0.67548140625 0.123485440625 0.6519223328124999 0.135132096875 0.6177586734375 0.12535535312499999 0.60647546875 0.116467140625 0.572992984375 0.10493930781250001 0.5571468640624999 0.031700075 0.48371489062500006 0.006561865625000001 0.46336917656250004 0.00019445 0.46226010781250004 0 0.4623635140625 0 0.4731921203125 0.017346928125 0.4876017484375 0.0385586609375 0.515779378125 0.0389699734375 0.5233023671874999 0.021605825000000002 0.549018815625 0.0021990609375 0.5977980031250001 0 0.6010138234375 0 0.6806271671874999
9 0 0.8289697593749998 0.0301914453125 0.8049245468749999 0.0440005015625 0.7828467906250001 0.0549842453125 0.7805020125000001 0.08268221718749999 0.7597789296874999 0.12899126562500002 0.711427634375 0.1276115625 0.70267149375 0.1142797234375 0.6950269812500001 0.0446624515625 0.66586948125 0.0382950359375 0.6647604140625 0.0323389328125 0.6711743359375 0 0.7429622328125001 0 0.8289697593749998
9 0 0.8515204187500001 0.012668545312500001 0.868934559375 0.0807872890625 0.9393456984374999 0.08715470625 0.940454765625 0.103683240625 0.9241730765625 0.1528445390625 0.8922857546875 0.1602332640625 0.881863453125 0.227170025 0.831782671875 0.22657301875 0.826356296875 0.2173932796875 0.8204994671874999 0.19733563125 0.791458375 0.20440588750000002 0.7724647765625 0.2191304171875 0.7643846937500001 0.2198731859375 0.75599824375 0.15918309218749999 0.6868810171875 0.12811572031250001 0.7091461781249999 0.08189951875 0.7564491671875 0.05055361093750001 0.7818592468750001 0.041639420312499995 0.7973382359375 0 0.8292754515624999 0 0.8515204187500001
2 0.3634974765625 0.7160813640625 0.2566450609375 0.7666610328125001 0.24469292656250002 0.7677726609375 0.23242232343749997 0.7603129921875 0.2062498203125 0.775979384375 0.20910207343749998 0.7924433609375 0.22537900781250003 0.8155035421874999 0.23707954375 0.8537337859375 0.27584207968749996 0.9392567843750002 0.28543313124999997 0.9526366015625001 0.37728248125 0.913281934375 0.430595878125 0.8831822984375 0.4821052703125 0.8612842671875001 0.48040710156250005 0.8439568296874999 0.460362440625 0.7904350015625 0.43306183125000003 0.75800338125 0.415869425 0.7209455265625 0.3985312515625 0.6977005000000001 0.392070990625 0.6976397375000001 0.3634974765625 0.7160813640625
9 0.4890625 0.54396560625 0.48633337499999996 0.5458706765625 0.468279375 0.5672090546874999 0.42511410781250003 0.60439866875 0.38438977812499997 0.6505292703125 0.389046034375 0.6587916390624999 0.44145791093750003 0.67537201875 0.46074585 0.6766026109375 0.4707612046875 0.67302468125 0.4821692515625 0.6537221546875001 0.4890625 0.6569489765625001 0.4890625 0.54396560625
9 0.131981859375 1 0.25679275 0.9231650578124999 0.21516497499999998 0.8456588234375001 0.20870471093749998 0.8455980609375 0.169558765625 0.8739074531250001 0.1529373859375 0.8912374484375001 0.1280118109375 0.9049920734375 0.0861863171875 0.9392216156250001 0.07160755156250001 0.9334888703124999 0.0630777359375 0.9202938968750001 0.03125364375 0.8902678187500002 0.00122056875 0.8765208703125001 0 0.8761079796875 0 0.973326340625 0.014326139062500002 1 0.131981859375 1
9 0.4890625 0.9360179843750001 0.46825628437500005 0.8716458078125001 0.4529347515625 0.8742995140625001 0.3548507625 0.9232130234374999 0.28783414218750003 0.9498613718750001 0.280684028125 0.945422540625 0.27155720781250003 0.9268011890625001 0.25660705625 0.9252616703125 0.246591703125 0.9288396015625 0.1768426171875 0.9741726187499999 0.1799837640625 1 0.29125071406249997 1 0.344477971875 0.9916618671874999 0.4890625 0.9371966296875 0.4890625 0.9360179843750001
10 0.4890625 0.8019981078124999 0.564542371875 0.79347678125 0.665197825 0.7820227828124999 0.7453329109375 0.7787658546875 0.7511090546875 0.756491909375 0.780136425 0.713408946875 0.792697875 0.5923016875 0.7973841328125 0.4928911359375 0.8020134765625 0.4216225484375 0.78286758125 0.3662463984375 0.7254597140625 0.3437777265625 0.606017646875 0.3510198890625 0.581388015625 0.3284070359375 0.5359960265625 0.3376499515625 0.5317095968750001 0.3420390703125 0.49759783437499994 0.34697574531250003 0.4890625 0.3487137484375 0.4890625 0.8019981078124999
4 0.4890625 0.6977167375 0.5103445093750001 0.71509838125 0.5319667953125 0.7076815859375001 0.5461391234375 0.687716596875 0.5587873078125 0.68212715 0.5700191625000001 0.6728074765625001 0.5726452296875 0.6592122125 0.58587133125 0.6494864625 0.5923810828125 0.634095728125 0.5938004234375 0.6187368734375001 0.5692945828125 0.608657015625 0.548094515625 0.6009179921875 0.50553566875 0.5935095109375 0.4930970890625 0.601065590625 0.504325934375 0.610835 0.5207469828125 0.64064493125 0.512662190625 0.6603750046875 0.49130040468749997 0.67979463125 0.4890625 0.681029215625 0.4890625 0.6977167375
4 0.616773090625 0.70045951875 0.6230223453125 0.673065953125 0.6162551031250001 0.6573647734375 0.619932196875 0.6345135890625 0.5928033015625 0.6189399109375 0.5926954890625 0.6370456765625001 0.586868453125 0.6492834234375 0.57553179375 0.65761978125 0.5711719828125 0.683623953125 0.55988923125 0.6829074265624999 0.5571074687500001 0.685483175 0.5465553187500001 0.7107389453125 0.5455012781249999 0.7390839484375 0.565494621875 0.745059378125 0.578717709375 0.7544227109375 0.5939889515625 0.75432708125 0.6079486640625 0.75148454375 0.6224862921875001 0.7445057046875 0.6410124093749999 0.7367147093749999 0.6262681890625 0.7226378343750001 0.616773090625 0.70045951875
4 0.7245791484375 0.603158353125 0.722851425 0.577389096875 0.705798553125 0.56076835 0.7049092437500001 0.5428656234375 0.6866436265625 0.56265945 0.6642308109374999 0.5913349968749999 0.63174196875 0.6210576109374999 0.61851586875 0.6307833625000001 0.619351271875 0.6577389734375 0.6234415515625 0.67699921875 0.6199740609375001 0.7018170359375 0.6283672359375 0.7232150749999999 0.6450008984375 0.73590255625 0.6553374234375 0.7468583171875001 0.665149940625 0.7528975015625 0.6840952625 0.7490397718749999 0.7103378609375 0.7276216375 0.727028440625 0.712167153125 0.718898775 0.6836828625 0.7300258296875001 0.673379871875 0.722734578125 0.652762109375 0.7194318187500001 0.6313321937499999 0.7245791484375 0.603158353125