1 0 0.459375 0.0545330171875 0.459375 0.090625 0.40927401718749995 0.090625 0.3999627046875 0.0858617078125 0.378663471875 0.041282465625 0.3505706359375 0.03054816875 0.3278789625 0 0.34398814375 0 0.459375
5 0.173117371875 0.0429110390625 0.12655789374999998 0.0430806296875 0.0708913921875 0.0514549609375 0.065382028125 0.12467387031249999 0.07981207500000001 0.135209821875 0.0684650296875 0.18485603125 0.0815177359375 0.2136967078125 0.089230671875 0.25625 0.10599087812500001 0.25625 0.1437914359375 0.2517381421875 0.2041829953125 0.2408721125 0.21707400781250002 0.2057219359375 0.27685774531249996 0.23600369843750002 0.289317415625 0.21242189374999998 0.319814640625 0.202010028125 0.32136846406249997 0.154125878125 0.321875 0.1359883953125 0.321875 0.1043263203125 0.3072031359375 0.0992207953125 0.28616095937499997 0.0734591703125 0.2463018484375 0.0740647265625 0.2084229734375 0.0464078546875 0.190640278125 0.051248965625 0.173117371875 0.0429110390625
5 0.0178737640625 0.25029073749999997 0.002492790625 0.2776812375 0.0160601515625 0.3113539265625 0.049733548437500004 0.3151444203125 0.0431998015625 0.34750921875 0.084621278125 0.3734375 0.09008036875 0.3734375 0.146875 0.3617113390625 0.146875 0.3579034671875 0.13666679375 0.3192012859375 0.09397954375 0.2776357328125 0.0822159421875 0.24528003437499998 0.062119760937500004 0.21278205 0.02303016875 0.23623066874999998 0.0178737640625 0.25029073749999997
5 0.38427126718750004 0.1525872921875 0.3610773046875 0.15347742343749998 0.360386171875 0.17822483281249998 0.34535322968750004 0.17764658125 0.3426867859375 0.199466325 0.35049977499999996 0.22596669375 0.36905198906250003 0.24396864375 0.35057815937500003 0.273557165625 0.38004114843750003 0.28467137187499997 0.4235145765625 0.2875 0.4354144546875 0.2875 0.48484532968750005 0.2690974109375 0.487595084375 0.2636780484375 0.515625 0.24125664218749998 0.515625 0.24004200625 0.44963289531250006 0.2196207953125 0.4226598703125 0.21626626875000002 0.4131313625 0.17365919531250001 0.42387058906249997 0.16516077812500002 0.40265685937500006 0.1377884828125 0.38427126718750004 0.1525872921875
5 0.14402864375 0.2550346125 0.11644779375 0.2928278765625 0.13362759375 0.2979444625 0.1399799328125 0.3263491765625 0.16394834375 0.31711201718750004 0.2178993265625 0.29263098125 0.2010577 0.32192582812500004 0.216433746875 0.325725421875 0.24475683906249998 0.3375 0.2506824984375 0.3375 0.2593857140625 0.32292184375 0.293755171875 0.270774834375 0.3105918703125 0.2726700796875 0.31875 0.26532021875 0.31875 0.263367303125 0.298828265625 0.24031438437500002 0.2944512375 0.21483733124999999 0.272026790625 0.238570525 0.219286525 0.211946075 0.1977198375 0.24373261875000002 0.14402864375 0.2550346125
8 0.4694848453125 0.459375 0.4734375 0.413077840625 0.4734375 0.40218206875 0.47090331875 0.3363312765625 0.46111994999999995 0.275713153125 0.40364969375 0.28277049062500004 0.422459740625 0.459375 0.4694848453125 0.459375
5 0.56875 0.35026904999999997 0.580297765625 0.3546875 0.5843978515625 0.3546875 0.5905086828125 0.354078475 0.609106584375 0.34481882812500003 0.640337659375 0.32398351875000003 0.6985160328125 0.291419290625 0.7233658265624999 0.2726752 0.7567461640625 0.2618123546875 0.7650610578125 0.257371559375 0.76875 0.2521395171875 0.76875 0.2374390015625 0.7686091171875 0.23443576875 0.7466604312499999 0.1932779390625 0.70764203125 0.13586472968750002 0.680602346875 0.11410639375000001 0.65280719375 0.1055984515625 0.6415099359374999 0.10888124218749999 0.6229551625 0.1206053 0.57890976875 0.14266574999999998 0.56875 0.1489630296875 0.56875 0.35026904999999997
5 0.56875 0.42542585 0.5717462078125 0.4254241140625 0.5901949656250001 0.4358510296875 0.6025927328125 0.439033115625 0.645127190625 0.4434734546875 0.6610266250000001 0.44375 0.6992373640625 0.44375 0.7280209656250001 0.4409030171875 0.7397175218750001 0.432227234375 0.7531061609374999 0.4074011796875 0.7542954328125 0.3907293203125 0.7625 0.380996940625 0.7625 0.3765798796875 0.7435379921875 0.368439671875 0.7410153078125 0.3653388453125 0.7409463 0.361395790625 0.7470084171875 0.341067946875 0.75415629375 0.29815366249999997 0.738256096875 0.292306215625 0.73425085625 0.2891192703125 0.7330209562500001 0.275261165625 0.7304551421875 0.2696959296875 0.7201548828125001 0.273529015625 0.7104695703124999 0.28429115625 0.68656501875 0.300628253125 0.6108547468750001 0.346945478125 0.5907656609374999 0.3556261234375 0.583855690625 0.3557171078125 0.569455303125 0.350941546875 0.56875 0.35058366875 0.56875 0.42542585
7 0.56875 0.6340737515625 0.52788888125 0.648351978125 0.47750885624999995 0.6732745734375 0.44180363125 0.68541851875 0.426155975 0.6957096515625001 0.416508684375 0.706897853125 0.41275099375 0.728502153125 0.4060747359375 0.7426438953125001 0.40592316406249995 0.7556699484375 0.41318751875000004 0.7770818593750001 0.42452984374999997 0.792411784375 0.4384587953125 0.8006839593749999 0.4456818359375 0.8015625 0.46213980625 0.8015625 0.51271785625 0.7898706578125 0.56875 0.771477359375 0.56875 0.6340737515625
0 0.56875 0.781564415625 0.5618162796874999 0.782795159375 0.5512427703125 0.787487821875 0.501084271875 0.79337234375 0.4659266875 0.8014995265625 0.46036319687500005 0.8061047390624999 0.45160131718749996 0.8272954890625 0.4493349734375 0.8498755593749999 0.45115243125 0.8658726437500001 0.4565060515625 0.8793035015624999 0.46737069375000007 0.8926381656250001 0.4760997921875 0.896875 0.4916264625 0.896875 0.5390839359374999 0.8853756046874999 0.56875 0.879760965625 0.56875 0.781564415625
8 0.56875 0.8775922984375001 0.5564987343750001 0.8794643796875 0.501242771875 0.8929513828125 0.48069002968749996 0.8943119312500001 0.47071079843749997 0.8909798171875 0.46227538125 0.8841144546875 0.45489443281249997 0.872722584375 0.449092278125 0.854791453125 0.44883029218750004 0.834259115625 0.4444028890625 0.8273237921875 0.44139687812500006 0.8273762625 0.418216703125 0.83930158125 0.398118325 0.8446614015625 0.37848014218750003 0.853519490625 0.3568845890625 0.8584045453125 0.20949054375 0.9125700437500001 0.180362471875 0.919089278125 0.1546947765625 0.9295553140624999 0.128572715625 0.9360220796875 0.10542751875 0.9449413843750001 0.0738060953125 0.9505023421875001 0.0576574375 0.9608022234375 0.028465240625 0.9728324796875001 0.0234375 0.97922451875 0.0234375 0.9944884578125001 0.024977959375 1 0.50352010625 1 0.5045100671875 0.999586103125 0.56875 0.9665371046875 0.56875 0.8775922984375001