7 0.1542761859375 0.3796875 0.11393402500000001 0.3030049640625 0.1079990109375 0.2833944578125 0.1028263953125 0.23905849843750002 0.0930089921875 0.22524618593749998 0.0763886140625 0.215644009375 0.065518384375 0.2140625 0.0631431875 0.2140625 0.03564111875 0.2180628703125 0.01374256875 0.233555446875 0.0100126625 0.248475653125 0.0133203234375 0.300271715625 0.0013447390625 0.33048142343750003 0 0.349851234375 0 0.3608688078125 0.004769690625 0.36765271875 0.030210485937499997 0.3747066703125 0.034885278125 0.3796875 0.1542761859375 0.3796875
7 0.3640625 0.3796875 0.3640625 0.377601440625 0.34967390468750004 0.2967867015625 0.35198456718750004 0.26188669375 0.347210753125 0.252229159375 0.33712357656249997 0.2439196 0.3208198859375 0.2370318734375 0.30323770625 0.23481593906249998 0.28076442031250004 0.2375672421875 0.26317051406249997 0.250880890625 0.2589127875 0.26127701875 0.2586312875 0.2823093546875 0.2489429125 0.3086782203125 0.2222470921875 0.3455724328125 0.2046581734375 0.3796875 0.3640625 0.3796875
0 0.6270126890625 0 0.6218922015625 0.0017515890625 0.6093379750000001 0.0093703796875 0.57121394375 0.0171771796875 0.5606601640625 0.0247026546875 0.5555241343749999 0.03850621875 0.5542608046875 0.050119653125 0.5587804265624999 0.08155811874999999 0.5688206625000001 0.10520352031249999 0.5836697265625 0.1256103875 0.588783153125 0.1265625 0.5980988218750001 0.1265625 0.6605267078125 0.11951340937499999 0.6848078484375 0.1148641828125 0.6891486125 0.11214985 0.6871995984375 0.10520758906250001 0.6902516984375 0.09803204374999999 0.7014785 0.10102493593749999 0.7099610203125 0.1081648015625 0.7426158671875001 0.10111548906250001 0.7627485375 0.1021858453125 0.7684293921875 0.0968971546875 0.76875 0.09484567031249999 0.76875 0.085249190625 0.7604410359375 0.0661228609375 0.7262026781250001 0 0.7161020015625 0 0.7191188593750001 0.008268412499999999 0.717759384375 0.018379218750000002 0.7204522359375 0.021267825 0.721497175 0.029759368749999997 0.7190927625000001 0.031378635937499996 0.715931846875 0.029014232812500002 0.7145343734375 0.015013067187500001 0.7107645359375001 0.003132046875 0.7112802671875 0 0.6270126890625 0
3 0.7809174125 0.3796875 0.7826134484375 0.3777100265625 0.7899228328125 0.37435485 0.8102798421875 0.378931328125 0.81878174375 0.3785347421875 0.827091353125 0.3751329046875 0.829303478125 0.3705083890625 0.8296875 0.3637381234375 0.8296875 0.34842695625000003 0.82421964375 0.3380915015625 0.825983084375 0.326454740625 0.8233483828124999 0.300956784375 0.825868321875 0.293303690625 0.81975816875 0.284043684375 0.8161359078124999 0.2666297125 0.8103335749999999 0.2543411296875 0.8051722109374999 0.2520700421875 0.7922013531250001 0.25317745937499997 0.782743940625 0.262158903125 0.7703052421875001 0.26374386875 0.7502560515625 0.25613881250000003 0.7245580578124999 0.2543233234375 0.7196530828125 0.256059234375 0.7155046125 0.26177881406250003 0.70519455625 0.26527396406250003 0.6665577468749999 0.26506676875 0.6416803484375 0.26823669843750003 0.62940189375 0.2723260375 0.6100257234375001 0.27523935312500003 0.5988436390625 0.2807846578125 0.5623034234375 0.281986771875 0.5360665484375 0.2952675109375 0.5225053843749999 0.318506734375 0.522819153125 0.3390892578125 0.5237038468749999 0.34507642656250004 0.52824956875 0.3534046671875 0.529807284375 0.36991020625000004 0.5331884109375 0.3796875 0.7809174125 0.3796875
3 0.6268757468749999 0.125515378125 0.5600873359375 0.12695627812500002 0.5194796359375 0.14559615625 0.5062923687499999 0.174678915625 0.507402875 0.21816582499999998 0.5234099109375 0.259283290625 0.5608764015625 0.275 0.5998113640625 0.275 0.634716465625 0.2741859859375 0.7276433640625 0.26315298125000003 0.7467932078125 0.24886317343750003 0.769063475 0.2310786828125 0.7894952625 0.23682386718749998 0.8109375 0.2324769609375 0.8109375 0.23235154374999997 0.7975547515625 0.12760114375 0.7865910546875 0.1130414734375 0.7690014203125 0.1255839328125 0.7541048953124999 0.12795337499999998 0.71781511875 0.1095513875 0.6268757468749999 0.125515378125
3 0.975 0.3796875 0.975 0.3475542296875 0.974700409375 0.33811196093749996 0.958971640625 0.2752121609375 0.948648915625 0.2706699859375 0.9389249453125 0.2493542234375 0.9531804984375001 0.2369672875 0.9423236328125 0.224077196875 0.870534103125 0.225751384375 0.82481845625 0.2429549640625 0.829968625 0.27118234218750004 0.8428130140625001 0.289003415625 0.8269972515624999 0.3031376984375 0.8379300140625 0.3796875 0.975 0.3796875
2 1 0.3796875 1 0 0.8494630390625 0 0.8664366343750001 0.0421109265625 0.8956085484375 0.106058215625 0.9212749468750001 0.1936129453125 0.94437745625 0.24109769375 0.9687196874999999 0.2818263515625 0.973271103125 0.3268273171875 0.97912091875 0.3796875 1 0.3796875
7 0.4890625 0.6870759328125 0.26018448906249997 0.6156246515625 0.248389428125 0.6132287359374999 0.24052689531250002 0.6205357546875 0.2303711578125 0.6303449984375 0.21868689687499998 0.6447904906249999 0.2131192453125 0.667403875 0.2067869140625 0.687883234375 0.20569655 0.706459346875 0.205044346875 0.7389753234375 0.21192731562499997 0.767085828125 0.22077528906250002 0.7866913546875 0.225362534375 0.790591196875 0.4890625 0.91555365625 0.4890625 0.6870759328125
9 0.4890625 0.3796875 0.34661709375 0.3796875 0.3300499125 0.5592582453125 0.4890625 0.594405046875 0.4890625 0.3796875
9 0 0.6111285859375 0.05352431875 0.7703125 0.059837934375 0.7703125 0.203125 0.739130715625 0.203125 0.699571190625 0.1315787515625 0.5024284328124999 0 0.5304640953125 0 0.6111285859375
9 0.05103979843749999 0.3796875 0.051419837499999996 0.419683746875 0.10159794062500001 0.43185505625000004 0.1728039375 0.43345752656250003 0.2707211484375 0.4359375 0.2828125 0.4359375 0.2828125 0.39676355625 0.282260128125 0.3796875 0.05103979843749999 0.3796875
9 0.2227845265625 0.526277046875 0.1974501609375 0.5547687140625 0.19057390624999998 0.5978925734375 0.41864813281249996 0.597721684375 0.42166373281249997 0.5815153375 0.327957978125 0.5565449234375001 0.333308228125 0.5447702 0.2227845265625 0.526277046875
9 0.2806811421875 0.3796875 0.28065351562499996 0.387651125 0.308178678125 0.42885877656249993 0.22289364687500002 0.5253098640625 0.3328709078125 0.5397346296875 0.34749075937499996 0.3796875 0.2806811421875 0.3796875
8 1 0.60113743125 0.9925313015625001 0.600527615625 0.9783936765625001 0.6039425375 0.9689134968750001 0.6024022171875 0.9304280421875 0.5300683890625 0.9179151031250001 0.5122880656250001 0.9105792140624999 0.5060130078125 0.8900906078125 0.503758325 0.8419137171875001 0.5054156578125 0.7981616234375 0.5100452718749999 0.7875365953125 0.51334966875 0.7691249265625 0.5257385937500001 0.7652924406249999 0.53674946875 0.75302284375 0.5448435921875 0.746648125 0.55706591875 0.7348782484375 0.5652150375 0.7286053156250001 0.57396906875 0.7209204578125 0.5795853015625 0.7146184421875 0.589330275 0.70337736875 0.59654344375 0.6821127703125 0.6036477078125 0.6532268265625 0.6312873124999999 0.6479824171875 0.6391603890625 0.646750325 0.64697793125 0.6499284921874999 0.6582632281249999 0.6520689390625 0.6878259375 0.6647180921875 0.718048015625 0.6676873421875 0.7193689109375001 0.6860699328125 0.7079709281250001 0.6979706734375 0.6953625765625 0.7071692359374999 0.6894158515625 0.730549046875 0.6785677890625 0.756839946875 0.67102250625 0.7701526109375 0.6615519546874999 0.7859202640625 0.6538427734375001 0.798044459375 0.650703353125 0.8224290609375 0.656866265625 0.8292506859375 0.663581803125 0.84851255 0.6905550171874999 0.9046244890625001 0.7772553265625 0.9070649375000001 0.7795121671875 0.908658209375 0.7796875 0.9169244875 0.7796875 0.9843076078124999 0.7611705734375 1 0.753944096875 1 0.60113743125
8 1 1 1 0.91911405625 0.9860699515625001 0.9031304015625 0.970335225 0.87555119375 0.9116427781249999 0.8084497359375 0.9083628296875 0.80063273125 0.9069891796875 0.779107534375 0.9028551921875 0.7662258421875 0.8674024984375001 0.710132015625 0.8557435968749999 0.6974163828125001 0.8418041921875 0.67699373125 0.831615378125 0.6654340140625 0.8168999812500001 0.6543703078125 0.7989826859375 0.64991323125 0.7864169296875 0.65101578125 0.7603785671875001 0.6670390562499999 0.7203770625000001 0.68053160625 0.704066065625 0.689672203125 0.6675534234375 0.720946159375 0.6132160765625 0.76169120625 0.5941447421875 0.7794753109375 0.58645573125 0.7852331078125 0.581718640625 0.9466511734375 0.62650210625 1 1 1