10 0.62206343125 0.24279433125 0.5981021796875 0.24477159531249998 0.597845409375 0.25212453749999997 0.5771754734375 0.2651098234375 0.58593479375 0.382682021875 0.6032667171874999 0.46528496874999997 0.6708962656249999 0.47591868281250005 0.7446824484375 0.468137959375 0.8713922984375 0.47107650625 0.8928091968749999 0.489330525 0.9149964046874999 0.4855257203125 0.9304084046875001 0.46521957656249996 0.9327601812499999 0.450503 0.9095925921875001 0.37712331093749996 0.8138176343750001 0.22513798281250003 0.7735690359375 0.21985855625 0.7365475609375001 0.2274253875 0.6594700625 0.22419808749999998 0.62206343125 0.24279433125
10 0.94727934375 0.297875996875 0.9911635687499999 0.2516741390625 0.991741303125 0.235130021875 0.9845809390625 0.22965809531249998 0.804264653125 0.18292273750000002 0.767499946875 0.183136628125 0.7359931765625 0.190671375 0.725582340625 0.2256513203125 0.786693453125 0.2124307515625 0.8086880859375001 0.214140653125 0.8608822843749999 0.298378640625 0.8971334500000001 0.3128706328125 0.9354154265624999 0.3218372234375 0.94727934375 0.297875996875
10 1 0.5390625 1 0.495276621875 0.9520820734375001 0.476120653125 0.9245727375000001 0.4744428375 0.9020645640625 0.48743881875 0.8844525234375 0.46548694062499996 0.8698108343750001 0.4637342609375 0.7429084046875 0.46631042031250003 0.6745085453125 0.47773552812500003 0.6661285218749999 0.507190071875 0.664198559375 0.5390625 1 0.5390625
10 0.3796875 0.5390625 0.46166620625 0.5390625 0.45859442968749997 0.5322896734375 0.4640916421875 0.42749956874999995 0.4097148953125 0.40576158125 0.3796875 0.41337664375000005 0.3796875 0.5390625
10 0.3796875 0.30580182499999997 0.3846509578125 0.304824996875 0.398353109375 0.2808530765625 0.460853109375 0.2804894625 0.5537919546875 0.2505429703125 0.5455636671875 0.2230229125 0.48541544375 0.20866995156249998 0.3796875 0.16277511875 0.3796875 0.30580182499999997
10 0.56298313125 0.250489496875 0.5743976984375 0.23939591875000002 0.566577915625 0.1475483203125 0.537422921875 0.1403664921875 0.511366665625 0.1497073921875 0.4784068140625 0.14622342500000002 0.421036365625 0.157584365625 0.409814375 0.16316323906250002 0.4094934125 0.172354415625 0.44916427812500004 0.194177959375 0.5492401390625 0.22300152343750002 0.5520179125 0.2487154296875 0.56298313125 0.250489496875
10 1 0.2620974328125 0.9760083390624998 0.26462734375 0.9337055781250001 0.3181714484375 0.8661402203125 0.30569949687500003 0.9196591140624999 0.4046326734375 0.9295972515625 0.43581850624999996 0.9284417859375 0.46890674218750006 1 0.4889108203125 1 0.2620974328125
10 0.3796875 0.41005277500000004 0.472454396875 0.42193732968750003 0.496864996875 0.4070924171875 0.5244385265625 0.40693199843750005 0.5516269 0.41780099374999996 0.56398100625 0.43243201249999996 0.571333946875 0.432389234375 0.58294109375 0.41578095 0.5858706015624999 0.38452025624999997 0.5683227515625 0.3607301421875 0.4736332140625 0.33555096406249996 0.3796875 0.327531546875 0.3796875 0.41005277500000004
10 0.6316242828125 0.5390625 0.6320773984375 0.5349561031250001 0.6379772578124999 0.5238946078125 0.66764579375 0.516370553125 0.6707036875 0.4814333875 0.6126504703125001 0.45971679062500004 0.5934569625 0.430422665625 0.576848653125 0.4323571515625 0.5533367499999999 0.42146676875000005 0.49267498593750003 0.4218196890625 0.4684569625 0.4311498953125 0.4607188671875 0.442222084375 0.45079822187499996 0.515794275 0.45497693593750005 0.5390625 0.6316242828125 0.5390625
10 0.3796875 0.326908215625 0.383880646875 0.3268838203125 0.5375862921875 0.3462060671875 0.5611623890625 0.35525821562500004 0.58144716875 0.35330233906249997 0.5774964359375 0.255918646875 0.6223202015625 0.2354413890625 0.69452491875 0.2203184203125 0.6949100734375 0.20928900781249998 0.6820424265625 0.20936387031249998 0.49229568593749995 0.27479295000000004 0.396579065625 0.2790255359375 0.38058933281249996 0.3158757984375 0.3796875 0.3139423453125 0.3796875 0.326908215625
5 0.14058828437499998 0.5390625 0.14042089062500002 0.540865471875 0.1440940234375 0.5855579765625001 0.14616796875 0.6474751484375 0.1396341484375 0.7178502078125 0.14531768437499998 0.7408888484375 0.1542708546875 0.7550404593750001 0.1770917046875 0.7567398453124999 0.24126701874999998 0.7500898031250001 0.27737472812499997 0.7403269640625 0.2830326984375 0.737311171875 0.28393335625 0.732876246875 0.26805058437499996 0.6775114234374999 0.26141449687499996 0.64366875625 0.260259815625 0.6245099171875 0.254204546875 0.5896772578125 0.22930899375 0.5629306078125 0.20270350625 0.5440695468750001 0.197470390625 0.5390625 0.14058828437499998 0.5390625
1 0 0.7667123203124999 0.0190332421875 0.7705513828124999 0.023209734375 0.7729605125 0.030734078124999998 0.7709060828125001 0.037938582812499996 0.7722965828125 0.043322409374999996 0.7722335921875001 0.047955809375000005 0.7697213859375001 0.05716376250000001 0.77059685 0.06673724375 0.7675352484375 0.0746464796875 0.7718670953125001 0.08683675468749999 0.7722160671875 0.0896037828125 0.768742503125 0.0862822609375 0.76239058125 0.06946554375 0.7434149890625 0.053157631250000004 0.7347570171875 0.050175309375 0.7352835093750001 0.0493791953125 0.73332643125 0.042115834375 0.7378358 0.0347742546875 0.7379216984375 0.030049471875 0.7414181703125 0.02128526875 0.7410291125 0.0149550921875 0.7460191640625 0.0065432546875 0.7471007796875 0.0008395921875 0.7506087046875 0 0.7506994062500001 0 0.7667123203124999
5 0 0.7502347578125 0.006573715625 0.7467726906250001 0.014450425 0.746188934375 0.021805165625 0.740695296875 0.0285659234375 0.74159939375 0.0363187234375 0.737084296875 0.0421006046875 0.7379998453125001 0.0496249484375 0.7359454140625 0.054623878125000004 0.7294961421874999 0.0330955421875 0.7086092828125 0.0224324375 0.7023432609375 0 0.6940513796875 0 0.7502347578125
1 0 0.6856033140625 0.000936628125 0.68637200625 0.015162875000000001 0.6911215453125 0.0279339703125 0.6904805234375 0.0384863265625 0.687407465625 0.0584557265625 0.6724258609375 0.0701635234375 0.65164173125 0.0734137890625 0.6324313546875 0.07118885 0.6142682359375 0.0614395671875 0.5981595453125 0.0342594609375 0.5960195640625 0.0179972390625 0.586869459375 0.014571168749999999 0.58690954375 0 0.5953955421875 0 0.6856033140625
1 0.060123554687500004 0.59653628125 0.0753217171875 0.62241319375 0.0849145640625 0.6296749359375 0.0995845578125 0.63491088125 0.1153836671875 0.6332512328125001 0.1249246171875 0.6252740234375 0.12648507656250002 0.5874026671875 0.121617015625 0.576644453125 0.1101252703125 0.5635057406249999 0.108121825 0.56402078125 0.106105215625 0.569943559375 0.094515128125 0.5789279421875 0.08684054687500001 0.5878665125 0.0701407828125 0.5939610859375 0.063778078125 0.5940355312500001 0.060123554687500004 0.59653628125