0 0.41875 0.2476547375 0.4033271703125 0.2470189171875 0.3905841671875 0.25161251875 0.383519759375 0.260415853125 0.364769559375 0.2622672921875 0.35901957812499996 0.26520035000000003 0.31815789687499996 0.42721804218750004 0.3206932 0.43181787812500005 0.337033615625 0.44072860625 0.395079834375 0.4544508484375 0.411491640625 0.4562187890625 0.4159382765625 0.45455720624999996 0.41875 0.4505246578125 0.41875 0.2476547375
1 0 0.51875 0.066830971875 0.51875 0.06904885937500001 0.5015348296875 0.12863622187499998 0.23541574375000002 0.1421875 0.1933760875 0.1421875 0.1813274109375 0.138637203125 0.177103109375 0.086571121875 0.1548706328125 0.074983784375 0.1520283453125 0.051688495312500006 0.151431759375 0.035117925 0.14809820468749998 0.0319143265625 0.1510323046875 0.028639340625 0.161109190625 0 0.2913437125 0 0.51875
1 0.16763261093749998 0.20407316718750002 0.15899655625 0.21307155312499998 0.1430991875 0.2226540546875 0.13435359687499998 0.232141628125 0.12818636249999998 0.2733326328125 0.12566086406250002 0.30963277968749997 0.1229101171875 0.37196009218750004 0.1254454203125 0.37655992656250004 0.1417476921875 0.37881705625 0.27098771875 0.3828125 0.28690299375 0.3828125 0.302109571875 0.3814265078125 0.3251476453125 0.3763478734375 0.33144530625 0.37096886875 0.334375 0.35151455781249996 0.334375 0.25310217968750004 0.33233031562500004 0.25100900625 0.27429518124999996 0.2326879640625 0.21131495781249998 0.22052925937499998 0.20791445 0.215244140625 0.1981178296875 0.211228425 0.16763261093749998 0.20407316718750002
0 0.4155353203125 0.51875 0.413543865625 0.49289623593750004 0.406896715625 0.463441628125 0.4027405375 0.456982040625 0.391103975 0.45208494843749997 0.32975570468750004 0.4371871984375 0.30769237031249996 0.44246192500000003 0.28892001093749997 0.45351095781249995 0.28028395625 0.46250934218750006 0.27428165937500004 0.48021717031250005 0.27789015625 0.48912270468749997 0.2774569203125 0.511529453125 0.278552315625 0.51875 0.4155353203125 0.51875
6 0.2841671640625 0.51875 0.2837438546875 0.5142356890625 0.284375 0.5114169734375 0.284375 0.49735095312500005 0.28126395625 0.48664187031250006 0.2607784453125 0.4666727578125 0.2483591484375 0.44934879843750003 0.2407913859375 0.44220289062499996 0.2209298453125 0.43309502968749997 0.2116698234375 0.4312321625 0.1856090765625 0.431612915625 0.1420030234375 0.428464021875 0.13224455156249998 0.43110190625 0.11884433593749999 0.4386306453125 0.0973446640625 0.4573106171875 0.0880513984375 0.46924413906250007 0.0728764515625 0.493797503125 0.0669116671875 0.51875 0.2841671640625 0.51875
4 0.204180625 0.51875 0.2042168921875 0.51643985 0.20768878750000003 0.514582178125 0.2091619796875 0.5102775171875 0.217994940625 0.509498346875 0.23453844375 0.5015795046875 0.23747374375 0.49756898125 0.2375 0.4969327234375 0.2375 0.48629301406250003 0.2249941359375 0.48278901718749995 0.20893309843750002 0.470355915625 0.2018908546875 0.4699616546875 0.1896955328125 0.47210930781249993 0.1854950296875 0.484044909375 0.17302032812499998 0.48971493437499997 0.1425018671875 0.4963560671875 0.1303668546875 0.495959728125 0.1218021890625 0.49781532500000003 0.12108466874999999 0.5032944515625 0.1266918703125 0.514646975 0.12706061562499998 0.51875 0.204180625 0.51875
3 0.41875 0.29153794375 0.419265253125 0.2917698046875 0.43966657343750004 0.2933180921875 0.44988651874999996 0.29027975625 0.462253009375 0.28130201875 0.477163134375 0.2626010703125 0.4833645234375 0.24705314843749998 0.484375 0.2374243875 0.484375 0.223305125 0.4677282375 0.20009918437500002 0.41984377031250003 0.17739545 0.41875 0.17701815625 0.41875 0.29153794375
3 0.7225473593749999 0.226311278125 0.7284824859375 0.228125 0.7298817765625 0.228125 0.7409995374999999 0.22466048593750002 0.7470829390625 0.21749428124999998 0.7457260015625 0.1868797640625 0.7484375 0.1661495796875 0.7484375 0.1548659203125 0.7397128890625 0.135316596875 0.73489788125 0.1158814703125 0.723681796875 0.1066395921875 0.709797075 0.10625 0.70763618125 0.10625 0.6939364031249999 0.11429841874999999 0.6857881499999999 0.14114041875 0.7013041718749999 0.18198295 0.7153044171875 0.1937244859375 0.7186490703125 0.21991312187499998 0.7225473593749999 0.226311278125
3 0.6526472015625 0.208972296875 0.6568245906250001 0.2199683609375 0.669154796875 0.2331087359375 0.6736112875 0.2487027125 0.680483684375 0.2546875 0.6864479343750001 0.2546875 0.6921043140625001 0.25392011718749996 0.6967559249999999 0.2458824640625 0.7015625 0.1938492984375 0.7015625 0.18261958125 0.690536284375 0.1454851640625 0.6821043687499999 0.138742946875 0.6700146968749999 0.13782544218749998 0.6649251484375001 0.1427787109375 0.6623837984375001 0.166995071875 0.6526472015625 0.208972296875
3 0.65093761875 0.2591162296875 0.6442234390625 0.30132283125 0.653292975 0.3165041109375 0.6535743593750001 0.3355951765625 0.6598647296875 0.340625 0.66751020625 0.340625 0.6748901187499999 0.33568728281250004 0.67448846875 0.310484784375 0.6793783328125 0.300176846875 0.6903924484375 0.2895708984375 0.69375 0.2754354328125 0.69375 0.27103285625 0.6854957421875 0.256399378125 0.6747970109375 0.24948512968749997 0.6712549593749999 0.23243497343750003 0.6527596515624999 0.21272441562500002 0.6483077234375 0.22611674062499998 0.65093761875 0.2591162296875
3 0.7043166203125001 0.2405828453125 0.7027691234375 0.26258626875 0.706150059375 0.26665679375 0.7090953421874999 0.282136084375 0.7162542999999999 0.28649332968749996 0.7303748171875 0.3043463015625 0.7337580359375 0.3229099796875 0.7400772 0.33125 0.75235616875 0.33125 0.7586929828125 0.3248023296875 0.7582936140625 0.314092984375 0.754554159375 0.30618130625 0.766993225 0.2529673515625 0.7671875 0.24874442812500003 0.7671875 0.21401793281249998 0.749210390625 0.2119527890625 0.743564921875 0.2222033828125 0.7348561859375 0.22535640625000003 0.7259477656250001 0.22315475624999997 0.71194751875 0.21141321875000002 0.7043166203125001 0.2405828453125
3 0.41875 0.3578125 0.4222231625 0.3578125 0.46027414375 0.35350128281250004 0.5081069296875 0.3578125 0.517253715625 0.3578125 0.52390375625 0.35680465156249996 0.5218729109375 0.339869184375 0.5265625 0.323166103125 0.5265625 0.31194915624999997 0.5253672703125 0.30657168437500004 0.5211513125 0.303200575 0.495301925 0.30276440625 0.4722775546875 0.3116960890625 0.46225729375 0.320089096875 0.44046502812500005 0.3245375578125 0.42332665937499997 0.335441515625 0.41875 0.3348619578125 0.41875 0.3578125
3 0.478334871875 0.3557082484375 0.45650175937500004 0.3532885140625 0.427988471875 0.3564641171875 0.4509765578125 0.36965054375 0.4578178484375 0.37703483437499996 0.46807864062500004 0.3808646953125 0.46927218125000003 0.3840064265625 0.4772253125 0.38079606093749996 0.4862108671875 0.3677477953125 0.4866873703125 0.363207228125 0.478334871875 0.3557082484375
3 0.7481399953125 0.2159985953125 0.7740710828124999 0.230171159375 0.7796825468749999 0.2565318265625 0.7989743078125 0.2831679234375 0.8134896265625 0.2827439359375 0.8226748671875 0.27505034687499996 0.8233487703125 0.2613712984375 0.8186540296875 0.24804760468749998 0.8290690953125001 0.2213776359375 0.8295433156249998 0.20234391562499998 0.8036848031249999 0.1439351328125 0.7982753031250001 0.137422290625 0.7793443421875 0.129120496875 0.7624827921875 0.1301292140625 0.744747653125 0.13946230625 0.7481308703125 0.1580259859375 0.744357409375 0.1867255703125 0.7481399953125 0.2159985953125
3 0.7756254218749999 0.2516471953125 0.7615140328125 0.29176683593749997 0.7703044671875 0.30235020156250003 0.78251440625 0.3093791390625 0.7915022437499999 0.310824028125 0.8039912828125001 0.322450878125 0.8136984375 0.3460712203125 0.820777978125 0.3511852265625 0.8323502999999999 0.349775103125 0.838075184375 0.338767746875 0.8303965906249999 0.3175897203125 0.8381840437499999 0.2724134171875 0.8309025343750001 0.2474515828125 0.82310595625 0.2346552765625 0.8172222359375001 0.24717615468749998 0.8224343328125 0.2628274765625 0.8193347796874999 0.27784801406250004 0.812137253125 0.2811157265625 0.800126996875 0.2794414609375 0.7917336500000001 0.26507428593750004 0.7898230749999999 0.254250253125 0.7756254218749999 0.2516471953125
3 0.41875 0.18050720625 0.43158028125000003 0.1843465265625 0.4558413234375 0.19991792343749998 0.4931064765625 0.2149506453125 0.513904884375 0.21271512499999998 0.506902478125 0.1923512046875 0.474847140625 0.1784766515625 0.45436412031250006 0.163191975 0.41875 0.1512584390625 0.41875 0.18050720625
6 0.20872462500000002 0.51875 0.19391715781250002 0.6429342265625 0.18350104375 0.677715290625 0.1612499765625 0.720780890625 0.154369503125 0.730150771875 0.13361529375 0.74876856875 0.1266941140625 0.7591366781250001 0.10338124687500001 0.7792082499999999 0.0987948328125 0.7936128203124999 0.0914148421875 0.8029739890625001 0.085411284375 0.8153559703125 0.0639133078125 0.8399544078125001 0.0595711390625 0.8483696234375 0.0512124640625 0.8572142578124999 0.045269970312500005 0.8680989015625 0.036911293750000004 0.8769435375000001 0.0320289 0.8863482656249999 0.023690578125 0.8946937875 0.017248565625 0.90556971875 0.007890851562499999 0.9143969296875 0 0.9257807265625001 0 0.9497215062500001 0.0159679 0.95 0.0396874078125 0.95 0.0704749171875 0.9364660875 0.08766210625000001 0.9317711703124999 0.1825580109375 0.8969651046875 0.21207967499999997 0.8839943640625 0.24734029375 0.865130103125 0.2857922390625 0.8538135171875 0.3137322296875 0.8183391499999999 0.31979685 0.8044598296875 0.3414373 0.77636760625 0.3485213109375 0.7620065984375 0.35480049375 0.75512356875 0.368184040625 0.7333804140625 0.3673054265625 0.7058943734375001 0.37157550625 0.6869890812499999 0.3689337328125 0.66596536875 0.36908383749999996 0.6255111125 0.375 0.5672484343749999 0.375 0.5526676734375 0.37467521718749996 0.5496895625 0.36966899999999997 0.5376150281250001 0.372277690625 0.5226764984375001 0.3716944578125 0.51875 0.20872462500000002 0.51875
0 0 0.51875 0 0.7984375 0.00041081406250000004 0.7984375 0.016131875 0.7966071546875 0.09119119375 0.7824327578125001 0.11155868124999999 0.7732981000000001 0.12291446875 0.7645057390625001 0.1611501515625 0.7217189234375001 0.175236753125 0.6949933578125 0.18088326875 0.6791088765625 0.188618603125 0.6487762671875 0.19596381406250002 0.5789789125 0.2047482171875 0.5351789734375 0.20597628750000002 0.51875 0 0.51875