5 1 0.107902671875 0.95166015625 0.101904296875 0.7744140625 0.097509765625 0.73388671875 0.101416015625 0.70263671875 0.108740234375 0.69677734375 0.112646484375 0.69677734375 0.117529296875 0.701171875 0.124365234375 0.701171875 0.127783203125 0.69677734375 0.150732421875 0.69140625 0.211767578125 0.68896484375 0.218115234375 0.6787109375 0.228857421875 0.6796875 0.238134765625 0.69140625 0.258642578125 0.701171875 0.262060546875 0.703125 0.265478515625 0.70751953125 0.267431640625 0.74267578125 0.274755859375 0.7607421875 0.281591796875 0.81103515625 0.286962890625 0.8814290359375001 0.290625 0.9014718187499999 0.290625 0.92333984375 0.287939453125 0.97021484375 0.288427734375 0.99609375 0.286474609375 1 0.28421309687499996 1 0.107902671875
1 0.9539213015625 0.5390625 0.95361328125 0.453125 0.95751953125 0.29736328125 0.9560546875 0.28857421875 0.95361328125 0.28662109375 0.8701171875 0.28662109375 0.75927734375 0.279296875 0.73779296875 0.2705078125 0.70849609375 0.2646484375 0.703125 0.2607421875 0.69873046875 0.25244140625 0.6884765625 0.24951171875 0.67626953125 0.23828125 0.65576171875 0.234375 0.6494140625 0.23876953125 0.6474609375 0.244140625 0.642578125 0.28369140625 0.64306640625 0.392578125 0.65576171875 0.4990234375 0.6629759640625 0.5390625 0.9539213015625 0.5390625
0 0.6650051546875 0.5390625 0.66015625 0.51220703125 0.654296875 0.49365234375 0.65380859375 0.47998046875 0.646484375 0.46142578125 0.646484375 0.45263671875 0.64111328125 0.42822265625 0.63134765625 0.4111328125 0.6220703125 0.404296875 0.61279296875 0.40234375 0.5849609375 0.40185546875 0.5625 0.40576171875 0.5390625 0.41943359375 0.52587890625 0.435546875 0.52294921875 0.44287109375 0.5234375 0.45361328125 0.5419921875 0.49169921875 0.5577799484374999 0.5390625 0.6650051546875 0.5390625
9 0.40234375 0.373046875 0.4228515625 0.36962890625 0.42822265625 0.36572265625 0.4423828125 0.3623046875 0.47900390625 0.35546875 0.482421875 0.35205078125 0.484375 0.34130859375 0.48388671875 0.29931640625 0.48828125 0.27099609375 0.5 0.25537109375 0.51318359375 0.2470703125 0.51611328125 0.2431640625 0.5341796875 0.20068359375 0.5390625 0.18408203125 0.5400390625 0.173828125 0.5361328125 0.17041015625 0.51025390625 0.1640625 0.47998046875 0.16162109375 0.4638671875 0.1640625 0.45849609375 0.16162109375 0.4384765625 0.1611328125 0.4248046875 0.15625 0.40771484375 0.1572265625 0.3984375 0.15478515625 0.38818359375 0.15478515625 0.3837890625 0.1591796875 0.38037109375 0.1796875 0.3818359375 0.22900390625 0.38671875 0.248046875 0.38427734375 0.29150390625 0.380859375 0.2958984375 0.3701171875 0.3017578125 0.36376953125 0.31005859375 0.357421875 0.33447265625 0.35791015625 0.34033203125 0.36572265625 0.3544921875 0.37451171875 0.36474609375 0.40234375 0.373046875
9 0.64453125 0.40283203125 0.64599609375 0.4013671875 0.64501953125 0.32568359375 0.6474609375 0.28515625 0.65380859375 0.24951171875 0.658203125 0.24072265625 0.6669921875 0.23388671875 0.6689453125 0.18994140625 0.6669921875 0.18701171875 0.6484375 0.1826171875 0.599609375 0.18359375 0.572265625 0.18017578125 0.541015625 0.18408203125 0.53759765625 0.18603515625 0.5302734375 0.20849609375 0.515625 0.24169921875 0.5009765625 0.2548828125 0.49853515625 0.25927734375 0.4931640625 0.27685546875 0.48681640625 0.3095703125 0.47900390625 0.37060546875 0.47802734375 0.39306640625 0.48046875 0.39599609375 0.62109375 0.40283203125 0.64453125 0.40283203125
5 0.5447126109375 0.5390625 0.5478515625 0.53662109375 0.54931640625 0.5205078125 0.54443359375 0.517578125 0.54345703125 0.51123046875 0.53955078125 0.50439453125 0.52490234375 0.4912109375 0.521484375 0.48095703125 0.51123046875 0.47119140625 0.50927734375 0.46142578125 0.50146484375 0.4501953125 0.49609375 0.4345703125 0.48828125 0.39892578125 0.47900390625 0.39111328125 0.48095703125 0.35595703125 0.478515625 0.353515625 0.466796875 0.35791015625 0.44140625 0.361328125 0.4248046875 0.3671875 0.39501953125 0.373046875 0.375 0.38232421875 0.35009765625 0.3857421875 0.34130859375 0.38818359375 0.337890625 0.39111328125 0.33349609375 0.40771484375 0.33349609375 0.416015625 0.34423828125 0.4638671875 0.3642578125 0.5380859375 0.3646450703125 0.5390625 0.5447126109375 0.5390625
7 0.40577808125 0.5390625 0.3790039796875 0.5582411 0.3160438390625 0.68072020625 0.3108366359375 0.72132255 0.326273671875 0.7504262718750001 0.40984024999999996 0.7547902609375 0.42250911562500004 0.7507355875 0.4289444546875 0.7400670406250001 0.4702523828125 0.58029920625 0.46090209687500006 0.57037839375 0.451426146875 0.5390625 0.40577808125 0.5390625
7 0.6505589265625 0.5390625 0.6378442171875001 0.5497489484375 0.6312621 0.57298653125 0.7043959296875 0.6601263375 0.743593965625 0.6810383734375 0.7809584171874999 0.7238638796875 0.84048879375 0.7599864937499999 0.8513607656249998 0.7747030328125 0.8986442562499999 0.7787443453125 0.9240003328124999 0.7690638703125 0.9320490937500001 0.755335403125 0.930582446875 0.7458262875 0.8978564468750001 0.71110344375 0.8715290890624999 0.6688543124999999 0.7918865359375 0.5986675703125 0.7542285328125 0.5809801328125 0.727791096875 0.548157778125 0.7157586046875 0.5390625 0.6505589265625 0.5390625
7 0.820339809375 0.5390625 0.803492384375 0.5505389390625 0.776596275 0.556994815625 0.77336943125 0.5631146546875 0.8231275437499999 0.6254524296875 0.8793209953125001 0.67712165625 0.905703390625 0.7146574 0.964060671875 0.716132828125 1 0.6887280546875 1 0.633454253125 0.9482027625 0.587965621875 0.9088809453125 0.5390625 0.820339809375 0.5390625
7 0.3 0.5390625 0.3 0.7396216921875001 0.302732834375 0.7397644046874999 0.3094617234375 0.7039577890625 0.335258125 0.656570209375 0.354839346875 0.600997628125 0.330107065625 0.55725970625 0.31367523125 0.5390625 0.3 0.5390625
7 1 0.5390625 0.9375450015624999 0.5390625 0.9187219515624999 0.5455518109375 0.9154217203125 0.5579561656250001 0.9325088703125001 0.5808577109375 0.99807095625 0.6408766203124999 1 0.6415563890625 1 0.5390625
8 0.5406352812499999 0.767908946875 0.5216962 0.7684920046875 0.5231628484374999 0.77800111875 0.5136290921875 0.7837916015624999 0.5066066515625 0.8447362875 0.7430424546875 0.8633717140625 0.7619815375 0.8627886578125 0.771698759375 0.8412868812500001 0.7762271265625 0.8588163234374999 0.7872275281250001 0.8625349578125 0.7873926499999999 0.8483947921875 0.7811224343750001 0.844923178125 0.7849363765625 0.7885272015625 0.7754576625 0.78960429375 0.7723959406249999 0.78158396875 0.7440148390625 0.780101859375 0.7406595671875 0.7972196031250001 0.74086138125 0.77993718125 0.673080428125 0.77482545625 0.6680750421875 0.7981453796875 0.6651967890625 0.7744137609375 0.6288770046875 0.7772333421875001 0.6257785921875 0.772355275 0.5406352812499999 0.767908946875
8 0.7709659890625 0.76893259375 0.7684730203125001 0.7122072609375 0.7420355843750001 0.6793849046875 0.6980706718749999 0.6613681093749999 0.6240194984375 0.6527847687499999 0.58768136875 0.6571754796875 0.5591534906250001 0.6682624046875001 0.5414058515625 0.701921515625 0.5281498875 0.756252328125 0.7709659890625 0.76893259375
7 0.4908327484375 0.5390625 0.48134451875 0.57616219375 0.45219284843749996 0.6406675156249999 0.43063126250000006 0.730722603125 0.43200617656249996 0.748087365625 0.43983477656250003 0.75321245 0.5076524234375 0.7551819156249999 0.5366756671875 0.701674496875 0.575030853125 0.6596590234375 0.5737476734375 0.6344386156249999 0.599782584375 0.5666263546875 0.6015652765625 0.5390625 0.4908327484375 0.5390625