10 0.5696454375 0.55 0.5711566328125001 0.5427589265625 0.5734375 0.5239534015625 0.5734375 0.49570258593750005 0.563626134375 0.4824700046875 0.5470674828125001 0.4661420984375 0.5370584593750001 0.45064136093749996 0.5151257890625 0.43032390156250006 0.5003771703125001 0.412201290625 0.48118001718750003 0.3943629671875 0.4780564140625 0.388008940625 0.461691803125 0.37361848124999997 0.45588118906249997 0.3652696796875 0.425693446875 0.33703045 0.41655382812499997 0.33517722656250004 0.314439196875 0.3337953609375 0.289699784375 0.3400885078125 0.21904552812500003 0.364752209375 0.20114302187500002 0.37970770625 0.168999015625 0.41637168437499994 0.12959973281249998 0.4799305609375 0.1313984125 0.49292290625 0.1452700546875 0.507256034375 0.1996484515625 0.5435902140625 0.2073326109375 0.55 0.5696454375 0.55
10 0.7155188046875 0.2735086875 0.7040696046875 0.2237610453125 0.6917623546875 0.1455788359375 0.68932546875 0.13614783125000002 0.68580999375 0.1308479328125 0.6795067031250001 0.12751355312499998 0.66801965 0.127056084375 0.6485125078125 0.1309566828125 0.632625434375 0.13126786875000002 0.6042212265625 0.1357370515625 0.6001607796874999 0.13989623281250002 0.5960927609375 0.1539134484375 0.5912038500000001 0.15476750781249998 0.58900573125 0.15268732499999998 0.5865203359375 0.142771959375 0.58075444375 0.1398365359375 0.47950543437500004 0.15703120312500002 0.4356545359375 0.161241803125 0.43047077187499994 0.1641187125 0.42582062656249997 0.17232359531250002 0.4211257578125 0.1751151 0.41594956562499996 0.1681339734375 0.4115980546875 0.1693869890625 0.4116761484375 0.195000796875 0.4209378859375 0.2924427890625 0.4211054328125 0.32888335468749996 0.4519238125 0.36341927812499997 0.4680382984375 0.3852459703125 0.4961734546875 0.41285810156249997 0.5280666390625 0.44819193593750006 0.5427705328125 0.4609011703125 0.585053953125 0.4609070828125 0.5899352953125 0.46991105781250003 0.5947234 0.47301729375 0.6018104328125 0.47424341718749996 0.6803270625 0.4765625 0.7293002359375 0.4765625 0.73036991875 0.476426740625 0.7450480140625 0.45907751250000006 0.7438428171875 0.43711045000000004 0.7155188046875 0.2735086875
10 0.3943501109375 0 0.3944219296875 0.00126493125 0.409792215625 0.164665440625 0.417998778125 0.1721028546875 0.42022502968750003 0.1765625 0.4235029734375 0.1765625 0.42488798125000005 0.1763205484375 0.429344084375 0.166178221875 0.4364349015625 0.162475328125 0.5801166484375 0.1418106375 0.5852966234375 0.143862746875 0.5866064093750001 0.156940496875 0.59134600625 0.1595623703125 0.5992690734375 0.15423558125 0.60245633125 0.1413578984375 0.6061249078125 0.138252846875 0.6231875921875 0.13477927812499998 0.6474343296875 0.133500553125 0.663911103125 0.12914367031250001 0.665625 0.1269262171875 0.665625 0.1267140140625 0.655480915625 0.094639365625 0.6455727 0.0751783328125 0.6246319765624999 0 0.3943501109375 0
10 0.1838112625 0 0.185627875 0.0072153046875 0.22219251718750002 0.1338933234375 0.26079460625 0.2809145078125 0.26219762812499997 0.299889996875 0.26048082968749997 0.3075824453125 0.2574466765625 0.31205517656250004 0.25606945312499996 0.3231381515625 0.2675527203125 0.328524634375 0.29198971406249996 0.334112375 0.33573980937500003 0.33386207031250004 0.3896107890625 0.3375 0.40886273125 0.3375 0.41316732187499994 0.33709242968750003 0.4177651703125 0.333332203125 0.421683871875 0.3227909203125 0.421875 0.3201486375 0.421875 0.2798188234375 0.3941450828125 0 0.1838112625 0
10 0 0 0 0.340625 0.0274735828125 0.340625 0.07397959374999999 0.33375313906250004 0.15718435 0.3251318703125 0.198392965625 0.3243398703125 0.2453750421875 0.3166252625 0.25500733593749997 0.3134640609375 0.2622474703125 0.30628523125 0.265285409375 0.296883484375 0.2645615359375 0.2846890515625 0.21713360625 0.1091467078125 0.184038971875 0 0 0
10 0 0.360691290625 0.008717303125 0.44773046875 0.08237153750000001 0.48282134374999996 0.10075753750000001 0.490625 0.1113017734375 0.490625 0.11477632499999998 0.48849567031249996 0.14863712812500002 0.44413924531250004 0.1631287515625 0.41499453593749996 0.198851884375 0.36439874843750003 0.20649145781249997 0.3463077578125 0.2125 0.3366147859375 0.2125 0.3298604546875 0.186999459375 0.3304922875 0.150877584375 0.327438653125 0 0.34214789375 0 0.360691290625
10 0.69935505 0 0.6989314906249999 0.000649934375 0.69892391875 0.01050796875 0.6873807843749999 0.019424171875 0.6644249062500001 0.0584257328125 0.664174784375 0.06586196093749999 0.6584051078125001 0.0678555546875 0.6562517156250001 0.0711887515625 0.656688309375 0.0755480015625 0.6526278640625 0.0797071828125 0.6535980765625 0.08939440625 0.6658385859375 0.1271757546875 0.6841663312499999 0.131366559375 0.68943954375 0.1393164046875 0.6916467921875 0.1515625 0.69517664375 0.1515625 0.7359375 0.12095975625 0.7359375 0.11683441406249999 0.7242360921875 0 0.69935505 0
7 0.75 0.43745812187500005 0.8859375 0.32644595 0.8859375 0.307114028125 0.84241423125 0.25675518125 0.8447029453124999 0.25099315624999996 0.82739820625 0.242014296875 0.8072185890625001 0.2484833203125 0.75 0.30158873750000004 0.75 0.43745812187500005
8 1 0.4104103296875 0.9872763125 0.40809425624999995 0.9558206953124999 0.41175296875 0.9348316375 0.4251859140625 0.9043528046875 0.4575840484375 0.8930208703125 0.48775514218750005 0.8970678453125001 0.520259321875 0.91230715 0.53772214375 0.93514280625 0.55 0.9563656359374999 0.55 0.9931092875 0.5296977187499999 1 0.5210151140625 1 0.4104103296875
7 1 0.0736802125 0.9631020640625 0.068345934375 0.854117040625 0.0810223625 0.8538006359375 0.104416384375 0.8582384609375 0.1080220671875 0.874873365625 0.1088351125 0.9122181171875001 0.12647467968749998 0.9910016390624999 0.1421875 1 0.1421875 1 0.0736802125
8 0.906771775 0.37455216875 0.8835776750000001 0.41159880781249997 0.8924253578125001 0.4353008765625 0.9115442890625 0.44956453749999997 0.923853009375 0.44813286718749995 0.95581111875 0.41693662343750004 0.9827172734375 0.408311259375 0.99039285625 0.384061265625 0.9914815078125001 0.3468378796875 0.9992407640625001 0.34043955625 0.9959752640625 0.317462159375 0.9882439734374999 0.307369778125 0.9572628765625 0.29998166406250004 0.942330525 0.3030924546875 0.9334269109375001 0.3123717890625 0.906771775 0.37455216875
6 1 0.14216220468750002 0.8558352421875 0.107059903125 0.8571034578125 0.0808072640625 0.8345672015625001 0.083428534375 0.835348675 0.09295531875 0.825161096875 0.12024539999999999 0.8267240453125 0.1392989640625 0.8159782734375 0.1597842015625 0.8144710343750001 0.175073009375 0.8223976343749999 0.204378028125 0.8246024515625001 0.24808810937499998 0.883271175 0.25637764218750003 0.9233511999999999 0.273699059375 0.9641290203124999 0.282695590625 1 0.2865345015625 1 0.14216220468750002
6 0.9404443 0.55 0.912995371875 0.534580909375 0.9008262578125 0.5208828484375 0.8955232875 0.4898987109375 0.9115442890625 0.44956453749999997 0.89072280625 0.43137704374999997 0.883800953125 0.4143207453125 0.9007150703125 0.3848743234375 0.9024455906250001 0.372307453125 0.89231394375 0.3666161296875 0.872134328125 0.373085153125 0.8371617390624999 0.43485900781250003 0.8262206531249999 0.43613160625 0.8091948999999999 0.46421705781249994 0.7873127296875 0.4667622515625 0.7784091140625 0.47604158593749996 0.7660444640625 0.510454659375 0.7652350218749999 0.5174185796875 0.7755899453125 0.525831840625 0.7661001703125 0.5447970343749999 0.766526965625 0.55 0.9404443 0.55