9 0.6526907671875 0.9253583921875 0.719540515625 0.8643794078125 0.8084579484375001 0.773228078125 0.841186446875 0.42189352968750005 0.8355425453124999 0.42167970625000006 0.8270614187499999 0.4276029421875 0.726058940625 0.5633649171874999 0.6188164859375 0.717471828125 0.6053678171875 0.728080659375 0.555541421875 0.752237290625 0.5553131921875 0.8033273375000001 0.5625218875 0.811063440625 0.603985825 0.91315635625 0.627459459375 0.94085154375 0.6457390875 0.9391833359374999 0.6526907671875 0.9253583921875
9 0.35473869062499996 0.7433351218750001 0.3783345171875 0.72107854375 0.39532731718749997 0.69674413125 0.2807880484375 0.7103006875 0.251653084375 0.5488185734375 0.2164722984375 0.5373573687500001 0.19045379843750002 0.5369808625 0.1485172515625 0.58588153125 0.147032746875 0.6018174328125 0.131432809375 0.6476797734375 0.12366338750000001 0.6581230015624999 0.09997591875 0.7178434078125 0.0907669328125 0.7680601390625 0.06739757187499999 0.8243657093750001 0.0565531046875 0.8678190140625001 0.101638425 0.8823969703125 0.292444975 0.9256462125 0.4146620203125 0.93911025 0.44555641875 0.972264990625 0.458974540625 0.9741440984375 0.481797565625 0.9723434109375001 0.4900216796875 0.9448591265624999 0.5060008218750001 0.8706060656249999 0.516755409375 0.77947755 0.5155746171875 0.755673065625 0.4548749640625 0.7506319046875001 0.41995119531249997 0.760731746875 0.36709645 0.75659701875 0.3498466375 0.75937038125 0.35473869062499996 0.7433351218750001
9 0.7531658046875 0.4310550390625 0.7276006953125 0.39287981875 0.678087521875 0.43810935000000006 0.5963881359375 0.4988726625 0.54211564375 0.5604579234375 0.45920441875 0.63423013125 0.4058408125 0.6860587171875 0.3437159703125 0.7624682 0.3683527921875 0.75850641875 0.39430890937499996 0.757749559375 0.431620834375 0.7566615703124999 0.47323763281250003 0.744096190625 0.49164435937500006 0.7549113281250001 0.5224672515625 0.7540125578125 0.535596790625 0.7520080140625 0.5484439671875 0.756498484375 0.5686478625 0.744557490625 0.5687993421875001 0.7429313765625001 0.582231840625 0.7376746109375001 0.6176625703124999 0.7220462234375 0.6305331734374999 0.705453975 0.67684585625 0.642479121875 0.7169724703125 0.5764412625 0.8004261828124999 0.4621108609375 0.7531658046875 0.4310550390625
9 0.32401976875 0.5570872640625 0.38049581875 0.5586838562499999 0.44077828124999996 0.5715213171875 0.4507513546875 0.5339315265625 0.41449979218750005 0.5236367296875 0.43673755156249994 0.47595913906250004 0.46100798125000003 0.4411958375 0.48393970468749997 0.3513339421875 0.1666712078125 0.318421184375 0.0495654703125 0.3105090578125 0.031540396875 0.504004953125 0.32401976875 0.5570872640625
9 0.072503590625 0.5128652437500001 0.0482824984375 0.6883763765625 0.10987657343749999 0.684958640625 0.1335851078125 0.638859859375 0.1459378375 0.5930922046875 0.152622371875 0.5734369484374999 0.191796078125 0.5349956875 0.072503590625 0.5128652437500001
9 0.8411868625000001 0.42188908124999996 0.8490079390625 0.3379312203125 0.8302379484375001 0.33312766875 0.551253684375 0.32342399843749997 0.41995732031250005 0.5202342015625 0.43366392343750004 0.526321309375 0.4538443890625 0.5354630296875 0.4750411953125 0.5510618968750001 0.47871552968750003 0.6158225546875 0.7243561796875 0.39297442656250003 0.7492079140625 0.42144027812499996 0.8023514031250001 0.4588113328125 0.8347331203125 0.42381151250000004 0.8411868625000001 0.42188908124999996
9 0.8504850375 0.32207484062499997 0.8619293875 0.19922180312499999 0.6306278562500001 0.0097440703125 0.5752950046875001 0.0827121140625 0.5277704828124999 0.1586958625 0.5336095671875001 0.18285102343749998 0.5182078234375 0.2092472484375 0.4883132203125 0.25228302187499996 0.5250632468750001 0.2398595515625 0.5698365125 0.262879421875 0.5974148890625 0.26207525625 0.6567250390625 0.250615646875 0.7154292671875 0.2456604859375 0.8504850375 0.32207484062499997
9 0.8489533734375 0.3385169671875 0.8504784609374999 0.3221454359375 0.720296040625 0.24551857500000002 0.575871103125 0.26756854375 0.526534025 0.2414383609375 0.49155773593749996 0.2521884125 0.531835828125 0.184524440625 0.517733975 0.162231909375 0.3452762203125 0.1899643796875 0.388119059375 0.3379110515625 0.485864925 0.3480344140625 0.46825440937499996 0.4328760625 0.5463869140625001 0.32356590937499996 0.8489533734375 0.3385169671875
9 0.08036306875 0 0.0608834578125 0.240421128125 0.195574090625 0.199194665625 0.221075771875 0.203316140625 0.38468945625 0.11421714999999999 0.40480649062499996 0.0893051265625 0.393040271875 0.0766746609375 0.41477956406249994 0.051715334375 0.425920453125 0.0189565765625 0.43173875625 0 0.08036306875 0
9 0.659668809375 0 0.8628640531249999 0.1891883453125 0.8804878546875001 0 0.7545047484375 0 0.73324049375 0.0197255234375 0.677573040625 0 0.659668809375 0
9 0.5435170390625 0 0.4623869265625 0.061679003125 0.4083539640625 0.0859582953125 0.39001066875 0.10919690156249999 0.3525032421875 0.1297509296875 0.29330054843750003 0.15742435625 0.2666064359375 0.21820545 0.26225753749999997 0.24752277031249997 0.27047627812499997 0.26350006718749996 0.29831359375 0.27728360625000004 0.3176292015625 0.2783420734375 0.3800517953125 0.320307640625 0.34542770156249997 0.1883382671875 0.5243744859375 0.16041658281249999 0.6309308171875 0.006491845312499999 0.86185418125 0.2000291234375 0.8619094671875001 0.199435653125 0.657634659375 0 0.5435170390625 0