8 0 0.5173252890625 0.013154639062500001 0.522557175 0.024844103125 0.5250192 0.03473380625 0.5289036984375 0.0568635859375 0.5317187734375 0.0698466328125 0.5324743359374999 0.086665996875 0.531925946875 0.10070286875000001 0.5296884140625 0.1140026921875 0.5251171765625 0.133468465625 0.5160686046875 0.158153003125 0.496378734375 0.17672195 0.47684203593749996 0.18190813125 0.46899872968749995 0.1900041796875 0.4519069703125 0.1950039203125 0.4381985046875 0.199290309375 0.42012143281250003 0.2 0.406103296875 0.2 0.39039524999999997 0.19608197656249998 0.3675004984375 0.1921569734375 0.3545453265625 0.1859556546875 0.34018500625 0.1809620140625 0.3314947375 0.1671769296875 0.31211144375 0.156115090625 0.299504540625 0.1490582359375 0.29298501718750003 0.12203849375 0.27257698124999996 0.108134921875 0.2633681921875 0.099523990625 0.25904904375000004 0.07743864218749999 0.2524185296875 0.0637067 0.250346709375 0.043850271875 0.24919114375 0.021415565625 0.25068541718750004 0.011969832812500001 0.252426528125 0 0.25631258125 0 0.5173252890625
9 0.12549478125 0 0.1127969453125 0.018819515624999998 0.10004162968750001 0.0422580375 0.08850287968750001 0.070603525 0.06713349375 0.111867265625 0.062104128125000005 0.1281193546875 0.0587177078125 0.1345401890625 0.05838315937500001 0.1413931671875 0.0633471765625 0.152627059375 0.07632708437499999 0.175526990625 0.091826028125 0.2008643328125 0.10385578437500001 0.217854659375 0.108399528125 0.22142804374999997 0.12422413437499999 0.240675496875 0.1411025625 0.2569298578125 0.16676059062499998 0.2848946984375 0.18082690625 0.3020035453125 0.1840711421875 0.30779211875 0.1859684671875 0.309375 0.19094361875000002 0.309375 0.192720584375 0.30880455156250003 0.20197691406249998 0.301452646875 0.2104754625 0.29354757343750004 0.215907328125 0.28648216875 0.24087901875 0.26400912656250003 0.2707763984375 0.2341866890625 0.2818443390625 0.2243948609375 0.284375 0.220463159375 0.284375 0.20638521718749997 0.282596378125 0.2035667515625 0.27176245 0.19326392812499998 0.25047061406250004 0.16224422656249998 0.24217053281249998 0.153107003125 0.23064695 0.1364006671875 0.1934890375 0.0896945890625 0.1784814609375 0.0659130546875 0.1596820015625 0.0396200296875 0.1559404734375 0.032784375 0.1436413328125 0.0170510453125 0.13389677656250001 0.000702778125 0.133239871875 0 0.12549478125 0
9 0.27169008125 0.23330866249999999 0.23794157343750003 0.2657068640625 0.2183898953125 0.28213195468749996 0.1869650984375 0.311865503125 0.186672021875 0.3151574015625 0.1966561578125 0.35468230312500004 0.2070691 0.444884634375 0.210416834375 0.4636605203125 0.21213051093750002 0.49150456875000004 0.2136194203125 0.4949001734375 0.216532421875 0.496875 0.21892852187499998 0.496875 0.272519778125 0.49018282031249993 0.3049093578125 0.4869770625 0.309494571875 0.48698936875000004 0.3109375 0.36308518749999996 0.3109375 0.2261455265625 0.2966941796875 0.22992763593749999 0.2880151171875 0.231458828125 0.2780780171875 0.23164413437500003 0.27169008125 0.23330866249999999
9 0.2749341875 0.56875 0.278125 0.5585574546875 0.278125 0.5462541265625 0.2766328609375 0.5425889500000001 0.2652749828125 0.5335283109375 0.2325512125 0.49980703281250005 0.2280045078125 0.49648801249999996 0.216069359375 0.4932480828125 0.2133135265625 0.48926967968749996 0.21239892500000002 0.480307728125 0.21015815624999998 0.475850225 0.2056084875 0.47278556875 0.1980573046875 0.464964603125 0.1907251453125 0.460210803125 0.1868977140625 0.46075166875000007 0.185352525 0.46218895625 0.17008409687499998 0.48268133906250005 0.1535813296875 0.49979293125 0.13097778124999998 0.515785878125 0.10384529843750001 0.526933628125 0.087623759375 0.541770771875 0.0736963109375 0.5564868875 0.059327803125 0.56875 0.2749341875 0.56875
9 0.8296205000000001 0.56875 0.8124937875 0.45544195312499997 0.6217944624999999 0.46557334375000003 0.5627471328125 0.4735352171875 0.578791490625 0.56875 0.8296205000000001 0.56875
9 0.6266018499999999 0.3875 0.62945788125 0.3875 0.6921875 0.0994464234375 0.6921875 0.0975878734375 0.4885973375 0.0426335484375 0.46689156406250004 0.204077228125 0.4290310078125 0.3278371578125 0.6266018499999999 0.3875
9 1 0.0762718828125 0.9021978984375 0.0654326875 0.9492753984375 0.2390625 0.9758660640624999 0.2390625 1 0.23812798906250002 1 0.0762718828125
9 0.8181405500000001 0.56875 0.8765625 0.5001284171875 0.8765625 0.49969562187500005 0.6532412671875 0.2764599984375 0.507279609375 0.4645274625 0.6473794640625 0.56875 0.8181405500000001 0.56875
9 1 0.26710205625 0.8953897890625001 0.2525223171875 0.8373981078125 0.2452584609375 0.7920438671875 0.24176185156250002 0.689022465625 0.2430642484375 0.702795096875 0.3253381921875 0.7479592984375 0.3641326 0.916712309375 0.34310765781249997 0.9360524609375 0.4234375 0.9439754 0.4234375 0.9922383078125 0.42117908593750003 1 0.40868367812499995 1 0.26710205625
9 0.6578125 0.28698690781249997 0.6578125 0.289673615625 0.6645442125000001 0.303125 0.6676251609375 0.303125 0.928125 0.1773559421875 0.928125 0.1738219515625 0.9098616187499999 0.1032871125 0.8668358640625 0.02899870625 0.6913979375 0.09807100625000001 0.6578125 0.28698690781249997
2 0.35 0.63255098125 0.349136415625 0.6288829359375 0.33291250625 0.6298261421875 0.323982278125 0.6425804125 0.2740726890625 0.6929541718750001 0.24705438124999998 0.7150798968750001 0.234122390625 0.729535028125 0.2173031265625 0.7432373484375 0.19003293906250002 0.770761153125 0.17553445625 0.7872649734375 0.162704828125 0.8100340218750001 0.15071030937500002 0.8254134578125001 0.131947409375 0.8387393703124999 0.120410853125 0.8443041093750001 0.10969727656249999 0.8532468296874999 0.11057682499999999 0.8659201937500001 0.119036959375 0.8737482140624999 0.135703996875 0.91584678125 0.1532061390625 0.9505557375 0.1645015875 0.9606659375 0.18565125 0.9907582093750001 0.1971329546875 1 0.35 1 0.35 0.6528843984375 0.3499809375 0.6528146234375 0.35 0.65257280625 0.35 0.63255098125
2 0.130431521875 1 0.136209309375 0.9535128171875 0.1390625 0.944799434375 0.1390625 0.921323734375 0.1336285875 0.9037436609375 0.121659678125 0.8765434796875 0.1179784921875 0.8713740515625 0.112193375 0.8692633593749999 0.11137039687500001 0.865885378125 0.1110282796875 0.8522019625 0.12511459687499998 0.8445313734375001 0.1252519859375 0.8415869640625001 0.12290830781249999 0.8392761984374999 0.1141275984375 0.83831846875 0.104992640625 0.8344449140625001 0.097253121875 0.8216809640625 0.0924283765625 0.8200038421875 0.078044384375 0.8340539859374999 0.0639001453125 0.853473634375 0.058400582812500004 0.8557509781249999 0.0435249546875 0.8698297015625001 0.031382275 0.8778766984375 0 0.908347684375 0 0.9552789718750001 0.0120428515625 0.9666043171875 0.0141346515625 0.9743131671875 0.0211656796875 0.9812454625000001 0.0345544984375 1 0.130431521875 1
2 0 0.8292223109375 0.006363371875 0.8296875 0.02275059375 0.8296875 0.028486584375000002 0.8291348062499999 0.0424126125 0.8248993609374999 0.0470433984375 0.8202255078124999 0.065085684375 0.8118355265625 0.0869815703125 0.7944122421875 0.1110608484375 0.7827348671875 0.12774272343749998 0.7719769578125 0.166034934375 0.7394077296875 0.1858039984375 0.7255339203125 0.19365936718750001 0.7147997515625 0.2101243859375 0.6981816046875 0.2156131765625 0.6856274078125 0.215625 0.6853740171875 0.215625 0.6811463546875001 0.20954251406250002 0.6791286859375 0.19159182187499998 0.6855557234375 0.1653978515625 0.6900149828125001 0.1444286625 0.6980857203124999 0.10697291406250001 0.702220896875 0.08906801875 0.707666465625 0.0757939109375 0.70843818125 0.06783617812500001 0.7108584359375 0.060701428125 0.7166566703124999 0 0.752878471875 0 0.8292223109375
2 0.2209153390625 0.6962432546875 0.21607846875 0.705333725 0.1918618015625 0.719955509375 0.188214284375 0.7245722 0.1674390515625 0.7389939109375 0.12210368125 0.7753984328125 0.07308712187500001 0.806633525 0.05884051875 0.8177392578125 0.0567136953125 0.8212887312499999 0.0502079671875 0.824113971875 0.0440106875 0.8308365125 0.06155634375 0.853125 0.073119609375 0.853125 0.113192284375 0.8507952984375 0.1272557046875 0.8436154437500001 0.149528734375 0.8286172515625001 0.1655479203125 0.811046215625 0.175965171875 0.7874386109375 0.20120012968749998 0.7615013359375 0.208289084375 0.7566845718749999 0.2201920125 0.743268075 0.245266684375 0.72076594375 0.2453125 0.72047405 0.2453125 0.7146598203125001 0.243335175 0.7096219484375 0.23468108124999998 0.69544295625 0.231822871875 0.6936515078125 0.2209153390625 0.6962432546875
9 1 0.56875 0.9335632781250001 0.56875 0.9066521421874999 0.6116944671875 0.8964429468749999 0.6395364734375 0.8814823484375001 0.6497948359375 0.8615689062499999 0.6805015765625 0.8739776625000001 0.7005713140625 0.886032321875 0.7054105093749999 0.8863611265625 0.71955315625 0.9848199937499998 0.7518280015625 1 0.7693491437500001 1 0.56875
9 0.35 0.56875 0.35 0.5905800296875 0.373270084375 0.6021894109375 0.4460530734375 0.6391229078125 0.5601240578125 0.700836509375 0.5690747015625 0.70625 0.569932640625 0.70625 0.59161791875 0.6545709171875 0.6121501234375 0.6037824281249999 0.61875 0.5852841609375 0.61875 0.5817798875 0.5951694156249999 0.56875 0.35 0.56875
9 0.35 0.7433417312499999 0.5069084593750001 0.8296875 0.5098276296875 0.8296875 0.565625 0.706501471875 0.565625 0.70535724375 0.4959428109375 0.6674011359375001 0.44100807968750005 0.6393471921875 0.37100502031250004 0.605244253125 0.35 0.593183596875 0.35 0.7433417312499999
9 0.5802804984375 0.7384152859374999 0.6986478437500001 0.8098142062499999 0.8081007765624999 0.884375 0.8093526296875 0.884375 0.8391270609374999 0.8399991390625001 0.8765625 0.7895464796875 0.8765625 0.7883975015625 0.8636394734374999 0.785297275 0.6377399640625001 0.6415828484375 0.5868193234375 0.7278133796875 0.5802804984375 0.7384152859374999
9 0.58206606875 0.7391112 0.54795035625 0.78934558125 0.5271968390625 0.830614978125 0.745815896875 0.9609375 0.7483257359375 0.9609375 0.76197248125 0.9475198796875001 0.803125 0.8866058562500001 0.803125 0.8848346953125 0.748829325 0.8491659703125001 0.6937681265625001 0.815672546875 0.6207954421874999 0.770579828125 0.58206606875 0.7391112
9 0.35 0.883661709375 0.392570584375 0.9153931421875001 0.46235910156250004 0.9640625 0.463222 0.9640625 0.4932150046875 0.92493299375 0.5296875 0.878072840625 0.5296875 0.8771978562499999 0.46238167187499996 0.8244988796874999 0.39070410624999996 0.7767418312500001 0.35 0.75343145 0.35 0.883661709375
9 0.35 1 0.4290815 1 0.4546875 0.971593225 0.4546875 0.9691629734374999 0.426754821875 0.9432681531250001 0.3881835296875 0.9185988734375 0.35 0.8872643140625 0.35 1
9 0.671239803125 1 0.68125 0.9894571078125001 0.68125 0.9876062984375 0.5758322093749999 0.90525541875 0.5257956796875 0.9711433125 0.4991575609375 1 0.671239803125 1
9 0.845582378125 0.56875 0.8320760515625001 0.5928428921875 0.8032040468750001 0.635139696875 0.8337833140625002 0.6662758625 0.8456606953125 0.6518159875 0.8677104671875 0.6663012546875 0.8808829671874999 0.64917705 0.8968670171875001 0.6362432796874999 0.9025522125000001 0.5889248859375 0.9238432015625001 0.5707732765625 0.9247516781249999 0.56875 0.845582378125 0.56875
9 0.9266265421875 0.7488608109375 0.8832236859375 0.8082264078125 0.872989196875 0.8349805218749999 0.8827189656249999 0.8448874828124999 0.9116542015625001 0.8053104187500001 0.93904139375 0.757518725 0.9266265421875 0.7488608109375
9 0.814834178125 0.9018958218750001 0.8125601015624999 0.9208231781249999 0.831324084375 0.910719965625 0.852868 0.9034473140625 0.872705790625 0.881160684375 0.8843934765625001 0.858541590625 0.875863978125 0.8418906906250001 0.8597534671875 0.8493849843750001 0.8389367156249999 0.8879346421874998 0.8310395390625 0.8984811374999999 0.814834178125 0.9018958218750001
9 0.8129394921875001 0.937141615625 0.8029251828125 0.9149958265624999 0.7752850625 0.9519085625000001 0.7679569734375 0.9869327140624999 0.7945549 0.9635632656249999 0.8129394921875001 0.937141615625
9 0.9661451765625 0.7559071937499999 0.948707928125 0.764705946875 0.9440016937500001 0.7957613109375 0.94450755 0.817519228125 0.9558485937500001 0.838360559375 0.9702213656249998 0.8144924171875001 0.9661451765625 0.7559071937499999
9 0.9376853140625 0.8743012953125 0.9543637796875 0.8328656703125 0.94254849375 0.791626290625 0.9148451453125 0.8258192875000001 0.88761603125 0.8804103296875001 0.9035696015625 0.9245356796875001 0.9376853140625 0.8743012953125
9 0.8233320593750001 0.9171868515625 0.8116759890624999 0.9411658140625001 0.8054533234375001 0.9653664203125001 0.8794354468750001 0.9371369875 0.89677785 0.9242586265625 0.8990203109374999 0.9039713984375 0.8863209125000001 0.8830746578124999 0.8665147390625 0.9067211578125001 0.8515728812500001 0.9061116437500001 0.8233320593750001 0.9171868515625
9 1 0.7827558859374999 0.9979247156250001 0.7802994203125 0.9805507 0.7918179125 0.9715481 0.81318795625 0.9651357375 0.8292293421875 0.9506681171875 0.8490178734375 0.932473221875 0.88359874375 0.9585980484375 0.8982502406249999 0.9785623031250001 0.8814030890625 0.99167156875 0.8615591468750001 1 0.852162221875 1 0.7827558859374999
9 0.9335797812500001 0.9311941890625001 0.9531962609375 0.8993884671875 0.9354744687500001 0.89594839375 0.915636678125 0.9182350234375001 0.88897551875 0.9388847312499999 0.8646200515625001 0.9419669531249999 0.8706857750000001 0.9693859906250001 0.8923561546875 0.96755281875 0.9335797812500001 0.9311941890625001
9 0.8095599906250002 0.9668925203125 0.8154360171875 0.9861523390624999 0.8748872921874999 0.9749917015625 0.8690112656250001 0.95573188125 0.8393172437499998 0.962672071875 0.8095599906250002 0.9668925203125
9 0.8795852249999999 1 0.8848699859375 0.9957776203125001 0.8829109328125 0.9698846843750001 0.8385279796875 0.9870943171875 0.8222277703125 0.9864293921874999 0.7893111937499999 0.9715008421875 0.7694101718749999 0.9910677328125 0.798062 0.99767083125 0.8072847624999999 1 0.8795852249999999 1
9 1 0.8568386265625 0.974582096875 0.8853164671875 0.9624201718750001 0.8875375125 0.9441620437499999 0.9193986437499999 0.9567349765625 0.9348559046875 1 0.8944748015625 1 0.8568386265625
9 1 0.95376001875 0.9979281234374999 0.9555563953125 0.9645384406249999 0.9786487906249999 0.9799229234375 0.9982964828124998 1 0.988957021875 1 0.95376001875
9 0.9230101390625001 1 0.95998915 0.9580845124999999 0.987882196875 0.932050734375 0.99720095625 0.924279390625 0.9859547578125 0.9075176671874999 0.9594832953125 0.9363265937499999 0.949943221875 0.9345788531250001 0.9422357421874998 0.9532845671875 0.9141529984375001 0.971159125 0.9229521343750001 1 0.9230101390625001 1