8 0.098862090625 0 0.0979315125 0.00507065 0.07863197499999999 0.043119478125 0.1438201359375 0.080266428125 0.2357322875 0.13125 0.2391679609375 0.13125 0.2653619390625 0.1149359109375 0.265885496875 0.0604577671875 0.28566230625 0.0611085625 0.29375 0.0080584953125 0.29375 0 0.098862090625 0
8 0.3390625 0 0.31719961093750004 0 0.3094366890625 0.056632873437499995 0.2922243625 0.057495993749999995 0.28284057812499996 0.12411514374999999 0.2697615265625 0.1334315390625 0.253796384375 0.12233632187500001 0.2391433984375 0.1350664453125 0.3009373328125 0.1752206765625 0.3124270171875 0.20037727031250002 0.3279802125 0.203125 0.3330123515625 0.203125 0.3390625 0.1906191296875 0.3390625 0.051339210937500004 0.338898325 0.05097455468749999 0.3390625 0.0419291078125 0.3390625 0
8 0.1750804765625 0.0963084578125 0.08218085 0.0397956828125 0.0779568890625 0.0473241578125 0.101032090625 0.0713025109375 0.0759243671875 0.1409997125 0.08162129375 0.1667454265625 0.064966646875 0.2110325953125 0.04767391875 0.20717129218750002 0.0248142109375 0.24913163749999997 0.0061938968749999995 0.2525042484375 0.0179402171875 0.2607748546875 0.18665294999999998 0.4078125 0.1901294109375 0.4078125 0.207450159375 0.4000439046875 0.260546553125 0.2914141953125 0.30625 0.197565475 0.30625 0.1955619046875 0.30445081875 0.19673396875 0.3060247578125 0.1933202390625 0.3056176 0.18005120937500002 0.2918046421875 0.16755396718749999 0.25788811875 0.14586131875 0.1750804765625 0.0963084578125
8 0.3390625 0.24753920312500002 0.310477253125 0.2295832921875 0.30865182343750003 0.2395299234375 0.29267125156249996 0.2594939625 0.311452371875 0.2655701953125 0.3323702484375 0.30130366249999996 0.32645594375 0.3799930421875 0.3390625 0.3904671046875 0.3390625 0.24753920312500002
8 0 0 0 0.18125 0.0128123203125 0.18125 0.0432531234375 0.1230204140625 0.0633744484375 0.1348988546875 0.0882968765625 0.0666084203125 0.0760391109375 0.0498011484375 0.095357278125 0.0214101171875 0.0992865140625 0 0 0
8 0.2584873484375 0.3304698625 0.278039390625 0.35956601093749996 0.312330584375 0.384375 0.3261448578125 0.384375 0.3324230359375 0.2946088296875 0.30468794374999997 0.2622307578125 0.2880574359375 0.27306459375 0.2776825078125 0.30566141875 0.2807441984375 0.3208923359375 0.2584873484375 0.3304698625
2 0.3390625 0 0.3390625 0.239822196875 0.3392694515625 0.23975464687499998 0.37567400625 0.23051887031249998 0.47438457187500005 0.19559018749999998 0.5432880921875001 0.179835171875 0.560936478125 0.171799390625 0.5825593781249999 0.1649893234375 0.5937997953125 0.15785685 0.6124439609375 0.1502506921875 0.6456802453125 0.12937763124999999 0.6652771171875 0.11973719062499999 0.6715989312499999 0.1139060671875 0.685783615625 0.105598559375 0.6949721609375 0.094157365625 0.6953125 0.0859127375 0.6953125 0.08573302499999999 0.6803936578125 0.0516768015625 0.6598551953125 0.03572418125 0.6532921453125 0.027757421875 0.6448879984375 0 0.3390625 0
10 0.4652561046875 0.19593401875 0.4113410125 0.22109008281250003 0.4064654890625 0.2248553421875 0.40795847187499995 0.2819864203125 0.4037980359375 0.3266525453125 0.4037352296875 0.3513232 0.40897260781250006 0.3682547609375 0.42463554531250003 0.3879726421875 0.43512141406250004 0.3942084265625 0.4529938031249999 0.398984965625 0.53115229375 0.40385113125 0.5695200671875 0.4221163859375 0.578447646875 0.424011871875 0.6134102515625 0.425 0.6454217265625 0.425 0.6634301515625 0.42350812031249996 0.6843785406249999 0.40638121875 0.749591859375 0.40566228125 0.7786529734375 0.40034965624999996 0.7908977875 0.3941395890625 0.8035672625 0.3839556859375 0.8142020921875 0.37044863281249996 0.820871025 0.356208646875 0.8231149390624999 0.3432384328125 0.825 0.29757339374999997 0.825 0.17373787031250001 0.8225501874999999 0.1696214453125 0.8090080484375001 0.1581545359375 0.8028438125000001 0.1447355984375 0.7932244921875 0.131537715625 0.768097315625 0.1074920203125 0.7456706718749999 0.09659353281250001 0.7250329046875 0.090625 0.7194503546875 0.090625 0.7001489968750001 0.093092628125 0.6640373687500001 0.11908297812499999 0.635131334375 0.1332656703125 0.606276996875 0.1504050484375 0.5380307531249999 0.1754913375 0.4652561046875 0.19593401875
5 0.63910379375 0 0.6414172390624999 0.01091841875 0.6507325156249999 0.034989074999999994 0.65575450625 0.039601101562500005 0.6761809671875 0.0491475609375 0.688753171875 0.0616631890625 0.699221809375 0.0669134109375 0.7213357953124999 0.0881918921875 0.7313108484375 0.0934736921875 0.7636005453125 0.10324782187499999 0.7668695859375 0.10625 0.77072345 0.10625 0.775965978125 0.10393669375 0.7812575453124999 0.095704821875 0.7797276 0.06472274375 0.7604803437500001 0.03783419375 0.7657460687500001 0.0281239796875 0.7674188578125001 0.010750309375 0.767363884375 0 0.63910379375 0
6 0.7651103546875 0 0.7649238453125 0.026891843749999998 0.7610785625 0.033057853124999995 0.7602033968749999 0.039527171875 0.7789743015624999 0.0674328625 0.7818902249999999 0.09289960781249999 0.78017435625 0.10780936875 0.7718437484375 0.1117956796875 0.75637035 0.10291899374999999 0.7420219718750001 0.10186365625 0.728003478125 0.09141389062500001 0.7018632859375 0.06595300625 0.6913860312500001 0.060210003125 0.6875 0.0614338984375 0.6875 0.061623434374999994 0.6948730796875 0.09008020312500001 0.7065442734375 0.1075868046875 0.7184764296875 0.11175672656249999 0.7407652234375 0.1147707125 0.7512769406250001 0.12248484062500001 0.763105709375 0.120741384375 0.7665866421875001 0.12199867812500001 0.785133540625 0.1370920484375 0.7988221453125 0.1569362421875 0.8138794984375 0.170279540625 0.8232918203124999 0.175 0.8261405156249999 0.175 0.8307388750000001 0.1736408921875 0.8423264093749999 0.15809955625 0.8710023203125001 0.10249163750000001 0.889200978125 0.0411407140625 0.8952846640625001 0 0.7651103546875 0
2 0.012913490625 0.4296875 0.0320691046875 0.4763785625 0.05662385625000001 0.5407916078125 0.06831304218749999 0.60874311875 0.090719753125 0.6286889109375 0.10450247500000001 0.6609375 0.10580049375 0.6609375 0.1141291625 0.6567809890625 0.139659753125 0.6480747984375 0.1484375 0.61690734375 0.1484375 0.6146881140625 0.07785627656250001 0.53768914375 0.0708663421875 0.46739242187499996 0.07589353125000001 0.4296875 0.012913490625 0.4296875
3 0.5759010171875 0.4296875 0.5462182890625 0.5253910875 0.539170990625 0.54446720625 0.5027465890625 0.8140192109375001 0.499099665625 0.82353359375 0.48968619375 0.8391655453125001 0.48480655468750006 0.8676271171875001 0.48485458125 0.8736157562500001 0.48598803906250004 0.8768231609375 0.490022384375 0.8810860109374999 0.49797260468750004 0.8863501109375 0.5180770875 0.895443478125 0.5382520140625 0.9018098109375 0.5450996171875 0.903125 0.565650009375 0.903125 0.567978090625 0.902038040625 0.5703250578125 0.8992499640624999 0.5736101671875 0.8906626578125 0.5850920453125 0.8490188984374999 0.5910250968749999 0.8329676187499999 0.6077772359375 0.80005950625 0.6376121828125 0.7524733375 0.6585619640625 0.7096583296875 0.6686126078125 0.6929030484375 0.6739405078124999 0.6819675265624999 0.6849677187500001 0.652693553125 0.692937153125 0.6450059453125 0.7027572624999999 0.6301995218750001 0.7114503187500001 0.60147380625 0.7211167390625001 0.5751773218749999 0.7490433796875 0.51601323125 0.752267653125 0.5036771078125 0.7559305859375 0.47697498437499997 0.7693207234375 0.4296875 0.5759010171875 0.4296875
7 0.8810171890625 0.610665675 0.8497350078124999 0.6044083 0.845617415625 0.6051123046875 0.84206655 0.6074200125 0.840644925 0.6066486828125 0.8393225546874999 0.6029067109375 0.8368699312500001 0.6001933640624999 0.833722503125 0.59909056875 0.8306775328124999 0.599253159375 0.8209214609375 0.6028604843750001 0.8162691562500001 0.6059532109375001 0.8073455671875 0.6174438328124999 0.8047840781249999 0.624176984375 0.796526471875 0.6918525234375 0.7832099140625 0.8385310687499998 0.7838374765625 0.8438835874999999 0.7861620265625 0.8498111859375002 0.7894727515625 0.8559281921874999 0.794755821875 0.862424015625 0.799529796875 0.8668289234375 0.80679801875 0.8714637484375001 0.8166021171875 0.8738450624999998 0.8443878687499999 0.8776869015625 0.859369375 0.8810626156249999 0.8766530218749999 0.8798976515625 0.880610521875 0.8784154718749999 0.88314639375 0.8761619625 0.8909973593749999 0.8652127499999999 0.89464428125 0.8556983671874999 0.9056683015625001 0.7454525546874999 0.9125 0.6553498234375 0.9125 0.6393748453125 0.9111499015625 0.6309033859375 0.90679216875 0.6208481515625 0.9002475671875001 0.614359171875 0.8910934453125 0.608614703125 0.8855542265625 0.60854738125 0.8810171890625 0.610665675
7 1 1 1 0.923561953125 0.9774127453125001 0.9236365984375 0.8307354921875 0.916642021875 0.82521228125 0.9185709093749999 0.8197787218750001 0.92400500625 0.8052134515624999 0.9725308187499999 0.8032154890625 0.9766316406249999 0.763614871875 0.9767491312499998 0.7459373984375001 0.9748487484374999 0.7410385500000001 0.9778941218749999 0.7394023984375 0.9810678656250001 0.73814726875 0.9895467765625 0.7351183078125001 0.99170558125 0.71196565 0.997722725 0.681611078125 1 1 1