3 0.05318384375 0.5796875 0.0529296875 0.58251953125 0.05390625 0.623046875 0.0626953125 0.6376953125 0.0890625 0.64208984375 0.09345703125 0.646484375 0.10126953125 0.6474609375 0.11396484375 0.6533203125 0.1330078125 0.658203125 0.18671875 0.6630859375 0.25263671875 0.67236328125 0.26533203125 0.66943359375 0.27705078125 0.654296875 0.29169921875 0.64697265625 0.29658203125 0.6357421875 0.30244140625 0.60986328125 0.3041871125 0.5796875 0.05318384375 0.5796875
3 0.009515540625 0.5796875 0.015436234375 0.58740234375 0.036920609375 0.640625 0.051080765625 0.66845703125 0.061822953125 0.68017578125 0.068658890625 0.68408203125 0.073053421875 0.68408203125 0.076959671875 0.6796875 0.076471390625 0.67431640625 0.068170609375 0.64697265625 0.065729203125 0.64306640625 0.062799515625 0.642578125 0.055475296875 0.630859375 0.052545609375 0.6142578125 0.053349570312500004 0.5796875 0.009515540625 0.5796875
3 0.35908203125 0.7060546875 0.372265625 0.7060546875 0.380078125 0.703125 0.38740234375 0.697265625 0.39326171875 0.6865234375 0.39375 0.67578125 0.387890625 0.662109375 0.37275390625 0.6474609375 0.36787109375 0.63916015625 0.364453125 0.6240234375 0.3595703125 0.619140625 0.35615234375 0.59228515625 0.35419921875 0.5869140625 0.3517578125 0.58642578125 0.3 0.61865234375 0.2931640625 0.64599609375 0.29072265625 0.64990234375 0.28779296875 0.65087890625 0.294140625 0.66064453125 0.31171875 0.66748046875 0.32978515625 0.68115234375 0.3478515625 0.70068359375 0.35908203125 0.7060546875
2 0.45283203125 0.79931640625 0.4201171875 0.7861328125 0.39814453125 0.78515625 0.3703125 0.80224609375 0.3556640625 0.814453125 0.3498046875 0.822265625 0.3478515625 0.822265625 0.33076171875 0.80126953125 0.30439453125 0.77587890625 0.22236328125 0.74951171875 0.2111328125 0.74755859375 0.20625 0.7509765625 0.2033203125 0.75830078125 0.2033203125 0.78955078125 0.221875 0.84765625 0.3009765625 0.92138671875 0.3078125 0.92431640625 0.40205078125 0.92431640625 0.407421875 0.92041015625 0.419140625 0.91845703125 0.45771484375 0.9052734375 0.466015625 0.8984375 0.4650390625 0.86376953125 0.45673828125 0.83056640625 0.45625 0.8037109375 0.45283203125 0.79931640625
7 1 0.915279034375 0.9920060249999999 0.9046441234374999 0.9776004031250001 0.89091695 0.9699890765625 0.8767129234375 0.9612707562499999 0.8694644281249999 0.9491466890625 0.8663851515625 0.9193648328125 0.8389989234375002 0.9137623015624999 0.8492176109375 0.917473971875 0.8715557140625 0.9158730703125 0.8824760984375001 0.9192616171875001 0.88616846875 0.922258228125 0.9026614687500001 0.9307209921874999 0.9158231890625 0.9432025906250001 0.9218250156250001 0.9613370828125 0.9500287015625 0.973324771875 0.9599953843750001 1 0.9551914390625 1 0.915279034375
7 0.5390625 0.8487831015625 0.568548246875 0.8361093 0.592434034375 0.8098692015625 0.5390625 0.8136150296875 0.5390625 0.8487831015625
7 0.560170253125 0.83964494375 0.5592844109375 0.8564104312499999 0.5659423265625 0.8628209874999999 0.5938689687500001 0.8510355046875 0.614286259375 0.8338817703125001 0.6350438765625 0.827512178125 0.6600758796874999 0.80806946875 0.661174271875 0.8050447343750001 0.593367209375 0.80980370625 0.572073171875 0.8329142624999999 0.560170253125 0.83964494375
7 0.576362278125 0.9239901921874999 0.589831690625 0.92206230625 0.5987207953125 0.9067002140625 0.5976482078124999 0.8979325625 0.5826467046875 0.87933446875 0.543362659375 0.8703010062500001 0.5411658781249999 0.8763504734375 0.5531363640625 0.894178746875 0.5554007140625 0.9126882359374999 0.56217780625 0.9200729750000001 0.576362278125 0.9239901921874999
7 0.614728559375 0.8535016859375 0.6276868624999999 0.8634002468749999 0.6742247031249999 0.883715184375 0.6996990078125 0.8838923921875 0.7384891453125 0.8968907109375 0.75366143125 0.8928782140625 0.75417254375 0.8810517671875001 0.7157571390624999 0.8631144093750001 0.699785021875 0.8445844375 0.669355675 0.8359120640625001 0.642093725 0.821122103125 0.63151895 0.8307072140624999 0.6171981 0.8336774046875 0.6191221234375 0.8414027531249999 0.614728559375 0.8535016859375
7 0.69568141875 0.835046965625 0.701011190625 0.83860309375 0.7078902578124999 0.8548236078125001 0.7198779453124999 0.864790290625 0.7344371484375001 0.8637684671875 0.7476854109375 0.8520306234374999 0.750120546875 0.8479295234374999 0.7472431125 0.8324107078124999 0.7327183140625 0.81770935 0.727245321875 0.8004076031249999 0.691748596875 0.8028989062499999 0.69568141875 0.835046965625
7 0.5870058640625 0.8829587171875 0.598737996875 0.8988386234375 0.5981077109374999 0.9096908875 0.6157999046875 0.9182746578125001 0.6234456359375 0.9167555015625 0.6234628390625 0.9088939109374999 0.6343951437500001 0.9022313499999999 0.6288614234375001 0.881003675 0.619547221875 0.8688842593749999 0.604528515625 0.8581477578125 0.58354975 0.8547073921875 0.5740647640625001 0.865198565625 0.5724638625 0.8761189500000001 0.5870058640625 0.8829587171875
7 0.6405087843749999 0.880186215625 0.64667279375 0.890561628125 0.6602441796875 0.8974695171875 0.674888153125 0.9131450593749999 0.683623675 0.9125319640624999 0.692580346875 0.9217288281249999 0.709063575 0.9284323531249999 0.7158578703125 0.9279555015625001 0.72716490625 0.9163539015625 0.7314392953125 0.9032807843749999 0.7251561109375 0.8919311890625 0.701640234375 0.8837561484374999 0.6732540890625 0.88378330625 0.6367799125 0.8657097046875 0.620654215625 0.8619287312499999 0.621369271875 0.8677738328124999 0.6405087843749999 0.880186215625
7 0.6981484734375 0.927233321875 0.6907410953124999 0.9307008453125001 0.6576210578125 0.9320427953125 0.655066746875 0.9351697109374999 0.655645425 0.9479022203125 0.6609751968750001 0.9514583468750001 0.688748259375 0.9544218609375001 0.706440453125 0.9630056312499999 0.7405311046875 0.9615955609375 0.742829859375 0.96438186875 0.74974333125 0.9648792015625001 0.77400866875 0.9631761624999999 0.7793556453124999 0.9588706984375 0.77772158125 0.9295089453125 0.7744522109374999 0.926790759375 0.7605060921875 0.9248219109375 0.74800729375 0.9266816734375001 0.73988485625 0.9243040953125 0.7195019703125001 0.9257346484375001 0.7168284828125 0.9278873796875 0.6981484734375 0.927233321875