4 0.1017851796875 0.26766711875000004 0.1196761671875 0.30346342656249997 0.153381940625 0.3375 0.156042375 0.3375 0.1620042921875 0.333434846875 0.150739615625 0.30550625937500003 0.1804978921875 0.3037943234375 0.1879675984375 0.2976689203125 0.19589908281249999 0.3092914140625 0.2148744140625 0.3340267796875 0.2268822171875 0.310356853125 0.257966109375 0.20349310625 0.2703125 0.1320093015625 0.2703125 0.12903420625 0.24720361093749998 0.121033828125 0.1712818390625 0.13099894843749998 0.13853159375 0.1569423640625 0.112829353125 0.183756940625 0.0971067375 0.2228617953125 0.1017851796875 0.26766711875000004
10 0.382087775 0 0.361170759375 0.0796832796875 0.3433396453125 0.1537709453125 0.3318336984375 0.2199332296875 0.367435240625 0.2044315390625 0.41544616874999996 0.1701468953125 0.428176815625 0.155273515625 0.4462689953125 0.0722344984375 0.4575137140625 0.063535090625 0.46652970624999995 0.0155851203125 0.4671875 0.0026802125 0.4671875 0 0.382087775 0
10 0.21579062656249998 0.40055902187500003 0.21372237031250002 0.41177476874999996 0.2290443953125 0.4390625 0.2319093078125 0.4390625 0.2586408875 0.41262774062499996 0.26966477968749997 0.3891126203125 0.278721009375 0.3173955828125 0.2839017953125 0.2591586859375 0.2921875 0.21341381875 0.2921875 0.1901932109375 0.29205443125 0.188573846875 0.26637231250000004 0.20350489062500002 0.25117182968749996 0.22470704531250002 0.23936473593750002 0.27507621875 0.2252885140625 0.358473415625 0.21579062656249998 0.40055902187500003
10 0.329983359375 0.19527637343749998 0.316389359375 0.1875148875 0.30179132656249996 0.1917917359375 0.29448225 0.199871925 0.2797232625 0.29921703437499997 0.275586746875 0.3216485265625 0.292769225 0.34375 0.29399616562499997 0.34375 0.3335170984375 0.2867932375 0.37500215 0.23373473281249998 0.37962056093749996 0.2171676015625 0.36283388125 0.20693834375 0.331167978125 0.22182081875 0.329983359375 0.19527637343749998
4 0.2610847640625 0 0.2535874125 0.014402024999999999 0.2585671640625 0.026488931249999997 0.265595053125 0.0392436234375 0.2590891359375 0.0570977546875 0.24565576562500002 0.051291054687500004 0.24190087500000002 0.041981525 0.22676058906250002 0.0760446078125 0.23081662656250002 0.1011472453125 0.239330440625 0.107727965625 0.24545473437499998 0.1216148546875 0.26260291874999997 0.111986625 0.277763325 0.0660400109375 0.2949116703125 0.0079002546875 0.2978502421875 0 0.2610847640625 0
10 0.2356263609375 0 0.2264071375 0.0292283890625 0.20713033749999998 0.08572296562500001 0.22070421875 0.1053679859375 0.22515849999999998 0.10625 0.23159504687500002 0.10625 0.22835467812500002 0.0893138390625 0.23126633281250003 0.0641049671875 0.24349496249999997 0.05525075625 0.2622695859375 0.053286875 0.26417721250000004 0.040116340625000003 0.25469960625 0.0218068921875 0.2584947390625 0.007349354687499999 0.26281453906249996 0 0.2356263609375 0
10 0.3432915703125 0.4796875 0.364772278125 0.45004922187499996 0.3916391796875 0.4131510984375 0.409375 0.390928240625 0.409375 0.3864172828125 0.40906855000000003 0.382687984375 0.3768605578125 0.378845165625 0.3602143890625 0.3824542296875 0.35172053124999997 0.4125015 0.329050340625 0.4398290578125 0.3180063296875 0.4752277125 0.3147104875 0.4796875 0.3432915703125 0.4796875
10 0.2843459140625 0.4796875 0.2826056578125 0.4689171234375 0.2636704015625 0.4689262171875 0.2614215546875 0.44155918437499997 0.267947590625 0.411821521875 0.27879073125 0.3982351421875 0.2973445265625 0.381455546875 0.22863123125 0.44275814062499996 0.1886682828125 0.4796875 0.2843459140625 0.4796875
4 0.31579365312499996 0.4796875 0.315868740625 0.4796224171875 0.3261697890625 0.44731075000000003 0.34104900625 0.4221990203125 0.35632980625 0.4019742578125 0.3609375 0.380432209375 0.3609375 0.3784306890625 0.3524344015625 0.3788264078125 0.34496469375 0.38495181093749997 0.33193290468750003 0.38403208125 0.31841921875 0.3772479875 0.29611053125 0.38471805625 0.282897990625 0.3937270703125 0.264745775 0.41539363749999997 0.2601875609375 0.4448216921875 0.2618741953125 0.46534696875000003 0.283339484375 0.47187002343750006 0.283981875 0.4796875 0.31579365312499996 0.4796875
4 0.3211753703125 0 0.31899125 0.0016225859375 0.3042927796875 0.016805571875 0.3015625 0.047828490625 0.3015625 0.0535093859375 0.3073848625 0.07869100625 0.3195130578125 0.0807429328125 0.305296484375 0.10179028593749999 0.306159840625 0.124425153125 0.316059146875 0.135738040625 0.30644086718749997 0.15210179375 0.3076254875 0.1786462375 0.3203460921875 0.19375 0.32288914687500003 0.19375 0.3335083125 0.1904144421875 0.3453355265625 0.12816173749999998 0.3675841796875 0.059319217187499995 0.3751142453125 0.01754321875 0.3824103828125 0 0.3211753703125 0
4 0.3977626734375 0.41368029531249995 0.41941067343749994 0.446875 0.419448571875 0.446875 0.43553274843749995 0.42456824531250004 0.44517115 0.3963209578125 0.37866695 0.3632230765625 0.37109680625 0.380254615625 0.4111760875 0.382859003125 0.3977626734375 0.41368029531249995
3 0.580337771875 0 0.5806606046875 0.005655753125 0.5853442078125 0.022086384375 0.5830114171874999 0.041929275 0.574453703125 0.0669973453125 0.5573571703125 0.092465671875 0.5222327 0.165029553125 0.5166082515625 0.182560046875 0.5121336703125 0.21175343125 0.5136505062500001 0.30171661250000004 0.5102824203125 0.47885968749999996 0.5103155609375001 0.4796875 0.75 0.4796875 0.75 0.4525967515625 0.74528245625 0.3889098640625 0.7433892109375 0.232980303125 0.7396370125 0.194922453125 0.729110496875 0.16273220625 0.705058959375 0.11144240624999999 0.672855328125 0.0334011171875 0.6706671875 0.023636915624999998 0.6739682890625 0.01361540625 0.6744666109375 0.0000252375 0.6744621468750001 0 0.580337771875 0
3 0.8291936124999999 0 0.8292262812500001 0.0003313578125 0.833365209375 0.0112374625 0.8306740234374999 0.02123038125 0.811072584375 0.0523661859375 0.7904886671875 0.0921814703125 0.756477159375 0.14495963750000002 0.745600821875 0.1713697375 0.7406373640625 0.2018193859375 0.7424340546874999 0.24490228749999998 0.740625 0.307017446875 0.740625 0.3074077875 0.7499700218750001 0.4796875 0.92463838125 0.4796875 0.9470575953125 0.31917808281250004 0.9623110859375 0.23151215625 0.9625 0.2281537234375 0.9625 0.2039878984375 0.9599092015625 0.1822908921875 0.9408674749999999 0.119666140625 0.9222635531249999 0.042837382812500005 0.9209973671875 0.0237798671875 0.9279674078125 0.0012529125 0.9278133421875001 0 0.8291936124999999 0
3 1 0 0.9275352171875 0 0.921199228125 0.0133973296875 0.9218507765624999 0.0386503890625 0.92993290625 0.0771219484375 0.9664239640625001 0.2110795203125 1 0.279311225 1 0
3 0.509375 0.21519252500000002 0.5122121500000001 0.214754390625 0.5191358390625 0.17311274062499998 0.54265301875 0.12575988124999998 0.5545676281249999 0.0974510890625 0.5546875 0.0927431609375 0.5546875 0.092507290625 0.5334815390625 0.07623926875 0.528485896875 0.0690733625 0.52513844375 0.059980178125000005 0.5250920906250001 0.0408654828125 0.509375 0.029048849999999998 0.509375 0.21519252500000002
7 0.22603609374999997 1 0.25360890937499997 0.9702780796875 0.32787696718750003 0.8801892015625 0.393122334375 0.7862671609375 0.3979466765625 0.7722156 0.4064355203125 0.7301653828125 0.4141997296875 0.7115729984375 0.43087637812499996 0.6873378609375 0.4382695640625 0.67972629375 0.4541635515625 0.6739616640625 0.46001426875 0.6623863546875001 0.465625 0.6564046171875 0.465625 0.65625 0.440051771875 0.65625 0.34492145937499996 0.6579106734375 0.3328388265625 0.66360876875 0.29553634375 0.672740125 0.2796539640625 0.6795022187499999 0.243064865625 0.707077965625 0.2282784921875 0.7223010999999999 0.1453413546875 0.796079803125 0.0664807140625 0.8772698468750001 0.0551851140625 0.8924320437500001 0.0212054734375 0.9299389140625 0.012414890625 0.9460550453125001 0.0120148546875 0.9545422015625 0.0145953015625 0.9619796609375001 0.022696065625 0.972313753125 0.0534430109375 1 0.22603609374999997 1
7 0 0.9063083109375001 0.0135155546875 0.9184921593750002 0.02129515 0.921875 0.026727685937500002 0.921875 0.0324654625 0.9181613546874999 0.044787434375000004 0.9054754093749999 0.0669147671875 0.8781521171875 0.139367984375 0.8035587640624999 0.225262396875 0.7267354328125 0.24545883124999998 0.7049330218750001 0.2815724625 0.67936090625 0.3044131765625 0.6704820078125 0.3292892328125 0.6650594140624999 0.346174778125 0.6587786421875 0.346875 0.6582578453125001 0.346875 0.6577687515624999 0.2020957453125 0.6602961390625 0.17236696875 0.6817661234375001 0.09983831875 0.74987595625 0.08759758125 0.769544153125 0.0729736859375 0.79873179375 0.0621419515625 0.8108928890625 0.0206356640625 0.8445404812499999 0.00767574375 0.8452655531250001 0.0022250609375 0.8483537078125 0 0.85064449375 0 0.9063083109375001
8 0.509375 0.6550615000000001 0.46231877499999996 0.655882953125 0.4495170328125 0.673565609375 0.4366209421875 0.6797767390624999 0.42676335937500004 0.68992549375 0.4081442078125 0.7186840453125 0.3943497484375 0.7762907265625 0.3899950734375 0.7878399171874999 0.3777543359375 0.807508115625 0.3743854203125 0.8180424328125 0.3730634546875 0.8330305203125 0.3678042625 0.85257684375 0.3689641015625 0.8665239390625 0.3731392390625 0.88241373125 0.37666482968750004 0.8853451890624999 0.38815771875 0.8871398921874999 0.39812555 0.8864670515625 0.406069640625 0.8833353718750001 0.41049394687499996 0.8777709671875 0.425854434375 0.86902265 0.42023547343749995 0.8576475640625001 0.416199596875 0.8537273484375 0.41666346406250004 0.8507262499999999 0.4409247875 0.8353377140625 0.45135068125 0.831165040625 0.4563374984375 0.831077984375 0.4673665234375 0.8358737906249999 0.48661816875 0.8614770703125 0.49261975625 0.862868803125 0.509375 0.8582817015625 0.509375 0.6550615000000001
7 0.36897529375000004 1 0.3446485828125 0.98798441875 0.34059529843749997 0.9825680078125 0.33407181874999997 0.9791900531250001 0.3284644625 0.9688124312500002 0.3159393953125 0.96404274375 0.3088882171875 0.9581798296875 0.2954238125 0.9584148750000001 0.28550820312499997 0.963576309375 0.27660736875 0.9702165265625 0.26133392187500004 0.9864458296875 0.25845208125 0.9959739765624999 0.2591449578125 1 0.36897529375000004 1
3 1 0.8155258421875 0.9647360203125 0.769893075 0.9075537921875 0.6913522343749999 0.9016164421875 0.6873315015625 0.8856773828125 0.6835403390625 0.8480773312500001 0.6814064609375 0.821462340625 0.6975819953125 0.8008221546875 0.7138137390624999 0.7942199265625 0.7220859609375 0.7918693593749999 0.732097415625 0.795362490625 0.7431348343749999 0.7944447484375 0.7499231328125 0.8071622968749999 0.7591053515625 0.816339915625 0.7686588484375 0.9074699796875001 0.887410578125 0.9338696765625001 0.9133901796874999 0.94330950625 0.9210041624999998 0.9668997078124999 0.934577209375 0.9853204968749999 0.9531993218749999 0.9931589515624999 0.9689707406250001 0.9984220796875001 0.9927285999999999 1 0.994864246875 1 0.8155258421875
3 0.75585981875 0.4796875 0.751340315625 0.48643631875000004 0.707128934375 0.6032674734375 0.6939151265625 0.6272560890625 0.6875283125 0.64499749375 0.6843630078125 0.6573478421875001 0.677835803125 0.7093153359375 0.6711399765625 0.7404049500000001 0.6561094390625 0.7888939796875001 0.642436884375 0.867901065625 0.6391498203125 0.8737769984374999 0.63698656875 0.8897779890624999 0.632978421875 0.9009875859375001 0.6379231296875 0.9197256687500002 0.64158481875 0.9258288046875001 0.6483650140625 0.9309902921875001 0.6616725375 0.935808603125 0.6713063984375001 0.9375 0.6773067515625 0.9375 0.68304321875 0.9326111843749999 0.6872480249999999 0.919946953125 0.702025759375 0.891765425 0.706530228125 0.8731971546875 0.73950386875 0.8099884078125001 0.7637962703125 0.755679653125 0.7767104140625 0.737595075 0.8068840265624999 0.7061599218750001 0.8129056265625 0.694807434375 0.815499646875 0.67193265 0.8125871453125001 0.66397549375 0.8080451656250001 0.6606961328125001 0.7926211828125 0.6604701125 0.78765778125 0.656620371875 0.7805685140625 0.6389949375 0.7783489953125 0.622224471875 0.777449884375 0.5883122703125 0.77966928125 0.5534584109375 0.7881256296875 0.49090909062500004 0.7904482234375 0.4796875 0.75585981875 0.4796875
3 0.8869020515624999 0.8556610765624999 0.8630683343750001 0.829139203125 0.812788059375 0.7622342609375 0.7985814859375 0.7493159031250001 0.7904995765624999 0.746407815625 0.7879054921875 0.743470440625 0.7825487703125 0.7425299734374999 0.776115096875 0.7458679140625 0.7680612890624999 0.746439471875 0.7613935062499999 0.755196571875 0.7319878984375 0.8215136874999999 0.7020765625000001 0.8768214875 0.7021046656250001 0.880301134375 0.7088474109375 0.8894271453125 0.71536539375 0.89652814375 0.7318476328125 0.9073640984375 0.7648963562500001 0.9136627828125 0.8065607640625 0.9115463546874999 0.8753927484374999 0.918667171875 0.893663890625 0.921875 0.9025269546875 0.921875 0.9213088203125 0.9182899765624999 0.9277424937500001 0.9149520375 0.9277799437500001 0.9109875109375001 0.924474125 0.9059396281249998 0.9117284734375 0.8932777640625 0.8869020515624999 0.8556610765624999
3 0.7882438015625001 0.4796875 0.781238565625 0.5280595984375 0.7814352890625 0.5524171203125 0.7792064828124999 0.568902990625 0.7805551187499999 0.6068652140624999 0.778125 0.6248401343750001 0.778125 0.6255802484374999 0.782615490625 0.6469379515625 0.785106571875 0.6543247296875 0.7881876296874999 0.6573476031250001 0.8141283921875001 0.66090919375 0.8373908265625 0.67690663125 0.853685753125 0.6817530515625 0.970213153125 0.6937729390625 0.9861896609375 0.693599578125 1 0.6949140421875001 1 0.49233483749999996 0.9758547968750001 0.4857843 0.9411286453125001 0.4796875 0.7882438015625001 0.4796875