1 0.442138671875 0.102001953125 0.428955078125 0.099560546875 0.400634765625 0.105419921875 0.362548828125 0.109814453125 0.304931640625 0.113720703125 0.252197265625 0.121533203125 0.205810546875 0.121533203125 0.102783203125 0.133251953125 0.080810546875 0.138134765625 0.069580078125 0.196728515625 0.043701171875 0.283154296875 0.037841796875 0.298779296875 0.031494140625 0.307568359375 0.031005859375 0.312451171875 0.037353515625 0.318310546875 0.072998046875 0.329052734375 0.105712890625 0.344677734375 0.143798828125 0.366650390625 0.195556640625 0.391064453125 0.229248046875 0.410107421875 0.254638671875 0.427197265625 0.256591796875 0.429638671875 0.255126953125 0.431591796875 0.239990234375 0.437451171875 0.229736328125 0.445263671875 0.208740234375 0.456494140625 0.206298828125 0.464306640625 0.209716796875 0.466259765625 0.278076171875 0.468212890625 0.33162841875 0.4734375 0.35282505625 0.4734375 0.417236328125 0.470654296875 0.497314453125 0.471142578125 0.513916015625 0.423779296875 0.515625 0.413240559375 0.515625 0.32197265625 0.514404296875 0.304638671875 0.501220703125 0.261669921875 0.489501953125 0.233837890625 0.462646484375 0.148388671875 0.450439453125 0.117138671875 0.442138671875 0.102001953125
10 0.018285537499999997 0 0.02373046875 0.018603515625 0.0251953125 0.045458984375 0.03056640625 0.078662109375 0.0388671875 0.123095703125 0.0447265625 0.140185546875 0.05498046875 0.147509765625 0.072476196875 0.1546875 0.078814696875 0.1546875 0.080859375 0.151416015625 0.080859375 0.141650390625 0.0916015625 0.136767578125 0.24931640625 0.123095703125 0.2830078125 0.118701171875 0.3015625 0.11417563906249999 0.3015625 0.1060094234375 0.23564453125 0.007373046875 0.2331868484375 0 0.018285537499999997 0
10 0.252783203125 0.420947265625 0.240087890625 0.417041015625 0.228369140625 0.406298828125 0.195166015625 0.388232421875 0.149755859375 0.366259765625 0.105810546875 0.341845703125 0.081729403125 0.33125 0.0813922015625 0.33125 0.078955078125 0.414599609375 0.082373046875 0.419970703125 0.1733576 0.425 0.25625 0.425 0.25625 0.4244140625 0.252783203125 0.420947265625
10 0.5390625 0.3843798640625 0.579641534375 0.3821926625 0.617583275 0.3890625 0.61889698125 0.3890625 0.6714248656249999 0.37333328906249996 0.6984375 0.37696411093750004 0.6984375 0.3753025921875 0.67202214375 0.32378844375 0.6538364890625 0.2211897171875 0.6230338718749999 0.14120540625 0.5951986484375 0.12038654374999999 0.5390625 0.129976115625 0.5390625 0.3843798640625
10 0.7472496421875 0.27889454375 0.7193181484375 0.336518659375 0.7205513421875 0.35165231874999997 0.8091246984375001 0.5104239078125 0.8576195609375 0.5413529406250001 0.8780326171875 0.54375 0.8884781296875 0.54375 0.8974320312499999 0.53625681875 0.8976169781250001 0.5021267328125 0.9099565171874999 0.53070745 0.9171875 0.529472203125 0.9171875 0.5268017765625 0.9016402156249999 0.4878000578125 0.899312540625 0.4319351765625 0.8734889359375 0.40395297656249995 0.8099645562500001 0.23408264843749998 0.78103105 0.2339104984375 0.7472496421875 0.27889454375
10 1 0.282681421875 0.9793396453125001 0.22133847499999998 0.9590923359375001 0.19581354687500002 0.9370607875000001 0.1961672796875 0.8497092296875 0.23666315624999998 0.83549298125 0.251026146875 0.831789596875 0.26700310781250003 0.8397398031249999 0.316792734375 0.8672513687500001 0.3973392484375 0.8848473453124999 0.426726946875 0.8992996124999999 0.434375 0.90599595625 0.434375 0.9226481921874999 0.428794165625 0.999852978125 0.3798020828125 1 0.3793808625 1 0.282681421875
10 1 0.1178917265625 0.9970149187499999 0.1164959734375 0.9637845531250001 0.12046769375 0.814951275 0.22090912187499998 0.8083229375000001 0.23056604374999998 0.8124810859375 0.252019740625 0.828195771875 0.28125 0.82864310625 0.28125 0.849048740625 0.23895329687500003 0.8915587828125 0.2214618859375 0.962316375 0.2093745765625 0.9773534906249999 0.22556000312500002 0.9945371312500001 0.27036246249999996 1 0.266783071875 1 0.1178917265625
10 1 0.56875 1 0.5377882921875 0.9127857078125 0.5290980890625 0.869316096875 0.54163865 0.8188096093749999 0.5178729515625 0.7557324015625 0.5081891484375001 0.776299571875 0.5353643640625 0.7814172921875 0.5617689125 0.780689540625 0.56875 1 0.56875
6 0.8508861921875 0.0786759125 0.8015204296875 0.08710891875 0.7625 0.129271265625 0.7625 0.1306142828125 0.7699317890625 0.152177475 0.8090583046875001 0.15231330781250002 0.8228159875 0.161897596875 0.8247351343750001 0.1717993015625 0.8157753171875001 0.1869692765625 0.7867493359375001 0.2038621703125 0.7959909140625 0.2265625 0.7994260296875 0.2265625 0.824823809375 0.21611219375 0.892155440625 0.168806715625 0.9117205984375 0.1381856640625 0.9204992640625 0.0957678390625 0.9382801890625 0.0910254515625 0.946461578125 0.0981524734375 0.95625 0.0899609125 0.95625 0.08725763125 0.9554213953125 0.082982496875 0.930145034375 0.075365909375 0.9056008609375 0.053984846875000006 0.8786327390625001 0.055181882812500006 0.8614915328125001 0.06322483906250001 0.8508861921875 0.0786759125
8 0.5390625 0.5313500703125 0.5502048562499999 0.5267653765625 0.5613574406249999 0.5316799109375 0.5646947265625 0.522585190625 0.581516075 0.51289195 0.6807524078125 0.4635461375 0.7049342843749999 0.43043149999999997 0.6952923156249999 0.38945549218750003 0.669742334375 0.3716561015625 0.5421235359375001 0.3798174421875 0.5390625 0.38171591562499996 0.5390625 0.4051894734375 0.54929531875 0.4519040671875 0.5751651578125 0.4713537453125 0.549611378125 0.5149322859375001 0.5390625 0.5210110375 0.5390625 0.5313500703125
8 0.787899259375 0.56875 0.784231765625 0.5413448453124999 0.7708864140625 0.5163457984375001 0.7433710484375 0.4971772203125 0.7072619625 0.48629638125 0.66580396875 0.491673603125 0.6413947078125 0.5060729125 0.631109225 0.5231742734375 0.6220569359375 0.5554092921875 0.62305760625 0.56875 0.787899259375 0.56875
8 0.7716601 0.6474913296875 0.7400800999999999 0.648406921875 0.7352942046875001 0.6482397953125 0.720151871875 0.6429173359375 0.7004520703125 0.6379403234375001 0.6885960296875 0.6324803218749999 0.6803188812500001 0.63143438125 0.677670940625 0.6341172015625001 0.67630451875 0.658037875 0.6779490328125 0.68231599375 0.678205053125 0.7093209125 0.676708884375 0.74686119375 0.67704633125 0.7829517156250001 0.675363146875 0.8136733968750001 0.6779013359375 0.8783505406250001 0.6808239375 0.886021565625 0.6836471656249999 0.8904092359375 0.689902984375 0.896935165625 0.7013428921875 0.905912815625 0.708243271875 0.90943366875 0.7221613546875 0.9139564796874999 0.744342203125 0.9171875 0.7690592140625 0.9171875 0.7798322437499999 0.916222690625 0.8030709187499999 0.9102221343749999 0.8108035734375001 0.90670768125 0.8261577750000001 0.896647309375 0.8378392265624999 0.88418799375 0.84034086875 0.8792293765625001 0.8440322578125 0.8649772468750001 0.845902459375 0.8410741640625 0.8454352640625 0.8186032515624999 0.8468092890625 0.767434565625 0.8462040906249999 0.7045910156249999 0.8484375 0.6713768671875 0.8484375 0.6458977984375001 0.8471571546875 0.6407926875000001 0.8441641624999999 0.6346329984375 0.8417039296875 0.6332855890625 0.8226127999999999 0.6369079921875 0.802900571875 0.6430316953124999 0.7716601 0.6474913296875
8 1 0.6047223671874999 0.9977743484375001 0.6029619890625 0.9907918437500001 0.6012043640625 0.9480176140625 0.5987014578125 0.9420309328125 0.597230903125 0.9316979578125 0.59157179375 0.92434624375 0.5923242609375 0.9112065984375001 0.5981728859375 0.893081615625 0.6081364984375 0.8753313609375001 0.620888484375 0.862103378125 0.6340506921875 0.8520209046874999 0.65009803125 0.8501810750000001 0.6570981515625001 0.8479292390625 0.6946120453125 0.851980846875 0.726795484375 0.8566956546875 0.7393227734375 0.8625236062500001 0.74961824375 0.8673619468750001 0.7540762812499999 0.869476434375 0.75743000625 0.8743734343749999 0.7606286 0.882444925 0.7715070171875 0.9253316140625 0.847432815625 0.9386513687499999 0.864801975 0.9467987703125 0.8794675234374999 0.959843171875 0.8973316640625001 0.9680023046875 0.911745325 0.9763022203125 0.9231363140625 0.98350624375 0.9418056984375 0.9910504921874999 0.9531703 0.9973118312499999 0.9649946984375 1 0.968439903125 1 0.6047223671874999