0 0 0 0 0.08357198593750001 0.0021491890625 0.08323124062500001 0.0148891625 0.084375 0.0335995578125 0.084375 0.0483893765625 0.07598514375 0.0609375 0.05234950000000001 0.0609375 0.0481792671875 0.051864837500000004 0.0042655109375 0.026734626562500002 0 0 0
7 0 0.135920253125 0.080691521875 0.173207465625 0.09990805781249999 0.178125 0.12264587499999999 0.178125 0.1483191828125 0.1752897953125 0.1609375 0.1629228125 0.1609375 0.161429596875 0.1546547046875 0.1428060828125 0.14626071406250002 0.136011865625 0.13909181875 0.1219193140625 0.11458540937499999 0.099089878125 0.1054318375 0.0931392609375 0.0819756671875 0.0903495859375 0.05156065 0.0774753140625 0.020340634375 0.079915278125 0.009751920312499999 0.0772550390625 0 0.0786329515625 0 0.135920253125
7 0.1676587046875 0 0.15870298124999999 0.016612646875 0.15139442187500002 0.061204234375 0.143879225 0.08651564218749999 0.1372110359375 0.09731440625 0.139444359375 0.109254240625 0.1535755125 0.11815916562499999 0.1663169390625 0.11588383124999999 0.1737027015625 0.103439878125 0.17408419375 0.095381965625 0.185435896875 0.081926375 0.203410371875 0.0721426609375 0.224972703125 0.054132990625 0.24903064062500002 0.007056021875 0.2541554453125 0 0.1676587046875 0
7 0.1741162296875 0.1030313078125 0.1659708875 0.1163188578125 0.15803900312500002 0.1183421375 0.1441179 0.113445165625 0.13985788906250002 0.1088456703125 0.1384261546875 0.096863825 0.14357518281249998 0.0877522625 0.1445902296875 0.07644597812500001 0.1549723046875 0.059826034375 0.1546816453125 0.038942674999999996 0.13793567499999998 0.0261558296875 0.1227054578125 0.0269540109375 0.11013206718749999 0.03243570625 0.091142546875 0.053525706250000006 0.08987544374999999 0.060022450000000005 0.095483165625 0.075000609375 0.1512833859375 0.14280994375 0.16638075624999998 0.17015144531249998 0.1771795203125 0.17681963437499998 0.1942229671875 0.1799453875 0.20834956093749998 0.1890625 0.21299895468750002 0.1890625 0.217973203125 0.18834619375 0.2248094296875 0.18075379375 0.2206016578125 0.13113920625 0.1846663421875 0.0896177265625 0.17453973125 0.09577498437500001 0.1741162296875 0.1030313078125
7 0.2540143359375 0 0.225211828125 0.0542524 0.1912021390625 0.080148534375 0.19187428906249998 0.09297398125 0.21026545156249998 0.1064783984375 0.2257678 0.1125 0.2288186328125 0.1125 0.23384765000000002 0.11167284375 0.24380621875 0.1023092234375 0.30837400000000004 0.015330998437500002 0.3139506078125 0 0.2540143359375 0
7 0.23116719843750003 0.1253508984375 0.23095033437499998 0.1518874015625 0.22694238281249998 0.1520974484375 0.22474765937500002 0.156231428125 0.22567187031249997 0.1738664171875 0.22925631562499998 0.1809126921875 0.23739371406249998 0.1859375 0.247958596875 0.1859375 0.25039173593749997 0.1854315765625 0.2608998375 0.17121640625 0.2916157390625 0.1591573578125 0.30803245 0.13498702499999998 0.3482062140625 0.0886730453125 0.3615425953125 0.06707552343749999 0.3640625 0.0586515796875 0.3640625 0.0453264046875 0.3600302484375 0.0382182671875 0.33552043125000003 0.0306610609375 0.314304403125 0.0092667671875 0.29974633906250003 0.022890396875 0.251003728125 0.0897482515625 0.23116719843750003 0.1253508984375
7 0.3981640546875 0 0.3670430890625 0.031489228125000004 0.3658179921875 0.0387875609375 0.3696124890625 0.049841790625 0.3764067078125 0.0414478 0.3804146578125 0.0412377515625 0.41515323125 0.06875 0.4164629015625 0.06875 0.4195597453125 0.067318965625 0.44538890000000003 0.0233643390625 0.4562329125 0 0.3981640546875 0
4 0.459375 0 0.459375 0.33543772031249997 0.49381876093750005 0.3293603390625 0.5200942265624999 0.337292971875 0.535695171875 0.35374256875 0.5995155328124999 0.371875 0.6042944953125 0.371875 0.6424276875 0.35108677187500004 0.6520320296875 0.255475521875 0.667752684375 0.19812067656250001 0.6975034890625 0.1546995234375 0.7203125 0.091863871875 0.7203125 0.08193895 0.7022884265625 0.0428311390625 0.677964665625 0.026640471875 0.6695157421875 0.0074160390625 0.643601296875 0 0.459375 0
4 1 0.41875 1 0.2758844203125 0.9735349671875 0.243463603125 0.9696442484375 0.177465796875 0.9787008125 0.12082127812500001 0.9641827390625 0.108952090625 0.9544242140625 0.15024226406250002 0.937954434375 0.14663110937499998 0.926804678125 0.0746987140625 0.9115247859375 0.0843774015625 0.904526946875 0.14147331406250002 0.8386478296875 0.12702870625 0.8089568796875 0.1335476375 0.8196785625 0.17064231875 0.84459726875 0.19347790468749998 0.8157153000000001 0.2240606109375 0.8049210671875 0.3063820234375 0.7974951578125 0.328640221875 0.7737064828125 0.3559966984375 0.7785258921875 0.3722538359375 0.8096207625 0.396443603125 0.8129548281249999 0.41875 1 0.41875
4 0.62394428125 0 0.6664611015624999 0.0093222078125 0.6728513046875 0.0280952453125 0.70286330625 0.0477046 0.721926896875 0.0953142890625 0.8049703640625001 0.1328125 0.8071004953124999 0.1328125 0.8280046125 0.1229157953125 0.8465929703124999 0.0900761171875 0.8704886609375 0.071429071875 0.8796875 0.0237745046875 0.8796875 0.0208166359375 0.8686566671874999 0.0058826625 0.8497743453125001 0 0.62394428125 0
4 0.6983079484375001 0.1535942609375 0.6774614531250001 0.17712511875 0.6887734890624999 0.1885468203125 0.728925778125 0.21267875625000002 0.7475668484375 0.2308168078125 0.7690787859375 0.2390625 0.7709253328125 0.2390625 0.7708983234375 0.21294019375 0.8022865078125001 0.236427859375 0.8290621671875 0.203978246875 0.8421875 0.18807156249999998 0.8421875 0.18629374999999998 0.8196962875 0.17893243125 0.7918781906250001 0.1511181484375 0.775372134375 0.1347255625 0.7418489390625 0.1094924265625 0.7172787093749999 0.10027313281250001 0.6983079484375001 0.1535942609375
10 0.459375 0.56317056875 0.4461601375 0.5570264875 0.3734395640625 0.541187828125 0.367427784375 0.53757219375 0.3642543734375 0.5345142953125 0.35540903749999997 0.521002915625 0.3509241359375 0.5175324 0.344199175 0.51421923125 0.3341428328125 0.5141684953125 0.3295478328125 0.5155007328125001 0.3268626265625 0.517960671875 0.32451246562499997 0.5229207703125 0.3173471359375 0.5256954 0.29843586875 0.5176860859375 0.277437703125 0.51285179375 0.25884234375 0.5053250296875 0.237743665625 0.4997406890625 0.2243607515625 0.49361438125 0.210001396875 0.489575615625 0.1954410125 0.4840367546875 0.1775636125 0.47999273281250004 0.1587289140625 0.48005386406249995 0.14875872031249998 0.482520771875 0.13982239375 0.488952971875 0.1251375171875 0.5031076718749999 0.11731164999999999 0.5084523937500001 0.11182157968749999 0.5106046109375 0.088659915625 0.5139981078125 0.07685171874999999 0.5196225546875001 0.07090213906250001 0.5258449609375 0.069561925 0.5289675328125 0.070538334375 0.5400032046875001 0.073797896875 0.5455787453125 0.08378242031250001 0.55446745625 0.1158228921875 0.5779585703125 0.1290957078125 0.58888763125 0.138635084375 0.600078934375 0.14600141093750002 0.6119276171875 0.15819726875 0.624194171875 0.16876095625 0.6317803546875 0.177759484375 0.6351861953125 0.1794730265625 0.63859900625 0.17473919843750002 0.6482691875000001 0.1690528796875 0.652706515625 0.158977365625 0.6637613828125 0.15006495625 0.6759964015625 0.14195188125 0.690446596875 0.11745952343749999 0.71765629375 0.0785981640625 0.77262645625 0.07297404375 0.7869018249999999 0.0705185609375 0.800449884375 0.0719113890625 0.8127181531250001 0.0798137890625 0.8285670921874999 0.0867445546875 0.8371655640625001 0.10684762031249999 0.8559430500000001 0.13721283281250002 0.8800565765624999 0.15393668124999998 0.8904908625000001 0.2121351203125 0.9179490953125 0.22747569531249998 0.9236855234375 0.2725784328125 0.935911975 0.323434496875 0.9442011296875 0.3451382375 0.9453125 0.36491980156250003 0.9453125 0.38051776249999997 0.9427152046875001 0.38988964843749996 0.9395332140625001 0.409920990625 0.9277790343749999 0.42112610625 0.9176542984375 0.43930033437500005 0.8939168296875 0.4554116078125 0.8660339859375 0.459375 0.857120396875 0.459375 0.56317056875
10 0 0.8803474999999998 0.0001861859375 0.880428671875 0.006461223437499999 0.8822592296875001 0.008155625 0.883654428125 0.017484390625 0.8988984390624999 0.018953814062499998 0.9061139390624999 0.0172689671875 0.9122891515625 0.0191778625 0.9171875 0.0507840703125 0.9171875 0.0920908375 0.9100619796875 0.1130746703125 0.9035406531250001 0.1198379453125 0.8977658312500001 0.1347716890625 0.8967168624999999 0.15094513125 0.891795271875 0.153233059375 0.8901203468750001 0.15236671875000002 0.8874051359374999 0.1474989046875 0.8829520390625 0.1407404390625 0.8793888531250001 0.1162242609375 0.8614260890625001 0.0979687546875 0.8470614765625001 0.0853086109375 0.835079903125 0.0798233515625 0.8278941124999999 0.07464921875 0.8174056640625 0.0729500390625 0.812225259375 0.071920984375 0.7989219593750001 0.07399833125000001 0.7881765265625 0.076975525 0.7803963203125 0.0974951359375 0.74791354375 0.1178855046875 0.7182159125 0.1362416203125 0.6939609296875 0.14150674375 0.6845057984375 0.156986175 0.66878106875 0.16657826250000002 0.6559935703124999 0.1723459546875 0.6502886796875 0.175 0.6449027 0.175 0.6438347921875 0.1672292765625 0.6327298515625 0.144206471875 0.6146621921875 0.1425934421875 0.6119994296875 0.1392764578125 0.6003710546875001 0.1338725703125 0.5919177015625 0.12053274843749999 0.5804886078125 0.10282767968749999 0.56835665625 0.086170840625 0.558422403125 0.0825044140625 0.5591846765625 0.0770238984375 0.5689073062500001 0.07244326250000001 0.56847195 0.06792485781249999 0.56475141875 0.06229599375 0.5621183640625 0.036769868750000004 0.545993128125 0.029614125 0.54321495625 0.022941809375 0.5421694125000001 0.017035321875000002 0.5430890328125 0.013038626562499999 0.545136353125 0.008333525 0.5512713453125 0.0041453578125 0.55938898125 0 0.5717746953125 0 0.8803474999999998
7 0.7830207421875001 1 0.7832722625 0.9746189718749999 0.7847484890625 0.9681661078125 0.7870659171875 0.965504415625 0.7912055171875 0.963268453125 0.81765886875 0.9566720421875001 0.8224270406249999 0.9528745984375 0.8234375 0.9495763125 0.8234375 0.9168352078125 0.821942259375 0.8714372593749999 0.822177571875 0.83618655625 0.8205813875000001 0.78289069375 0.8188021593749999 0.6340985984375 0.816961340625 0.59843400625 0.8148376625000001 0.5916383296875 0.8125171250000001 0.58842688125 0.8005969234375 0.57749165 0.78614976875 0.5697386046874999 0.77934679375 0.56775766875 0.7571283609374999 0.56445285625 0.7378939250000001 0.566116075 0.7213228609375 0.5719961921875 0.7119738203124999 0.5788162625 0.7063897703124999 0.5849500015625 0.7037643859375 0.589924303125 0.698922421875 0.6629278421875 0.6968525046874999 0.674260240625 0.6962141468749999 0.6990599703125 0.687946459375 0.8087398203125 0.6798467359375 0.9436925140625 0.6813069578125 0.9487316124999999 0.683052915625 0.9512037828125 0.6952461890625 0.95650835 0.71238849375 0.9659232093749999 0.7175026093750001 0.9690043578124999 0.720607253125 0.9724345968750001 0.7214040203125001 0.9757171187499999 0.7205135625000001 1 0.7830207421875001 1
7 0.60413170625 0.41875 0.60373749375 0.42273177031250003 0.6005501921875 0.43003052343750003 0.6008643640625 0.439464203125 0.603816584375 0.44698731406250003 0.6124035046875 0.460631621875 0.6128034453125 0.46520945312500006 0.6076828796875 0.47081085624999996 0.603762359375 0.46971691406250005 0.600483075 0.470125228125 0.5979116828125 0.472798765625 0.59488946875 0.479068378125 0.5921592078125 0.4945173453125 0.5928035515625 0.5018927421875 0.5941749 0.5059145421875 0.6049490484375 0.52124435625 0.632881275 0.5549259015625 0.6441633484375 0.5702320234375 0.6491790328125 0.5751052890625 0.6625721234374999 0.594143353125 0.67994616875 0.6032920421875 0.6905470546875 0.60625 0.70155664375 0.60625 0.7030789093750001 0.6024684421875 0.7049393 0.5916565359375 0.7068916734374999 0.587735065625 0.713932840625 0.58076728125 0.7218914203125 0.575544228125 0.7384624828125 0.5696641109375 0.7545827218750001 0.5673800671875 0.7635602593749999 0.5679827765625001 0.7662649640625 0.5668351828125 0.77014749375 0.5587379203125 0.7703125 0.5570148421875001 0.7703125 0.546338965625 0.768525525 0.5401722671875 0.74798685625 0.49771897656249997 0.730883003125 0.456637640625 0.727146678125 0.448895740625 0.7216326234375 0.44123675625000003 0.7144519296875 0.43493231093749996 0.7099568296875 0.433099090625 0.70017296875 0.43202326874999997 0.675427584375 0.43190064531249994 0.6727990921875 0.4310018015625 0.6651426890625001 0.41875 0.60413170625 0.41875
0 0.8768376453125001 0.41875 0.8750907140624999 0.42179606718749996 0.8616242953125 0.4311064203125 0.84817364375 0.44935365312500003 0.836313421875 0.468292784375 0.8314246015625001 0.47362801875000005 0.8263611375 0.4828018 0.8226785765625 0.49318797812500004 0.8152183624999999 0.5011967484375 0.8013708859375 0.520739290625 0.797805865625 0.523714534375 0.792145603125 0.5318947125 0.7874440859374999 0.536455128125 0.784488528125 0.5434877109375 0.7763775265625 0.5528036375000001 0.77754245625 0.5632190765625 0.7812565609375 0.570706653125 0.802617784375 0.5817122546875 0.809985784375 0.5872418828125 0.815043984375 0.59375 0.826856178125 0.59375 0.8309566265624999 0.59086024375 0.8392644921875 0.577960090625 0.8572293500000001 0.5559272609375 0.907060540625 0.49001829687500004 0.914730278125 0.481489034375 0.919882615625 0.47333254687500004 0.9237842578125001 0.4596164671875 0.928125 0.45597634062500003 0.928125 0.44632137343749995 0.9274859281250001 0.44361147343749996 0.9225591171874999 0.4397555046875 0.9210449 0.43701716562500004 0.928125 0.42657714531249996 0.928125 0.421549140625 0.9274957140625 0.42037322499999996 0.9248853734375 0.41875 0.8768376453125001 0.41875
7 0.9092065671875 0.6047264328125 0.9035496437500001 0.598350915625 0.8904738359375 0.5946196734375 0.8785820718749999 0.5956850515625 0.8723441218750001 0.59725280625 0.8609951609375 0.6016125531250001 0.85035409375 0.608237521875 0.843709759375 0.6139099953125 0.8405320140625001 0.6183993390625 0.83907800625 0.6251065265625 0.8391699906250001 0.6319969656250001 0.84191245625 0.660469409375 0.8506988874999999 0.7172603093750001 0.8590918296875 0.7607908234374999 0.8743570500000001 0.85379606875 0.8802106046875 0.8770161984375001 0.885902178125 0.9071386125 0.8878925437500002 0.9124083437500001 0.8898258078125 0.9141056937500001 0.8998873656249999 0.915625 0.906526096875 0.915625 0.9149140296875 0.9152337671874999 0.9617065421875001 0.9079440562500001 0.9827600421875001 0.9008334265624999 0.9859375 0.896344490625 0.9859375 0.8963418703125001 0.979706746875 0.8483716078124999 0.9662761296875001 0.7792846671875 0.9540868859374999 0.6981378890625 0.939541990625 0.6308904421875 0.936126284375 0.62389966875 0.9092065671875 0.6047264328125
7 1 0.43479240625 0.9495519140625 0.46133837499999997 0.9274634562500002 0.47411520312499994 0.9098796546875001 0.4859158453125 0.8777244812500001 0.526485765625 0.87565145625 0.531945025 0.8799876859375001 0.5465536734375 0.8920600796875 0.5738248703125001 0.8986566406249998 0.5821994421875 0.9014708765624999 0.5828125 0.9101286703125 0.5828125 0.924240121875 0.5802400921875 0.9639312609375 0.5704726390625 0.989721159375 0.5621196515625 1 0.5580915859375 1 0.43479240625