0 0.7962010921875 1 0.797230934375 0.94346920625 0.79158034375 0.9365112812499999 0.7490297406249999 0.9293192578125 0.6268556249999999 0.94522638125 0.6132617046875 0.9519929999999999 0.6102635109375 0.9790393046875 0.6137257093749999 1 0.7962010921875 1
7 0.3390625 0.8682222062499999 0.37154680781250005 0.8586727749999999 0.4250424 0.8540282593749999 0.4043800421875 0.8086960031250001 0.40878914999999993 0.768922021875 0.3914829125 0.73676300625 0.3694113734375 0.7186255781249999 0.3461000828125 0.6682234015625 0.3390625 0.6573927015625 0.3390625 0.8682222062499999
7 0.3390625 0.31875 0.3390625 0.3580224765625 0.34306203125 0.3625251390625 0.36778076875 0.3712653328125 0.370076971875 0.37951717343749997 0.40909855312500004 0.4040612265625 0.5243927265625 0.43573435625000007 0.5491079984375 0.4155402421875 0.5789413046874999 0.3781426203125 0.58264495625 0.34473247812499996 0.5655168171875 0.32544965625 0.5548653078125 0.31875 0.3390625 0.31875
0 0.3390625 0.49179457499999996 0.3437848171875 0.500832853125 0.361265684375 0.5169337546875 0.376453815625 0.5537171265625 0.44055553124999997 0.6561552296875 0.4580346671875001 0.6577889765625 0.5422453859375 0.6077920453125 0.43646622500000004 0.4178713453125 0.3972682765625 0.3949182515625 0.368313328125 0.395426765625 0.3522451078125 0.381065346875 0.34571442812500003 0.396529371875 0.34871781875 0.4128845296875 0.3390625 0.4257196890625 0.3390625 0.49179457499999996
0 0.5980267828125 0.524596440625 0.5586507390625 0.48876715156249995 0.5436389703125 0.45039282187499996 0.485549240625 0.4240665 0.4698424140625 0.4788589359375 0.539949184375 0.5995402046875 0.5475415171875 0.603464734375 0.58637806875 0.5572639703125001 0.5980267828125 0.524596440625
0 0.5683802375 0.64720603125 0.56767478125 0.6535698703125 0.5705000765625 0.6570488328125 0.5830358125 0.6598279703125 0.6216994671875 0.6441524765625 0.648712675 0.6466773578125 0.65736319375 0.6410561328125001 0.668839009375 0.638913871875 0.6794312687499999 0.6302592499999999 0.6847256671874999 0.6114647859375 0.6778387921875 0.6011764171875 0.66000519375 0.5882574359375 0.6384644796875 0.579814284375 0.62893040625 0.5789231499999999 0.609863990625 0.5916080359375 0.602273390625 0.6021506609375 0.59009211875 0.6106567578125001 0.5683802375 0.64720603125
3 0.7219940046875 0.738721359375 0.7315280765625 0.7396124937499999 0.7378806593749999 0.7112722734375 0.734346440625 0.6852228375 0.7265760109375 0.6684221109375 0.7078588578125 0.6489907687500001 0.6986775140624999 0.644917715625 0.6732533171874999 0.64254135625 0.6534797125 0.647122925 0.6216994671875 0.6441524765625 0.5932753421875001 0.65435526875 0.5844484609375 0.661567453125 0.5916880625000001 0.668673903125 0.6575464906249999 0.6973337953125001 0.7219940046875 0.738721359375
8 0.54634855625 0.961813171875 0.5816612890625 0.9763659 0.6104398734375 0.9774483453125 0.6157325390625 0.944186725 0.6549270187499999 0.9382055078124999 0.6579269484375001 0.9256263562499999 0.6293212578125 0.89401864375 0.6045955890625001 0.827409828125 0.5152512390625 0.7644058703125001 0.4606922640625 0.735194675 0.450454465625 0.7551345328125 0.4504561984375 0.7696016875 0.47835989375 0.8365075484375 0.48948817812499995 0.8809486718749999 0.523920821875 0.9179233499999999 0.54634855625 0.961813171875
8 0.3390625 1 0.54532634375 1 0.546881115625 0.9859746046875 0.540874328125 0.9532642859374999 0.5253334703125 0.9196628328124999 0.495315134375 0.8863156374999999 0.46671118125 0.8691750796874999 0.43740176875000003 0.8583983578125001 0.392909425 0.854239728125 0.3390625 0.8684868125000001 0.3390625 1
8 1 1 1 0.8506366 0.9743046249999999 0.8523212734375001 0.94076246875 0.8797275718750001 0.9086364265625001 0.9378076640625 0.900169484375 1 1 1
8 1 0.6311428359375 0.9799274890625 0.62780471875 0.9606847109375 0.6420805640625 0.8658903984374999 0.7730678921874999 0.8671284125 0.7908654890625 0.879489515625 0.8097027406249999 0.9215127578125 0.8361347984374999 0.9326358453125 0.837174453125 0.9418154578125 0.8267803515625001 0.9545275546875001 0.8279685296875 0.97341760625 0.8168746046875001 0.98559714375 0.79390135 1 0.776381459375 1 0.6311428359375
8 0.8183998578124999 0.795955571875 0.8510619265624999 0.7909712234375 0.924673453125 0.691760290625 0.9357878750000002 0.6204641734375 0.9306663765625001 0.6087333687500001 0.9154817109375 0.6008843078125 0.9027713453124999 0.6141632828125 0.8697548156250001 0.6078623953125 0.8204971671875001 0.6177253546875 0.7428171296875 0.6522582609375001 0.7283413875 0.666979675 0.7364680124999999 0.7095327921875001 0.7311753484375 0.7427944125 0.8183998578124999 0.795955571875
8 1 0.3403410015625 0.9477386984375 0.335456221875 0.918453909375 0.356830675 0.90168543125 0.39223455625 0.9138684359374999 0.3981956140625 0.960309453125 0.45718946562500007 0.9816738046874999 0.4672235765625 1 0.46542380781250003 1 0.3403410015625