9 0.3053923328125 0.215576475 0.271249715625 0.1713528015625 0.2253141921875 0.124259253125 0.11669444531249999 0.1417688265625 0.118497978125 0.1831929109375 0.1353111828125 0.22953727656249998 0.1811302890625 0.429134978125 0.2091803515625 0.429200696875 0.3354856671875 0.40669940625 0.4234375 0.3837358421875 0.4234375 0.377673396875 0.4174628921875 0.3358056359375 0.34487725468749997 0.216734825 0.3361220875 0.215026728125 0.3282582515625 0.208465209375 0.3157549359375 0.21598564062499997 0.3053923328125 0.215576475
9 0.5450495921875 0.0710986953125 0.4628838578125 0.11786251249999999 0.387145959375 0.1547823421875 0.340625 0.18309492968750002 0.340625 0.18341974218749998 0.36503029374999996 0.24911688125000003 0.38004945 0.2772784921875 0.47110643750000003 0.421875 0.4742100953125 0.421875 0.5683892890625 0.34930889375 0.6176826609375 0.3063761515625 0.66875 0.278957146875 0.66875 0.27494201875 0.6682292078125001 0.269663765625 0.6448110375 0.2369230359375 0.5891986578124999 0.11860255312500001 0.565060590625 0.073010803125 0.558269009375 0.06713275468749999 0.5450495921875 0.0710986953125
9 0.10157782500000001 0 0.1240188109375 0.02451156875 0.17996078437500002 0.0748853046875 0.273443059375 0.17707000625 0.300436046875 0.213638384375 0.3068235203125 0.2171875 0.3119804734375 0.2171875 0.33794789375 0.1957253578125 0.344731884375 0.1830103453125 0.3811695796875 0.159765584375 0.4609375 0.09069192499999999 0.4609375 0.08868435625 0.4429397046875 0.044236690625000005 0.4122933125 0 0.10157782500000001 0
9 0.7 0 0.6092570734375 0 0.605017025 0.0026042046875 0.5546875 0.0299003015625 0.5546875 0.03071664375 0.56215908125 0.054286021875 0.5573386765625 0.06283108281250001 0.5593060578125 0.0679576609375 0.5902357046875 0.11942745937499999 0.615805975 0.1721281890625 0.678281275 0.275 0.68008393125 0.275 0.7 0.2638873734375 0.7 0
1 1 0 0.7 0 0.7 0.0244782203125 0.73161685 0.0622059765625 0.7531378921874999 0.0829411 0.7716972515625 0.095053765625 0.8605647828125 0.12362392656250001 0.9784281015625 0.165625 0.987703 0.165625 0.994439240625 0.16453264375 1 0.16127345312500002 1 0
9 1 0.22015203749999998 0.9859529671875 0.21505549687499997 0.9793977187499999 0.216118503125 0.9703738671875 0.2289235234375 0.9608620671875 0.2650049421875 0.952478003125 0.2798350765625 0.9424197375000001 0.310426021875 0.9364722437499999 0.322438540625 0.93446746875 0.340161590625 0.9343179890625001 0.3818087796875 0.930100440625 0.4301351984375 0.939225515625 0.43419785156249996 0.9984785796875 0.44349214843749996 1 0.4435907265625 1 0.22015203749999998
9 0.8173380140625 0.1080008125 0.8128887640624999 0.1082084421875 0.802574665625 0.1199380328125 0.781231940625 0.16219569375 0.7785980546875 0.1749188296875 0.7893439484375 0.178094671875 0.797839909375 0.1771574125 0.80122548125 0.18035226875000002 0.8245646609375001 0.190295059375 0.8480798015625 0.19628193124999999 0.8710990875 0.20521216562500003 0.8910633718750001 0.2089853015625 0.908084553125 0.2214942171875 0.9165990953125001 0.2379151921875 0.9257747765625 0.250411684375 0.9291710265625 0.250631740625 0.94627485 0.2626500953125 0.9549725546874999 0.265625 0.96106745625 0.265625 0.967273553125 0.24863731093750002 0.96875 0.2398732265625 0.96875 0.2336518828125 0.9678334718749999 0.227845153125 0.9458592828124999 0.1981541953125 0.9278598421875 0.1652493703125 0.918396296875 0.142815925 0.8648427984375001 0.12298078906250001 0.8173380140625 0.1080008125
9 1 0.15975452968749998 0.99098840625 0.16506307656250002 0.9803144796875 0.1643714734375 0.9550345859375 0.154302934375 0.922477015625 0.14376285 0.918027765625 0.14397048125 0.9289361703125 0.1694730375 0.9652150109375001 0.2248866046875 0.9669690859375001 0.23194306875 0.9698801578125 0.23213168906249998 0.9724926890625 0.22535815312500002 0.9824762187499999 0.2155908046875 1 0.22076978593750002 1 0.15975452968749998
8 0.7 0.42115286718749995 0.711815925 0.4293294375 0.736847890625 0.44086965625 0.751801496875 0.44375 0.7954733984375 0.44375 0.8129596250000001 0.44034615625000006 0.8441470765625001 0.42699353906250004 0.866281421875 0.41206250468750005 0.8902232281250001 0.389313940625 0.909489209375 0.362295090625 0.9221279796875 0.3338550078125 0.9278702515624999 0.3114149734375 0.9296875 0.2909706421875 0.9296875 0.2797408265625 0.9290007656249999 0.26685585624999997 0.9244716484375001 0.2442462140625 0.9081543156249999 0.21591361562500003 0.899607740625 0.20841703906250003 0.895086528125 0.20614043125 0.8699398875 0.2040151703125 0.8353696375 0.1908651 0.8231788874999999 0.18462014843750002 0.8203611375 0.18096616875 0.8007167468749999 0.17820559062500002 0.7818161390625 0.171029965625 0.7645869656250001 0.17140136875 0.7532518968749999 0.1746342484375 0.736155975 0.18294892812500002 0.71507463125 0.1974522734375 0.7 0.2125920984375 0.7 0.42115286718749995
1 0.10250739375 0.5890625 0.1043567578125 0.614834628125 0.106726003125 0.7412486078125 0.109039159375 0.7656574703125 0.119061384375 0.7966652484375001 0.1255942984375 0.827571775 0.1437045921875 0.8814172906250001 0.14793788593749999 0.8884949140625 0.184034703125 0.8912810406249999 0.2207942890625 0.8975637921875 0.2556873984375 0.8985762953125 0.29549448125 0.903125 0.29687854062499996 0.903125 0.3565254828125 0.886433646875 0.359375 0.8842013999999999 0.359375 0.8840225859374999 0.3592572765625 0.8789785671875 0.34882800468749997 0.7807294062500001 0.3338950609375 0.5890625 0.15054585 0.5890625 0.14851360156249999 0.5894559375 0.14798317656249999 0.5890625 0.10250739375 0.5890625
2 1 0.7348670453125 0.9986070609375 0.73473951875 0.9954366890624999 0.7289888890625 0.9816731093750001 0.7293972531249999 0.9784839062499999 0.725262790625 0.9671851921875 0.7225093625 0.9534121953125 0.7237258093750001 0.93551854375 0.73128935625 0.8642357781250001 0.736492971875 0.8406880609374999 0.7430838468750001 0.797722696875 0.7491104125 0.794420521875 0.754672940625 0.8008554125 0.7580933734374999 0.8007800968750001 0.764558034375 0.8217499796875 0.770825946875 0.8523157125 0.78707300625 0.8765312843749999 0.7926268859375 0.9109086843749999 0.8140625 0.9193309796874999 0.8140625 0.926467590625 0.813478665625 0.98330950625 0.7973467421875 1 0.7960312703125 1 0.7348670453125
1 0.7 0.7479544484375 0.70099400625 0.7482432640625 0.9145615093749999 0.8484375 0.9182913375 0.8484375 0.928125 0.8148271796875001 0.928125 0.8110418312500001 0.90394739375 0.8116806593749999 0.8858059046875001 0.8013296640625001 0.8439220703125001 0.7790615093750001 0.8230046671875 0.7658230484375 0.7964210328125 0.7566301078125 0.7810064203125 0.7533753421875 0.7502916078124999 0.7370453609375 0.72517765 0.7222815468749999 0.7182051828125 0.7178687265625 0.7 0.7085577296875 0.7 0.7479544484375
7 0.82711130625 0.5890625 0.8262828328125 0.5916311578125 0.820567565625 0.599885440625 0.8120110125 0.61086394375 0.790750378125 0.627086834375 0.7848880125 0.647967409375 0.7902437015625 0.670577396875 0.7957138031250001 0.683366934375 0.796905625 0.701645725 0.79533788125 0.715634125 0.7895572375000001 0.7295000968750001 0.7950436828124999 0.7408867125 0.8074535671875 0.75 0.8115373859374999 0.75 0.8301511843749999 0.741906990625 0.8568655734374999 0.7398765609375 0.873733521875 0.7389633718749999 0.8920384515625 0.7352851546875 0.9047261875 0.7314436890625 0.9201734859374999 0.7318926109375 0.9314078875 0.7322191015625 0.9708100109375 0.7263472078125 0.981195821875 0.6789335578125 0.9871235640625 0.6524412984375 0.99917984375 0.5890625 0.82711130625 0.5890625