4 0.38367121718749997 0 0.384804865625 0.0149606171875 0.413850446875 0.063495353125 0.447519378125 0.075 0.49145571875 0.075 0.5438633296875001 0.0384228625 0.5522871828125 0 0.38367121718749997 0
4 0.26945110781250003 0 0.2584093015625 0.06251910468750001 0.2693788890625 0.1403281796875 0.24897172343750001 0.17231594687500001 0.264641284375 0.21171712187499997 0.3450607109375 0.2375 0.34856615 0.2375 0.3919407375 0.18431345937500002 0.4140625 0.0993338765625 0.4140625 0.07452008437499999 0.413607565625 0.06851637031249999 0.3911356140625 0.0397777875 0.37871523906250004 0.0432557296875 0.3750085359375 0.0612940953125 0.364728203125 0.0595363078125 0.3706798375 0 0.26945110781250003 0
4 0.0700423828125 0 0.0362955375 0.10509551406249999 0.078754765625 0.12978276875 0.133480875 0.1154887359375 0.14219455 0.13004915625 0.1624324109375 0.1359375 0.2218995015625 0.1359375 0.24193981875 0.10727020937500001 0.25 0.05315049375000001 0.25 0.0484036796875 0.2449572671875 0.013180557812499999 0.235000253125 0 0.0700423828125 0
4 0 0.2840933734375 0.026290159375 0.2834873328125 0.0625 0.26312555937500004 0.0625 0.233171240625 0.012528903125 0.101881659375 0 0.093326534375 0 0.2840933734375
10 1 0 0.8114739656250001 0 0.8124101734375 0.004344892187499999 0.8408572718749999 0.0845808609375 0.890123903125 0.0890625 0.9188340109375 0.0890625 0.9804917078125 0.07844152343750001 1 0.07764281875 1 0
10 1 0.07561357656249999 0.9783423765624999 0.07745029375 0.91256846875 0.0930278921875 0.9083757734375 0.122559753125 0.9139804234375 0.19343373749999998 1 0.23555086093750002 1 0.07561357656249999
10 0.65 0.27844072343750004 0.78319994375 0.269097984375 0.790625 0.26019351875 0.790625 0.25302786093749996 0.78901105625 0.23762524218749997 0.7671190109375 0.23733340625000002 0.7497020531249999 0.2275908734375 0.7079274625 0.1592538765625 0.698901359375 0.055727365625000004 0.65 0.0401901765625 0.65 0.27844072343750004
10 0.65 0 0.65 0.046923543750000005 0.706482653125 0.0504662203125 0.7284724687499999 0.034304946875 0.7555999250000001 0.032402209375000005 0.783867865625 0.04138364375 0.797714484375 0.0546875 0.8026164078125 0.0546875 0.8052819796874999 0.054500534375 0.8140625 0.038085690625 0.8140625 0.0295844265625 0.8129993593750001 0.006447834375 0.8070594796874999 0 0.65 0
10 0.7844174203125001 0.269589578125 0.8925749406250001 0.2620033328125 0.8818474000000001 0.2481368765625 0.879007109375 0.15148593593749998 0.8832921171875 0.14022121406250002 0.9114677484375001 0.1309355109375 0.9096647125 0.0963421078125 0.8495118375 0.07863293437499999 0.8265770781249999 0.051003810937500005 0.8104906859375 0.0539594828125 0.7858397390625 0.04472435 0.7261593359375 0.0489103765625 0.7035992765625 0.0596295625 0.6975057734375 0.07102113437499999 0.6978750140625001 0.1440896953125 0.705961634375 0.169105553125 0.73860143125 0.219809659375 0.7643928609375 0.2399289671875 0.781527428125 0.22959033125 0.7947571515625 0.2341444734375 0.793991365625 0.26160860625 0.7844174203125001 0.269589578125
8 0.5887904125000001 1 0.5882645359375 0.9877413046874999 0.5857320609375 0.974840990625 0.5796782828125 0.9612556718749999 0.5718487062500001 0.9501909000000002 0.5662741578125 0.9455589328125 0.559317315625 0.9421959140624999 0.5224394625000001 0.933134653125 0.516779146875 0.9304956921875001 0.514498884375 0.92680165 0.5071586890625001 0.9065175890624999 0.5014075906250001 0.8966610249999999 0.49108585624999995 0.8853910625000001 0.4811273375 0.8785956031249998 0.4685908921875 0.8735879593749999 0.44015812499999996 0.8648763374999999 0.2885402328125 0.8207373624999998 0.2736528796875 0.8172646109375 0.2480754859375 0.8132326890625 0.2316444078125 0.809040221875 0.161334353125 0.787621025 0.152006425 0.7855443156249999 0.142057975 0.784972128125 0.134677340625 0.788586809375 0.1280736046875 0.7956729828125 0.12191885 0.8052406546875 0.113730990625 0.8233079 0.10683965937499999 0.8420992 0.09744601875 0.8788579468750001 0.094237459375 0.8881249656249999 0.09109445000000001 0.907348346875 0.087694175 0.9203527984375001 0.0875932421875 0.931307834375 0.0912608125 0.9429435375 0.10216266874999999 0.9644097703125001 0.10732353593749999 0.9700447499999999 0.1117680421875 0.9729539890625001 0.129470409375 0.9806092718750001 0.15573893125 0.9901056968749999 0.18903965 1 0.5887904125000001 1
8 0.2348789203125 0.7021895640625 0.236947409375 0.6727785953125001 0.2358627796875 0.668565690625 0.2111581578125 0.6600375640625 0.1389310546875 0.6393988328125 0.1306726328125 0.6382991 0.1235240734375 0.6386735187499999 0.114599715625 0.6415684828125 0.10942368437500001 0.6448955265625 0.103778490625 0.6454924953125 0.099929275 0.6438174968749999 0.09832501406250001 0.642352028125 0.097588478125 0.6393777015625 0.0957773765625 0.6384137390625 0.0829432671875 0.638887953125 0.076929803125 0.6379977578125 0.07404414375 0.6390441593749999 0.07238941875 0.643056209375 0.0696248296875 0.6455941140625 0.0470188234375 0.650720734375 0.043926321875 0.65226864375 0.041676309375 0.65504645625 0.03302935625 0.6766068890625 0.028110551562500002 0.69835081875 0.0271267734375 0.707578784375 0.0276463625 0.7170293015625 0.029346457812499997 0.72272503125 0.0323884921875 0.726654640625 0.037080196875 0.729559540625 0.054187275 0.7359805843749999 0.06434758125 0.745261878125 0.0681160828125 0.74594254375 0.073660384375 0.744102659375 0.0762332546875 0.7453021890625 0.0809552078125 0.754678940625 0.0869585609375 0.7615438218749999 0.0909288515625 0.7647103265624999 0.0973509390625 0.7675848515625 0.19055451875 0.796568209375 0.248348309375 0.8132283453125 0.25220241250000003 0.8140625 0.269257828125 0.8140625 0.27173121093749997 0.8115732187500001 0.27698294375 0.800029896875 0.2871434125 0.7605193734375 0.2875 0.757045453125 0.2875 0.753518225 0.2817454578125 0.7489140453124999 0.247894553125 0.7283485140625 0.242012275 0.7229751328124999 0.2383345953125 0.7173141140625 0.23599379687500002 0.712874321875 0.2348789203125 0.7021895640625
8 0.558143115625 0.744691640625 0.5499553390624999 0.7383629765624999 0.5414043890625 0.715361853125 0.5336202250000001 0.7018069078125 0.523999728125 0.690026759375 0.5130978296875 0.68075848125 0.483257575 0.66385661875 0.45702439687499996 0.6456467484375 0.43768752187500004 0.6300541468749999 0.415278328125 0.6162580375 0.4057385453125 0.605472225 0.39372678437499997 0.5947298 0.36373015625 0.5728519234375 0.3509313890625 0.56461269375 0.34059954531250003 0.559317415625 0.335040121875 0.5579213734375 0.3283657796875 0.5580385265625 0.318926846875 0.5606935859375 0.310844978125 0.5648184515625 0.3007602921875 0.5717167890624999 0.288259109375 0.5823916109375 0.276660946875 0.5950420828125 0.2665863296875 0.6081636875 0.2510531421875 0.633330125 0.24077669687499997 0.6561638484375 0.23766903281250001 0.6666737859375 0.236377521875 0.675160340625 0.23507585937500003 0.7018195374999999 0.23594353906249999 0.7125086328125001 0.2409530453125 0.7223782156249999 0.249468734375 0.7296968749999999 0.26798835468750004 0.7413208171875001 0.3017787203125 0.7611406 0.3140679671875 0.7661525828125 0.329913821875 0.775334078125 0.3586795171875 0.7942463078124999 0.39738860468750004 0.8167180671875001 0.4217299703125 0.8329696406250001 0.43208199374999995 0.838513503125 0.44606126875 0.8429979453125 0.45534883906249995 0.8445774859374999 0.4662860796875 0.8451323171875 0.49071831093749996 0.8442055859375 0.5079061015625 0.8516209625 0.5126835765625 0.8525328546875001 0.5249425765625 0.8510729859375001 0.53091568125 0.8514660140625001 0.5383013296875 0.8570619468749999 0.548138778125 0.8623659015625 0.5617080890625 0.8671875 0.5711130296875 0.8671875 0.5773837828125 0.8658355734375001 0.5850317921875 0.8624651374999999 0.591095721875 0.857877815625 0.6008171953125 0.8465049734375001 0.6040610562500001 0.8407224640625 0.607476453125 0.8309539375 0.6078125 0.82734059375 0.6078125 0.8115428125000002 0.6066340484375 0.8053281281250001 0.599919390625 0.7927501593749999 0.5958683875 0.788589325 0.5768594265625 0.7739867171875 0.56550353125 0.7530263328125001 0.558143115625 0.744691640625
3 0.65 0.39852808125 0.6485464765625 0.3969364703125 0.6405604859375 0.39309364375 0.6207745874999999 0.3872175 0.597936546875 0.3833864296875 0.5699022968749999 0.3826338234375 0.5522856578125 0.3851834890625 0.5409700375 0.3891161765625 0.5386594875 0.3911482359375 0.5343864375 0.40864888906249996 0.53130400625 0.4164200671875 0.5290539921875 0.41919787812500003 0.5239939375 0.43920172187500006 0.52367609375 0.444434996875 0.5220415468749999 0.44869563125 0.522656971875 0.4623764078125 0.5192970140625001 0.4880759828125 0.5163961078125 0.522480321875 0.5112452296875001 0.54746451875 0.50680068125 0.55675323125 0.507965903125 0.5985543343749999 0.503495959375 0.659373625 0.504398940625 0.6735472312499999 0.5060385015625 0.6784972093749999 0.520335578125 0.68994633125 0.5274084375 0.6977881937499999 0.534662903125 0.70786730625 0.5437587171875 0.7253822328125 0.5469066984375 0.72756741875 0.5569101296875 0.73125 0.5826853625 0.73125 0.58455643125 0.7308895609375 0.5938944687500001 0.7269915843750001 0.6063905984375 0.7193041046875 0.6126815484375 0.7144638624999999 0.619017909375 0.70713344375 0.6223021265625001 0.7018481015625 0.627039284375 0.6900648734375 0.629738321875 0.6775706046875 0.63944483125 0.6141700203125 0.6416041046875 0.59197665 0.64424774375 0.55135338125 0.64329441875 0.5060634296875 0.6438140875 0.49111803906249996 0.6493534140625 0.4678695890625 0.65 0.46436994375000007 0.65 0.39852808125
8 0 0.536949725 0.0008985078125 0.53784033125 0.0139949390625 0.54059770625 0.059227090625 0.5427910015624999 0.095595425 0.548625015625 0.11124454843750001 0.5523333312500001 0.179925115625 0.5750258203125 0.20826705781250002 0.5887177921875001 0.2154105625 0.59133071875 0.2394492484375 0.6038535359375 0.24686012812499997 0.6067107078125 0.25995656093749997 0.60946808125 0.2634173296875 0.6094073359375 0.26865389687499996 0.6068260406249999 0.28739560468750003 0.5845905390625 0.3068889734375 0.568565290625 0.32167041875 0.5615845109375 0.3291923015625 0.5597099156249999 0.337370009375 0.5598153109374999 0.345007909375 0.5624195593750001 0.3522724859375 0.5665239890625 0.383484925 0.5881315859375 0.399466975 0.6020405109375 0.4132847828125 0.6167342375 0.427359225 0.625 0.435305253125 0.625 0.4372932203125 0.6227852046875 0.442358290625 0.61199196875 0.4533360109375 0.57645010625 0.4657617 0.5130017921875 0.4671875 0.49941458125000004 0.4671875 0.4852698828125 0.4662662875 0.4826225203125 0.46095911406249995 0.4782347953125 0.4142892265625 0.4613794015625 0.39477070625 0.4557475 0.359093540625 0.4431800328125 0.3421277140625 0.4384990765625 0.3265138890625 0.43827526875 0.293460021875 0.433627765625 0.24534726562500003 0.4294935296875 0.2207788390625 0.42569283437500005 0.193834271875 0.426165790625 0.1681912875 0.4243754578125 0.144838671875 0.4203044828125 0.1149025390625 0.4113703125 0.10254769999999999 0.40859992187499994 0.07907906718749999 0.40005010468749996 0.047074568750000004 0.383933040625 0.039522440625 0.379335784375 0.0347760234375 0.375 0.0171460671875 0.375 0.018031349999999998 0.38294920781249997 0.01752684375 0.38893257187499997 0.013420318749999998 0.393236596875 0.0104740828125 0.405735203125 0.00991405625 0.4201834265625 0.01182600625 0.434588259375 0.010852256250000001 0.4622374515625 0.0061755953125 0.48696438437499995 0.0027854296875 0.49399415312499995 0.0039608421875 0.505424659375 0.006917107812499999 0.5113472765625 0.007118892187500001 0.5138331125000001 0.005363275 0.5166022453125001 0 0.51970805 0 0.536949725
8 0.0303265296875 0.359375 0.0313306515625 0.36538223593749997 0.032889496875 0.3693378796875 0.036895089062500004 0.3759888921875 0.043332301562499995 0.38209934375 0.0624774984375 0.3892314265625 0.0991939234375 0.39630401718749997 0.135864934375 0.40586678593750003 0.220557878125 0.42454414218750003 0.2835680984375 0.4261764453125 0.3173030234375 0.4300651796875 0.3247340828125 0.4331709359375 0.378799728125 0.44964757187500004 0.38102450781249997 0.44960852031250004 0.388692696875 0.44648666718749996 0.3993575484375 0.4375866453125 0.4060773015625 0.434979315625 0.4140683453125 0.4358348 0.5078859171875 0.4578125 0.51986208125 0.4578125 0.5223863390625 0.45584003281249996 0.5254334671875001 0.44458434375 0.5266039078125 0.43460628593750006 0.5345143203125 0.41007152812500003 0.536264925 0.3980917828125 0.5390625 0.39149950625 0.5390625 0.3836900265625 0.5326982890624999 0.3755010484375 0.5156517453125 0.3698257546875 0.4686791390625 0.36143956093749996 0.4590595484375 0.359375 0.0303265296875 0.359375
0 1 0.5570009703125 0.925244140625 0.56015625 0.911572265625 0.5640625 0.900830078125 0.57431640625 0.892041015625 0.597265625 0.892041015625 0.6216796875 0.900341796875 0.64755859375 0.912060546875 0.66220703125 0.926220703125 0.66953125 0.977001953125 0.67294921875 1 0.673160209375 1 0.5570009703125
0 0.86826171875 0.681494140625 0.862890625 0.682470703125 0.862890625 0.847998046875 0.88583984375 0.854345703125 0.9034359578125001 0.8625 0.9063984375 0.8625 0.917578125 0.839208984375 0.92490234375 0.828955078125 0.93759765625 0.816748046875 0.94931640625 0.810400390625 0.96591796875 0.796728515625 0.9671875 0.790888671875 0.9671875 0.755107421875 0.96591796875 0.745458984375 0.96005859375 0.727880859375 0.95224609375 0.714697265625 0.9244140625 0.690771484375 0.89365234375 0.681494140625 0.86826171875 0.681494140625
0 1 0.798687065625 0.992724609375 0.7970703125 0.977099609375 0.7970703125 0.951220703125 0.80439453125 0.937060546875 0.813671875 0.922900390625 0.8263671875 0.909716796875 0.8478515625 0.905322265625 0.85859375 0.902880859375 0.87275390625 0.901416015625 0.9015625 0.904345703125 0.9162109375 0.910205078125 0.93037109375 0.925341796875 0.9474609375 0.945361328125 0.96015625 0.956298828125 0.9640625 0.98037806875 0.9640625 0.994677734375 0.96162109375 1 0.959424603125 1 0.798687065625