8 0.5043248874999999 1 0.533616565625 0.9363644953125 0.55608915625 0.8785611687499999 0.575387009375 0.840964759375 0.54610445 0.8163872578125 0.4998739171875 0.8103972875000001 0.46469055781249996 0.8094044765625 0.43730882031249996 0.86457199375 0.3836216859375 1 0.5043248874999999 1
8 0.3483886765625 1 0.3956342859375 0.90188339375 0.4352504375 0.8242559734375 0.4189604125 0.7973150765625 0.408700784375 0.8209648140624999 0.39508461875 0.8151614374999999 0.3609111921875 0.8790593546875 0.3025964109375 0.9804335875 0.2922186875 1 0.3483886765625 1
8 0.11728413124999999 1 0.1193278453125 0.9888099531249999 0.108632253125 0.9499874640625 0.1283928265625 0.9391760265624999 0.12088321875000001 0.893432059375 0.0955093640625 0.8815984140625 0.0809829625 0.8647075734375 0.06844789375 0.8149110734375 0.0272959859375 0.7938051203125001 0.022270528125 0.7897525812499999 0.01969136875 0.8040656984375 0.0462220203125 0.818557765625 0.054091892187500004 0.8801224140624999 0.0377448625 0.8867842421875001 0.04606985625 0.9538926203125001 0.03590508125 0.9672654046875 0.0176427234375 0.9620292671874999 0.0068521218750000005 0.97921131875 0.076810428125 0.9968004 0.07959459218750001 1 0.11728413124999999 1
9 0.32575198437499997 0.839490678125 0.3856408328125 0.7229928250000001 0.302180065625 0.72385009375 0.2279168265625 0.733849840625 0.2179227609375 0.7378696296875 0.21361767812500002 0.8111860484375001 0.2329989828125 0.795754834375 0.236677934375 0.8177028609375 0.22372544687499998 0.8314159875 0.229262875 0.8531371218749999 0.2400913234375 0.8592808390625001 0.304986321875 0.8494916109374999 0.3107324625 0.8394579265625 0.32575198437499997 0.839490678125
6 0.65 1 0.65 0.7494852421875 0.62420844375 0.7479934703125 0.5792257249999999 0.7488191687500001 0.5436112453125 0.7494343515625 0.529350253125 0.758641153125 0.5020420671875 0.7461104437499999 0.4766492140625 0.7454777015625 0.4530389828125 0.7436941125 0.43195090468749997 0.7612001328125 0.41736749843750004 0.77791201875 0.4212740078125 0.8026319109375001 0.44776665781249997 0.8395257953125 0.4629190375 0.806879775 0.5385476312499999 0.8135112187499999 0.5781444734375001 0.8385398859375 0.5584217515625001 0.872677096875 0.5251395624999999 0.9588633828125002 0.541493603125 1 0.65 1
6 0 0.55 0 0.664620959375 0.02302951875 0.66180936875 0.039812664062499996 0.6718921765625 0.060009353125 0.6778253765625 0.091300053125 0.6702723453124999 0.11204671718749999 0.6714723203124999 0.1165222015625 0.6802580828125 0.1073625203125 0.694441375 0.12050456406250001 0.7059019296875 0.14475962343749998 0.6926753453125001 0.18693578125000002 0.65766330625 0.2303065828125 0.6486354546875 0.2543340828125 0.6326370046875 0.26901234375 0.6056481609375 0.2486083578125 0.5857575265625 0.192436925 0.5646188249999999 0.1743133984375 0.55 0 0.55
3 1 1 1 0.9977777484375 0.935068934375 0.8857079203125 0.8960637171875 0.794650021875 0.8696329296875 0.7583708328125001 0.8572295375 0.7527865406250001 0.8026461453125 0.76997958125 0.7043342625 0.8325566640625001 0.6834064343749999 0.8580903 0.6882029328125 0.8857048031250001 0.7571180421875 0.9737368390625001 0.7703620640625 1 1 1
3 0.769387621875 1 0.7352549390625 0.9382593 0.6946434515625 0.892189684375 0.6888338843749999 0.872185803125 0.675035303125 0.8683037546874999 0.6743665984375 0.8579640921875 0.6941858234375 0.8385639812499999 0.75329914375 0.7983139328125001 0.749266884375 0.7825161875 0.7132030609375 0.7834884515625 0.65 0.8120784984375 0.65 0.8928859640625 0.6692234515625 0.9646389953125001 0.672544484375 1 0.769387621875 1
3 0.65 0.80933749375 0.667946096875 0.8052389812499999 0.7929953750000001 0.7371321421875 0.843355446875 0.7011871703125 0.8855554640625 0.6321696125 0.8851355921875002 0.602402571875 0.8752590968749999 0.580029884375 0.65 0.6140514796875001 0.65 0.80933749375
3 1 1 1 0.6818457828125 0.9668562328125001 0.655687046875 0.945317471875 0.6484994562499999 0.908336109375 0.658559434375 0.8219499703125 0.7193353328125001 0.8124702390625 0.735682315625 0.814094240625 0.760792925 0.86338346875 0.7548401390625 0.892795690625 0.7906690328125 0.9248827421874999 0.8678565765625 0.998696984375 1 1 1
3 1 0.5611898734375 0.8741366750000001 0.5801994078125 0.883358284375 0.5981964343749999 0.8854599343749999 0.6306925171875 0.8790571703125 0.6480662984375 0.8565430953125001 0.6723479890624999 0.8461458234375 0.697782684375 0.92742885625 0.6512012281249999 0.9528665921874999 0.6488508093750001 0.9747874703124999 0.6619467796875 1 0.6522300546875 1 0.5611898734375