5 0.269451203125 0 0.27716930156249997 0.01311898125 0.2970154921875 0.0191045703125 0.31805900625 0.0342110671875 0.360361834375 0.07370998125 0.36657831875 0.083458975 0.3773232 0.09391856562499999 0.393741975 0.1264844296875 0.40560980625000004 0.145096146875 0.407521009375 0.1570408859375 0.40651020625 0.182724228125 0.4087262359375 0.19216450937500001 0.415812675 0.20029531562499997 0.4470731234375 0.2254595171875 0.485471840625 0.24647975625 0.5184868484375 0.25564842187500003 0.5247754765625 0.25625 0.5405380578125001 0.25625 0.5517768078125 0.25544865625 0.5707304953125 0.24980888124999998 0.5862933765625 0.23885147031249998 0.60990899375 0.2162367171875 0.61875 0.20254570625 0.61875 0.1312729140625 0.615521415625 0.1274681546875 0.5598266453125 0.08187982031249999 0.520416540625 0.054160628125 0.46104868593750004 0.019002675 0.42623562968749995 0 0.269451203125 0
5 0.0960474890625 0 0.09780461093750001 0.013671557812499999 0.1040210921875 0.0234205484375 0.11529392187500001 0.0342820203125 0.1237855859375 0.0348169421875 0.1353406921875 0.029930401562499997 0.1454905734375 0.03263974375 0.150955984375 0.0390805140625 0.1801192875 0.049878028125 0.2059734765625 0.049947109375 0.21145352968750003 0.043628715624999995 0.2172682703125 0.0416698359375 0.26309417812499997 0.0515625 0.2633822375 0.0515625 0.2729697828125 0.0484962875 0.285595428125 0.031654346875 0.2859375 0.0300716234375 0.2859375 0.02627949375 0.274924921875 0.0221635375 0.27047821875 0.0160421421875 0.252186003125 0.004398225 0.249790453125 0 0.0960474890625 0
0 0.324335075 0.111280953125 0.3057233953125 0.114900659375 0.2462451390625 0.14305413125 0.175427575 0.18538006875 0.1741412328125 0.1880495453125 0.1770638265625 0.20669323906249998 0.1846337046875 0.22112111875 0.192701659375 0.22908690781250002 0.20741712968749998 0.23299123906250002 0.236238421875 0.2458088234375 0.2524560375 0.256329603125 0.2802214328125 0.268343421875 0.30515383749999997 0.28230545937499996 0.316681675 0.284375 0.33661933906249997 0.284375 0.33712027187500004 0.28429078125 0.3457680046875 0.2803836796875 0.3634871859375 0.26513860624999996 0.38541471718750003 0.23348545468749998 0.398694515625 0.205739403125 0.40625 0.184411875 0.40625 0.15105853281249998 0.3993030015625 0.1359658890625 0.38848374531249996 0.12453751875 0.34366064218750003 0.11048507968750002 0.324335075 0.111280953125
9 0.291423628125 1 0.2997417 0.9674000421875 0.32970052656250004 0.8379709953125 0.33780217968750004 0.7656159484374999 0.34093976718749996 0.709297809375 0.3461160515625 0.67471705 0.346875 0.66293875 0.346875 0.6347104765625 0.345421203125 0.6321241328125 0.341613471875 0.6302155765624999 0.1892115390625 0.6125 0.1874270828125 0.6125 0.16867972343749998 0.6604438015625 0.17151208125 0.662238978125 0.18105938906250002 0.6589509734375 0.18639268281250002 0.6600595734375 0.19558386249999998 0.669923596875 0.19999193906249998 0.67776568125 0.211334475 0.7152439203125001 0.2171627515625 0.769672403125 0.21203081875000002 0.8340656859375001 0.2135941828125 0.847929484375 0.2118876546875 0.8667882828125 0.20469157187499998 0.8869635421875 0.1925997265625 0.8992400249999999 0.1886233828125 0.907573421875 0.1808393046875 0.9139982609375 0.12584998593750002 0.9286179171875 0.1068614796875 0.925922003125 0.0994524328125 0.9265266921875 0.0953634296875 0.9289832484375001 0.10894090625 1 0.291423628125 1
6 0.61875 0.82898095625 0.61209755625 0.8226207406249999 0.5919519656250001 0.7997558640625 0.5657353781250001 0.7796057953125001 0.5466342140625 0.7710330390625 0.5199364906249999 0.7659750484375 0.481021909375 0.7751335921875 0.4591014859375 0.7950631953125 0.43932587031250003 0.8274582484374999 0.378003928125 0.8946041265625 0.365606109375 0.9268795015624999 0.35860989062500004 0.9363277984374999 0.3486316 0.9615547453125 0.340484846875 0.9659828453125 0.310829753125 0.9610697296874999 0.304333571875 0.9627578234375 0.3006072453125 0.9672111187500001 0.2949022140625 1 0.5908815374999999 1 0.5914992703124999 0.98978628125 0.583133003125 0.9594950453125 0.58722200625 0.9570384875 0.6059728437499999 0.9557976140625 0.6125315296875 0.95313949375 0.61875 0.9468823734375 0.61875 0.82898095625
10 0.61875 0.4796875 0.61875 0.539210715625 0.677532184375 0.5389503765625 0.7633933515625 0.5202344625 0.7744038921875 0.5100032531250001 0.7713589875 0.49073894375 0.763786809375 0.4796875 0.61875 0.4796875
10 0.766647240625 0.4796875 0.7728988453125 0.48881159218750003 0.7779466953125 0.5126690609375 0.8284373265625 0.5861503984375 0.8713217562500001 0.528924284375 0.8755940078125001 0.51825184375 0.8701988359375001 0.48950399375 0.8595797859375001 0.4796875 0.766647240625 0.4796875
10 0.63419600625 0.6606431484375 0.704739578125 0.6859498937499999 0.7209485515624999 0.6780872671875 0.733151628125 0.661038325 0.76552341875 0.59744491875 0.791585203125 0.5630498046875 0.7935071859375 0.5428938234375 0.7612398218750001 0.5371301890625 0.6999815453125 0.5481274859375 0.6917843625 0.5743627484375 0.6730745421875 0.5942307171875 0.6316838125 0.6016613234375 0.6224098671875 0.6363444484375 0.63419600625 0.6606431484375
10 0.802352078125 0.7146516921874999 0.81882740625 0.686930309375 0.8171256234375001 0.639359378125 0.8021439984375001 0.617285253125 0.75697891875 0.618789796875 0.7126704046875 0.6795733890625 0.693150175 0.6880304640625 0.7352007296874999 0.7134996390625 0.790380546875 0.7349608921874999 0.8036255796875 0.732583096875 0.802352078125 0.7146516921874999
10 0.61875 0.7583463671875 0.6321695968750001 0.750156171875 0.6907650984375 0.701665934375 0.61875 0.6520897453125001 0.61875 0.7583463671875
10 0.6257090062499999 0.8008433515625001 0.6344154359374999 0.8289967546874999 0.656251125 0.8531422359375 0.6907529828125 0.866759284375 0.72610005625 0.8686682171874999 0.780272728125 0.8523393046875001 0.8072606953125 0.8309852156249999 0.8190006796875 0.807415759375 0.817727178125 0.7894843546875 0.8029771 0.7706704859375 0.795347434375 0.73406921875 0.767236546875 0.7160030171875 0.7244565453125 0.703872090625 0.6851845390625 0.71752598125 0.6824173359375 0.749390084375 0.629865484375 0.7885407843750001 0.6257090062499999 0.8008433515625001