2 0 0.1709917984375 0.0311851203125 0.197769409375 0.046468503125 0.2390625 0.057398207812500004 0.2390625 0.09744739375 0.2331395734375 0.15 0.2381392515625 0.15 0.23553190468750002 0.12280267812500001 0.1404666546875 0.062504196875 0.14807273125 0.029762621875 0.15071152031249999 0 0.16447345625 0 0.1709917984375
2 0.7366268984375 0 0.7337021796875 0.0094012859375 0.727518165625 0.0319601171875 0.7193129734375 0.045328315625 0.737839040625 0.057860999999999996 0.7513576453125 0.05451895 0.7647486765625 0.06955817187499999 0.7784456578125 0.07874880625 0.7955659984375 0.0862684171875 0.8144417265625 0.0921170046875 0.8070634265625 0.0737357328125 0.8174646250000001 0.066216121875 0.8382304062500001 0.0837618828125 0.8628164609375 0.1079917390625 0.873509259375 0.1125 0.8861235140625 0.1125 0.8943331000000001 0.1113337875 0.9087731046874999 0.10632071406250002 0.9062640546875 0.0745712453125 0.9302748203124999 0.07791329531249999 0.9340915453124999 0.068722659375 0.9431342703125001 0.071229196875 0.9499809875 0.067887146875 0.9589675249999999 0.064492878125 0.9660452562499999 0.06370958593750001 0.9671875 0.06370958593750001 0.9671875 0.06334574531250001 0.9652986875 0.0620385609375 0.9671875 0.048460696875 0.9671875 0.0421608171875 0.9392159453125 0.018591921875 0.9447006421874999 0.0094012859375 0.9303072984374999 0 0.824011675 0 0.8232883421875 0.0027171875 0.8208225765625 0 0.7366268984375 0
5 0.6366908859375 0.201229109375 0.5900715390625 0.18368335 0.5792734265625 0.1828478375 0.5816844234375 0.1686441296875 0.5798380765625 0.1561114453125 0.578126396875 0.1569469578125 0.5626267765625 0.1343881234375 0.5384813421875 0.117677878125 0.51679770625 0.117677878125 0.4990217546875 0.12269095156250001 0.4769447515625 0.1302105640625 0.460050040625 0.15026285781249998 0.4409628703125 0.1803413015625 0.41796446718749997 0.1895319359375 0.44627983125000004 0.2062421828125 0.4779311375 0.22295243125000003 0.4932925453125 0.2162683328125 0.5072517703124999 0.22044589218750002 0.524506778125 0.24133370156249997 0.5452253078125 0.2438402375 0.5709512984374999 0.2622215078125 0.591009946875 0.275 0.5938500734375 0.275 0.6190602421875 0.2672345828125 0.6538218656250001 0.256372921875 0.6694018109375 0.2455112625 0.6869993843750001 0.2279655046875 0.68695213125 0.21292628281249998 0.6366908859375 0.201229109375
5 0.7995194578125 0.230846640625 0.773847815625 0.2592540609375 0.8017190109375001 0.2525699640625 0.80260025 0.2676091859375 0.8102074968749999 0.28125 0.8113676062499999 0.28125 0.8223465781249999 0.24087279218750002 0.8261125046875 0.2007681984375 0.8323839328125 0.17653834375 0.84936960625 0.17068975625 0.8613112 0.181551415625 0.865625 0.1737280421875 0.865625 0.173014328125 0.8457241625 0.16066361093749998 0.826804728125 0.155650534375 0.7912965359374999 0.1648411703125 0.784187575 0.1731962953125 0.7951239015625 0.2032747375 0.7995194578125 0.230846640625
5 0.9686973671875 0.309375 0.9783190328125 0.30021574218749997 0.9634821140625001 0.29687369218750004 0.984375 0.284697884375 0.984375 0.2830512859375 0.9496799875 0.2099804125 0.9675906046874999 0.21833553593750002 0.9742518546875001 0.1707113328125 0.984375 0.15166264375 0.984375 0.1495983078125 0.9672232171874999 0.14564596406250002 0.9753409937499999 0.133948790625 0.976918003125 0.1197450828125 0.9622122078124999 0.113896496875 0.9344213312499999 0.087160103125 0.9148935421874999 0.109718934375 0.8908863218749999 0.1222516203125 0.8703426234375 0.1164030328125 0.899539225 0.14815250156249998 0.8692133250000001 0.16987582031249998 0.8641255390625 0.1874215796875 0.8534148437500001 0.18491504375 0.8490736312500001 0.2041318265625 0.8640452171875002 0.2208420734375 0.8379731140625001 0.225019634375 0.8332385343750002 0.25175602812500003 0.8427254234374999 0.277656909375 0.8622603078125 0.2868475453125 0.8738924046874998 0.2876830578125 0.8979941296875001 0.305228815625 0.9051676109375 0.309375 0.9686973671875 0.309375
8 0.36875 0.8120789937499999 0.3274159578125 0.8839339625000001 0.3046589609375 0.9268405578125 0.28546736250000004 0.9217178640625001 0.242366309375 1 0.3285866671875 1 0.35790997343750003 0.9352707828125 0.36875 0.912758921875 0.36875 0.8120789937499999
8 0.047705503125 0.6931522296875 0.04512634375 0.7074653468750001 0.0716569953125 0.7219574140625 0.0795268671875 0.7835220625 0.0631798375 0.790183890625 0.07150483125 0.85729226875 0.06134005625 0.870665053125 0.0430776984375 0.865428915625 0.032287096875 0.8826109671874999 0.102245403125 0.9002000484374999 0.1197464515625 0.9203125 0.12066019218749999 0.9203125 0.14023033125 0.9170265656249998 0.1447628203125 0.8922096015625 0.134067228125 0.8533871125000001 0.153125 0.8429601921875001 0.153125 0.838294634375 0.14631819375 0.7968317078125 0.12094433906249999 0.7849980624999999 0.10641793749999999 0.768107221875 0.09388286875 0.718310721875 0.0527309609375 0.69720476875 0.047705503125 0.6931522296875
9 0.36875 0.62627488125 0.3268093203125 0.626705675 0.25254608125 0.636705421875 0.24255201718750002 0.6407252109374999 0.2382469328125 0.7140416296875001 0.25762823749999997 0.698610415625 0.261307190625 0.7205584421875 0.2483547015625 0.73427156875 0.25389213125 0.755992703125 0.2626074546875 0.7609375 0.2726684921875 0.7609375 0.3296155765625 0.7523471921875 0.33536171875 0.7423135078125 0.35038123906249996 0.742346259375 0.36875 0.7066147125000001 0.36875 0.62627488125
8 0 1 0.0972978734375 1 0.11261987656250001 0.917270028125 0.1100597171875 0.9203822359375 0.11068554531250001 0.9165729671874999 0.1068358859375 0.903977940625 0.09028030000000001 0.8966669953124999 0.0519729578125 0.8873455625 0 0.8764133656249999 0 1
8 0.223482725 1 0.20099209375 0.9876707484375 0.175333828125 0.9609403703125 0.1255722125 0.949284490625 0.126406596875 0.959447996875 0.1162228203125 0.9840216875 0.1358885390625 0.9834872015624999 0.1537675765625 1 0.223482725 1
6 0 0.59077708125 0.00416559375 0.590820303125 0.0247985515625 0.567770553125 0.04802951875 0.56493436875 0.0648126640625 0.5750171765625 0.08500935312499999 0.5809503765625 0.116300053125 0.5733973453125 0.1370467171875 0.5745973203125001 0.1415222015625 0.5833830828125001 0.1323625203125 0.597566375 0.1455045640625 0.6090269296875 0.1697596234375 0.5958003453125 0.21193578125 0.56078830625 0.25530658281249996 0.5517604546875 0.2793340828125 0.5357620046875 0.29401234375 0.5087731609375 0.27360835781250004 0.4888825265625 0.21743692499999998 0.467743825 0.175722625 0.4340961765625 0 0.4555495234375 0 0.59077708125
0 0.9230415953125 0.35442941562499997 0.9165819609374999 0.34086886875 0.9067170156250001 0.3301969984375 0.8341122859375 0.3390439390625 0.8339698984374999 0.34499825 0.8361288890624999 0.34968264375 0.8432693140625 0.3542547921875 0.8495902687499999 0.36387426093749997 0.8593687546875 0.37257768125 0.8719586578125 0.3903387171875 0.89006738125 0.4232591765625 0.8879840375000001 0.43489220937499995 0.8760938390625 0.45118344375 0.86538084375 0.45842579062500005 0.8554873140625 0.46062081718750003 0.8430250640625001 0.4606551109375 0.833916334375 0.45681754999999996 0.8269776249999999 0.44381012656249996 0.8181226171875 0.43301519375 0.809913728125 0.4122465953125 0.7890408718749999 0.3999475625 0.7771554 0.3880376546875 0.7768607046875 0.379662865625 0.78353308125 0.37093388437499997 0.7843178796875 0.36490129531250004 0.7709085078125 0.3521875796875 0.76832885 0.3470596984375 0.3938636734375 0.39268855625 0.3940955921875 0.4678618078125 0.400925565625 0.5061145671875 0.40241637656249996 0.5484811328125 0.4052514328125 0.5723782734375 0.4046746546875 0.584322478125 0.3941996203125 0.62666285 0.390288234375 0.685519575 0.3839278890625 0.7031159796875001 0.3754605546875 0.7175058953125 0.373752275 0.725629996875 0.37358523125 0.735050540625 0.3779552140625 0.7458972296875 0.3810376828125 0.7484901093749999 0.3911565671875 0.7526993328125 0.39572480312499997 0.753125 0.40604876562500003 0.753125 0.44574431875 0.7455530265625 0.551976034375 0.7326086125 0.8346239499999999 0.703609971875 0.8681891374999999 0.6940778140624999 0.8822556562500001 0.682963609375 0.9071675515625 0.6542012453125 0.923501796875 0.6225260984375 0.9316571 0.5992687609375 0.9435173484374999 0.5537911187500001 0.9444345234375 0.5373527171875001 0.9546875 0.47364563906249996 0.9546875 0.4572452921875 0.95344710625 0.43928415625 0.9462137015625001 0.417901946875 0.9438403859375001 0.3929590515625 0.9404632234375001 0.381991384375 0.933455175 0.3670134234375 0.9230415953125 0.35442941562499997
0 0.36875 0.8971080546875001 0.37199438906250004 0.8956221890624999 0.3763060640625 0.8906440890624999 0.3833188375 0.8774209078125 0.401079278125 0.8579406468750002 0.42003425156249996 0.8299041375 0.421875 0.82465468125 0.421875 0.807817421875 0.420414040625 0.7981940640625 0.4086782765625 0.776370978125 0.40138184062500004 0.7673651171875 0.36875 0.741257828125 0.36875 0.8971080546875001
7 0.36875 0.9592341796875001 0.6500180125 0.9249614640625001 0.6521560515625 0.9232167015625 0.6893804890624999 0.9043332203125001 0.71034474375 0.8908942812500001 0.7867792546875 0.852885365625 0.8056711953125 0.83722520625 0.824459125 0.8186092390624999 0.8526725390625 0.7844971140625 0.86593061875 0.764575975 0.870992421875 0.752580015625 0.9085446421875 0.7005085578125 0.92088555 0.6970258218750001 0.9296649125 0.691503328125 0.9395584390625 0.6893083015625 0.943904784375 0.68531546875 0.9488452421875 0.6698710671875 0.9483945312500002 0.6570625703124999 0.9502588265625 0.6533721765625 0.94957173125 0.6480136859375 0.94426093125 0.638765875 0.9295183453125 0.6306673328125 0.9255644000000001 0.6316438703125 0.9173161171875 0.6380911453125 0.8987882140625001 0.6640966296874999 0.8824476625 0.6814248875000001 0.86596843125 0.6948120703124999 0.8507530750000001 0.701613540625 0.7355859812500001 0.7156467359375001 0.624782565625 0.7261797328124999 0.5991079312500001 0.73326618125 0.5362325015625 0.7740756328125 0.5140737125 0.7960708234375 0.50820346875 0.7992598484375 0.49521644062500003 0.8127162515624999 0.47919894999999996 0.8250576765625001 0.44977839375000006 0.8390322765625001 0.42303056874999995 0.8581234156249999 0.39164170625 0.8728326015625001 0.36875 0.89926253125 0.36875 0.9592341796875001