10 0.8303670203125 0.501037790625 0.812777253125 0.49687284375 0.7947889140625 0.499155234375 0.78229209375 0.506008771875 0.7733757765625 0.5257032421875001 0.7457531546875 0.564954659375 0.7435227453125 0.584051665625 0.7829215578125 0.5835680453125 0.797168371875 0.588031725 0.8045709125 0.5843330921875001 0.8460457671875 0.5134725203125 0.8303670203125 0.501037790625
10 0.6921315953125 0.659375 0.6973521859375 0.6516198046875 0.7447237875 0.5080161078125001 0.7900273390625 0.349749028125 0.796319996875 0.29890534375 0.7839842046875 0.2861718828125 0.78231339375 0.2792345546875 0.7949739015625 0.2244472375 0.7713356765625 0.2133987 0.7615456921874999 0.2132611734375 0.757247228125 0.2176947984375 0.7390938703125001 0.282084353125 0.7287469484375 0.279634384375 0.7198319625 0.28515546718749996 0.7022421953125 0.2809905203125 0.6903801656249999 0.308709778125 0.61875 0.5322033140625 0.61875 0.6524776921875 0.622146128125 0.659375 0.6921315953125 0.659375
10 0.648039746875 0 0.6328586078125 0.047595015625 0.6253755515625 0.0610871484375 0.61875 0.06355188125 0.61875 0.064875765625 0.6270450328125 0.082197865625 0.6230632984375 0.1041510453125 0.61875 0.09814606875000001 0.61875 0.524522134375 0.63902815625 0.460093265625 0.64133775 0.445376146875 0.632662971875 0.4356901171875 0.6359267421875 0.43101149687499996 0.6442042796874999 0.4329714734375 0.647149990625 0.42494668593749996 0.6342559296875 0.42407416875 0.6314712453125 0.4125119546875 0.66338966875 0.3971736921875 0.6857623109375 0.32397062499999996 0.6895051671875 0.3030511703125 0.67470275 0.282101659375 0.675181834375 0.2658608265625 0.6844953953124999 0.2538924078125 0.707816890625 0.2474213921875 0.7194387125 0.23490924687499998 0.74324461875 0.1555038421875 0.741494625 0.1441866265625 0.7270102656249999 0.1265832828125 0.7259769046875 0.1121648953125 0.7416583125 0.09625284687499999 0.769278271875 0.085348209375 0.7831318359375 0.0395656671875 0.7891037734374999 0.013722593750000001 0.7880598421875 0 0.648039746875 0
10 0.812298284375 0.659375 0.8127626109375001 0.6527801203125 0.8184943406249999 0.642144159375 0.845397665625 0.6343406859375 0.856066640625 0.5976166562499999 0.853043078125 0.587088165625 0.8393545328125 0.5707635390625 0.8416641265625 0.556046421875 0.8501818734375 0.5427992859375 0.8760505078125 0.5347508171875 0.8865597859375001 0.5034403984375 0.8871180531249999 0.49157945156249994 0.8700073734375 0.47117367187500003 0.8719989078125 0.45311038750000004 0.8774917578125001 0.44350814843749997 0.9018479453125 0.4372821296875 0.909649059375 0.4271361640625 0.9183278328125001 0.394302025 0.9006602156250001 0.371583803125 0.902651746875 0.35352051875 0.9071099078125 0.3436732828125 0.9296355875 0.33592354687500003 0.9390283296874999 0.32833501875 0.9486626109374999 0.2913659890625 0.9337810109374999 0.266036590625 0.9355336671875 0.24900703124999998 0.9415834562500001 0.2417172359375 0.9585371031250001 0.23918984999999998 0.9707158625 0.22899014687500002 0.993645440625 0.1580995234375 0.9938856484375 0.1428924109375 0.9412760453125 0.1249839609375 0.9269500515625 0.11614039375 0.92456260625 0.11230423437499999 0.9299776062499999 0.0841487171875 0.8942411374999999 0.0735063828125 0.8800735078125002 0.07342259375 0.8733862671875 0.088193446875 0.7017366218750001 0.659375 0.812298284375 0.659375
9 0.33329899687500003 1 0.380524978125 0.9706361671874999 0.3385330453125 0.9070304203124999 0.3239352578125 0.89217171875 0.1317188625 1 0.33329899687500003 1
9 0 1 0.0649276921875 1 0.10752202343749999 0.968148915625 0.070617009375 0.9194572031250001 0.0403157296875 0.8788781406249999 0 0.905575584375 0 1
9 0.4181946484375 0.6946391421875 0.3768973078125 0.6595581 0.273413934375 0.72808573125 0.3682685015625 0.7968179796875 0.45671134999999996 0.7324533859375 0.4181946484375 0.6946391421875
9 0.174607503125 0.7707744328125 0.2023178890625 0.8059345203125 0.264974871875 0.8571934375 0.3684582453125 0.78866580625 0.3175235390625 0.7590748781250001 0.27066491875 0.7294602359375 0.2376134875 0.7486716875 0.174607503125 0.7707744328125
9 0.20892162343749998 0.8140471734375 0.175997821875 0.76940783125 0.1386173125 0.7995125625 0.12218646875000001 0.8050421999999999 0.0751053453125 0.8433544375 0.10291060156250001 0.8744384390625001 0.1529598359375 0.9420728453125001 0.25941359375 0.8626598375000001 0.2395391421875 0.841039278125 0.20892162343749998 0.8140471734375
9 0.461323984375 1 0.4496603375 0.9770265078125 0.42981751093750004 0.95404725 0.4082681234375 0.9460215515625 0.3894993765625 0.9352626515625 0.3917740328125 0.95426858125 0.4079835078125 0.9582498125000001 0.415882690625 0.96907195 0.4322792125 1 0.461323984375 1
9 0.3898788640625 0.9189583046875001 0.3714896046875 0.8918950562500001 0.3448849234375 0.8675966265625 0.3522148734375 0.9028752859375 0.3798620109375 0.9407527671875 0.3898788640625 0.9189583046875001
9 0.5201523203125 1 0.514656359375 0.986157953125 0.4805319859375 0.9347330390625 0.46457436406249997 0.9782982515625 0.4752164921875 1 0.5201523203125 1
9 0.388615040625 0.914890121875 0.4002740703125 0.9392755015625 0.4285220609375 0.9513377640625 0.4434677140625 0.9512508140625 0.46327891718750003 0.975588765625 0.47598153749999994 0.9551371875000001 0.47373850781250004 0.9347725624999998 0.456391703125 0.9212883671875 0.38239079375 0.8904731234375 0.388615040625 0.914890121875
9 0.5681477312500001 1 0.5555437249999999 0.9804860312500001 0.535574403125 0.9629415578125 0.5094429468749999 0.9766787015624999 0.5214955156250001 1 0.5681477312500001 1
9 0.44157254687499997 0.9159405359375 0.46593419531249997 0.9198743390624999 0.49260212656249996 0.941455375 0.5124449531249999 0.9644346328125 0.53017124375 0.96161448125 0.5105497859375 0.929124353125 0.4693156921875 0.8913259203124999 0.44763980937500003 0.8887350046875 0.44157254687499997 0.9159405359375
9 0.38649850625000004 0.8890907140625 0.41626331250000004 0.89435159375 0.4459648734375 0.9023298656250001 0.4518423921875 0.8832765078125 0.3923760234375 0.8700373562499999 0.38649850625000004 0.8890907140625
9 0.4618276203125 0.862840740625 0.43917253125 0.8439533812500001 0.374997596875 0.85791185625 0.346338490625 0.8635126359375 0.366244565625 0.8837745015625 0.3991695015625 0.8699978328124999 0.41547385 0.8699029765624999 0.4598680703125 0.8886638625 0.4618276203125 0.862840740625
9 0.5847731890625 1 0.5895111156249999 0.980288415625 0.533710859375 0.9262725843750002 0.521134734375 0.941289378125 0.539397496875 0.9737874078125 0.5515625109375 0.9764336578125 0.5719661546875 1 0.5847731890625 1
9 0.61875 1 0.61875 0.9707965421875 0.6142522546875 0.9679178703125 0.5930191078125 0.9463052140624999 0.5687839546875 0.936936628125 0.5588935968750001 0.9532963078125001 0.5894794921875001 0.9816471109375 0.5929894625000001 1 0.61875 1
9 0.61875 0.8678693281250001 0.6101468156250001 0.8524682625000001 0.5791498078124999 0.841780503125 0.5798760234375 0.8689465125 0.6159915734375 0.893189609375 0.61875 0.8955173999999999 0.61875 0.8678693281250001
9 0.587365228125 0.8390156843750001 0.5546944218750001 0.7835067796875 0.5351983234375 0.8039978796874999 0.53981088125 0.8392923484375 0.5542821734375 0.8595858312499999 0.579812775 0.8716639031250001 0.587365228125 0.8390156843750001
9 0.47288806718750004 0.7962093203125 0.49462719687499995 0.7960828453125 0.5171557906250001 0.8204049890625 0.5388000500000001 0.8243546015625001 0.546415753125 0.7889889906249999 0.5398436421875 0.77951764375 0.44069048281249995 0.7787359890625 0.4600905734375 0.820736984375 0.47288806718750004 0.7962093203125
9 0.61875 0.8945688234375 0.55690469375 0.8636461093750001 0.5415163046875 0.8827548000000001 0.574914465625 0.9070137046875001 0.5868897343749999 0.917812128125 0.596400603125 0.9177567968750001 0.58638375 0.9395512578125 0.6172226390625 0.9570324953125 0.61875 0.9533399890625001 0.61875 0.8945688234375
9 0.4911180703125 0.8884820546875 0.51920794375 0.907337796875 0.52691738125 0.9263121078125 0.536459875 0.9248980796874999 0.562938059375 0.9546312890624999 0.5741871140625 0.9382637046875001 0.5648659874999999 0.9301668640624999 0.536965859375 0.9031589484375001 0.4999343484375 0.8599020171875 0.4911180703125 0.8884820546875
9 0.47573081874999995 0.8491747359374999 0.4945311890625 0.8585749406250001 0.5029996031249999 0.8449405562500001 0.492636021875 0.8232646625000001 0.47702740156249995 0.793468215625 0.4617022609375 0.8098595140625001 0.47573081874999995 0.8491747359374999
9 0.48941378281250003 0.78660359375 0.4756687046875 0.7934761203125 0.5002822124999999 0.844956365625 0.5138059203124999 0.8475947109374999 0.5301418921875001 0.846141159375 0.48941378281250003 0.78660359375
8 0.63029623125 0.659375 0.630525775 0.6878301453125 0.6294074953125001 0.696801284375 0.6252283984375 0.703535290625 0.6232347640625 0.7031922890625 0.6188052093749999 0.6916783125 0.61875 0.691432221875 0.61875 0.8222530234375001 0.6285329578125001 0.8207861968750001 0.6694946296875 0.8058410578125 0.6898146359374999 0.7944310453125001 0.7008407812499999 0.7856983640624999 0.7221182359375 0.7613797625000001 0.7468803671875 0.7254426421875 0.7531243 0.7086785421874999 0.758251634375 0.6766941390625 0.755592775 0.659375 0.63029623125 0.659375
8 0.9025152109375 1 0.919063421875 0.9666828984375 0.9339269 0.9428491375 0.9339084765625 0.9181655078125001 0.9321468703125 0.9113868625 0.926317584375 0.9019534968749999 0.9251808796875001 0.88624100625 0.9162396765625 0.885435778125 0.881924015625 0.89346043125 0.8798097546874999 0.8901643484375 0.885096240625 0.8863088359375 0.8877951906250001 0.8796867140625 0.8871610796875 0.87627874375 0.8722992812499999 0.875921059375 0.8601766390625001 0.8699256140625 0.8006398171875 0.854184334375 0.7514933515625 0.85049385 0.7411323109375 0.85127705 0.7338320859375 0.85429738125 0.7172874218749999 0.8733212234375 0.707317565625 0.895797671875 0.7088362453125 0.9208615953124999 0.716366821875 0.9355970656249999 0.72361595 0.9434420046875001 0.7481024796875 0.961339065625 0.8117355578125001 1 0.9025152109375 1
6 0.7652642296875001 0.659375 0.7611625125 0.663144190625 0.757253978125 0.6886183609375001 0.7481393734375 0.71991676875 0.7357227078124999 0.7430718734374999 0.719298665625 0.765048796875 0.7200936046875 0.7723942140625 0.722701246875 0.7756530046875 0.7434325421875 0.78642841875 0.7512152578125 0.795220425 0.764958775 0.80454925 0.7754806453125 0.8077034953125001 0.7918225921875 0.8079492953124999 0.7989913046874999 0.8138255109375001 0.812020296875 0.8177776437500001 0.8151012171875 0.82050695625 0.8228747203125 0.8169571484375 0.8261566796875 0.8246082687499999 0.8312513390625 0.8281727625 0.8386411921875 0.83946296875 0.852041265625 0.8646161671874999 0.8721677671875 0.8848176078125001 0.8757219656250002 0.8870174453124999 0.8801624140625 0.8866817875 0.9100778359374999 0.8799771515625 0.940133984375 0.87671778125 0.963534909375 0.8680370796875 0.970201025 0.861608778125 0.972342103125 0.7686312515625 0.976816903125 0.708555246875 0.9722086125 0.659375 0.7652642296875001 0.659375
2 0.82202668125 1 0.8172640343750001 0.9946197171875 0.801093809375 0.9864617296875 0.770383446875 0.9858209500000001 0.7573544546875001 0.98186881875 0.7511524046875 0.9754258312499999 0.7426149578125 0.96027276875 0.7385070640625 0.9566336859375 0.733512921875 0.9555300953125 0.729666378125 0.9582893609375001 0.7270880546875 0.9678645671874999 0.724166365625 1 0.82202668125 1
6 0.7276322671875001 1 0.7296043875 0.9810042671874999 0.7267555 0.9718393078125 0.7230823578125001 0.9424949390625 0.7172128625 0.9320772093749999 0.7111934265625 0.9058724 0.7110836968750001 0.8910696843749999 0.7160284156250001 0.878847096875 0.7301664765625 0.8614862734375001 0.740799759375 0.8552517906249999 0.754020578125 0.851783915625 0.77917389375 0.8375400453124999 0.7743623671875 0.8166746359375001 0.763327009375 0.8130655046875 0.760065153125 0.8059065640625 0.7502083875000001 0.794802834375 0.7453055531249999 0.783818334375 0.733555671875 0.774832509375 0.72661899375 0.762520646875 0.7188253875 0.7655782734375001 0.7012537484375 0.7836923437500001 0.68584746875 0.794237225 0.6528603375 0.8105543624999999 0.6367194281249999 0.8152303703125 0.6295800359375 0.82218815 0.6351429375000001 0.8977975078125 0.6485924296875 0.936276884375 0.6640062453125 0.962265265625 0.6917035328125001 0.9981865359375 0.6939158734374999 1 0.7276322671875001 1