9 0.308472621875 0.55 0.2883193859375 0.52948655625 0.21961689999999998 0.4484375 0.219446846875 0.4484375 0.19646027187499998 0.4604651796875 0.19082309687500001 0.46919245 0.158719475 0.4943758390625 0.1422380328125 0.502079390625 0.1131928890625 0.535939459375 0.096574459375 0.55 0.308472621875 0.55
9 0 0.46997698593750004 0.119526396875 0.41518798281249997 0.271875 0.33635700156250004 0.271875 0.3307904234375 0.2658883109375 0.313806609375 0.2453508921875 0.2623026484375 0.2234864015625 0.20944789843749997 0.2138490375 0.2149380140625 0.09974909062500001 0.27265931718749997 0.026947620312499997 0.3070456546875 0 0.319543509375 0 0.46997698593750004
9 0 0.3179609796875 0.0248373890625 0.3045725640625 0.09485821875 0.272919425 0.1498069015625 0.2467880234375 0.21875 0.211656325 0.21875 0.20842978906249998 0.1631126484375 0.0836892125 0 0.167719025 0 0.3179609796875
9 0.5 0.09636726875 0.492209865625 0.085599146875 0.46203508125 0.039585303125 0.3516949828125 0.1108698484375 0.2332975796875 0.1781257375 0.2398380671875 0.1889557796875 0.29054001406249996 0.2765625 0.29143751875 0.2765625 0.5 0.15120983906250002 0.5 0.09636726875
9 0.3305339546875 0 0.1801841796875 0.084342221875 0.200942965625 0.1263353140625 0.2342725578125 0.1765625 0.23660818749999998 0.1765625 0.273806546875 0.147647590625 0.346797759375 0.105109078125 0.4018729375 0.0735428921875 0.45625 0.0397327109375 0.45625 0.038106067187499995 0.4310927234375 0 0.3305339546875 0
9 0.038637453125 0 0 0.0274401265625 0 0.1569871484375 0.0446337375 0.1329946203125 0.11632950312499998 0.0877466203125 0.1828125 0.038032128124999995 0.1828125 0.03542094375 0.15596582812499998 0 0.038637453125 0
9 0.5 0.55 0.5 0.3531702015625 0.46903563281249994 0.31143464375 0.43064542812499995 0.26818561875 0.397530746875 0.29011446093750004 0.39996352343749997 0.3023269125 0.3779397765625 0.3146816484375 0.33781025 0.3461608828125 0.2891490625 0.39399189375 0.33948291406250003 0.44939803749999996 0.3899116375 0.500728096875 0.4435682640625 0.55 0.5 0.55
9 0.37824129375000004 0.55 0.3365588765625 0.4924312234375 0.323730896875 0.45990157500000006 0.3093861 0.43417330937500004 0.27930618906250004 0.38408337812500004 0.2525106265625 0.42635313124999996 0.2424632859375 0.39109028125 0.22893957656250002 0.3884519359375 0.191369321875 0.4267088421875 0.1541153078125 0.45137878750000004 0.1153761015625 0.4814914234375 0.09066658749999999 0.492503271875 0.108676359375 0.5358708671875 0.1419175359375 0.50850724375 0.1669116640625 0.4852671328125 0.215414734375 0.4442296 0.2683711015625 0.5036960234375 0.3112605625 0.55 0.37824129375000004 0.55
9 0.5 0.02031533125 0.4852558078125 0.014824110937500001 0.4675726359375 0.0046875 0.46656153749999996 0.0046875 0.4687617171875 0.023071140625 0.48497119218750007 0.027052371874999998 0.492870375 0.037874509375 0.5 0.0513228125 0.5 0.02031533125
0 0.5 0 0.5 0.104132040625 0.53573206875 0.086664271875 0.54702030625 0.0700561484375 0.55 0.0543254375 0.55 0.0416016984375 0.548113940625 0.0287941515625 0.5338140203124999 0.0023211921875 0.529310015625 0 0.5 0
6 1 0.1686704765625 0.9271576828124999 0.20724326875000001 0.8817683953125 0.22543967343750002 0.8609161953125 0.2309340453125 0.8583854093750001 0.2305493453125 0.8571722234375001 0.22608268437499998 0.8342068984375001 0.196997878125 0.8090735125 0.1861067109375 0.7924544046875 0.1853730375 0.7801274671874999 0.1904703390625 0.77108973125 0.2014453296875 0.7435780718749999 0.20423442656250002 0.7102120796875 0.21081421250000001 0.698934828125 0.2168677703125 0.6849990187499999 0.2305837640625 0.675634284375 0.23453795 0.6606597734374999 0.23674312031250003 0.65232136875 0.241152078125 0.6354480953125 0.278123284375 0.629746275 0.2959789390625 0.62916373125 0.3050524015625 0.6330712046875 0.3134141640625 0.6308674156249999 0.32005026718749996 0.64002331875 0.33319331874999997 0.6530976828125 0.3441435703125 0.6579737828125001 0.362511696875 0.664692328125 0.3772759921875 0.674827846875 0.38987084375 0.67994850625 0.4026992671875 0.6921600375 0.41670514843750006 0.6904824781250001 0.44542999375000003 0.6953475906250001 0.474352684375 0.6916283578125 0.491613421875 0.6955124734375 0.4994736984375 0.7229788015625 0.5172922421874999 0.730139746875 0.519974159375 0.7395402093750001 0.5275775078125 0.7598731843750001 0.5359375 0.77016931875 0.5359375 0.7842191796875 0.5265016984375 0.8227978765625 0.5131456671875 0.8562916406250001 0.49851874843750005 0.8718720515625 0.48774160312500003 0.8780877281249999 0.480918640625 0.880268159375 0.4737810515625 0.8866006203125 0.469465521875 0.9044095593750001 0.47416436875 0.9203169687500001 0.47040802656249997 0.94336196875 0.46883211406249997 0.968285140625 0.4752099078125 0.991516996875 0.4776458828125 1 0.4766303953125 1 0.1686704765625
0 0.8438862078125 0.1664819890625 0.8239902640625001 0.170926675 0.8098208828125 0.1796278046875 0.8080485109375001 0.18473609375 0.8142999140625001 0.18947066875000002 0.837193784375 0.19544040468749999 0.8482512156249999 0.217038646875 0.8569633359375001 0.22065346406250003 0.866631115625 0.228125 0.8695784171875001 0.228125 0.8832741796875 0.22445375625000002 0.9109375 0.211258840625 0.9109375 0.21023222812500003 0.9033899375000001 0.19235726875 0.8865716015625 0.17655565625 0.8680976781249999 0.1683697625 0.8438862078125 0.1664819890625
2 0.8564712406249999 0 0.86006985 0.0007823046875 0.8709170687500001 0.0178671734375 0.8734135109375 0.028304953124999997 0.8719447812500001 0.039932557812500005 0.8652976890625 0.048283334375 0.8590943828125 0.06616234374999999 0.852542103125 0.098129678125 0.8542700328125001 0.1046875 0.855236996875 0.1046875 0.8642164250000001 0.10060138125 0.8853475249999999 0.079514228125 0.9355991609375 0.0470192859375 0.9552381734375001 0.0370582546875 0.9609375 0.03169349375 0.9609375 0.0283118453125 0.9557849921875 0.0164272546875 0.9453348437500001 0.0078676484375 0.9247027421875 0 0.8564712406249999 0
0 0 1 0.09243615937500001 1 0.09178860625 0.9769174828124999 0.08810679375 0.9648084406249999 0.0810027421875 0.9520043312500001 0.07533480000000001 0.9477091625 0.080996115625 0.936640284375 0.08245721875 0.9292914140625002 0.073828828125 0.92482369375 0.069862440625 0.917158484375 0.07191180781249999 0.9083570953125001 0.0822858703125 0.9010321125 0.0892252 0.9009409703125 0.0935202703125 0.8957396859375001 0.0995610125 0.8787457 0.1 0.8741944203124999 0.1 0.8601703125 0.0755339859375 0.78218970625 0.0414381046875 0.77326400625 0.027938875000000002 0.7675211875000001 0.022732725000000002 0.7637485328125 0.0154198375 0.7464718343750001 0.00475458125 0.7428766015624999 0 0.7461005328125 0 1
0 0.248655140625 1 0.25707376718749997 0.9705929453125 0.2652962203125 0.9195295828125 0.2671875 0.8696426796875001 0.2671875 0.8530338953125 0.265964578125 0.8085536937500001 0.262978384375 0.7855819515625 0.25318596250000003 0.7760903671875 0.2133397796875 0.7564218671875 0.1336349140625 0.7250137765625 0.12630953125 0.715665984375 0.124677084375 0.6947555515625 0.120919534375 0.69156293125 0.111886725 0.7088781281250001 0.1074210640625 0.7244771109375 0.10247448750000002 0.73211843125 0.10031776875000001 0.750330003125 0.103608415625 0.81495005625 0.10159729531249999 0.83862173125 0.10250250624999999 0.8708886203125001 0.10042815000000001 0.8955478171875001 0.09507715312500001 0.9249720546875 0.09321825781250001 0.9694678890624999 0.09543897031250001 0.9889258 0.09494735625 1 0.248655140625 1
1 0 0.746495003125 0.003000678125 0.744159146875 0.0153358734375 0.7448781015625 0.022553903125 0.763636075 0.0286203953125 0.7694412828124999 0.061172814062500004 0.7792682265625 0.068080525 0.7796708406249999 0.070674040625 0.7778395953125 0.09068167187500001 0.7438179953125 0.10511034687500001 0.7273128984375 0.11530056562499999 0.6996575218750001 0.115625 0.6972716359375 0.115625 0.6772682734375 0.0989209796875 0.5842187812499999 0.0951950515625 0.5805324015625 0.08137963125 0.579727171875 0.056981315624999994 0.581774334375 0.04275485 0.5873879734375 0.01002596875 0.6112516796875 0 0.6222565078125 0 0.746495003125
1 0.23228061093750002 0.6717955734375 0.219034334375 0.66210268125 0.1969699546875 0.6509046234375 0.18420458906249998 0.6491693921875 0.143669415625 0.6557276421875 0.1158047453125 0.6655024 0.11388185625 0.6723287515624999 0.1163364015625 0.680401446875 0.127222990625 0.6805403671875 0.1327012203125 0.6877980921875 0.13730661093750002 0.70095216875 0.14257013125 0.72703025625 0.1695685890625 0.7385158953125 0.19287273437500002 0.7458213984375 0.249640384375 0.7719277828125 0.260084309375 0.7789793328125001 0.2632535921875 0.7836244703125 0.2650250125 0.794630959375 0.267271475 0.8368880624999999 0.268530365625 0.8404306515625001 0.2692727703125 0.840625 0.27133536875 0.840625 0.2902777984375 0.8179093015625 0.29375 0.799414375 0.29375 0.7869527328125001 0.29097266093749996 0.768389603125 0.27448060937499996 0.72431099375 0.2607026796875 0.69971905625 0.23228061093750002 0.6717955734375