9 0.138036575 0.1126654421875 0.11613652187500001 0.12245160937499999 0.0995995703125 0.13003721875000002 0.0815878640625 0.1349654140625 0.06306275312500001 0.13807289843749998 0.0473557296875 0.1408858734375 0.057274178125 0.152266975 0.06056238125 0.1619980328125 0.068170746875 0.175260625 0.0843811046875 0.193950221875 0.092879584375 0.20501113593750003 0.100416825 0.21523531562499998 0.1064629390625 0.2221009046875 0.1114867078125 0.2296875 0.11357822656250001 0.2296875 0.1698099578125 0.21290343906250003 0.20052455937500002 0.19751020156250002 0.2233256484375 0.1859897828125 0.2265625 0.1839285390625 0.2265625 0.181411690625 0.2208345875 0.1700837421875 0.213210225 0.16619463750000002 0.194449440625 0.149177346875 0.17054359531250002 0.12356024218749999 0.151285759375 0.1054234234375 0.138036575 0.1126654421875
9 0.1697423140625 0 0.1440714328125 0.029356231249999996 0.1583087609375 0.0373279515625 0.17866250156250002 0.0417814609375 0.202458290625 0.0520445546875 0.2586879046875 0.0708454421875 0.30727686875 0.0986705953125 0.327598925 0.103125 0.3290724453125 0.103125 0.3984375 0.00370038125 0.3984375 0.0022997234375000002 0.392464371875 0 0.1697423140625 0
9 0.225413840625 0.32268010625 0.2576970703125 0.3623481890625 0.263558246875 0.36639853906250003 0.27753760625 0.3631441828125 0.2730229875 0.3704309390625 0.2820563484375 0.38125 0.2851872765625 0.38125 0.3685795984375 0.3572164625 0.3867894453125 0.34993316406249997 0.4 0.3524790625 0.4 0.34767657500000004 0.38771948125 0.32653056875 0.29782473125000003 0.2444521703125 0.23257656093749998 0.259162096875 0.190964490625 0.26745636093749997 0.1877372203125 0.268152325 0.225413840625 0.32268010625
9 0.17863506406250002 0.2815433765625 0.1658252640625 0.266484721875 0.15420871249999998 0.2509014375 0.1356186546875 0.22924803749999997 0.0682924921875 0.26709842500000003 0.07024122499999999 0.268875175 0.1075607140625 0.300969228125 0.11995097343750001 0.3152718390625 0.10695582031249999 0.3266283171875 0.061835845312500005 0.356139721875 0.091078046875 0.3921875 0.09479949374999999 0.3921875 0.155695740625 0.3659274953125 0.1857321125 0.34439144375 0.21836909218749997 0.31378505 0.20559664687499998 0.3003222109375 0.1929549515625 0.29244484375 0.17863506406250002 0.2815433765625
9 0 0.391897375 0.01007654375 0.38354199375000003 0.0450447546875 0.3666897046875 0.11875 0.3161711046875 0.11875 0.31513673125 0.035232153125 0.2393358390625 0.0282908375 0.24369686875 0.024130665625 0.2800896609375 0 0.2846961953125 0 0.391897375
9 0.012229226562499999 0 0.010996878125 0.0320141265625 0.008796275000000001 0.05928863125 0.065844234375 0.0706836125 0.15140271562500002 0.0796875 0.1515625 0.0796875 0.1515625 0.0776762390625 0.14857861562500002 0.07051390156250001 0.14573635000000001 0.053050392187499996 0.14550070937499998 0.042983782812499996 0.145293346875 0.0341251515625 0.1451613859375 0.028487859375 0.15053343125000002 0.0154133015625 0.1515625 0.0092311546875 0.1515625 0 0.012229226562499999 0
5 0.5890625 0.1949642046875 0.6299827453125 0.2156911984375 0.6424424156249999 0.19210939375 0.672939640625 0.181697528125 0.6744934640625 0.133813378125 0.675 0.1156758953125 0.675 0.0840138203125 0.6603281359375 0.0789082953125 0.639285959375 0.0531466703125 0.5994268484374999 0.053752226562500005 0.5890625 0.0461848046875 0.5890625 0.1949642046875
5 0.7373962671875 0.1322747921875 0.7142023046875 0.1331649234375 0.713511171875 0.1579123328125 0.6984782296875001 0.15733408124999998 0.6958117859375 0.17915382500000002 0.703624775 0.20565419375 0.7221769890624999 0.22365614374999998 0.703703159375 0.253244665625 0.7331661484375 0.26435887187499996 0.7766395765625 0.2671875 0.7885394546875 0.2671875 0.8379703296875001 0.2487849109375 0.8407200843750001 0.2433655484375 0.86875 0.22094414218749997 0.86875 0.21972950624999998 0.8027578953125 0.1993082953125 0.7757848703125 0.19595376874999998 0.7662563625 0.1533466953125 0.7769955890625 0.144848278125 0.755781859375 0.1174759828125 0.7373962671875 0.1322747921875
5 0.5890625 0.3135210921875 0.5978818390625 0.3171875 0.6038074984375 0.3171875 0.6125107140625 0.30260934375000004 0.646880171875 0.250462334375 0.6637168703125 0.2523575796875 0.671875 0.24500771875 0.671875 0.243054803125 0.651953265625 0.220001884375 0.6475762375 0.19452483125 0.625151790625 0.218258025 0.5890625 0.20003935468749998 0.5890625 0.3135210921875
8 0.8195416546875001 0.475 0.8265625 0.392765340625 0.8265625 0.38186956875 0.8240283187500002 0.3160187765625 0.81424495 0.25540065312500004 0.75677469375 0.262457990625 0.7766746796875 0.4492957609375 0.8177382359375001 0.475 0.8195416546875001 0.475
10 0.250645121875 0.4890625 0.2476335625 0.49173327968749997 0.23066252343750002 0.5115462453124999 0.22190056875000003 0.51722704375 0.22229880937500002 0.5381294234375 0.2307013703125 0.5678076359374999 0.2406735796875 0.5770355609375 0.2538458171875 0.5822058343750001 0.2735028578125 0.6061452375 0.28174230312500004 0.6104345296875 0.2937847890625 0.6086605484375001 0.3411165890625 0.608056784375 0.36866284375 0.595466125 0.46248406875 0.58183079375 0.4897429421875 0.574723684375 0.4976123921875 0.567072071875 0.5043520859374999 0.552476209375 0.5050334703125 0.548975075 0.5023298234375 0.5435611437500001 0.518884975 0.54118423125 0.5305857078125 0.5364308265625 0.540501425 0.5277357953124999 0.540625 0.5265897140625 0.540625 0.5177965828125 0.52548768125 0.5007009421874999 0.5187252265625 0.4890625 0.250645121875 0.4890625
6 0.24870948906249998 1 0.2473602359375 0.9988472859375002 0.22625993281249998 0.9739456843750001 0.217073609375 0.95922260625 0.21043206093750003 0.9434445046875 0.21063894374999997 0.9299964875000001 0.2152278671875 0.9184380593749999 0.2402491140625 0.878023971875 0.24551942031250001 0.8629644125 0.246956321875 0.835546665625 0.242515675 0.806274134375 0.2326197203125 0.7860907125000001 0.21238580312500002 0.7636584265625 0.18172918124999998 0.7120928453125 0.1764807625 0.7077339359374999 0.1660644171875 0.7069805859375 0.158403971875 0.7106441609375 0.148962753125 0.7292860734375 0.1369329875 0.78781995 0.139930371875 0.8161302796874998 0.14612778906249999 0.8403829578125 0.140781228125 0.8663980125 0.13667316093749998 0.9162832703125 0.14460546093749999 0.9549345625000001 0.144215696875 0.9718721140625 0.145896209375 0.97780775625 0.15668466875 0.999961990625 0.156723959375 1 0.24870948906249998 1
1 0.5890625 0.6357626562500001 0.5815505265625001 0.6321658390625 0.5602715875000001 0.6296737328125 0.5505105015625 0.625917753125 0.5281561765625 0.6249443671874999 0.52432489375 0.6220461625 0.5116794015624999 0.6258257640625 0.5082442421875 0.6343699578125 0.507852359375 0.641847525 0.5094022421875 0.650275690625 0.5220258484375 0.6659145578125 0.559916428125 0.6839527078125001 0.5709640234375 0.691661915625 0.5865765359374999 0.6977711828125 0.5890625 0.699280871875 0.5890625 0.6357626562500001
6 0.5890625 1 0.5890625 0.852428971875 0.58072189375 0.8600671390624999 0.54378455 0.8808427218749999 0.5292516640625 0.8921347000000001 0.5009957796875 0.8992650171874998 0.48950405156250004 0.9000303859375001 0.4819198625 0.8927384640625 0.47002989062499995 0.8726014531249999 0.45399513281250004 0.8555482921875001 0.44444305 0.8478042765625 0.43402670781249997 0.8470509281249999 0.42631189062499997 0.8422515265625 0.41783307656249996 0.8235288109375001 0.40704673593749996 0.8108345578125 0.398308784375 0.8065568687500001 0.3868954328125 0.805826725 0.3791283640625 0.802024334375 0.3696546609375 0.7927848046875 0.3575316796875 0.7865943171875001 0.3496318640625 0.7758244671875 0.348293103125 0.7728682484375 0.3496558703125 0.7658659796875 0.3594127171875 0.75070199375 0.3830930828125 0.6978717046874999 0.383772346875 0.6849105890625 0.3806224453125 0.6785112484375 0.3680009625 0.6723323640625 0.3413691015625 0.66747536875 0.316811753125 0.670536428125 0.2794782859375 0.6798696140625 0.23857479375 0.68131955 0.230755475 0.6785141671874999 0.2217280234375 0.6702600453125 0.20915455 0.644164184375 0.2015703609375 0.6368722625000001 0.1932786625 0.6335799796874999 0.18073979375 0.6448255453125 0.1770695046875 0.6578562796874999 0.17717824531249998 0.674782228125 0.182955534375 0.69755099375 0.18211951875000001 0.7135031375 0.1864253 0.726348225 0.194325115625 0.7371180765625001 0.20975898750000002 0.7656368406249999 0.2276310125 0.78563461875 0.23545245 0.79789998125 0.24335650625 0.8275897984375 0.24414662968749998 0.841014609375 0.24179109531249998 0.86696005 0.20612261406250001 0.93002729375 0.20625748124999999 0.9464547359375001 0.234077709375 0.9856389249999999 0.24836029062499998 1 0.5890625 1
5 0.5890625 0.7364993265625 0.5736512234375 0.7687148359375 0.5493876156249999 0.79467229375 0.531889828125 0.8055353859375 0.520241346875 0.80929178125 0.4910689515625 0.824409771875 0.45646737656249997 0.8481183671875 0.4563367484375 0.8506108890625 0.4741586421875 0.8810656578125 0.48919332187500003 0.9015625 0.493009440625 0.9015625 0.50871644375 0.8961940015625001 0.5232514515625 0.89436200625 0.537050703125 0.8875681703125 0.5890625 0.85230159375 0.5890625 0.7364993265625
3 1 0.6265555078125 0.9880432953125 0.6280152578125 0.9657620828125 0.619339521875 0.9226964093750001 0.6141922375 0.8700171828125001 0.6176507843750001 0.8556271609374999 0.6312990453125 0.8488564249999999 0.6484763890625 0.839017259375 0.700216228125 0.8149774734375 0.806705771875 0.8037425765625 0.8487064796875 0.8027879484374999 0.8983706874999999 0.795597134375 0.9904162859374999 0.7952517109375 1 0.88744703125 1 0.904022328125 0.9732152562499999 0.9159037375000001 0.94699086875 0.9280679968750001 0.9276686218750001 0.9519520359375001 0.8781779078125 0.988417040625 0.783053809375 1 0.748868046875 1 0.6265555078125
3 0.75612186875 0.6769132125 0.738038796875 0.6855621015625 0.7198142984375 0.690759921875 0.7082174265625 0.6996078890625 0.7013364125 0.7019343953125 0.6927145234375 0.7104191562500001 0.6698549796875 0.7241104765624999 0.6617693250000001 0.7335207265625 0.6501118421875 0.7408896640625 0.647481875 0.7496719640625 0.6493971296875001 0.7964083687500001 0.6550246750000001 0.8121339875 0.6683093859375 0.8323130781250001 0.6848426703125 0.84664531875 0.7011335109375001 0.85506144375 0.7214515031250001 0.8609375 0.7460276171875 0.8609375 0.7610170078125 0.8571645515625 0.777551978125 0.8472182343749999 0.7881369874999999 0.837998325 0.7984997578125 0.8233553046875001 0.8078212015625 0.795461546875 0.82168593125 0.7689950234375 0.8308457484374999 0.737157184375 0.8346415046875 0.7203430484375 0.8309391953125 0.7029578921875 0.8417573875000001 0.687268315625 0.8468385984375001 0.665342475 0.846875 0.6614067859375 0.846875 0.655286140625 0.8424990359375 0.64456678125 0.8251449765625001 0.6466854718749999 0.8180105765625001 0.6549886328125 0.8109881375000001 0.65386406875 0.7802155140625 0.6690169453125 0.75612186875 0.6769132125
3 0.79001128125 1 0.7920550921875 0.9970358703125001 0.7965083078124999 0.9841052781249999 0.793981178125 0.9467575828125 0.8013209906250001 0.8948274015625 0.8011408453125 0.86611175 0.7952220296875 0.8554383921875001 0.7850831875 0.8512259625 0.7628516421875 0.8559220328125001 0.7359446421875 0.868125584375 0.714047296875 0.8688170421875 0.7079247609375 0.8774921453125 0.703947171875 0.8898691937500001 0.674590484375 0.9152542109375 0.669500015625 0.924794265625 0.667819746875 0.932431553125 0.671966534375 0.9606629328124999 0.6780469765625 0.97528036875 0.68646514375 0.9861440671875 0.7029981515625 1 0.79001128125 1