4 0.4796875 0.38085922031249997 0.446450103125 0.363710465625 0.3658936734375 0.3336833546875 0.28499746406250004 0.3434220390625 0.286362084375 0.33300379687500004 0.2792759234375 0.3280659546875 0.2200985453125 0.3163050203125 0.094235634375 0.2757610265625 0.039935809375 0.25518760625 0.032668796875 0.2450707859375 0 0.23089083124999998 0 0.382757709375 0.0322523046875 0.38163143437499997 0.09219145625 0.3657108609375 0.30449126249999997 0.406693275 0.339078078125 0.4072139078125 0.3758132109375 0.41975854375 0.3662992390625 0.444288825 0.3894649 0.46422104218750004 0.411786575 0.45998468593749997 0.44303274375 0.471875 0.45173014375 0.471875 0.4796875 0.4686226859375 0.4796875 0.38085922031249997
4 0.30095194531249997 0 0.25676196562500003 0.0183547515625 0.0981810625 0.0308062453125 0 0.05971495156249999 0 0.12871908906250001 0.08136171875 0.09361713125 0.1640445390625 0.08554448906249999 0.2421512234375 0.0949159671875 0.2834241375 0.13841390781250001 0.29926249843749997 0.146502978125 0.324976540625 0.1404197296875 0.3272235015625 0.10577262968750001 0.3400092765625 0.0759428015625 0.3563079859375 0.0477187296875 0.384375 0.021155103124999998 0.384375 0.0199993359375 0.3749646296875 0 0.30095194531249997 0
4 0 0.176118015625 0.074429053125 0.1422885109375 0.08745596718750001 0.11936398906250001 0.083159328125 0.0953159859375 0.0658357765625 0.09419250625 0 0.12010749999999999 0 0.176118015625
4 0 0.2265428015625 0.0477396765625 0.240625 0.0858528125 0.240625 0.112195484375 0.23970509375 0.1188596515625 0.23255864843750002 0.1910639421875 0.2213950609375 0.23594843281250003 0.2198276609375 0.2657179765625 0.23088710625000003 0.296550715625 0.222896678125 0.315625 0.2290880703125 0.315625 0.219707265625 0.28896034843749996 0.1540244703125 0.2760923625 0.1320042171875 0.2638875078125 0.1289735578125 0.153123115625 0.1743238953125 0.0823437265625 0.176795565625 0.0266190015625 0.1649140640625 0.0044178953125000005 0.1726030703125 0 0.17734068281249998 0 0.2265428015625
4 0.4796875 0 0.4793034140625 0 0.462484484375 0.0142186453125 0.42856079999999996 0.032687603125 0.32996290625 0.1294660296875 0.30039614375 0.1737093171875 0.308386575 0.20454205625 0.3497197703125 0.2497663265625 0.3878323140625 0.2671875 0.410951825 0.2671875 0.4277058859375 0.2556851484375 0.451611390625 0.1978121046875 0.4601005265625 0.143934275 0.4796875 0.10803696562500001 0.4796875 0
4 0 0 0 0.0573490296875 0.1151045015625 0.0245939484375 0.11875 0.010697387499999999 0.11875 0.0056297375 0.11530335 0 0 0
4 0.4796875 0.21309439375 0.450097903125 0.211764234375 0.430708246875 0.25046683281250004 0.41571387031249996 0.26654633437499997 0.39523909062499996 0.27417505625 0.354930734375 0.2582983375 0.329918178125 0.23497375156250003 0.281581034375 0.2366617234375 0.25331860625 0.26876043906249997 0.25482572187499997 0.3119186015625 0.26048698125 0.3255483609375 0.2866833015625 0.3332757234375 0.28699450937500004 0.3421875 0.2999406390625 0.3421875 0.30942696875000003 0.3411236546875 0.3176968953125 0.33046427343749996 0.362038821875 0.31335993281249996 0.3981108265625 0.306914975 0.40638075156250003 0.29625559218749997 0.4796875 0.268942146875 0.4796875 0.21309439375
4 0.13311440000000002 0.29009609375 0.171927484375 0.303125 0.179574515625 0.303125 0.1922314921875 0.3001307015625 0.1918095015625 0.288046415625 0.2111991578125 0.249343815625 0.23125 0.2296327203125 0.23125 0.22962723437500002 0.2257112578125 0.2194537015625 0.2031484421875 0.21678475000000003 0.1224330875 0.2317024140625 0.12452112343749999 0.242000090625 0.092444334375 0.263861415625 0.13311440000000002 0.29009609375
4 0.083404003125 0.117308978125 0.07746325 0.14517134062499998 0.1092039265625 0.1796875 0.11370866406249999 0.1796875 0.214626746875 0.1628510984375 0.2725984328125 0.140085503125 0.275 0.1304140875 0.275 0.12683591562500002 0.2572807046875 0.097409615625 0.2222116125 0.08307837031250001 0.11505879687500001 0.08336336562499999 0.084165775 0.08962746875 0.07910736406249999 0.093260975 0.083404003125 0.117308978125
6 0.4796875 0.36632373125 0.48161344218749996 0.36698607656250004 0.519889946875 0.3734375 0.534759109375 0.3734375 0.5837095171875 0.36909270312500003 0.58916065 0.35458872812500003 0.59957784375 0.3405775140625 0.60348988125 0.326422315625 0.6097863984374999 0.3135067109375 0.6125 0.28173559843749996 0.6125 0.2763502515625 0.6021926125 0.25357673125 0.5926508546875 0.243603021875 0.5716186515625 0.20791587812499998 0.56655019375 0.20340099375 0.5351577625 0.1912591359375 0.505448409375 0.1722633421875 0.48930678906249997 0.1681542 0.4796875 0.1682672828125 0.4796875 0.36632373125
2 0.8165769125000001 0.11249019062500001 0.7553280125 0.14853835312500002 0.6171320734375 0.21205608437499998 0.616290534375 0.2154830515625 0.6217154593750001 0.23156770781249997 0.6224245500000001 0.24969191093749998 0.6121744125 0.2872899953125 0.60975988125 0.3116236984375 0.5976672984375 0.3425195203125 0.5876974328125 0.35707661874999996 0.5875 0.3616225734375 0.5875 0.3660764828125 0.6002681062499999 0.366849378125 0.653545103125 0.36060142812499996 0.685574278125 0.3612720671875 0.6963517859375 0.3638459609375 0.7077282953124999 0.3704912546875 0.7356899140625 0.3767762359375 0.7594361468749999 0.3901653765625 0.7658193125 0.390625 0.7853551624999999 0.390625 0.8128648171874999 0.3874429453125 0.8364971171875 0.3817639484375 0.8795840765625 0.3619674953125 0.9009758828125001 0.34854374843749997 0.9043648906249999 0.3447137546875 0.9203125 0.1839932515625 0.9203125 0.17115065000000002 0.9186583140625 0.1602314625 0.90676981875 0.133475540625 0.8936494203125 0.11913477343750001 0.8817647687499999 0.097394190625 0.869050109375 0.0941265875 0.8165769125000001 0.11249019062500001
10 0.4796875 0.51875 0.79827926875 0.51875 0.7974108531249999 0.508045840625 0.798494928125 0.4971205046875 0.8046875 0.4845481203125 0.8046875 0.47748654999999995 0.7988129453124999 0.4585369 0.7956508734375 0.414593021875 0.7826783031250001 0.3987624359375 0.775176090625 0.3935045640625 0.7619155515625 0.3906842890625 0.7256024906249999 0.372537728125 0.7069285609375 0.3686788109375 0.6961472093750001 0.361089578125 0.6764307921875 0.35762871875 0.533033234375 0.37248673593750004 0.50746763125 0.382487359375 0.49332396875000006 0.3936213359375 0.4796875 0.4088084890625 0.4796875 0.51875
4 0.4796875 0.317085871875 0.50447908125 0.31827493906250004 0.536663771875 0.3274864359375 0.55136681875 0.328125 0.5639271265625 0.328125 0.5678929953125 0.3210567609375 0.56875 0.3151600359375 0.56875 0.309612496875 0.5643559406249999 0.306162421875 0.5530325515625 0.304035859375 0.545879115625 0.3003170796875 0.5275840140625 0.2724239640625 0.5276256 0.26189668125 0.520964925 0.2532118421875 0.5218973250000001 0.2387609875 0.5178675125 0.228832709375 0.5188076015624999 0.2244125296875 0.5218857921875 0.22371497499999998 0.5373337046875 0.22976126562500002 0.5463218890625 0.2301516296875 0.5497450125000001 0.2259778296875 0.5479480015625 0.21376362656249998 0.5351347953125 0.21148923437499997 0.535775384375 0.2050333546875 0.53021031875 0.2004691921875 0.5123485249999999 0.196875 0.5082520546875 0.196875 0.48914368125 0.19990479375 0.4796875 0.1992238953125 0.4796875 0.317085871875
2 0 0.6454863015625 0.0103866578125 0.63694985625 0.0328125 0.57420725625 0.0328125 0.5585129296875 0.031646434375 0.5391366859375 0.025326646874999997 0.5315782515625 0 0.5277281546875 0 0.6454863015625
2 0.2885026765625 0.6809888171875 0.30105570625 0.6974520609375 0.30780171093750003 0.7 0.3216740515625 0.7 0.326801778125 0.6992466515625 0.3453968234375 0.6852392515625001 0.374190075 0.6819789765625 0.3859460703125 0.66849138125 0.3875 0.66113656875 0.3875 0.657732521875 0.3747254078125 0.6101252515625 0.36705511875 0.6024015 0.3233198078125 0.605189696875 0.27271124375 0.6302049859375 0.27293667187500004 0.6478731515625 0.2885026765625 0.6809888171875
2 0.4796875 0.59389398125 0.4742490765625 0.5952603578125 0.43212389843750004 0.594174746875 0.37663259375 0.610450540625 0.3765625 0.615442990625 0.3765625 0.637986596875 0.38248545625 0.6464481296875 0.3918524234375 0.6489516984375 0.4796875 0.6542771125 0.4796875 0.59389398125
2 0.1960623953125 0.51875 0.1957009171875 0.598372434375 0.22235684843749998 0.6078125 0.23080141406250002 0.6078125 0.244232425 0.6056701046875 0.25 0.5972571734375001 0.25 0.59677824375 0.23708140156250002 0.5898681156250001 0.234370440625 0.51875 0.1960623953125 0.51875
2 0.05200506875000001 0.51875 0.0328330296875 0.5345068546875 0.0342882140625 0.5753939921875 0.053074482812500004 0.6007620453125 0.0800153421875 0.6109375 0.08684275625 0.6109375 0.092239028125 0.6055561468749999 0.1015625 0.5758896796874999 0.1015625 0.5537870484375 0.0841862890625 0.51908149375 0.0835343609375 0.51875 0.05200506875000001 0.51875
2 0.29383667812500003 0.84375 0.3077244078125 0.84375 0.339195559375 0.8357326734375 0.340625 0.8134947374999999 0.340625 0.80582665625 0.287373309375 0.7737535046875 0.24272021562499999 0.7696445187500001 0.23951808593749999 0.8194603296875 0.2440546515625 0.8335853171875 0.251898028125 0.8386163203125001 0.29383667812500003 0.84375
2 0.0716580734375 0.7742776296875 0.0325800765625 0.768137153125 0.0215164328125 0.7708537640625 0.0230581578125 0.8103945296875 0.1675618109375 0.8280831109375001 0.171875 0.818740878125 0.171875 0.8164671468750001 0.1655008203125 0.7966205859375 0.1478919609375 0.7741105906250001 0.1231502140625 0.7778668109375 0.10581912499999999 0.7933858953125 0.0753634015625 0.7801590640625 0.0716580734375 0.7742776296875
2 0.4796875 0.6931822875 0.47207085937500004 0.6913934984375001 0.45112098749999996 0.6996847749999999 0.42537491406249994 0.6978901843750001 0.3650008671875 0.7054264828125 0.3494529984375 0.7143790171875001 0.34048455 0.7268508671875 0.33975799375000004 0.7593291375 0.346303209375 0.7845557390625 0.3442784921875 0.8372296109375 0.35430360781250003 0.8506694828124999 0.3961691515625 0.8557942125 0.4537556515625 0.8492736593749999 0.477579615625 0.8386202624999999 0.47827196718750004 0.8278492765625 0.46069731249999996 0.7836319984375001 0.4796875 0.7691525984375 0.4796875 0.6931822875
0 0.683317990625 0.79227491875 0.6785433796875 0.8050910421874999 0.675524428125 0.8050491421875 0.6679634859375 0.799155278125 0.665030725 0.799603778125 0.6657202234375 0.8035269859374999 0.66353481875 0.8053719375 0.6555996000000001 0.8030603796874999 0.6512299828125 0.7981892171875 0.6472334453124999 0.7982968171875 0.566839859375 0.82066283125 0.5573328390625 0.8265435468749999 0.5749968359375 0.9270504890625 0.5797895953125 0.928125 0.5878616593749999 0.928125 0.6038002890625 0.9252949265625 0.647361975 0.90755435625 0.6760012890625 0.8905850796875001 0.701189521875 0.8796829671874999 0.714963125 0.8695193 0.72137649375 0.857459728125 0.721875 0.8554170265625001 0.721875 0.837724209375 0.7200010718750001 0.8239301046874999 0.713936034375 0.8122680734374998 0.7056855921875 0.8024509999999999 0.6958247249999999 0.79489453125 0.6861645640624999 0.7913360171875 0.683317990625 0.79227491875
0 0.7165564328125 1 0.7208686156249999 0.9979804015625 0.7537335046875 0.9879186421874999 0.78027479375 0.9647236515625 0.784375 0.95577925 0.784375 0.942382303125 0.7775215640625 0.9147865421875 0.7726926781250001 0.9044462171875001 0.75558848125 0.8813792609375 0.7460723625 0.8757843937500001 0.7339965640624999 0.8756167890625001 0.686726428125 0.8893922484375001 0.6613941515625 0.902330715625 0.5766002296874999 0.93393055 0.5784680234375 0.9417022171875 0.5780810875 0.9423565328125001 0.58821186875 1 0.7165564328125 1
2 1 0.888780134375 0.9758017171875 0.8776086921875 0.9698795312499999 0.8724713796875001 0.9488083187499999 0.84396810625 0.9397526656250001 0.8352813343750001 0.9336852406249999 0.8407414421875 0.9181583625 0.846641 0.8765282937500001 0.8268211390625 0.8698292265625 0.825831284375 0.8631868218750001 0.8308757421875 0.8547604234375001 0.845761071875 0.8412465734375001 0.8488348718750001 0.8327635140625 0.8576858875 0.812890575 0.8959757140625 0.8031111234375 0.9231539187500001 0.7963813359375 0.93626904375 0.778062159375 0.9662639531250001 0.7572718765625 0.9850543843749999 0.752037996875 0.9924013500000001 0.7520084718750001 0.9979452625 0.7584202390625 1 0.9708806593750001 1 1 0.9706630796875 1 0.888780134375
2 0.8936793218750001 0.7811475796874999 0.8874702390625 0.7715219046875 0.8656221500000001 0.74716609375 0.8509040609374999 0.7262521421875 0.8306652015625 0.70819679375 0.819483190625 0.69026715 0.8056269796875 0.674257209375 0.7964272796875 0.6676067906250001 0.792173375 0.6576821171875 0.78145063125 0.6452216359375 0.769203653125 0.6355121578125 0.7655235328125001 0.634564203125 0.759772528125 0.6389687625 0.7635081171875 0.6545120984375 0.75864731875 0.6668378234375 0.7589872953125 0.703043703125 0.7775507140625 0.7772528234375 0.7716732578125 0.863760509375 0.7739117453125 0.8936330781249999 0.7791691859375 0.92354754375 0.7832790468749999 0.9355085734374999 0.7857811531250001 0.9359375 0.793400440625 0.9359375 0.7976264375 0.9343216250000002 0.8053916671875001 0.9185302453125 0.8351585781249999 0.8565697703125 0.8410536265624999 0.8501288609375 0.8544812875 0.8465646578125 0.8658121140624999 0.828213671875 0.869463903125 0.8261444687499999 0.8772267453125 0.8274752265625 0.8958280421874999 0.8362129515625 0.9162404703125 0.8466880343750001 0.9284012640625001 0.8559071093749999 0.9615211343750001 0.8729997609375 0.98125 0.880173528125 0.98125 0.8756343624999999 0.9797788734375 0.8712148140625 0.9727929124999999 0.8657366 0.9670714328125001 0.8645972437499999 0.9598269078125 0.8576478265624999 0.9062710515625 0.7928186609375001 0.8936793218750001 0.7811475796874999
1 0.7206812906250001 0.51875 0.70961443125 0.5309148484375 0.7009294703125001 0.5443289734375 0.6989731031249999 0.55318904375 0.7051243250000001 0.565341471875 0.7413186171875 0.59707140625 0.757991878125 0.617686359375 0.7788919062499999 0.6366477609375 0.802464940625 0.6622505249999999 0.8153435671875 0.6784099671874999 0.8305492531249999 0.7078102390625001 0.85653673125 0.7385831671875 0.9153831312499999 0.80209968125 0.9746309453125 0.8736121125 0.9921389421875 0.88755285 1 0.88992281875 1 0.6505793203125 0.9644587390625 0.6243841109374999 0.9080834453125 0.5720720734375 0.8776094421874999 0.5500425609375 0.8694156640624999 0.5462598 0.848113028125 0.5278635515625 0.8343837734375 0.51875 0.7206812906250001 0.51875