10 0.3388008078125 0.6583729625 0.3559707734375 0.6404323468750001 0.387995246875 0.57194855625 0.38629346249999996 0.524377625 0.3656503109375 0.493414409375 0.3273741046875 0.47387129687499996 0.2395099859375 0.4879940515625 0.234091353125 0.5533523828125 0.22123979375 0.608488715625 0.261136821875 0.650853615625 0.305919771875 0.667577703125 0.3388008078125 0.6583729625
10 0.3804964234375 0.45 0.3801688453125 0.508968021875 0.38960472031250004 0.5237831765625 0.4252643046875 0.5537015046875 0.4796337125 0.5637518625 0.52079289375 0.5530610015625 0.5639898343749999 0.5238442859375 0.6141104546875 0.4504609015625 0.6138868937499999 0.45 0.3804964234375 0.45
10 0.6796875 0.5048257484375 0.6626329453124999 0.4962300671875 0.6305161625 0.468977546875 0.59563218125 0.473589125 0.5577146359375 0.529923565625 0.5421654921875 0.5706859718749999 0.5423622296875 0.5970652421875 0.5630401875 0.6049094453125 0.638469684375 0.6045753765625 0.6796875 0.5955907671875 0.6796875 0.5048257484375
10 0.31724282187499997 0.6853558921875 0.3272227515625 0.7314407015625 0.39607588437499996 0.7801636843749999 0.4206787765625 0.772445065625 0.43985168750000003 0.7590976078125 0.44566379375 0.7464978171875 0.4097726625 0.7133192328125 0.38500784375 0.6715395703125 0.40875416875 0.6045419 0.406519675 0.5966884875 0.3655920390625 0.6106396046875 0.3559707734375 0.6404323468750001 0.3404564375 0.6580757375 0.32413169062499997 0.6643082375 0.31724282187499997 0.6853558921875
10 0.5803834265625001 0.70745428125 0.5980512921875001 0.6729151609375 0.5952379328124999 0.6569111078125001 0.6008184953125 0.641051059375 0.585802059375 0.6420959500000001 0.5605854953125 0.66478294375 0.46533460625 0.7165518578125 0.4478982875 0.7543512328124999 0.47435354375000005 0.772714659375 0.48925420624999993 0.7700396406250001 0.5803834265625001 0.70745428125
10 0.6796875 0.6103831078125 0.6609190453125 0.6137524859375001 0.6527218625 0.6399877484375 0.6340120421875 0.6598557171875 0.5926213125 0.6672863234374999 0.5833473671875 0.7019694484375 0.59513350625 0.7262681484375 0.665677078125 0.75157489375 0.6796875 0.7447787375 0.6796875 0.6103831078125
10 0.564406 0.7185771625 0.5162421734375 0.74868555 0.48913843281249997 0.7684095125 0.48059393124999994 0.789754390625 0.49346818593749997 0.876592396875 0.5931070968750001 0.8157811718750001 0.6517025984375 0.767290934375 0.5794224359375 0.7175322718749999 0.564406 0.7185771625
0 0.371403375 0.83412033125 0.3620484640625 0.844054315625 0.3632061921875 0.8603555937500001 0.3708706640625 0.873837846875 0.3844630171875 0.8763504359375001 0.4912685 0.8456199671875 0.48140434374999996 0.8011652859374999 0.415410721875 0.8163145109375 0.371403375 0.83412033125
10 0.346765675 0.8649579640624999 0.374598859375 0.83189575625 0.3801794203125 0.8160357078124999 0.4395853328125 0.7789563671874999 0.4424334984375 0.77184140625 0.3977315140625 0.7798664609375 0.3728161109375 0.7595756828125 0.3008946125 0.7856945718749999 0.2318326265625 0.8756856687500001 0.23010737812499998 0.9222209203125 0.25101688437499997 0.9333253796874998 0.346765675 0.8649579640624999
10 0.19496915625 0.7815979078125 0.1960111125 0.796269059375 0.2047523484375 0.80130345 0.23136953437500002 0.8691651578125 0.23799204999999998 0.8679762609375 0.25281175 0.8405521015625 0.296159271875 0.7898464984375 0.3317727015625 0.7718966734375 0.3335789125 0.7501105609375001 0.3470554921875 0.7509930234375 0.33300004843750003 0.7419599234375001 0.31497351875 0.7006214906249999 0.234843490625 0.681988471875 0.219942828125 0.684663490625 0.2075082046875 0.6984521796875001 0.19496915625 0.7815979078125
7 0.3686127078125 0.960090615625 0.3881329390625 0.951633540625 0.3882835203125 0.9301446546874998 0.3671424703125 0.915779940625 0.350042121875 0.8874825281250001 0.3469972203125 0.8682182203125001 0.3370634453125 0.8700015656249999 0.27338528281249996 0.9177533453125001 0.2791625796875 0.9282725671875 0.30303602500000004 0.9338921953125 0.324408621875 0.95151716875 0.3495903765625 0.9519491875 0.3686127078125 0.960090615625
10 0.6796875 0.7714811125000001 0.6461220390625 0.78315098125 0.6433548359375 0.8150150843749999 0.590802984375 0.854165784375 0.5866465062499999 0.8664683515625 0.5953529359374999 0.8946217546875002 0.617188625 0.9187672359375 0.6516904828125 0.9323842843750001 0.6796875 0.933896275 0.6796875 0.7714811125000001
1 0.6796875 1 0.8207272437500001 1 0.8167601078125 0.971674834375 0.8143743562499999 0.9392865468749999 0.802672025 0.8926882156249999 0.799913740625 0.845330290625 0.792504540625 0.77813371875 0.7920694859374999 0.719223159375 0.78486798125 0.69846003125 0.7681368203125001 0.6769754875 0.7625420484375 0.66665194375 0.7530463453125 0.657939953125 0.7396206750000001 0.6503410109375001 0.7200146265625 0.6309375171875 0.7153829125 0.6285755390625 0.6937730125 0.6262082281250001 0.6796875 0.6212768000000001 0.6796875 1
2 1 1 1 0.9210537125 0.9938458046875001 0.9170865859374999 0.97804375 0.9115541859375 0.972739325 0.9062156874999999 0.9582876125 0.8981472515625001 0.9151022265625001 0.8339890578125001 0.8692161625000001 0.7749029390625 0.8620727234375 0.7551368203125 0.8499442421874999 0.7355157515625 0.8385224250000001 0.7108806265625001 0.8306383734375 0.7041191390625 0.82409974375 0.7033106953124999 0.8127502796874999 0.7056383265624999 0.7993147765625 0.7150175484375 0.7970156640624999 0.7355577671875 0.8076767359374999 0.858586840625 0.8166641015625 0.8842914984375 0.8179706578125 0.9067242015625 0.8227618281250001 0.9375444500000001 0.8260141671875001 0.9419439593749999 0.8273256390625001 0.9558875796875 0.832891375 0.9657126187500001 0.8263719500000001 0.9823808421875 0.8268717703125 1 1 1
9 0.86346685 0.72763204375 0.8574267265625 0.7268090953125 0.8546679765625 0.7308841609375 0.8552777031250001 0.7413527546875001 0.8669317968750001 0.769975915625 0.885947321875 0.7963874828125 0.9100059609375 0.8236510078125001 0.9235718875 0.842231553125 0.92647089375 0.8491380921874999 0.93895270625 0.866252134375 0.9454234328125001 0.88304173125 0.9548901015624999 0.8912552187500001 0.95785209375 0.8906696843749999 0.9585976234375 0.8691759703125002 0.9638006609375 0.8470532078125 0.9630457625 0.834092090625 0.959561146875 0.82570454375 0.9608342171875 0.80469483125 0.95359384375 0.8004113609375001 0.9314081671875 0.7795848796875 0.8994895953125 0.75454745 0.8793850421875 0.735158459375 0.86346685 0.72763204375
2 1 0.837975496875 0.9837797078125 0.82999335 0.97026201875 0.829387975 0.9636362859375 0.8270840187499999 0.9588303671875 0.8217310140624999 0.9601856234374999 0.8107058953124999 0.9526499859375 0.8099264625 0.9484828265624999 0.81554055625 0.946827390625 0.8385587921875001 0.9394029749999999 0.8482624578125 0.946081859375 0.8600525062500001 0.95176865 0.8633824812500001 0.9598992625000001 0.9000977531250001 0.9746413234375 0.913151234375 0.9894173328125 0.9182141390624998 0.9993244375 0.9254161109375 1 0.925769128125 1 0.837975496875