8 0.5296875 0 0.4431714578125 0 0.4408396546875 0.014745075 0.42185831875 0.0881412140625 0.41460195000000005 0.1321000515625 0.406883575 0.1610720421875 0.400628853125 0.204914553125 0.39797694843750003 0.2107373859375 0.39933163125000004 0.21609491093750002 0.404500340625 0.21800138750000003 0.44603661875 0.21267617187500001 0.44939459687500005 0.217801040625 0.4512306953125 0.2306229046875 0.4678086171875 0.26078401875 0.47862744843750005 0.2720613140625 0.49470034375000005 0.28125 0.49896290781249997 0.28125 0.5296875 0.2778479578125 0.5296875 0
9 0.23605268906250002 0.2178794640625 0.223555928125 0.313584615625 0.2213018359375 0.333399053125 0.22251502343750001 0.3375 0.22607839843750002 0.3375 0.271300615625 0.3341099375 0.281708946875 0.3233754984375 0.34151299062499996 0.288354478125 0.3451740390625 0.2277672828125 0.3484375 0.20191043749999998 0.3484375 0.187319734375 0.34654890156249996 0.1864968984375 0.30532088125 0.1887782140625 0.2648504390625 0.194982346875 0.2464483375 0.1991249 0.23962936875000002 0.202924928125 0.23605268906250002 0.2178794640625
7 1 0.1916483109375 0.7164344890625001 0.10312465156249999 0.704639428125 0.10072873593750001 0.6967768953125 0.1080357546875 0.6866211578125 0.1178449984375 0.674936896875 0.132290490625 0.6693692453125 0.154903875 0.6630369140625 0.175383234375 0.66194655 0.193959346875 0.661294346875 0.22647532343750001 0.668177315625 0.254585828125 0.6770252890624999 0.2741913546875 0.681612534375 0.278091196875 1 0.4289690359375 1 0.1916483109375
9 0.790613825 0 0.7862999125 0.0467582453125 0.9494180359375001 0.0828125 0.9521809781249999 0.0828125 0.962237009375 0.0201672546875 0.9734847875 0.0095904890625 0.9744544218750001 0 0.790613825 0
9 1 0.015095935937499999 0.9780084515624999 0.009210329687500001 0.9649505625 0.0194194109375 0.9290340484375001 0.16844059375 1 0.19039282500000002 1 0.015095935937499999
9 0.541065409375 0 0.5296875 0.00242430625 0.5296875 0.254957709375 0.6600517953125 0.226588146875 0.6592837578124999 0.188836940625 0.590751821875 0 0.541065409375 0
9 0.6790345265625 0.013777046875 0.6537001609375 0.042268714062500004 0.6468239062500001 0.0853925734375 0.8748981328125 0.085221684375 0.8779137328125 0.0690153375 0.784207978125 0.0440449234375 0.789558228125 0.0322702 0.6790345265625 0.013777046875
0 0.28637267187500004 0.45 0.2805820140625 0.464828440625 0.2824441546875 0.4738385359375 0.28828209843749997 0.4793193140625 0.3079553203125 0.47930414531250004 0.3403155265625 0.48789892031250004 0.348261415625 0.48133004843750005 0.359109125 0.47897084999999995 0.3624679078125 0.486167690625 0.3609141046875 0.4928785609375 0.3653068515625 0.49576474062500003 0.389338525 0.5015743203125 0.44624293593750003 0.5109375 0.4653632 0.5109375 0.4784678890625 0.4922491921875 0.487093675 0.4695667890625 0.4888938953125 0.45 0.28637267187500004 0.45
3 0.4223338109375 0.786967171875 0.387951403125 0.783075625 0.3575448 0.7756547609375 0.3339815203125 0.7718528234375001 0.32511599687500004 0.7729371234375 0.3045117046875 0.7684472453125 0.27846355 0.7668511296875 0.2636400359375 0.7727396453125 0.2553172171875 0.7694646890625 0.23073140625000002 0.7689938875 0.223790903125 0.7737009078125 0.21630769375 0.78276718125 0.20560826250000003 0.814560665625 0.20329453281249998 0.844241728125 0.20591625625 0.8724497140625 0.2106687875 0.8866490046875001 0.21838030625 0.900160353125 0.2438628890625 0.9080747718750001 0.25024925625 0.90870653125 0.2630734328125 0.9055621984375 0.2664779484375 0.908840946875 0.2703051265625 0.918045428125 0.2751891328125 0.9209802046875 0.29184048906250004 0.9270403546875 0.3227783671875 0.931081484375 0.3454391546875 0.92792956875 0.382317871875 0.9286357687500001 0.4274444375 0.934375 0.46033005625 0.934375 0.479204484375 0.9289038968749999 0.49062919843749997 0.919246875 0.498152421875 0.9067522703125 0.503125 0.8933208859375 0.503125 0.8896429296874999 0.50215715 0.8586060625 0.4892590046875 0.8259492093749999 0.4824957046875 0.8154736234375001 0.4708312515625 0.8035325437499999 0.45028412187500005 0.7941450515625 0.4223338109375 0.786967171875
3 0.5296875 0.69545674375 0.5203920359375 0.6803732421875 0.4940012453125 0.6659947328125 0.45813363125000006 0.6629369171875 0.4468918390625 0.6569215734375 0.42775560625000003 0.6530672453124999 0.4155141484375 0.6484239921875 0.39097406874999996 0.6440350984375 0.35312426874999997 0.64225218125 0.342842128125 0.6382930765625 0.338483678125 0.632468328125 0.3335882375 0.6305130734375 0.3084997375 0.6309731984375 0.2892434609375 0.6374038625 0.276973421875 0.6352094171875 0.267245421875 0.6259115312500001 0.25447840781250003 0.62415825 0.24953723593750002 0.6261210890625 0.24448173906249998 0.63787915625 0.2418253734375 0.6547778234375 0.23631291562499998 0.6635487250000001 0.2391747234375 0.671186728125 0.2379006734375 0.6960673703125 0.24022549375 0.70757486875 0.23518714531249998 0.7178636515625 0.23512998125 0.722761265625 0.2369063796875 0.7391177828125001 0.2393112265625 0.7437686203125 0.24762833125 0.7475333390625 0.25597973125 0.7483594859375 0.27569296875 0.7449159859375 0.2830275515625 0.7485835109375 0.2951604015625 0.76253223125 0.30152961718750004 0.7646332765625 0.364422190625 0.7698741609375 0.40663044218750005 0.777481828125 0.41446200156249996 0.7807081874999999 0.45322000781250005 0.7889552 0.4865284359375 0.8005857375 0.5007920921875 0.8005257625000001 0.5151700781249999 0.7906705609375 0.5206711015625001 0.78287918125 0.525235340625 0.7710725171874999 0.5296875 0.7561587515625 0.5296875 0.69545674375
3 0.5296875 0.5358468390625 0.528660859375 0.5337662515625 0.48791316093750003 0.513391121875 0.42239291874999996 0.50854406875 0.33246216875 0.48820686249999995 0.2978453921875 0.504395534375 0.28312668125 0.5013050890625 0.2652472359375 0.4880954328125 0.2552505671875 0.5018163375 0.247500021875 0.6040182890625 0.26874980000000004 0.609389234375 0.288476375 0.6048029578125 0.31121124375 0.6233961984375 0.33070916562499997 0.6384003828125 0.422334609375 0.6540019625 0.49276744062500005 0.6593349875 0.5296875 0.6454608546875 0.5296875 0.5358468390625
3 0.11598318125 0.6351376390625 0.10610083906250001 0.6390633140624999 0.093914065625 0.699965840625 0.0949609078125 0.750736515625 0.10429067343750001 0.7941544484375 0.105375625 0.8416600484375 0.10826959843749999 0.8746347906249999 0.1409058640625 0.8876698171874999 0.17698868125 0.8863359796874999 0.20492195781250003 0.880927115625 0.20379889687500002 0.8366865921875 0.20756936874999998 0.7945645765625 0.2274864859375 0.7736529187500001 0.22933361406250002 0.7558569875 0.23685550625000001 0.6732454953125 0.22063264375 0.6585652921875 0.23230495 0.6417413 0.235903934375 0.6143121296875 0.1902245921875 0.5950835703124999 0.11979176250000001 0.589750546875 0.10981415000000001 0.6018389140625 0.12441853750000001 0.6147245890625 0.11598318125 0.6351376390625
2 0 0.45 0 0.8911509578124999 0.098253875 0.8899882359374999 0.1024626 0.810317840625 0.0899530484375 0.7584132374999999 0.0940474453125 0.6885380718749999 0.09619944375 0.6446215296875 0.11796368906250002 0.605913940625 0.138166621875 0.5605142078125 0.1588268609375 0.47593355937500004 0.1695434765625 0.45 0 0.45