4 0.2180793890625 0 0.21349048593750003 0.02182065 0.20471545 0.033014021875 0.11518539218749999 0.1099242734375 0.1013298546875 0.116593621875 0.09091234687500001 0.11154100156249999 0.0773988203125 0.112883121875 0.0643645171875 0.12767546406250002 0.0209844296875 0.1341011390625 0 0.145037496875 0 0.278649471875 0.024237625 0.2925759078125 0.0560823375 0.296875 0.06518385 0.296875 0.151281871875 0.279693628125 0.1550619125 0.2626444296875 0.1636659453125 0.25411467499999996 0.16652132656250002 0.1887239609375 0.17688712499999998 0.1736673203125 0.180838171875 0.1539545078125 0.1960279609375 0.1474173078125 0.1965409765625 0.1394264640625 0.184532709375 0.1382371171875 0.1801024375 0.14449970625 0.18087196249999998 0.13251344062499998 0.1911522578125 0.11878860625000001 0.24592417656249999 0.0813246015625 0.27136046875000003 0.0825036359375 0.295154290625 0.06743668124999999 0.3087533171875 0.06476275468750001 0.33125 0.044510896875 0.33125 0.0282961703125 0.3309384609375 0.01200874375 0.32232176562500003 0 0.2180793890625 0
4 0.5296875 0.1408386625 0.506499875 0.1114262671875 0.47748834218749997 0.10319174687499999 0.4622130484375 0.11106075468750001 0.43718839843749996 0.1662140796875 0.40095879375 0.18675072343750002 0.3819034625 0.21166892812500002 0.32769627031250004 0.26125135 0.2171264 0.352161046875 0.1757487109375 0.41105580937499997 0.155786640625 0.4291828265625 0.153734575 0.4611462046875 0.1801631078125 0.46778461718750003 0.19410414843749998 0.4597834609375 0.2187012875 0.411289171875 0.23866335625 0.39316215312499997 0.24950837812499999 0.391555734375 0.265330478125 0.354254815625 0.28421480625 0.33200022812499996 0.40296119375000006 0.23921981250000002 0.42499325 0.230679746875 0.42933801718750003 0.22574896406249997 0.42718253125 0.2174938203125 0.4421158125 0.21495204218750003 0.4425433265625 0.2082930078125 0.45781861562500004 0.200424 0.461085640625 0.191365646875 0.4792004421875 0.181097325 0.4845374515625 0.1816259234375 0.48643643125 0.1938764890625 0.496426425 0.2055881453125 0.5296875 0.22301288281249998 0.5296875 0.1408386625
4 0.5296875 0.375805096875 0.5245346468750001 0.3852751359375 0.5214048359375 0.41311094375 0.5118940671875001 0.4148495109375 0.49894526875 0.4283100453125 0.4570704359375 0.432204253125 0.4633658921875 0.45963329999999997 0.49251464218749996 0.48664527343749997 0.5169202359375 0.4890625 0.5195979671875001 0.4890625 0.5296875 0.4833432765625 0.5296875 0.375805096875
4 0.076103459375 0.4734375 0.078120215625 0.4734375 0.07965050781250001 0.47110826093749997 0.1205986359375 0.3143308109375 0.121875 0.303472075 0.121875 0.2882981859375 0.1172590625 0.2859375 0.11677257968750002 0.2859375 0.0909368703125 0.29530968125 0.0753036953125 0.3714973171875 0.037040640624999996 0.46956856562500005 0.076103459375 0.4734375
4 0.3050692859375 0.1361579625 0.284661784375 0.11939368749999998 0.251732996875 0.10943091093749999 0.2198481578125 0.125036775 0.1893492859375 0.16088405 0.174006409375 0.21163519218750002 0.170210496875 0.2916757859375 0.1468958984375 0.320192965625 0.1303897765625 0.36814834531249996 0.111111728125 0.375620903125 0.1052617046875 0.383083146875 0.09287763125000001 0.40866210000000003 0.080032253125 0.4623411578125 0.074367025 0.472502259375 0.11536137500000002 0.4765625 0.11590041874999998 0.4765625 0.143939140625 0.4499068828125 0.18415358125 0.3882163578125 0.1981801234375 0.37888339531250004 0.233023765625 0.3381053390625 0.3080142625 0.2785188953125 0.33661415781250004 0.2304210546875 0.34375 0.20740651250000003 0.34375 0.1836755078125 0.3436950125 0.18287243749999998 0.32238077187499997 0.159316975 0.3052064984375 0.154935415625 0.3050692859375 0.1361579625
4 0.5296875 0.23931589375 0.5266951265625 0.242282434375 0.5196480625000001 0.26838998125 0.465200234375 0.258976428125 0.43998666093749994 0.275243040625 0.43348640625 0.271918678125 0.42585669531250003 0.244357484375 0.4004204015625 0.2431784484375 0.3886348515625 0.25943474843750003 0.3690147921875 0.2722345359375 0.3480266875 0.3063432421875 0.2958715625 0.3239622859375 0.29214323124999997 0.36112074375000003 0.34431627656249997 0.3850520296875 0.3859525171875 0.42670357187499997 0.4221796875 0.4328125 0.4265920296875 0.4328125 0.462517903125 0.4262452546875 0.49871371406250004 0.42714967656249997 0.5296875 0.37505955 0.5296875 0.23931589375
4 0.367795740625 0.0451651390625 0.356437703125 0.0547624 0.3455588890625 0.0778098890625 0.34884383125 0.1103018640625 0.36004878281249997 0.144918546875 0.374948271875 0.1638178359375 0.37198946718750003 0.18899002812500001 0.379795603125 0.196875 0.38293635937500003 0.196875 0.43348435781249994 0.17229603437500002 0.4546875 0.105549221875 0.4546875 0.10244175156249999 0.44063279843750003 0.0818652765625 0.39831253437499997 0.05086819375 0.389656790625 0.0392886875 0.367795740625 0.0451651390625
4 0.4429574921875 0 0.44302945468750005 0.084834409375 0.45508943124999995 0.10613301875 0.4535928046875 0.1125 0.45814998281249997 0.1125 0.47652296875 0.106915603125 0.5153017796875 0.1094161328125 0.52532556875 0.0996867203125 0.5294476171875 0.07731029375000001 0.5089884046875001 0.0404367578125 0.5147446328124999 0 0.4429574921875 0
4 0.3113179765625 0.0692948125 0.310361571875 0.146936090625 0.3206080765625 0.154652321875 0.322815275 0.183016728125 0.329965759375 0.19712770156249998 0.34021226250000003 0.204843934375 0.3544086609375 0.20625 0.354926334375 0.20625 0.375 0.1806441890625 0.375 0.163996315625 0.3551614171875 0.1393107578125 0.34251879218750003 0.06434340625 0.325943040625 0.050639195312499996 0.3113179765625 0.0692948125
4 0.3078542203125 0.3685227078125 0.2800059328125 0.3630839515625 0.24278408749999997 0.3781612171875 0.20351017656249998 0.4252018609375 0.19293958125 0.4643631859375 0.196205628125 0.4847908078125 0.3024381984375 0.4953125 0.307691175 0.4953125 0.32639858125 0.4561370734375 0.32899745625 0.3947417828125 0.32559321875 0.38502268281249996 0.3078542203125 0.3685227078125
4 0.37102164531250004 0.4258890625 0.35162430312500004 0.45613449531250005 0.3519842328125 0.49235759687499997 0.3480402828125 0.500008628125 0.426832321875 0.5078125 0.43541761718750005 0.5078125 0.43836860624999996 0.5062745468750001 0.4543279203125 0.48775108125 0.4546875 0.4821502 0.4546875 0.4668683609375 0.44979422812500003 0.4537951484375 0.452582028125 0.43128657031250006 0.3966289421875 0.42440448281250004 0.37102164531250004 0.4258890625
6 0.1002292234375 0.6796875 0.112212546875 0.6921344515625 0.1143722671875 0.70881570625 0.11744253281249999 0.7126797828125 0.1446761046875 0.715703671875 0.2002406890625 0.7265625 0.221882325 0.7265625 0.261978378125 0.70641496875 0.2787294 0.683612746875 0.2791880078125 0.6796875 0.1002292234375 0.6796875
6 0.5296875 0.6796875 0.5296875 0.732576409375 0.5692230796875 0.75360476875 0.7203936328125 0.834792146875 0.8205054015625001 0.8904323828124999 0.9060630734374999 0.95625 0.9065784265625 0.95625 0.92588356875 0.6796875 0.5296875 0.6796875
2 0.893373525 1 0.8847083671875 0.9842632203124999 0.90625 0.95205825 0.90625 0.9501388437500001 0.78516703125 0.878020090625 0.829985109375 0.941699840625 0.8042811859375 0.995957059375 0.8004561578124999 1 0.893373525 1