0 0.162939453125 0.426708984375 0.164892578125 0.430126953125 0.164892578125 0.439404296875 0.160009765625 0.481396484375 0.164404296875 0.486279296875 0.198583984375 0.490673828125 0.221044921875 0.497998046875 0.246923828125 0.494091796875 0.265478515625 0.495556640625 0.286962890625 0.502880859375 0.3172572546875 0.5078125 0.3375 0.5078125 0.3375 0.506787109375 0.316259765625 0.435986328125 0.232275390625 0.424267578125 0.179541015625 0.421337890625 0.167333984375 0.423291015625 0.162939453125 0.426708984375
0 0.36884765625 0.6 0.342822265625 0.519921875 0.324267578125 0.5111328125 0.288134765625 0.50185546875 0.269580078125 0.49453125 0.245654296875 0.492578125 0.225146484375 0.4984375 0.208544921875 0.50966796875 0.194384765625 0.5267578125 0.185595703125 0.5453125 0.179736328125 0.56875 0.179736328125 0.5931640625 0.18148505625 0.6 0.36884765625 0.6
0 0.212646484375 0.373193359375 0.202392578125 0.399072265625 0.193603515625 0.415673828125 0.193115234375 0.421044921875 0.248779296875 0.425927734375 0.3052425984375 0.434375 0.3140625 0.434375 0.3140625 0.42892903593750004 0.293701171875 0.361962890625 0.250732421875 0.355615234375 0.234130859375 0.355615234375 0.221435546875 0.362939453125 0.212646484375 0.373193359375
0 0.12490234375 0.4921875 0.14296875 0.48779296875 0.1576171875 0.4794921875 0.1634765625 0.46728515625 0.16689453125 0.435546875 0.1654296875 0.4267578125 0.17373046875 0.42333984375 0.18984375 0.42236328125 0.19912109375 0.40625 0.2015625 0.39453125 0.199609375 0.3818359375 0.1966796875 0.37646484375 0.14931640625 0.357421875 0.11953125 0.3427734375 0.11416015625 0.337890625 0.11171875 0.33251953125 0.09609375 0.3251953125 0.0892578125 0.32421875 0.086328125 0.32666015625 0.078515625 0.34912109375 0.053125 0.40283203125 0.053125 0.54248046875 0.05849609375 0.54296875 0.06484375 0.5380859375 0.06826171875 0.53271484375 0.0677734375 0.5244140625 0.07412109375 0.52294921875 0.08876953125 0.53466796875 0.10048828125 0.53857421875 0.105859375 0.5458984375 0.11476004531249999 0.5515625 0.11666165937499999 0.5515625 0.117578125 0.53369140625 0.1107421875 0.525390625 0.1078125 0.517578125 0.1048828125 0.515625 0.10439453125 0.5107421875 0.12490234375 0.4921875
0 0.2123046875 0.509375 0.22646484375 0.4966796875 0.20205078125 0.48984375 0.1546875 0.4849609375 0.14150390625 0.4869140625 0.12685546875 0.491796875 0.11904296875 0.4966796875 0.1087890625 0.50693359375 0.10634765625 0.5162109375 0.1078125 0.52451171875 0.11123046875 0.530859375 0.11025390625 0.54794921875 0.121484375 0.56064453125 0.1400390625 0.5767578125 0.15859375 0.5865234375 0.17861328125 0.5904296875 0.1830078125 0.56162109375 0.19326171875 0.53330078125 0.2123046875 0.509375
7 0.4617568515625 1 0.46267959531249997 0.984160328125 0.471875 0.972504271875 0.471875 0.9697085031249999 0.45238664531249995 0.9433206609375 0.43902053125 0.9371072484375 0.3209721921875 0.9151289031250001 0.2995702015625 0.91996738125 0.28213007968750003 0.92930600625 0.2663542390625 0.928203078125 0.26177981250000004 0.9342180140625 0.2621577234375 0.9458581359375 0.2702652234375 0.9517039078125 0.2797307296875 0.9523656656250001 0.3026339765625 0.9761385015625 0.3210749390625 0.9858740859375 0.3810231328125 0.9900652171875001 0.4267681546875 1 0.4617568515625 1
7 0.143869215625 0.8322872859375 0.12295727187500001 0.8287136953124999 0.1154114453125 0.8313535203125 0.1137471640625 0.8417950765625001 0.1010039796875 0.8430157484375 0.095316575 0.850008665625 0.0946427609375 0.8615752593749999 0.10009551406249999 0.87673755 0.12071155156249999 0.9035178546875 0.127032259375 0.9219081984375 0.1637511609375 0.9804322359375 0.17792397499999998 0.9909252140625 0.21244705625 0.996506184375 0.21807320625 0.990564775 0.21875 0.9789470437500001 0.21875 0.9605801734374999 0.2153873390625 0.9460337765624999 0.19681349374999998 0.9204520374999999 0.17242973125 0.9039662296875001 0.1706118203125 0.8626632875 0.15692905 0.8437582421875 0.143869215625 0.8322872859375
7 0 0.8194994578125 0.01934895 0.8385810593749999 0.025853425000000003 0.8538168781250001 0.043058896875 0.8666334593749999 0.053647753124999996 0.8842664093749999 0.0828509640625 0.8905312453124999 0.0919912359375 0.896875 0.10161299531250001 0.896875 0.10625 0.8888606328125 0.10625 0.8837497484375 0.09111111718750001 0.8393749734375 0.0584257109375 0.8022487484375 0.0442528953125 0.791755771875 0.0406585640625 0.780946571875 0.0217784390625 0.760622375 0.006431389062499999 0.7521588859375 0 0.7510254515625 0 0.8194994578125
7 0.1729076765625 0.9055987703125 0.1935435609375 0.9171875 0.197032459375 0.9171875 0.207185734375 0.9153857734375 0.22468711562500002 0.904995640625 0.2328125 0.8806554265625 0.2328125 0.8591044359375001 0.2313847484375 0.8262795609375001 0.20978862031249998 0.8163233921874999 0.194819478125 0.819500025 0.1859156515625 0.8273238640624999 0.169425484375 0.8747373828124999 0.1729076765625 0.9055987703125
7 0.23509277968750003 0.756382028125 0.2208794546875 0.7828389046875 0.220144384375 0.79545700625 0.22658760625 0.811744334375 0.2227077390625 0.8420910218750001 0.23137691718750003 0.8564223906249999 0.2305909640625 0.8880411718750001 0.2584947046875 0.8984375 0.2585002140625 0.8984375 0.2682079578125 0.8948942390625 0.27838640937500003 0.8984375 0.279881821875 0.8984375 0.28651603593749997 0.888783665625 0.2875 0.8801724890625 0.2875 0.8635384296874999 0.27985792656249997 0.8218033468750001 0.269207815625 0.8052219031250001 0.26554185625 0.7775150390625 0.251369040625 0.7670220624999999 0.24660047343749997 0.7582423515625 0.23509277968750003 0.756382028125
7 0.3254695828125 0.8082940984375 0.3040572203125 0.7951834046874999 0.28945561406250003 0.7920509859375 0.2817769015625 0.77884465625 0.2734243765625 0.7772049187500001 0.2668077625 0.782021290625 0.266378971875 0.78938185 0.2749868921875 0.8047647250000001 0.274374334375 0.815279809375 0.283360165625 0.8423028109375 0.3227950703125 0.89045881875 0.3351198375 0.9145478765625 0.3483398390625 0.9203125 0.3623048328125 0.9203125 0.36859119375 0.9200553171875001 0.372420178125 0.9087093124999999 0.3822532171875 0.9030620171875 0.3754320875 0.8751345687500001 0.35847164062500003 0.8581119546875 0.3254695828125 0.8082940984375
7 0.2628377328125 0.740280103125 0.2822691609375 0.7511407218749999 0.314995078125 0.7513170921875 0.322918809375 0.7603173906249999 0.3731055953125 0.787053478125 0.3856650109375 0.7889873328125 0.3945075828125 0.7822150015625 0.3965394 0.76546439375 0.4031560140625 0.760648025 0.40358480625000004 0.7532874640625 0.392750928125 0.7398605484375 0.3399093953125 0.7224409781250001 0.29683965 0.700425621875 0.2716595609375 0.6976094265625 0.2566291625 0.7018375671875 0.246234446875 0.698999265625 0.2405470421875 0.7059921796874999 0.251503434375 0.71731608125 0.2628377328125 0.740280103125
7 0.1301877890625 0.7151693375 0.11252338906249999 0.76461234375 0.14511641875 0.748942559375 0.2316940984375 0.6948153390625 0.23781029375 0.6804618625 0.2387291328125 0.6646892359375001 0.2298149296875 0.6545639015625 0.21632630156250002 0.6504535031249999 0.1966602234375 0.661748090625 0.186214625 0.6779104671875 0.1301877890625 0.7151693375
7 0.11713832500000002 0.7216475546875 0.1135439921875 0.7108383546875 0.1014133671875 0.70154394375 0.0835953375 0.6992424484375 0.06782986875 0.716088690625 0.0634495828125 0.7368982749999999 0.059641346875 0.7841426281249999 0.070230203125 0.8017755765625001 0.089344978125 0.79994456875 0.10375244374999999 0.7882823375 0.11073659531249999 0.7771569171875 0.11084873437500001 0.7571047265625 0.1143714375 0.7510162625 0.11713832500000002 0.7216475546875
7 0.1298721171875 0.811224253125 0.12988249062499999 0.8291734250000001 0.1403997171875 0.8299087125 0.15352080937499998 0.8403281609375 0.16088286875 0.8408428609375 0.1794972265625 0.8294747453125 0.20886345781250001 0.7966867125 0.23216437812500001 0.7592514703125 0.23983271875 0.754508628125 0.24131323125 0.747221596875 0.2316535875 0.731765190625 0.2253432515625 0.7313240203125 0.22156515156249998 0.723669346875 0.21315136875000001 0.7230811171875 0.1966404578125 0.7345962890625 0.18267215625 0.75684713125 0.17190990625 0.76031788125 0.142727440625 0.7899513890625001 0.1298721171875 0.811224253125
7 0 0.9111797093749999 0.00044995 0.9119782843750001 0.0138160671875 0.9181916984375 0.02971441875 0.9171916109375001 0.034717635937500005 0.903816115625 0.0538324109375 0.90198510625 0.047256307812499995 0.8698516218750001 0.027886134375 0.8579394921875 0.0205137015625 0.8394756203125 0 0.817181628125 0 0.9111797093749999
7 0.42720140000000006 0.619797309375 0.41779715156249997 0.6180840437499999 0.3818548125 0.6187385953125 0.31982391875 0.6502987515624999 0.30962334375 0.66225509375 0.31545400468749996 0.6890575078125 0.3374789265625 0.6916531171875 0.3625873859375 0.6775716484375 0.3827435125 0.65786499375 0.4094653703125 0.65234265 0.41793003593750006 0.6339301984375 0.4278243296875 0.6272313984375 0.42720140000000006 0.619797309375
7 0 0.6817842421875 0.014722568750000001 0.6669768078125 0.022196765625 0.6474393187499999 0.034194509375 0.6408875765625 0.0401165625 0.6117394515625 0.0310185921875 0.6047686437500001 0.0119038171875 0.606599653125 0 0.621791525 0 0.6817842421875
7 0 0.749252271875 0.0188588125 0.7591198046875001 0.0327866046875 0.773818815625 0.04305880625 0.7787601343749999 0.052534684374999994 0.7973710656249999 0.0673916859375 0.814246621875 0.0766734234375 0.81806290625 0.080134871875 0.8130259500000001 0.07901151875 0.79605475625 0.058875159375 0.7429132109375 0.034542278125 0.7074267234375 0.014927081249999998 0.6997206296874999 0 0.7080209578125001 0 0.749252271875
7 0 0.7034479890625 0.0018776203125000003 0.7061988453125 0.01035265625 0.705735565625 0.0149883390625 0.6986691203125 0.0222891421875 0.7002353296875 0.0424047578125 0.7174785296875 0.0677686140625 0.7171402 0.0757432328125 0.707139815625 0.08767971718749999 0.7016395796875 0.1002391328125 0.7035734296875 0.114473203125 0.7130149 0.129197321875 0.7140443015625 0.165496821875 0.689131525 0.1603503484375 0.6687116921875 0.13634449375 0.663866009375 0.10114759843750001 0.66985163125 0.0430578265625 0.670013590625 0.0225237921875 0.678080121875 0.0092293046875 0.688764371875 0 0.6904021375 0 0.7034479890625
7 0.349537921875 0.6840498640625 0.34991583125000003 0.6956899859375 0.40145024218750003 0.6992928890625001 0.471404871875 0.6767330296875 0.48024744531249997 0.6699607000000001 0.4806149796875 0.66365165 0.4610506671875 0.6369448734375001 0.4547403296875 0.6365037 0.3805788109375 0.6587694453124999 0.363639109375 0.6776451781249999 0.349537921875 0.6840498640625
7 0.3847056625 0.8417098124999999 0.3884121328125 0.832466821875 0.396080471875 0.8277239812499999 0.3957025640625 0.816083859375 0.40268671562499997 0.8049584359375 0.392720790625 0.7947595765625 0.368898703125 0.7867593656249999 0.311717396875 0.7531995234375 0.2705777 0.752434925 0.2562211171875 0.7450964718749999 0.251707946875 0.7500599015625 0.253260090625 0.759670534375 0.28803856875 0.7789946421875 0.2895907109375 0.788605278125 0.3092671609375 0.7952598640625 0.3545732390625 0.8332684312499999 0.3847056625 0.8417098124999999
7 0.1919529125 0.6519168703125 0.1938113359375 0.6562699625 0.20222511562499998 0.6568581921875001 0.21527457968750002 0.650379975 0.232970096875 0.6547844875 0.24015876249999998 0.6764028859375 0.2720779765625 0.67229969375 0.2888442859375 0.6745276609374999 0.2916215453125 0.663108125 0.2781329171875 0.6589977265625 0.259375303125 0.6365705140625 0.1796790296875 0.60882713125 0.1679263125 0.611172840625 0.16551658593750002 0.616283325 0.1887157421875 0.616849446875 0.1927388671875 0.6202980890625 0.19819161875 0.6354603796875 0.1919529125 0.6519168703125
7 0.0633468375 0.6661530921875001 0.09477600625 0.6704619671875001 0.11828144062499998 0.6657705484374999 0.1584306703125 0.665410109375 0.1609016515625 0.6592481171875 0.20006041562500002 0.6577626421875 0.2002338109375 0.63665894375 0.1957102671875 0.6236731984375 0.186612296875 0.616702390625 0.1718881796875 0.615672990625 0.1261128 0.621974834375 0.10551751093749999 0.6310928765625 0.08231835625 0.6305267531250001 0.06989182499999999 0.6444390578125 0.055913148437500004 0.648740728125 0.052267934375000005 0.6569322093750001 0.0633468375 0.6661530921875001
7 0.0428881484375 0.6 0.041780845312499995 0.601297896875 0.0333369265625 0.65560869375 0.03798298125 0.666491421875 0.05938497031249999 0.6616529437499999 0.0643881875 0.648277446875 0.079602353125 0.64089478125 0.0822571 0.6315782609375 0.0829817984375 0.6010109859375 0.08239396875 0.6 0.0428881484375 0.6
7 0.08184004375000001 0.6 0.1013106203125 0.6307987609375 0.11720897187499998 0.6297986734375 0.1463405546875 0.6191658453125 0.13189186718749998 0.6 0.08184004375000001 0.6
10 1 0.6 0.8599737796875001 0.6 0.8590525781250001 0.60515873125 0.8578125 0.6577380953125 0.8558283718749999 0.686755953125 0.8563244046874999 0.728174603125 0.8600446421875001 0.752728175 0.864012896875 0.7633928578125 0.8699652765625 0.7728174609374999 0.8774057531249999 0.78075396875 0.8841021828125001 0.78621031875 0.892038690625 0.7901785718750001 0.9046875 0.7929067468750001 0.917584325 0.79365079375 0.96396329375 0.793402778125 0.9718998015625001 0.7973710328125 0.9823164671875 0.8060515875 0.9875248015625001 0.8075396828125001 1 0.80766698125 1 0.6