3 1 0.18762191875 0.99218751875 0.185969453125 0.9762672703125 0.195831553125 0.9225337453125 0.4455737828125 1 0.4338738109375 1 0.18762191875
3 0.7755870828125 0 0.7889344609375 0.185345425 0.7701082828125 0.2433751453125 0.7708524999999999 0.30143213125 0.78487989375 0.33212702968749996 0.7969566578125 0.425760496875 0.81051433125 0.46249242968750004 0.9265580203124999 0.444965984375 0.967302940625 0.2434226671875 0.9520336624999999 0.1935255390625 0.9194489421875 0.155192753125 0.8737417765625001 0 0.7755870828125 0
3 0.5952175171875 0 0.5417086453125 0.01685458125 0.5390625 0.0185388953125 0.5390625 0.30564761875 0.554889440625 0.337032759375 0.5697766 0.38102151093750003 0.60480733125 0.4339000984375 0.6186059125 0.4377821453125 0.714585046875 0.4322352484375 0.8037215218749999 0.46053532343750003 0.8055566031250001 0.442359890625 0.79561924375 0.40508117187500003 0.7992894078124999 0.3687303078125 0.7893520484375001 0.3314515859375 0.674131434375 0.13258292031250002 0.6351262171875 0.041525021875 0.6086954296875 0.0052458328125 0.597043796875 0 0.5952175171875 0
3 0.5390625 0.5034906578125 0.8143476078124999 0.46191347812499994 0.7930954375 0.45915716875 0.7099218328125 0.4299565046875 0.5390625 0.4358004734375 0.5390625 0.5034906578125
3 0.5526608265624999 0 0.553156740625 0.007667925000000001 0.60244596875 0.0017151390624999998 0.631858190625 0.0375440328125 0.6639452421875001 0.11473157656249999 0.7507667031249999 0.2701607296875 0.7687886046875001 0.2927947125 0.772878640625 0.28621088906250003 0.7715034703125 0.241672903125 0.78922105 0.18977671093749998 0.7755935640625 0 0.5526608265624999 0
3 1 0 0.8720775812499999 0 0.90427519375 0.1067727171875 0.9235012250000001 0.1247502671875 0.962393178125 0.1442321796875 1 0.156276646875 1 0
3 0.056559296875 0.559375 0.037645953125 0.7183990781249999 0.03406179375 0.7395092671875 0.045087337500000005 1 0.1384203078125 1 0.1471173296875 0.96924919375 0.16816661093750002 0.9125968999999999 0.181282171875 0.8635446453125001 0.1882447859375 0.8437451484375 0.19157199375 0.8312240281250001 0.197282171875 0.7987593687500001 0.2037945625 0.7885811671875 0.2108745859375 0.7707789046875 0.214375659375 0.739615325 0.21926870781250002 0.7105305984375 0.236381840625 0.643080746875 0.2373825359375 0.6298634671875 0.23627212343749998 0.60233426875 0.2403609734375 0.559375 0.056559296875 0.559375
7 0.33738558125 0.6980481624999999 0.3340805046875 0.6979857421875 0.3311007875 0.6991379859375 0.3221004453125 0.70587383125 0.31805162343750004 0.7104396171875 0.3112700921875 0.7246795031250001 0.30993184687499997 0.732154728125 0.3137598234375 0.801592265625 0.3265824640625 0.9505975609374999 0.3281505578125 0.9556722687500001 0.33149717500000003 0.9607613859375 0.3358517125 0.9657160749999999 0.342222078125 0.9704019125000001 0.3477190984375 0.9731913328124999 0.35572123125 0.9753950328125001 0.365829734375 0.9745500734375 0.39396330625 0.9692881953124999 0.40936336406249996 0.96773749375 0.42623375625 0.96095845625 0.42988135312500003 0.9582074671875 0.43198772500000004 0.9551588078125001 0.43780536875 0.9418023109375 0.4397234375 0.9312304125 0.43108868749999996 0.81890511875 0.4207731734375 0.7168684640625 0.4162156578125 0.7041408812500001 0.41012910937499997 0.6956430140625 0.4025135265625 0.6913748671875 0.392451534375 0.6886910578125 0.38696670625 0.6904290234375 0.38285917812500003 0.6939961921875 0.35084319218750004 0.6980145890625 0.3468995890625 0.7000502234375 0.3437999765625 0.7034829640625 0.34225875 0.7031852953125 0.340289434375 0.6999253796875 0.33738558125 0.6980481624999999
0 0.8782032265625 1 0.8847469421875 0.888276390625 0.85612814375 0.8852515015625 0.8337105296875 0.878070965625 0.8105989781249999 0.8742616609375 0.77101886875 0.8718975265625 0.746433309375 0.8763012937500001 0.7124864296875 0.8879550999999999 0.7058195875 0.8915844640625 0.69425675 0.902515371875 0.6867524125 0.911966984375 0.680554675 0.9245403812500002 0.6751418734375 0.9406655765625 0.6675085640625 0.9777491171874999 0.6597355734375 1 0.8782032265625 1
3 0.601097159375 0.857074825 0.5948132890625 0.8711188312499999 0.5929373203125 0.88619474375 0.5997048828125 0.9062756875 0.629565009375 0.9474434171875 0.6383856734375 0.9579008734375 0.6558498687500001 0.9733633578124999 0.6630432421875 0.9776976171874999 0.6681450796874999 0.9753582937499999 0.672950078125 0.9611337203125 0.676936571875 0.9354539109375001 0.6850438484375 0.9157080375 0.703675490625 0.894284925 0.7170091765625 0.8870261953125 0.729213390625 0.8820981015625 0.7574219171875 0.8751744437500001 0.786271821875 0.8742536 0.8311596109374999 0.8792406281249999 0.847197496875 0.8851485015625 0.860942865625 0.8878142078125 0.8726254125 0.8833161265625 0.8856414859375 0.87300346875 0.9006791625 0.61625891875 0.8558338671874999 0.6274997 0.8359481843750001 0.6364269796875 0.8193409296875 0.6487168078125001 0.7921854640625 0.6715677171875 0.76103378125 0.7033111578125 0.7464557796875 0.714861334375 0.7171897875 0.7483161390624999 0.7078858921875 0.754585775 0.6891681171874999 0.7774795 0.6664156890624999 0.792968675 0.642883190625 0.81329969375 0.601097159375 0.857074825
8 0.5390625 1 0.5525569875 1 0.554870575 0.9936186921874999 0.571999496875 0.9808988515625 0.59966250625 0.9832890484375 0.6096700640625 0.9904354625 0.617442528125 0.9933593015625 0.6278233328125 0.9941330749999999 0.6399988375 0.9896951843749999 0.6417648234375 0.9849737234374999 0.641285990625 0.9592424125000001 0.628579096875 0.9473230375 0.6124453515624999 0.926098496875 0.595057565625 0.8923781250000001 0.5939470828125 0.8774312796875 0.5973593453125 0.8615555296874999 0.5520934468750001 0.8545475 0.5390625 0.8535713218750001 0.5390625 1