7 0.6 0 0.48284850468749996 0 0.4663241796875 0.0842464390625 0.4762600265625 0.0937401109375 0.4889572828125 0.12855023593749998 0.51544000625 0.134375 0.5183580390625 0.134375 0.5589069859375 0.1016515015625 0.6 0.0084540546875 0.6 0
7 0.0483455046875 0 0.059788315625 0.016337024999999998 0.1435797421875 0.082792721875 0.18229138281249999 0.09861550625 0.210664034375 0.130261075 0.2433413453125 0.152412975 0.25476691093750004 0.153125 0.269652821875 0.153125 0.30055912500000004 0.1239319625 0.3046875 0.105174365625 0.3046875 0.0990242921875 0.22750983281249998 0.016337024999999998 0.192713459375 0 0.0483455046875 0
7 0.34268425625 0.1382120265625 0.3369793734375 0.11764240625 0.3431957625 0.08125 0.2768484296875 0.04960443125 0.2725437703125 0.059098101562500005 0.3026460890625 0.093908228125 0.3066949953125 0.1128955703125 0.2753095421875 0.15245253281249999 0.2613638203125 0.15878164687500002 0.23906452812499998 0.1556170890625 0.2377033375 0.16036392500000002 0.2821198609375 0.1967563296875 0.34206438281249996 0.2268196203125 0.3699948609375 0.24897152031249997 0.450838453125 0.2521360765625 0.4741166203125 0.2671875 0.48824043437500003 0.2671875 0.4953125 0.24717737187500002 0.4953125 0.243549934375 0.47188491718750003 0.2284019 0.44516823906249997 0.19833860781249998 0.438396953125 0.1888449375 0.4372178203125 0.16352848125 0.41988645 0.1651107578125 0.34268425625 0.1382120265625
7 0 0.252001384375 0.0025965796875 0.27493077499999996 0.030821837499999998 0.30341178750000003 0.055964171875 0.3078125 0.058815570312499996 0.3078125 0.0859068015625 0.2970826734375 0.1311642828125 0.2496143203125 0.1688441828125 0.24328520625 0.175944921875 0.2258801421875 0.21115819375 0.2005636875 0.21796414843749998 0.176829509375 0.2375 0.1579862890625 0.2375 0.1571414671875 0.2356249671875 0.148348496875 0.1896998609375 0.1135383703125 0.169572415625 0.12303204062499999 0.139656515625 0.1261965984375 0.0877751375 0.1673358390625 0.06076804375 0.1989814078125 0.016061100000000002 0.22429786406250002 0 0.251044828125 0 0.252001384375
7 0 0 0 0.115532578125 0.034869 0.154489715625 0.0877474515625 0.168730221875 0.1351030796875 0.13233781718749998 0.1616333359375 0.12442642500000001 0.1625 0.12251505 0.1625 0.115843284375 0.11106975781249999 0.057970728125 0.0518231625 0.0089200953125 0.0448145890625 0 0 0
7 0.20792463906249997 0.33958663125 0.21793418125000003 0.3506625796875 0.233535878125 0.34591574375 0.24368070312499998 0.3515625 0.24567091406250002 0.3515625 0.25554038437500004 0.3427511875 0.2681986125 0.3427511875 0.2734375 0.33276955625000004 0.2734375 0.322441325 0.267713046875 0.230409415625 0.2727156359375 0.20192840312500002 0.2703963984375 0.18610561718750002 0.24084839218749998 0.159375 0.23966169375000002 0.159375 0.23124258281249999 0.1607891625 0.21615675625000003 0.17661194687499998 0.2093508015625 0.20034612499999999 0.19577355624999998 0.21458663125 0.19077096875 0.24306764374999998 0.20792463906249997 0.33958663125
7 0.3653383265625 0 0.357162115625 0.010087025 0.3599235265625 0.03540348125 0.3378496875 0.10502373437500001 0.337667628125 0.135087025 0.41177896406250003 0.16356803749999999 0.4177355453125 0.1640625 0.43135689218750006 0.1640625 0.44813233906249994 0.1287579109375 0.45578361562499997 0.08920095 0.4811694046875 0.022745253125 0.4852081015625 0 0.3653383265625 0
7 1 0 0.8157449703124999 0 0.8142972187499999 0.0025150718749999998 0.8067198 0.028491871875 0.8006377 0.067438321875 0.8016021 0.0880961 0.8043897531249999 0.09732380625 0.8092449171875 0.1042171453125 0.8124809390625 0.1209884765625 0.8218335531250001 0.2007794421875 0.8360974921875 0.2590455859375 0.8391018859375 0.28244624687500003 0.8379838859375 0.3262406828125 0.8398461515625 0.3437220484375 0.8425248703125 0.3549951078125 0.8484269812499999 0.367314465625 0.8476919515624999 0.376554678125 0.8661150375 0.47986580781250004 0.8683453875 0.483595240625 0.874003240625 0.486818896875 0.9157445296875 0.49435698125 0.9332789078125 0.4953125 0.9720061531249999 0.4953125 0.9763101562500001 0.49505870781250005 0.9915980484375 0.49077347812500005 1 0.48621584999999995 1 0.37905095312500003 0.995740984375 0.3582591234375 0.9912286453125001 0.30616378125 0.991937290625 0.2837371640625 0.9975159890625 0.247401596875 1 0.23881755624999998 1 0
0 0.8284438921875001 0.2178619078125 0.8242583578125 0.1596305109375 0.8172026234375 0.107403165625 0.8128371031249999 0.10043757187499999 0.791375325 0.0883849921875 0.77886245625 0.08617289375000001 0.7544892 0.08774024531249999 0.73044161875 0.10143520156250001 0.6680114640625 0.11977942500000001 0.653865696875 0.1299839484375 0.6511720890625 0.139513175 0.667013896875 0.1955172 0.6855517625 0.422089971875 0.69599373125 0.48142741874999995 0.7061925703125 0.5134055 0.7103677375 0.5193845453125 0.718065584375 0.5253510859375 0.7427645171874999 0.5359113375 0.77697079375 0.5435466859375 0.783142 0.54375 0.81234265625 0.54375 0.8365846484375 0.5393156671875 0.850512546875 0.53320185 0.8582929453125001 0.5239366296875 0.8601299578124999 0.5099679312500001 0.865625 0.49593563593749995 0.865625 0.4669437 0.8568044109375 0.401385025 0.8535293750000001 0.3557022515625 0.8477361984374999 0.3413375421875 0.8445953546875 0.325059484375 0.839634646875 0.265420515625 0.8284438921875001 0.2178619078125
0 0.6 0.5539797203125 0.60554996875 0.5574974625 0.617801934375 0.559375 0.6199250234375 0.559375 0.6340307296875001 0.5563386265625 0.6538481109375 0.5468191328125 0.6669194171874999 0.5362658437500001 0.6812968140625 0.5194319921874999 0.6935390406249999 0.49936197968749996 0.696875 0.48756028437500004 0.696875 0.4827221546875 0.6881976234375 0.43774991406249997 0.631023884375 0.35283999062500004 0.6 0.3108856140625 0.6 0.5539797203125
3 0.6697494078124999 0 0.6 0.0241750875 0.6 0.14236504218749998 0.6004022625000001 0.142035475 0.6102088984375 0.1380517671875 0.6375200171875 0.1360508921875 0.6551747125 0.1283724921875 0.674230675 0.1149068046875 0.743856409375 0.0868763375 0.74633214375 0.08143781562499999 0.7447278921875 0.070513521875 0.72052199375 0.0050900359375 0.7173674375 0 0.6697494078124999 0
0 0.6 1 0.7669540578125 1 0.769353146875 0.9948790875 0.7869498984375001 0.9672649265625001 0.7942529453125 0.9509100265624999 0.8010115703124999 0.9443755640625 0.8055331359375 0.9304194562500001 0.8127071296875 0.9199981296875 0.8163193375000001 0.9098256124999999 0.81875 0.9011145515625 0.81875 0.883751765625 0.810697 0.8679197999999999 0.792494959375 0.8492131624999999 0.7577048921875 0.8250518359375001 0.748084665625 0.8205570984375001 0.7416108578125 0.8197004140624999 0.720682240625 0.8217824078125 0.7093219296875001 0.8288449906249999 0.695647425 0.8339336390625001 0.63832964375 0.8929808453125 0.6194333890625 0.9233036125 0.6 0.9417786812500001 0.6 1
0 0.6 0.9410483640624999 0.631549353125 0.9058020093750001 0.6458454140625001 0.8854452125 0.651251121875 0.872667365625 0.6624022593750001 0.8581103625000001 0.6725669062499999 0.852784665625 0.69375 0.8357846453125 0.69375 0.8248384812499999 0.6871462921875 0.8155988781250001 0.679553953125 0.811031371875 0.6572204984375001 0.8073558328124999 0.6191297453125 0.7904518734374999 0.6107318921875 0.7886962437499999 0.6 0.7912027078125 0.6 0.9410483640624999
0 1 0.56875 0.86139195 0.56875 0.861259925 0.580000415625 0.8674504093750001 0.5976860890625 0.881363778125 0.62344355 0.9044849921875 0.676458309375 0.9108816671875001 0.682762703125 0.9493106484375 0.7012275109375 0.9687335687499999 0.71323540625 0.9838648359375 0.713418428125 0.994419725 0.715625 1 0.715625 1 0.56875
0 0.73167704375 0.56875 0.7290866421875 0.5773607703125 0.7278405484375 0.5890213656250001 0.7300791 0.6058808609375 0.7342669109375001 0.6186774515625 0.7436809453125 0.63455346875 0.7620387484375 0.6518025328125 0.7703861734374999 0.66348186875 0.7751184046875 0.6664580250000001 0.7934213015625 0.6653172484375001 0.810895765625 0.6671875 0.8138364671874999 0.6671875 0.8242816671875 0.6648148468749999 0.8591978062500001 0.6641669078125 0.87245545625 0.6535272734375 0.8716514328125001 0.6657769984375 0.8751093734375001 0.6664999046875 0.8816855312499999 0.6569470234375 0.8859375 0.6382904500000001 0.8859375 0.6357538203125 0.8831378171875001 0.633905146875 0.8801456703125 0.6193716671875 0.8659459921874999 0.5915675031250001 0.861995828125 0.56875 0.73167704375 0.56875
0 0.6 0.56875 0.6 0.5870775828125 0.6000257390625 0.5871048859375 0.6127938734375 0.604675528125 0.6457622437499999 0.61752834375 0.651299990625 0.6176926218750001 0.67160406875 0.6120030828124999 0.6809379843750001 0.6144511140625 0.6907406796875 0.621964271875 0.7208534156249999 0.6615392859375 0.725448884375 0.6625 0.734624721875 0.6625 0.744069521875 0.6569552359374999 0.75 0.648975171875 0.75 0.6405712796875 0.7434939218750001 0.633986128125 0.7326750453125 0.6123525828125 0.729240828125 0.5972299718749999 0.729185925 0.5788401328125 0.7272660734375 0.56875 0.6 0.56875
7 0.6 0.760852071875 0.6551445593749999 0.8117599125 0.6724723796875 0.8071038734375 0.692427640625 0.8171875 0.6955514046875 0.8171875 0.7009777984375 0.8080960046874999 0.72931015 0.8107076609374999 0.753125 0.8094733765625 0.753125 0.8077250234375001 0.72748664375 0.780523696875 0.714747234375 0.7579919359375 0.716131784375 0.74503571875 0.717081565625 0.7203986546875 0.7221047484375 0.704891703125 0.7398631453125 0.680457178125 0.7272123671874999 0.6728453218749999 0.6989602640625 0.6222349 0.6680276921875 0.6124568171875 0.6572848625 0.6184894953125 0.6468881703125 0.62128311875 0.6306873890625 0.6311419 0.6028700546875 0.592212328125 0.6 0.5894312328125 0.6 0.760852071875
6 1 0.7371606453125 0.9929843828125 0.7334760859375 0.94453463125 0.6985117046875 0.893226759375 0.6745397734375 0.8427001859375001 0.6590097187499999 0.7813443890625 0.6660513640625 0.7426953921875 0.6811514375 0.7198204984375 0.70617203125 0.7298783671875 0.738077446875 0.718613990625 0.7489682171875 0.7397631671875 0.7716023906249999 0.761693640625 0.8026784390625 0.7800687500000001 0.81976555 0.814391034375 0.84515365 0.83467486875 0.875885459375 0.8510572015625 0.8958673828125001 0.889884240625 0.9106072765625001 0.92307909375 0.9307925562499999 0.9416821875 0.9359375 0.9480315375 0.9359375 0.9533218328124999 0.915590803125 1 0.9030532546875 1 0.7371606453125
4 1 0.7947241296875001 0.9902082765625 0.782545934375 0.9396817000000001 0.7670158796875001 0.90137386875 0.7474174015624999 0.868614175 0.738913053125 0.8427031218749998 0.7450861265625 0.8062149953125001 0.7242123640625 0.771205409375 0.7367618671875 0.7704290859375 0.7597794875 0.788893215625 0.79178658125 0.8159366703125001 0.8222758265625 0.8436724 0.8462869640624999 0.8763480484375 0.871330825 0.8955044484375 0.8968598109375 0.920429375 0.9390625 0.9252599125 0.9390625 0.9437811328125001 0.9334437187500001 0.9386631796875001 0.902571025 0.9507928968750001 0.8835826203125 0.9553866765624999 0.8878543984375 0.9763578140625 0.8806486031249999 1 0.8699696187499999 1 0.7947241296875001