2 0 1 0.11482085156249999 1 0.1104315140625 0.9058166421875 0.0910391671875 0.904300046875 0 0.9302234625000001 0 1
2 0.259375 1 0.259375 0.9785927718749999 0.22816539531250002 0.9741367578125001 0.155044490625 0.9746818671874999 0.1443568375 0.98226273125 0.1406774234375 0.992153315625 0.1402857203125 1 0.259375 1
2 0 0.88461173125 0.065181440625 0.8825083640625 0.12415769218749999 0.87459346875 0.1439006296875 0.854019175 0.152315028125 0.8272740187500001 0.1362175625 0.8076158031249999 0.1065522453125 0.7929643578125 0.07698495625 0.8100300078125 0 0.8125524343749999 0 0.88461173125
2 0.259375 0.8328588890624999 0.18021979999999999 0.8337625531249999 0.14332383124999998 0.8416426203124999 0.1227175921875 0.8733064203125 0.1525751765625 0.8920833828125 0.1490880265625 0.9060994859375 0.1611856328125 0.92877241875 0.222178784375 0.9345211250000001 0.259375 0.9321389374999999 0.259375 0.8328588890624999
2 0 0.8129824031249999 0.0026162171875 0.813413590625 0.0148080609375 0.808494946875 0.06853661875 0.8064332406249999 0.0661992734375 0.7858937765625 0.0948693203125 0.749575709375 0.1148686125 0.73450210625 0.10817702343749999 0.6797595734375 0.0804004265625 0.676021384375 0.0710887875 0.6835141234375 0.0571364 0.68026985625 0.0260649234375 0.6946732859375 0 0.6997341625 0 0.8129824031249999
2 0 0.6776154546875001 0.01435185 0.6802513875 0.0232488109375 0.6934743640625001 0.042384801562500005 0.6894902671875001 0.060815815625000005 0.6703792734375 0.0627648328125 0.6233590265625 0 0.6220075609375 0 0.6776154546875001
2 0.259375 0.7267476703125 0.23307746875 0.7241730046875 0.19768568749999998 0.7347152921875 0.1534308890625 0.762376528125 0.1503923640625 0.7860188390625 0.17231431875 0.8122004171875 0.19858672500000002 0.813276384375 0.259375 0.789915359375 0.259375 0.7267476703125
7 0.7518219359375 0.7661468515625 0.8010357265625 0.782760434375 0.8204072640625 0.7978774015625 0.8984267812500001 0.8145611578124999 0.9190126328125 0.8165098625 0.9415992234375 0.808021390625 0.9433137203124999 0.7922438359375 0.9512473546875 0.7850249234375 0.9511388984375 0.7650898406250001 0.9382365906250001 0.7572268734375001 0.8769792265625 0.7487714656250001 0.848887625 0.7381423234375 0.8242279890624999 0.7437779125 0.7663302875 0.73829718125 0.7528223078125 0.760928265625 0.7518219359375 0.7661468515625
7 0.6290239359375001 0.791715503125 0.6324559031250001 0.807980234375 0.6432851640624999 0.812990321875 0.6497905453125 0.826889346875 0.6767733218750001 0.8228019921874999 0.752322121875 0.763537559375 0.769403703125 0.735931475 0.8172917546875 0.6979583921875 0.8189700999999999 0.6755358078125 0.8083909296874999 0.6692210765625 0.7924513578125 0.6703688390625 0.7747972859375001 0.6872941625 0.7463501078125 0.7058544234374999 0.7201537625000001 0.712672865625 0.65764890625 0.7585605375 0.6290239359375001 0.791715503125
7 0.48831880312500003 0.7876942781249999 0.58796069375 0.807753178125 0.631133134375 0.8012134124999999 0.6295241218750001 0.7891062078125 0.649465178125 0.76708409375 0.6247332359375 0.759429628125 0.6125812078124999 0.7476527187500001 0.5783427734375 0.7417549859375 0.5566842484375 0.7317348140625001 0.5121890390624999 0.73150775625 0.498108571875 0.7434580796875 0.498217028125 0.7633931640625 0.49003330156249997 0.771916721875 0.48831880312500003 0.7876942781249999
7 0.259375 0.7857301109375 0.2878207109375 0.7607447359374999 0.3109406703125 0.7084721578125001 0.3250211375 0.6965218359375001 0.340424371875 0.6913383343749999 0.349358378125 0.6789008390625 0.34971395625 0.6497114328125 0.34299463281250003 0.6437620796875 0.33091490625 0.6452752281249999 0.3272328484375 0.6303151437500001 0.305646628125 0.6335850265625 0.2918162546875 0.6442307015625001 0.259375 0.6984119265625 0.259375 0.7857301109375
7 0.4429850125 0.609375 0.44091905468750003 0.6317786953125 0.46829653125000004 0.65296680625 0.4702279390625 0.6770594187500001 0.48884919999999993 0.696090325 0.488385165625 0.705344646875 0.5000370109375 0.71973085 0.5147622703125 0.7317513453125 0.5350980265625 0.735004696875 0.547964184375 0.7362226375 0.5541110171875 0.731491225 0.5465329609375 0.7095207296874999 0.5461021078125 0.6776002375 0.5349866015625 0.6672497703125 0.5116540859375001 0.609375 0.4429850125 0.609375
7 0.3739155 0.7489698515625001 0.360407521875 0.771600934375 0.3199529203125 0.8049644 0.33321377500000005 0.8314578078124999 0.38167431562500004 0.8041654875 0.413517309375 0.795224928125 0.48960244843749995 0.7399962265625 0.5015737171875 0.7185479953125 0.4894216875 0.7067710875 0.4922088609375 0.6990650015625001 0.47952049374999994 0.6832523578125 0.46690442968750007 0.6807297718750001 0.45818436562500003 0.6852175953125 0.442853434375 0.70369115 0.41694333281249996 0.7158499734375 0.3739155 0.7489698515625001
7 0.462486946875 0.9087828421874999 0.4741358218749999 0.8753492015625 0.46913099375 0.85362229375 0.440039021875 0.8482117390624999 0.391256084375 0.8635186515625 0.3619501703125 0.86605776875 0.3501928421875 0.8795563265624999 0.3472640328125 0.90850214375 0.363275909375 0.920644434375 0.433467278125 0.9166623421875 0.462486946875 0.9087828421874999
7 0.2899056390625 0.954876990625 0.28819114218749997 0.9706545453125 0.3088131421875 0.9792482781249999 0.36978426249999996 0.9823633031250001 0.384901253125 0.9718394218749999 0.4178169203125 0.9709703328125 0.42492797343749994 0.95437530625 0.421532159375 0.9447556015625 0.40169658750000004 0.9388929562499999 0.376142065625 0.9218623749999999 0.297408421875 0.9157375859375 0.2946574 0.9300887015624999 0.282613828125 0.9382468781250001 0.281113271875 0.9460747578125 0.2899056390625 0.954876990625
7 0.497623240625 0.9851665890625 0.538294753125 0.9916732890625 0.57560660625 0.9952053156249999 0.5858633796875 0.9895346421875001 0.58836430625 0.976488171875 0.5831093859375001 0.9560659125000001 0.567847790625 0.9400096828125001 0.5137737812500001 0.92824930625 0.46416826406249995 0.9341801015625 0.437399428125 0.93031778125 0.42331896249999995 0.9422681015624998 0.42753735625000006 0.9612639218750001 0.47414176250000006 0.9709888875000001 0.497623240625 0.9851665890625
7 0.5072810015625 1 0.5004465640625 0.9841055296875 0.47439185468749995 0.9696842406249999 0.42267713906250004 0.9661171281250001 0.41974833125 0.99506294375 0.4224920734375 1 0.5072810015625 1
7 0.682676003125 0.915014915625 0.6515832875 0.920041534375 0.6431494703125 0.9298697375 0.6169531234375001 0.9366881796875 0.606196165625 0.9449681484375001 0.6046956078125 0.9527960296875 0.6140243140624999 0.9656339968750001 0.6108092609375 0.9892394343750001 0.616492059375 0.99376234375 0.6324316328125 0.992614578125 0.6798918031250001 0.9705408468750001 0.7143080265624999 0.9618438749999999 0.7393955453125 0.9403089359375001 0.798935440625 0.9167220531249999 0.8040457515625 0.910564203125 0.8034732609375 0.8998834390624999 0.79235775625 0.889532971875 0.7769183671875 0.8880714453125 0.7289218609375 0.9061094437499999 0.7001161328125 0.9060392687500001 0.682676003125 0.915014915625
7 0.2867931 0.902777825 0.30023174531249996 0.914676528125 0.342690059375 0.9186957296875 0.349264775 0.89806496875 0.346797028125 0.8699366218750001 0.339291275 0.8612561828124999 0.3300680546875 0.82053345625 0.31737968906249997 0.8047208140625 0.3039771953125 0.7994671390625 0.295543375 0.80929534375 0.2813906046875 0.807955609375 0.272420446875 0.8137480796875 0.2666321625 0.8371099281250001 0.2867931 0.902777825
7 0.259375 0.9592748625 0.272179265625 0.9585122546875 0.2801129015625 0.9512933453125001 0.284400628125 0.9357593765625 0.293370784375 0.9299669078124999 0.29383481875 0.9207125843749999 0.2824330671875 0.9050217374999999 0.2880435640625 0.896254590625 0.272137171875 0.8562275421875001 0.2733876359375 0.8497043078125 0.281893759375 0.853166159375 0.2826440375 0.84925221875 0.270027975 0.84672963125 0.2686329046875 0.8266727546875 0.27728066406249996 0.808894875 0.299403221875 0.809660725 0.3073007046875 0.7957967859374999 0.2941121515625 0.7825934375 0.28174618281249997 0.7787662046875 0.2663429453125 0.783949703125 0.259375 0.8306716999999999 0.259375 0.9592748625
7 0.8831982093749999 1 0.8898240843749999 0.98244359375 0.9016868984374999 0.941060278125 0.9067942406250001 0.8870825828125 0.9007167390624999 0.8572842062499999 0.8688014421875 0.8529347093750002 0.8567578671875001 0.8610928859375001 0.8458592703125 0.8906125859374999 0.8446088093749999 0.8971358203124999 0.855974409375 0.906181640625 0.8450396609374999 0.9290563125 0.8523314734374999 0.9456864265625 0.8415745140625 0.9539663968750001 0.8559377968749999 1 0.8831982093749999 1
7 0.60913985 1 0.6216385234375 0.9942495203125 0.6108092609375 0.9892394343750001 0.6021223765625 0.952552440625 0.603372840625 0.9460292062500001 0.619776446875 0.9356271203125001 0.6288520890625 0.9019498921875 0.6096944921875 0.87888325 0.5911093843749999 0.866497371875 0.5856043734374999 0.847379759375 0.5883915453125 0.8396736718750001 0.61708881875 0.8198087624999999 0.619089559375 0.8093715875 0.608510390625 0.803056853125 0.594143678125 0.8096667953125 0.5674109953124999 0.8124495015625 0.5602999437499999 0.8290445296875 0.572241003125 0.8965909562500001 0.569740075 0.9096374234375 0.5809278859375 0.9332779468750001 0.5931190375 0.9995197265625 0.59819258125 1 0.60913985 1
7 0.49218756093750005 0.9315191875 0.53328695625 0.922126540625 0.5386473609375 0.9146640421875001 0.5348206953125001 0.8731238453125 0.489075021875 0.8794200218749999 0.4604500546875 0.9125749890625 0.38411185156250005 0.9212884906250001 0.39730040468750005 0.934491840625 0.41892277812500006 0.9378669859375 0.4469059234375 0.9285610453124999 0.49218756093750005 0.9315191875
7 0.7343451875 1 0.737647865625 0.9972613062499999 0.7324290999999999 0.983484075 0.7359665515625 0.9718640468749999 0.7207411046875001 0.9624528437500001 0.696581653125 0.9654791390625 0.6367916640625 0.9903706671875 0.6272953187500001 1 0.7343451875 1
7 0.7083982140625 0.609375 0.6963830703125 0.645334940625 0.6896667187500001 0.6872054328124999 0.6953856703125 0.6983733703125 0.7138984734375 0.6974691921875 0.7206177953124999 0.70341854375 0.7296241046875 0.7042711015625 0.7414175859375 0.6974175734375 0.7516020546875 0.6784568421875 0.7756713937499999 0.609375 0.7083982140625 0.609375
7 0.30686688125 0.71605645 0.293895240625 0.74272326875 0.2899660609375 0.7768876734375001 0.3098739359375 0.796040375 0.3355700953125 0.791831228125 0.350114596875 0.7706265828125 0.35987118437500004 0.7675652015625001 0.3592986953125 0.7568844375 0.3720202421875 0.7315222671875 0.3616550140625 0.7172578578125 0.3623691421875 0.706698890625 0.3533266796875 0.699201303125 0.3404966765625 0.7046283921875001 0.33274083125000004 0.6972526 0.323484428125 0.6977046875 0.30686688125 0.71605645
7 0.6466869187500001 0.918249709375 0.6675228609375 0.9188937671874999 0.6942193921875 0.9094660328125 0.698543271875 0.90057709375 0.6821366953125 0.8631593375 0.673630571875 0.8596974859375 0.645644453125 0.821183584375 0.624236021875 0.8098587625 0.6096915218750001 0.8310634078125 0.586354653125 0.84346581875 0.5853542828125 0.8486844046875 0.5926460921875 0.86531451875 0.6466869187500001 0.918249709375
7 0.7758065703125 0.8255351046874999 0.69907366875 0.8089731406249999 0.65650986875 0.8328386968749999 0.6560819875 0.8487380484375 0.6661248203125 0.8510170468750001 0.6875694015625 0.86898689375 0.7455032562499999 0.8811126546875 0.7670894781250001 0.8778427687499999 0.783562415625 0.8329108953125001 0.7758065703125 0.8255351046874999