4 0.20596880781250002 0.308335590625 0.1353940734375 0.33895861250000003 0.0866800140625 0.3727611734375 0.09132703125 0.3972263296875 0.0830927890625 0.4244023515625 0.07138725 0.4502061734375 0.0915547046875 0.4800262671875 0.11289788125 0.532939315625 0.14847193281249998 0.526714378125 0.1471802796875 0.5566348046875 0.107503596875 0.56982108125 0.095166725 0.6039584437500001 0.1339243390625 0.6372258078125 0.1762814140625 0.6484375 0.1889013046875 0.6484375 0.223633625 0.6414765499999999 0.2578021875 0.62377206875 0.2880978875 0.60141551875 0.3000042078125 0.5772516296875 0.32743096562499996 0.5584426828125 0.3465096453125 0.5254097875 0.359375 0.4995003546875 0.359375 0.49213267031249996 0.33810569375 0.44327918125 0.3065494171875 0.387889465625 0.2713210625 0.3294876109375 0.20596880781250002 0.308335590625
4 0.45 0.300375334375 0.44247805625 0.29902376406250003 0.4272163703125 0.2688020703125 0.38220337187500003 0.2923634234375 0.362810071875 0.28235641093749997 0.328900259375 0.2751941359375 0.32795430312499996 0.240487775 0.3441640390625 0.2110024796875 0.3250294875 0.1761287171875 0.330022203125 0.13596708125 0.30709964375 0.1510945609375 0.295996459375 0.18181818593750002 0.2654709921875 0.21578814999999998 0.21328563749999999 0.248218509375 0.1905348796875 0.278239265625 0.2117352359375 0.3030056890625 0.22662433750000002 0.31669416875 0.2689112109375 0.32482704375 0.29478756875 0.3608052765625 0.31636050781249997 0.40210491406250004 0.3404577484375 0.440625 0.341632640625 0.440625 0.3791315515625 0.3886844390625 0.43134588906250004 0.343000734375 0.43507593437500003 0.31950618125 0.45 0.32734597499999996 0.45 0.300375334375
4 0.45 0.1332333609375 0.44207561249999994 0.1303761171875 0.43008443593749995 0.099886690625 0.41419141562500006 0.07799853749999999 0.3827199921875 0.077262134375 0.3628671609375 0.090481946875 0.337046678125 0.12241037187499999 0.3288414171875 0.1363330515625 0.325885525 0.1796406875 0.3401143109375 0.214916053125 0.3503563953125 0.2041393796875 0.36940609062499996 0.1843598296875 0.392328646875 0.16923234843749999 0.4121524984375 0.1692658859375 0.42988155937499994 0.19266010625000002 0.44907407343749994 0.20102718125000002 0.45 0.23499867187499998 0.45 0.1332333609375
1 0.8042966296875 0.301216371875 0.686092725 0.31701170156249997 0.650188 0.36213947968750004 0.6623814734375 0.3779122515625 0.7185458359375 0.3772166734375 0.651683740625 0.390301228125 0.6686581640625 0.4344845890625 0.6593925109375001 0.4502818609375 0.658256678125 0.519492015625 0.672002671875 0.546875 0.678172278125 0.546875 0.7369964578125 0.5271060390625 0.85328356875 0.48971670156249997 0.93741381875 0.4647408390625 0.94375 0.4127207453125 0.94375 0.40703988437499994 0.9034649671875 0.3763741171875 0.8817732546875 0.32853362812500003 0.8488574921875 0.3012917984375 0.8042966296875 0.301216371875
1 0.6859375 0.29881708281249997 0.6859375 0.299159803125 0.698908021875 0.3140625 0.7064271265625 0.3140625 0.764563415625 0.306643003125 0.840625 0.30089048125 0.840625 0.300662534375 0.7924656421874999 0.2576092609375 0.7770078703125 0.190625 0.7758785640625 0.190625 0.7369108015625001 0.1973043671875 0.7357529062499999 0.2153656640625 0.704565471875 0.2641505703125 0.6859375 0.29881708281249997
5 1 0.2116689765625 0.9950852749999999 0.21174289375000002 0.9858196218749999 0.22754016250000003 0.9872101000000001 0.25734385 0.9596016031249999 0.25030292656249997 0.9695404359375001 0.1982586421875 0.9100908656249999 0.1987053875 0.831730534375 0.2109190171875 0.7942248046875 0.229526978125 0.8142739156250001 0.2772430515625 0.8715129640625001 0.31127696562499996 0.90581920625 0.36832248125 0.9766201484374999 0.396784003125 0.9999740062499999 0.36720465468749997 1 0.3670868171875 1 0.2116689765625
8 0.78012209375 0.57823953125 0.81689098125 0.571125121875 0.8197967421874999 0.55154630625 0.8201541328124999 0.5202251015625 0.8077501312500001 0.5077362 0.75525043125 0.5285082703125 0.7317276453125 0.5349760906250001 0.6917788093749999 0.540199728125 0.677795865625 0.552339871875 0.6914850796875001 0.5962743953125 0.7085011078125 0.614062359375 0.7323396828125001 0.602668728125 0.7447852828125 0.5887622328125001 0.78012209375 0.57823953125
5 0.80476116875 0.580105809375 0.81684938125 0.59752051875 0.927156046875 0.5761772875 0.938211171875 0.5324671046875 0.9662186593750001 0.48179142343750003 0.87174806875 0.48783506093750006 0.8094979999999999 0.5062186828125 0.8204699203124999 0.5152992937499999 0.8218187968749999 0.571498378125 0.80476116875 0.580105809375
2 0.19904082812499999 0.66875 0.2033663421875 0.6749271140624999 0.23148229531250003 0.7231164484375 0.23538536250000003 0.7251113453125 0.24221391250000002 0.7241848265625 0.26036270156249997 0.732325140625 0.341441040625 0.7546472625 0.4015625 0.7778947234375 0.4015625 0.7716451624999999 0.3828938890625 0.7338759640625 0.3636687265625 0.717803371875 0.3245299546875 0.6721194374999999 0.322045503125 0.66875 0.19904082812499999 0.66875
2 0.1156853265625 0.66875 0.1171386421875 0.6786942140625001 0.1347081359375 0.7015550859374999 0.1420275484375 0.70813539375 0.1486605859375 0.7062256125 0.16973278593750002 0.7063958421875001 0.18426349687500002 0.6938214765625 0.188555521875 0.6927342265624999 0.1994025078125 0.7372079265625 0.20235447187500002 0.740625 0.2099086578125 0.740625 0.234375 0.7290754749999999 0.234375 0.725607496875 0.2288580671875 0.7215987187499999 0.2271972171875 0.7157653296875 0.219779009375 0.70616905625 0.2045474203125 0.67491265 0.20008009218749997 0.66875 0.1156853265625 0.66875
2 0.083566259375 0.8170886328125 0.07713391875 0.8326033484375 0.06057515625 0.8954375015625 0.053167309375000006 0.9110845781249999 0.04060211875 0.9587349125 0.040409710937499996 0.96532465625 0.036316309375 0.9749681718750001 0.037878364062499996 0.9777855984375 0.042268146875 0.9771899796875001 0.0928864125 0.9445722906249999 0.1460391359375 0.9070666656249999 0.19792618281250002 0.8757915109375001 0.20582489218750002 0.8676512578125 0.2377202546875 0.8542354875000001 0.249324440625 0.8420582015625 0.24932236875 0.83700953125 0.22432327343749997 0.7767847031249999 0.201284515625 0.73901416875 0.1941502578125 0.708173778125 0.187997725 0.692347034375 0.1824379546875 0.6946160859375 0.16917499062500002 0.7060086515624999 0.1438107625 0.7069256703125 0.143519559375 0.710499446875 0.14908347500000002 0.7183277359375 0.143139925 0.73630060625 0.135920340625 0.7352606015625 0.1305560859375 0.738512915625 0.1081266671875 0.759227534375 0.0935002734375 0.7763589390625001 0.0873601703125 0.7908242140625 0.083566259375 0.8170886328125
2 0 1 0.028285831249999997 1 0.0405116125 0.9759136250000001 0.0426508921875 0.958961825 0.0551172875 0.908295525 0.06885764531250001 0.87159343125 0.085419515625 0.8163322828125 0.09067358125 0.78229631875 0.0844305390625 0.7836482890625 0.06473109218749999 0.8004582328125001 0.05205053281250001 0.8047032453125 0.036347764062499996 0.8139023734374999 0.0265947625 0.820274640625 0.019573803125 0.8277909015624999 0.0012346796874999999 0.831289 0 0.83173966875 0 1
1 0.372655184375 1 0.41288288125 0.9743639921874999 0.41951384375 0.9674055421875 0.3961818125 0.928160115625 0.37343736562499996 0.8943888093750001 0.3568433796875 0.871395578125 0.34220351718750003 0.8557106296875 0.33019586875 0.8356293765625 0.2863771453125 0.796639171875 0.21904227187499997 0.745187959375 0.21260268125 0.743032334375 0.2097739171875 0.7439210421875 0.2118278703125 0.756769628125 0.22139571406249997 0.7746574484375 0.247468075 0.8352415453124999 0.247763421875 0.8417651093749999 0.24591120000000002 0.8450457953124999 0.23654922968749997 0.8533845859374999 0.20972588593750002 0.8645974843750001 0.19773066718750001 0.8748082484375 0.1471113640625 0.9049016015625 0.10819814999999999 0.9334066374999999 0.038561634375 0.9787026796875 0.026941928124999997 1 0.08163518125 1 0.0840298078125 0.99575859375 0.0931993703125 0.994009546875 0.12119788281249999 0.9937448890624999 0.14763744843749999 0.9982358093749999 0.1693929203125 0.9993231234375 0.2537763796875 0.9929226718749999 0.282069203125 0.9966572421875 0.2881392375 1 0.372655184375 1
7 0.45 0.66875 0.45 0.7978722953124999 0.5397452140625 0.8398537906250001 0.585790003125 0.8452383578125 0.6198191359375 0.8417969140625001 0.68440764375 0.867223953125 0.74514875 0.8829449234375 0.774572953125 0.9022649171874999 0.81096711875 0.9138620015625 0.8259159484375 0.9133759046875 0.8468573906250001 0.8888543484374999 0.859375 0.860040453125 0.859375 0.8435627796875 0.8565091515625 0.82439209375 0.8027064390625 0.8023010234375001 0.7809770296874999 0.802393159375 0.7502282765625 0.7816415578125 0.6589593625 0.7356992953125 0.6312700390625 0.7002243390625 0.60588261875 0.682493534375 0.567768840625 0.66875 0.45 0.66875
7 0.45 1 0.6046308 1 0.6091360578125 0.9709833984374999 0.607433871875 0.9275358109375 0.567225009375 0.8466301125 0.538872846875 0.8395642203125 0.4610072640625 0.8011739484374999 0.45 0.7982082015625 0.45 1
7 1 1 1 0.8479413359375 0.9805230500000001 0.8110863593750001 0.9514144859375001 0.7782382359375 0.9202554 0.7750731984375 0.8957190718749999 0.7790661875 0.876544075 0.78607996875 0.8653163859374999 0.8016833828125 0.8474028140625001 0.8128343953125 0.85241694375 0.8307361296875 0.8516909734375 0.8618508203124999 0.84468945 0.870926546875 0.8444369390625 0.8817490484375 0.8925166593749999 1 1 1
7 0.7204010593750001 0.66875 0.7203405859374999 0.671341875 0.7658792171875 0.7566211796875 0.7937894859375 0.7826264484375 0.83396791875 0.8066352203125 0.8556657609375 0.8078958984375 0.86389714375 0.804310215625 0.876544075 0.78607996875 0.9147678109375 0.7774636562499999 0.9258692453125 0.7672714921875 0.9319565484375001 0.7391775953125 0.9245458265625001 0.7075901515625 0.9241103390625 0.66875 0.7204010593750001 0.66875