3 0.7732334 0.4657611421875 0.728177975 0.47670525937499997 0.6732256453125001 0.49669349687500003 0.6510490515625 0.5222812218749999 0.6514733234375 0.54658765 0.6568094703125 0.5642766375 0.671438446875 0.5863173171875 0.684200928125 0.5974327546875 0.6951700625 0.60181370625 0.7178001859375 0.6022087171875 0.84857088125 0.5575690765625 0.8700263609375 0.5386719453125 0.8912477593749999 0.5063643718749999 0.9202612453125001 0.488437059375 0.9166891859374999 0.4758062484375 0.9124399000000001 0.47238048906249996 0.8688413296874999 0.470781575 0.8435065578125001 0.4594466890625 0.8208618062499999 0.458213525 0.8092154468749999 0.46303762343750005 0.7732334 0.4657611421875
3 0.43237707187499996 0.37937332968750004 0.41795291562500003 0.3690667859375 0.4003370765625 0.3679214015625 0.3870875640625 0.37690700312500003 0.37990994218749996 0.3977291515625 0.3669091375 0.420963346875 0.3683178609375 0.4536659328125 0.36387414375 0.48710426093750003 0.3698875140625 0.495588196875 0.382547584375 0.5008365640625 0.3900617 0.499291928125 0.39497357499999997 0.49267448593749996 0.401181378125 0.464294334375 0.417739609375 0.45285279687499996 0.43877082187500005 0.40964923593749997 0.43237707187499996 0.37937332968750004
3 0.4694521265625 0.4872713375 0.46276577812499997 0.440232375 0.4622976171875 0.4134114875 0.457166290625 0.40745663906249996 0.44375584687499997 0.4072225578125 0.43381505468750003 0.41375222031250003 0.41695997812499996 0.45619077812500003 0.417292225 0.523228365625 0.4216439203125 0.5325211953125 0.4334219484375 0.535240471875 0.4425245875 0.5286961828125001 0.44893720937500003 0.51205016875 0.46378987812499994 0.498903065625 0.4694521265625 0.4872713375
3 0.4464227515625 0.512006278125 0.4408775421875 0.5303432265625 0.4284222921875 0.5368289984375 0.4169807546875 0.5533872343749999 0.419831703125 0.5727086359375 0.43094713906250004 0.5854711171875 0.435342721875 0.597278403125 0.43247289999999994 0.6248789234375 0.4409714671875 0.6317304453125 0.44851484218750004 0.6318621156249999 0.4559704359375 0.62696486875 0.45811914531250003 0.6060549421875 0.46957531250000006 0.590334859375 0.4662415734375 0.5433544171875 0.47231770468749995 0.5074308921874999 0.4687017546875 0.4922856234375 0.4464227515625 0.512006278125
3 0.37662199531249996 0.4973815453125 0.36732916718749997 0.49302984843750003 0.36209542968749997 0.48120793125 0.3403180890625 0.48166570468750003 0.3385497609375 0.524367603125 0.3471318671875 0.584008115625 0.3422492515625 0.5923018625 0.340777765625 0.604006740625 0.3484820703125 0.613358090625 0.359392684375 0.61438643125 0.36843680624999997 0.6044895312499999 0.3739527546875 0.584476275 0.39123209999999997 0.5663441453125 0.399540478125 0.5622996828125 0.4042767921875 0.545624409375 0.40839440781249997 0.54150679375 0.408808290625 0.517214996875 0.40320880312499996 0.4844392609375 0.38665056875000003 0.49588079843750005 0.37662199531249996 0.4973815453125
3 0.6577604203125 0.6187565640625 0.6332491703125 0.6065981546875 0.6047227187499999 0.6044244296875 0.5997523234375 0.6076892593750001 0.5957810109375 0.6201884 0.6003960421875 0.6445679796875 0.596527140625 0.6629341890625 0.6074670156249999 0.6656388390625 0.6669612265625 0.665839415625 0.724145803125 0.677730240625 0.7288967468750001 0.6618931203125 0.726162840625 0.6492769375 0.709414415625 0.6498224921875 0.691579128125 0.6361048171875 0.6679938125 0.6289899546875 0.6577604203125 0.6187565640625
3 0.8469677250000001 0.56173058125 0.8343661750000001 0.5598348265624999 0.7544594546875001 0.5902801484375 0.71400443125 0.624765690625 0.70415141875 0.6363242687499999 0.702592153125 0.6430002296875 0.7101940484375 0.6464845125 0.7277952562500001 0.6467917421875 0.7249108046875 0.6735541078125 0.72996898125 0.67531819375 0.7508057578125 0.6689787234375 0.787596696875 0.664593525 0.7967285984375 0.6597255390625001 0.810333471875 0.62309553125 0.8406428828125 0.5834055109375 0.8478936578124999 0.5667741265624999 0.8469677250000001 0.56173058125
3 0.6557391390625 0.6949699421875 0.6674147578125 0.6918221499999999 0.675664615625 0.6844250749999999 0.7022660515625 0.6723209453125001 0.6711519921875 0.665912565625 0.6468601921875 0.6663264484375 0.63693403125 0.6736942625 0.6370218109375 0.678723178125 0.645666678125 0.693956228125 0.6541213546875 0.698293290625 0.6557391390625 0.6949699421875
3 0.3369885921875 0.3869251890625 0.31532829218749997 0.3940881796875 0.308740109375 0.40067636249999994 0.2746203171875 0.462085203125 0.27330976093750003 0.4830097609375 0.28221796875 0.5133295578125 0.275761459375 0.527461115625 0.2751866453125 0.542533234375 0.28456725625 0.55191384375 0.300521415625 0.55386811875 0.3243450546875 0.52663335 0.333067315625 0.4982970875 0.36300673125 0.485413325 0.3699941671875 0.4536951921875 0.368600071875 0.421830759375 0.3741160203125 0.40181750312500003 0.3554718421875 0.3897615046875 0.3369885921875 0.3869251890625
3 0.2785977765625 0.5459443640625 0.27662887187499996 0.5291520515625 0.2838796453125 0.5125206671875 0.27860201875 0.49818429062499997 0.268778265625 0.5114191734375 0.2583504421875 0.53804986875 0.2625808515625 0.588397553125 0.252079878125 0.6108374859375 0.25732824375 0.62349755625 0.269944425 0.626231465625 0.278238171875 0.6213488484374999 0.29120971406249996 0.5964383468750001 0.30609164375 0.58496755 0.3161348453125 0.5843049578125 0.3302664015625 0.577848446875 0.340972196875 0.56714265 0.32928619062500003 0.5216922140625 0.3133905515625 0.52309055 0.310242759375 0.5347661671874999 0.299610115625 0.5496627265625 0.286214303125 0.5502667984375 0.2785977765625 0.5459443640625
3 0.8405093109375 0.43174375937500004 0.817041034375 0.43133412031249996 0.7903371875 0.4375711796875 0.7610018421875 0.43705913125 0.7352092984375 0.44750158593749995 0.691815546875 0.4576368109375 0.667772459375 0.4722992890625 0.6311131890625 0.48422785937499996 0.6214357390624999 0.5058442703125 0.6441390109375 0.5104300421875 0.6866507187499999 0.4977657296875 0.7148845703125 0.48317640156249997 0.7766737921875 0.47084857968750005 0.8135671406249999 0.47233045156250003 0.8201992125 0.4682567296875 0.82256736875 0.45991909218749993 0.835154290625 0.46097669531249996 0.8451536031250001 0.45779964531250006 0.8500362203125 0.44950589843750005 0.8498752890624999 0.44028621875 0.8405093109375 0.43174375937500004