7 0.8984094406249999 0.5 0.8988552625 0.49234709531250004 0.8946379984374999 0.47410380625000004 0.876064153125 0.4485220671875 0.8516803890624999 0.43203626093749997 0.8498624781250002 0.3907333171875 0.8361797093749999 0.371828271875 0.8231198750000001 0.360357315625 0.8022079312500001 0.356783725 0.7946621046875 0.35942355 0.7929978234374999 0.36986510625 0.7802546390625 0.3710857796875 0.774567234375 0.3780786953125 0.7738934203125 0.3896452890625 0.7793461734375 0.4048075796875 0.7999622109375 0.431587884375 0.80628291875 0.449978228125 0.8376673640625001 0.5 0.8984094406249999 0.5
7 0.6540064234375 0.290465653125 0.648380275 0.296407059375 0.6542721921875 0.32215796406249997 0.6992107359374999 0.36647558281250003 0.7057152109375 0.3817114015625 0.7229206828125 0.3945279828125 0.7335095390624999 0.41216093281250005 0.76271275 0.41842576875 0.7728624421875 0.42547010625 0.78133748125 0.4250068265625 0.787208653125 0.41485938593749994 0.770972903125 0.367269496875 0.7382874968750001 0.33014327187500003 0.72411468125 0.3196502953125 0.7205203499999999 0.3088410953125 0.701640225 0.2885168984375 0.686293175 0.280053409375 0.6664329546875 0.2765533484375 0.66458490625 0.29014943125000003 0.6540064234375 0.290465653125
7 0.8745214015624999 0.3481140625 0.8656175734375001 0.3559379015625 0.8491274078125001 0.4033514203125 0.8526095999999999 0.43421280781249993 0.8740832187500001 0.44627199375000004 0.8868876578125 0.44399981093749996 0.9043890375 0.433609678125 0.913343746875 0.4067851578125 0.9110866718749999 0.3548935984375 0.8894905421875 0.34493742968749996 0.8745214015624999 0.3481140625
7 0.9017540515625001 0.3700779953125 0.9104232296875001 0.38440936406250004 0.9096372765625 0.4160281453125 0.93754374375 0.4264254890625 0.9472542703125001 0.4228812125 0.9586394515624999 0.426844553125 0.9655623484374999 0.4167706390625 0.9677166765624999 0.397917015625 0.9589042390625 0.3497903203125 0.9482541281250001 0.3332088765625 0.94458816875 0.3055020125 0.930415353125 0.2950090359375 0.9256467859375 0.286229325 0.9141390921875001 0.2843690015625 0.8999257671875001 0.310825878125 0.899190696875 0.3234439796875 0.9056339187500001 0.3397313078125 0.9017540515625001 0.3700779953125
7 1 0.33300005625 0.9836960484375 0.3230172203125 0.9690944421874998 0.3198848015625 0.9614157296875 0.306678471875 0.9530632046875 0.305038734375 0.946446590625 0.3098551046875 0.9460177999999999 0.3172156640625 0.9546257203125 0.332598540625 0.9540131625000001 0.34311362500000003 0.96299899375 0.370136625 1 0.41532047499999997 1 0.33300005625
7 1 0.240548909375 0.9765271500000001 0.22855062187500003 0.9513470609375 0.2257344265625 0.9363166625 0.2299625671875 0.9259219468750001 0.22712426562500002 0.9202345421875 0.23411717968749998 0.9311909343749999 0.24544108125 0.9425252328125 0.268405103125 0.9619566609374999 0.279265721875 0.994682578125 0.2794420921875 1 0.285481971875 1 0.240548909375
7 0.8763477234374999 0.189873090625 0.8659021250000001 0.2060354671875 0.8098752890625001 0.24329433749999999 0.7922108890625 0.29273734375 0.82480391875 0.277067559375 0.9113815984375 0.2229403390625 0.91749779375 0.20858686249999997 0.9184166328125001 0.1928142359375 0.9095024296875 0.1826889015625 0.8960138015625001 0.178578503125 0.8763477234374999 0.189873090625
7 0.790536234375 0.2852297265625 0.7940589375 0.2791412625 0.796825825 0.24977255468749998 0.7932314921875 0.2389633546875 0.7811008671875 0.22966894375 0.7632828375 0.22736744843749998 0.74751736875 0.244213690625 0.7431370828125 0.265023275 0.739328846875 0.312267628125 0.749917703125 0.3299005765625 0.769032478125 0.32806956875000004 0.78343994375 0.3164073375 0.7904240953125 0.3052819171875 0.790536234375 0.2852297265625
7 0.85159740625 0.28844288125 0.822414940625 0.3180763890625 0.8095596171875 0.339349253125 0.8095699906249999 0.35729842500000003 0.8200872171875 0.3580337125 0.833208309375 0.3684531609375 0.8405703687500001 0.3689678609375 0.8591847265624999 0.3575997453125 0.8885509578124999 0.32481171249999996 0.911851878125 0.2873764703125 0.91952021875 0.28263362812500004 0.92100073125 0.275346596875 0.9113410875 0.259890190625 0.9050307515625 0.2594490203125 0.9012526515625 0.251794346875 0.89283886875 0.2512061171875 0.8763279578125001 0.26272128906250003 0.86235965625 0.28497213125 0.85159740625 0.28844288125
7 0.6390625 0.3897777484375 0.6696098515625 0.4214188265625 0.6801374499999999 0.440103284375 0.6935035671875001 0.44631669843750005 0.70940191875 0.4453166109375 0.7144051359375 0.43194111562500004 0.7335199109375 0.43011010625 0.7269438078125 0.397976621875 0.707573634375 0.3860644921875 0.7002012015625 0.3676006203125 0.6773592093749999 0.34277627499999996 0.6559468468749999 0.32966558125 0.6390625 0.3259202953125 0.6390625 0.3897777484375
7 0.6390625 0.31431609374999997 0.6410285890625 0.3138415328125 0.647767715625 0.30692214375 0.6507899984375001 0.291296575 0.66458490625 0.29014943125000003 0.6748976203125 0.25814089687499997 0.665615884375 0.2543246140625 0.6390625 0.262677840625 0.6390625 0.31431609374999997
7 0.6390625 0.212560209375 0.6474708296875 0.22138231406250003 0.654710375 0.22400003281249997 0.6708537515625 0.21879391093749997 0.69441006875 0.1951018078125 0.7018842656250001 0.17556431875 0.713882009375 0.1690125765625 0.7198040625 0.1398644515625 0.7107060921875 0.13289364374999998 0.6915913171875 0.13472465312499998 0.6790422734375 0.150739975 0.6671670453125 0.1551887015625 0.6390625 0.1808154875 0.6390625 0.212560209375
7 0.7563609234374999 0.34618790625 0.759822371875 0.34115095 0.75869901875 0.32417975625 0.738562659375 0.27103821093749997 0.714229778125 0.23555172343750003 0.69461458125 0.2278456296875 0.6760614828125 0.238162234375 0.6729270609375 0.27383999375 0.6985463125 0.2872448046875 0.7124741046875 0.301943815625 0.72274630625 0.306885134375 0.7322221843750001 0.325496065625 0.7470791859375 0.34237162187500003 0.7563609234374999 0.34618790625
7 0.7808350984375 0.19797663125 0.7227453265625 0.198138590625 0.7022112921875 0.206205121875 0.6889168046874999 0.21688937187500001 0.676112365625 0.2191615546875 0.6747543625 0.2243455671875 0.6815651203125 0.2343238453125 0.69004015625 0.233860565625 0.6946758390625 0.22679412031249999 0.7019766421875 0.2283603296875 0.7220922578125 0.24560352968750002 0.7474561140625 0.24526520000000002 0.7554307328125 0.23526481562499998 0.7673672171875 0.2297645796875 0.7799266328125001 0.23169842968749998 0.794160703125 0.2411399 0.808884821875 0.2421693015625 0.8451843218749999 0.21725652499999998 0.8400378484375001 0.1968366921875 0.81603199375 0.191991009375 0.7808350984375 0.19797663125
7 0.7488941546875 0.05743493281249999 0.7222335515625 0.0619057671875 0.7047934312499999 0.0712443953125 0.7084593906250001 0.0989512578125 0.7207125265625 0.1061426515625 0.73339445625 0.10597348749999999 0.8261090765624999 0.07339113593749999 0.8387806296875 0.055272798437500006 0.8361155078125 0.0466401453125 0.795282090625 0.040618003125 0.7488941546875 0.05743493281249999
7 0.6390625 0.1808512265625 0.6671670453125 0.1551887015625 0.6802165078125 0.1487104859375 0.6904783375 0.13570263437500002 0.7074284140625 0.134776075 0.7121866078125001 0.1256066125 0.7121762328125 0.1076574421875 0.7041299890625 0.100760159375 0.6894058703125 0.0997307578125 0.6390625 0.13769553750000002 0.6390625 0.1808512265625
7 0.8349827671875 0.12046632500000001 0.8838520578125 0.115436575 0.8978919890625001 0.11008339687499999 0.917864346875 0.0935312671875 0.9295558078124999 0.092237065625 0.9271969656250001 0.07834686874999999 0.90919516875 0.0791998984375 0.8842601015625 0.07217766875 0.804155784375 0.087693190625 0.79970386875 0.09160510937500001 0.7991525671875 0.1010686875 0.8043602968749999 0.1204370109375 0.8093738874999999 0.12501068906249999 0.8219945609374999 0.1258930328125 0.8349827671875 0.12046632500000001
7 1 0.286369009375 0.991404896875 0.28132452343750003 0.9502651999999999 0.28055992500000004 0.9359086171875 0.273221471875 0.931395446875 0.27818490156250003 0.932947590625 0.287795534375 0.96772606875 0.3071196421875 0.9692782109374999 0.316730278125 0.9889546609375 0.3233848640625 1 0.332651115625 1 0.286369009375
7 0.8724263671875001 0.14842308906249999 0.8778791187499999 0.1635853796875 0.8716404125 0.18004187031250002 0.8734988359375 0.1843949625 0.881912615625 0.18498319218749998 0.8949620796875 0.178504975 0.912657596875 0.1829094875 0.9198462624999999 0.20452788593750001 0.9517654765625 0.20042469375 0.9685317859375001 0.20265266093749998 0.9713090453125 0.191233125 0.9578204171875001 0.1871227265625 0.9390628031249999 0.1646955140625 0.8593665296874999 0.13695213125 0.8476138125 0.139297840625 0.8452040859375 0.144408325 0.8684032421874999 0.144974446875 0.8724263671875001 0.14842308906249999
7 0.7356006484375001 0.176865728125 0.731955434375 0.185057209375 0.7430343374999999 0.1942780921875 0.77446350625 0.1985869671875 0.7979689406249999 0.1938955484375 0.8381181703125 0.19353510937500001 0.8405891515625001 0.1873731171875 0.8797479156250001 0.1858876421875 0.8799213109374999 0.16478394375 0.8753977671875 0.1517981984375 0.866299796875 0.144827390625 0.8515756796874999 0.143797990625 0.8058002999999999 0.15009983437500002 0.7852050109375 0.1592178765625 0.76200585625 0.158651753125 0.749579325 0.1725640578125 0.7356006484375001 0.176865728125
7 0.7214683453124999 0.129422896875 0.7130244265625001 0.18373369374999998 0.71767048125 0.194616421875 0.7390724703125 0.18977794375 0.7440756875 0.176402446875 0.7592898531250001 0.16901978125 0.7619446 0.1597032609375 0.7626692984375 0.1291359859375 0.749231553125 0.1060249078125 0.74186949375 0.105510209375 0.7214683453124999 0.129422896875
7 0.7710623328125 0.0938258703125 0.7565936109375 0.106539609375 0.755858540625 0.11915771093750001 0.7809981203125 0.1589237609375 0.796896471875 0.1579236734375 0.8260280546875001 0.1472908453125 0.790738784375 0.10048045624999999 0.7710623328125 0.0938258703125
7 0.6390625 0.1294077625 0.649583665625 0.13073200000000001 0.6817987875 0.10342209218750001 0.7042525000000001 0.09865714375 0.70591678125 0.0882155875 0.7009540750000001 0.0646412296875 0.6864137234375 0.060457304687500005 0.6390625 0.0895162125 0.6390625 0.1294077625
7 0.73182156875 0.060464509374999996 0.782355140625 0.0449932015625 0.7726954953125 0.029536796875 0.6919578718749999 0.01966905625 0.6787858953125 0.028250290625 0.6779895703125 0.041919899999999996 0.6826968796874999 0.051751120312499996 0.692907828125 0.05774395 0.73182156875 0.060464509374999996
7 0.8673401640625 0.018205201562500002 0.839954865625 0.053243309375000006 0.8350129031250001 0.0655672984375 0.8361975125000001 0.0814869828125 0.8799307015625001 0.07398657187499999 0.9015060859374999 0.0480443953125 0.907561025 0.034742428125 0.90761190625 0.015741746875 0.8975847281250001 0.006594393749999999 0.886077034375 0.0047340703125 0.8673401640625 0.018205201562500002
7 0.739038028125 0 0.73160668125 0.009771515625000001 0.72975863125 0.0233675984375 0.732791290625 0.0256912015625 0.769417815625 0.031419228125 0.7824776515625 0.042890184375 0.82584330625 0.041698825 0.8224327421875 0.027735100000000002 0.8174191515625001 0.023161421874999998 0.7976201875 0.018609853125 0.7700200015625 0.0029549703125 0.7534325875000001 0 0.739038028125 0