6 0.5296875 0.08567951562500001 0.4943130765625 0.0990779375 0.4662218171875 0.10590400625 0.4484378953125 0.115698065625 0.43115369374999996 0.11825095468749999 0.426024753125 0.12288003125 0.423780815625 0.1315014203125 0.4134923 0.1382166578125 0.4067652953125 0.1401169578125 0.401678796875 0.1401486203125 0.3882059640625 0.1342659890625 0.3728121265625 0.1313296640625 0.3645176875 0.1330440984375 0.3587546875 0.14188301875 0.3511555734375 0.1444734265625 0.32811316874999996 0.13190136875 0.29811272031249997 0.1345334265625 0.2798951453125 0.1326906046875 0.2710515359375 0.12942006875 0.24954593281249998 0.11449096562500001 0.2436604 0.11315824375000001 0.234597559375 0.1160512 0.263635825 0.2528066484375 0.2670818171875 0.2546436140625 0.272260209375 0.2622406796875 0.2773230859375 0.2764896515625 0.28841764375 0.287962353125 0.295736265625 0.2864496171875 0.3092091 0.2923322515625 0.342747434375 0.29916589375 0.3940084265625 0.2911196546875 0.4049992765625 0.3021039421875 0.412013784375 0.3159495203125 0.42481011406249997 0.33063940625 0.44061878125 0.3355293828125 0.46148331249999996 0.33784478125 0.50496360625 0.35791890937500004 0.5193816234375 0.36105693125 0.5296875 0.3670627046875 0.5296875 0.08567951562500001
9 0.5296875 0.37659213281250004 0.5529319015625 0.36553802343749997 0.621875 0.330406325 0.621875 0.3271797890625 0.5662376484375 0.2024392125 0.5296875 0.22126854375 0.5296875 0.37659213281250004
9 0.7205594843750001 0.3796875 0.9198535 0.25990548125 0.9328125 0.257250646875 0.9328125 0.256153609375 0.895334865625 0.204349146875 0.86516008125 0.158335303125 0.7548199828125 0.2296198484375 0.6364225796875 0.2968757375 0.6429630671875 0.3077057796875 0.684622125 0.3796875 0.7205594843750001 0.3796875
9 0.604067965625 0.2450853140625 0.6373975578125 0.2953125 0.6397331875 0.2953125 0.6769315468749999 0.266397590625 0.749922759375 0.223859078125 0.8049979374999999 0.1922928921875 0.859375 0.1584827109375 0.859375 0.1568560671875 0.81814443125 0.09440356875 0.8035466437500001 0.0795448671875 0.5833091796875001 0.20309222187499998 0.604067965625 0.2450853140625
9 0.6900307859375 0 0.7446623718750001 0.0446934375 0.8121538000000001 0 0.6900307859375 0
9 0.59270923125 0 0.5547928453125001 0.030854437499999998 0.5825981015625 0.061938439062499996 0.6326473359375 0.1295728453125 0.73910109375 0.050159837500000005 0.7192266421875 0.028539278125 0.6886091234375 0.0015471734375 0.687468003125 0 0.59270923125 0
9 0.9398684015625001 0.23782493124999998 0.983282278125 0.2987053796875 0.995700284375 0.290482065625 0.9683061375000002 0.24173501874999997 0.9393635546875 0.201148053125 0.9296313171874999 0.2107142546875 0.9398684015625001 0.23782493124999998
9 0.941038490625 0.1875531921875 0.9293478374999999 0.1645265078125 0.9095050109375 0.14154724999999999 0.8879556234375 0.1335215515625 0.8691868765624999 0.12276265156249999 0.8714615328124999 0.14176858125 0.8876710078125001 0.14574981250000002 0.8955701906249999 0.15657195 0.9163922234375 0.19584764999999998 0.9325068281250001 0.2039049671875 0.941038490625 0.1875531921875
9 0.8695663640625 0.10645830468749999 0.8511771046875 0.07939505625 0.8245724234375 0.055096626562499994 0.8319023734375 0.09037528593750001 0.8595495109375 0.1282527671875 0.8695663640625 0.10645830468749999
9 1 0.1879034265625 0.9943438593749999 0.17365795312500001 0.9602194859375001 0.1222330390625 0.9442618640625 0.1657982515625 0.971497890625 0.221338775 0.9992082734375 0.256498865625 1 0.253763990625 1 0.1879034265625
9 0.868302540625 0.102390121875 0.8799615703124999 0.1267755015625 0.9082095609374999 0.13883776406249998 0.9231552140625 0.1387508140625 0.9429664171875001 0.16308876562500002 0.9556690374999999 0.1426371875 0.9534260078125001 0.1222725625 0.936079203125 0.1087883671875 0.86207829375 0.0779731234375 0.868302540625 0.102390121875
9 1 0.1327899125 0.9902372859374999 0.116624353125 0.9490031921875002 0.07882592031249999 0.927327309375 0.0762350046875 0.9212600468750001 0.1034405359375 0.9456216953125001 0.1073743390625 0.9722896265625 0.128955375 0.9921324531250001 0.1519346328125 1 0.1506829515625 1 0.1327899125
9 0.8661860062500001 0.0765907140625 0.8959508125 0.08185159374999999 0.9256523734375 0.089829865625 0.9315298921874999 0.0707765078125 0.8720635234374999 0.057537356250000005 0.8661860062500001 0.0765907140625
9 0.9415151203125 0.050340740625000005 0.91886003125 0.03145338125 0.854685096875 0.04541185625 0.8260259906249999 0.051012635937499995 0.845932065625 0.07127450156250001 0.8788570015625 0.057497832812500003 0.8951613500000001 0.0574029765625 0.9395555703125 0.0761638625 0.9415151203125 0.050340740625000005
9 1 0.07120596875 0.9796218484375 0.0474020171875 0.9708055703125 0.0759820546875 0.9988954437500001 0.094837796875 1 0.09755630781249999 1 0.07120596875
9 0.9423319453125 0 0.9554183187499999 0.0366747359375 0.9742186890625 0.046074940625 0.9826871031250001 0.03244055625 0.972323521875 0.0107646625 0.9666845437500001 0 0.9423319453125 0
9 0.9644518187500001 0 0.9799697125 0.032456365625 0.9934934203125 0.0350947109375 1 0.034515764062499996 1 0.0192722609375 0.9868163453125 0 0.9644518187500001 0
9 1 0.7141976515625 0.9983973484374999 0.7140323390625 0.98903916875 0.6741153234375 0.9486283078125 0.6612163984375 0.89703604375 0.659476440625 0.8746505484375 0.653125 0.8495272593750001 0.653125 0.783186690625 0.6551203109375 0.7357873921875 0.6674683437500001 0.7156730484375 0.6803922078125 0.6954067281249999 0.7097541390625001 0.6944646750000001 0.753197828125 0.686503984375 0.7667037578125 0.6973814328125 0.7884209249999999 0.6861695875 0.8174855890625 0.6964393796875 0.8318646140624999 0.7565999890625 0.827436790625 0.839790515625 0.8421875 0.8559154796874999 0.8421875 0.934438321875 0.8370502 0.9497216015625 0.820605896875 0.9585634562500001 0.799467675 0.9851192203124999 0.7912377296875001 1 0.7720636031250001 1 0.7141976515625
9 0.5296875 0.66580465 0.5468527812499999 0.67114080625 0.561824971875 0.6796875 0.57154291875 0.6796875 0.5851671609375 0.6769957375000001 0.5979589187500001 0.66701025 0.62016974375 0.66113038125 0.7171875 0.5990137921875001 0.7171875 0.5980188249999999 0.6936084796875 0.5794971656250001 0.6315033624999999 0.5604429265624999 0.53290684375 0.5575481921875001 0.5296875 0.5581842421875 0.5296875 0.66580465