8 0.374769659375 0.5 0.36943359375 0.477685546875 0.37529296875 0.392236328125 0.37138671875 0.377099609375 0.3669921875 0.368798828125 0.3533203125 0.357568359375 0.32890625 0.344384765625 0.29033203125 0.331689453125 0.23466796875 0.321435546875 0.18583984375 0.320458984375 0.15263671875 0.324853515625 0.1287109375 0.332177734375 0.11796875 0.338037109375 0.1052734375 0.354150390625 0.0857421875 0.440576171875 0.08037109375 0.453759765625 0.0642578125 0.482080078125 0.0642578125 0.492822265625 0.065966796875 0.5 0.374769659375 0.5
0 0.7371619781250001 0 0.7434399796875001 0.013901289062499999 0.7719618046875001 0.0436631953125 0.7732638765625 0.04375 0.7993278734375 0.04375 0.8376860109375001 0.0387028765625 0.8562872015625 0.0312624015625 0.865625 0.014921251562499998 0.865625 0 0.7371619781250001 0
1 1 0 0.9479332015625002 0 0.9554563484374998 0.009027778125 0.9145337296874999 0.021428571875 0.915773809375 0.0549107140625 0.9145337296874999 0.0549107140625 0.912053571875 0.057390873437500003 0.928174603125 0.0834325390625 0.9418154765625001 0.11071428593749999 0.9331349203125001 0.13799603124999998 0.9132936515625001 0.1578373015625 0.9145337296874999 0.214880953125 0.956696428125 0.23472222187499997 0.99637896875 0.2545634921875 1 0.256615409375 1 0
1 1 0.25761408750000003 0.9839781750000001 0.249603175 0.9504960312499999 0.23720238125 0.924454365625 0.2446428578125 0.9033730156249999 0.263244046875 0.8946924609375 0.2892857140625 0.9046130953125001 0.300446428125 0.91825396875 0.31532738125000004 0.9269345234374999 0.34384920625 0.9269345234374999 0.3835317453125 0.940575396875 0.39593253906250003 0.9616567453125 0.405853175 0.9814980156249999 0.41701388906250003 0.99637896875 0.4331349203125 1 0.43478084375000003 1 0.25761408750000003
0 0.928174603125 0.087152778125 0.9095734125 0.05987103125 0.8884920640625001 0.032589285937500004 0.8723710312499999 0.021428571875 0.86865079375 0.017708332812499998 0.8413690468749999 0.040029762499999996 0.8140873015625001 0.041269840625 0.8054067453125 0.0685515875 0.81532738125 0.093353175 0.8277281750000001 0.12559523749999998 0.8351686515625001 0.150396825 0.8599702375 0.1677579359375 0.89717261875 0.1739583328125 0.92197420625 0.15907738124999998 0.9356150796874999 0.13799603124999998 0.940575396875 0.11195436562500001 0.928174603125 0.087152778125
7 0.6224781296874999 0 0.621875 0.0053075390625 0.6144345234374999 0.0648313484375 0.60947420625 0.09459325468749999 0.6231150796875 0.11071428593749999 0.6181547625 0.144196428125 0.5970734125 0.1640376984375 0.58467261875 0.197519840625 0.6069940468749999 0.2582837296875 0.6255952375 0.2917658734375 0.628075396875 0.3103670640625 0.6169146828125001 0.31284722187499997 0.6107142859375 0.3364087296875 0.6144345234374999 0.353769840625 0.68387896875 0.35873015937499997 0.6950396828125001 0.34012896875 0.693799603125 0.3140873015625 0.6863591265625001 0.30664682499999996 0.68387896875 0.293005953125 0.722321428125 0.247123015625 0.74092261875 0.20868055624999998 0.7421626984375 0.168998015625 0.7272817453125 0.1466765875 0.731001984375 0.1293154765625 0.7471230156249999 0.10947420625 0.7496031750000001 0.057390873437500003 0.7520833328125001 0.026388889062499997 0.7368055546875001 0 0.6224781296874999 0
7 0.7706845234374999 0.25952380937499997 0.7706845234374999 0.263244046875 0.8029265875 0.2570436515625 0.833928571875 0.2533234125 0.8674107140625 0.26200396875 0.887251984375 0.2793650796875 0.8835317453125 0.20868055624999998 0.884771825 0.17519841249999998 0.871130953125 0.171478175 0.8388888890625001 0.152876984375 0.821527778125 0.1541170640625 0.79052579375 0.1665178578125 0.7806051593750001 0.2136408734375 0.7706845234374999 0.25952380937499997
7 0.7979662703125 0.2582837296875 0.7632440468749999 0.271924603125 0.7396825390625 0.2979662703125 0.7235615078125 0.33764880937499997 0.7248015875 0.3364087296875 0.7322420640624999 0.3760912703125 0.7483630953125 0.403373015625 0.7744047625 0.41577380937499997 0.793005953125 0.44181547656250003 0.8314484125 0.440575396875 0.871130953125 0.428174603125 0.8922123015625001 0.428174603125 0.92197420625 0.3984126984375 0.9294146828125001 0.3574900796875 0.924454365625 0.31780753906250003 0.9021329359374999 0.296726190625 0.8835317453125 0.271924603125 0.8537698406249999 0.25580357187499997 0.7979662703125 0.2582837296875
2 0.3890625 0.5343874 0.2142485125 0.5343874 0.17394593281249998 0.5356274796875 0.10078125 0.5343874 0.05613839375 0.574069940625 0.053658234375 0.5939112093750001 0.0474578375 0.652194940625 0.049937996875 0.7129588296875 0.051178076562499994 0.7141989078125001 0.057359871875 0.7265625 0.057418331249999996 0.7265625 0.0759796625 0.7092385921875 0.119382440625 0.6968377984374999 0.1293030765625 0.684437003125 0.140463790625 0.660875496875 0.1541046609375 0.647234621875 0.185106646875 0.6422743046875 0.2446304546875 0.6484747015625001 0.25579116874999996 0.67079613125 0.2297495046875 0.7079985109375 0.24339037812500003 0.7104786703125 0.29051339375 0.7141989078125001 0.3177951390625 0.7104786703125 0.3636780765625 0.6968377984374999 0.3890625 0.689730159375 0.3890625 0.5343874
6 0 0.8873139875 0.027331348437500003 0.8873139875 0.084375 0.8922743046875 0.10173611093749999 0.8860739078125001 0.12157738124999999 0.8538318468749999 0.13769841249999998 0.8327504953125 0.1364583328125 0.8067088296874999 0.15381944375 0.7843874 0.197222221875 0.76454613125 0.218303571875 0.745944940625 0.23690476249999998 0.6963417656249999 0.24375 0.6678199375 0.24375 0.6647795578125 0.2232638890625 0.6454985109375 0.1860615078125 0.6454985109375 0.1612599203125 0.6417782734374999 0.1389384921875 0.6653397812499999 0.1265376984375 0.6913814484375 0.0992559515625 0.7025421625 0.07569444374999999 0.7223834328125001 0.04345238125 0.68642113125 0.04717261875 0.626897321875 0.04345238125 0.6293774796875 0.012450396875 0.630617559375 0 0.633913253125 0 0.8873139875
0 0 1 0.0636904765625 1 0.08055555625000001 0.99072420625 0.0979166671875 0.9783234125 0.0917162703125 0.9274801593750001 0.0917162703125 0.890277778125 0.012351190625 0.893998015625 0 0.89488024375 0 1
4 0.20580357187499998 0.86299603125 0.24052579375 0.8208333328125 0.24052579375 0.7935515875 0.20208333281250002 0.7985119046875 0.1834821421875 0.803472221875 0.168601190625 0.7861111109375 0.13263888906250001 0.7823908734374999 0.135119046875 0.8084325390625 0.15 0.83447420625 0.1301587296875 0.8580357140625001 0.10659722187500001 0.8865575390625 0.11651785781249999 0.8828373015625001 0.11651785781249999 0.8890376984374999 0.1512400796875 0.8803571421875 0.168601190625 0.8605158734374999 0.1834821421875 0.9200396828125001 0.18224206406250001 0.9485615078125 0.2008432546875 0.9708829359374999 0.2268849203125 0.9832837296874999 0.2541666671875 0.9770833328125 0.26532738125 0.947321428125 0.24176587343749997 0.9299603171874999 0.228125 0.9212797625 0.24424603125000002 0.9014384921874999 0.24052579375 0.8791170640624999 0.21820436562499998 0.8778769843750001 0.20580357187499998 0.86299603125
1 0.3890625 1 0.3890625 0.6892530203125 0.3880952375 0.6893849203125 0.3335317453125 0.7042658734374999 0.26904761875 0.7352678578124999 0.2702876984375 0.737748015625 0.262847221875 0.7327876984375 0.26160714218750003 0.803472221875 0.26532738125 0.8753968249999999 0.2665674609375 0.9510416671874999 0.264198509375 1 0.3890625 1
7 0.8195828593750001 0.5 0.820622521875 0.5205853171875 0.8253348234375 0.534722221875 0.8268229187500001 0.549355159375 0.8250868062500001 0.55927579375 0.8231026796875 0.597222221875 0.8193824421875 0.62177579375 0.8198784734375 0.65848214375 0.8183903781249999 0.6830357140625 0.818886409375 0.70362103125 0.8131820453125 0.7819940484375 0.8124379968749998 0.7886904765625 0.8062376 0.8132440484375 0.8025173625 0.8504464281249999 0.8020213312500001 0.8767361109374999 0.804997521875 0.900049603125 0.8084697437500001 0.912450396875 0.8149181562500001 0.9293154765625001 0.8191344265625 0.937251984375 0.8248387906249999 0.95362103125 0.8290550609375 0.9615575406249999 0.8350074421875 0.9776785718750001 0.8409598234375 0.98983135 0.8472713984375 1 0.9583170171875001 1 0.9639756953124999 0.9915674609374999 0.9729042671875 0.9761904765625001 0.9771205375 0.96552579375 0.9885292671875 0.9293154765625001 0.9959697437500001 0.889880953125 0.996875 0.85946435 0.996875 0.8439452890625001 0.9962177593749999 0.8355654765625001 0.990761409375 0.7981150796875001 0.987537203125 0.7636408734375 0.9845610125 0.7477678578125 0.9840649812500001 0.6857638890625 0.9808407750000001 0.62822420625 0.9820808546875 0.5982142859375 0.9850570453125 0.5706845234375 0.9870411718749998 0.53720238125 0.9867931562500001 0.5228174609375 0.9850570453125 0.5081845234375 0.983308215625 0.5 0.8195828593750001 0.5
6 0.750533353125 0.5 0.7492710671875 0.503666596875 0.7344885140625 0.5088959140625 0.71972044375 0.52168025625 0.7079963421875 0.5233088828125 0.68197980625 0.5375802984375 0.6534696703125 0.554172984375 0.646362978125 0.5574154890624999 0.6299047234375 0.573273765625 0.6184295359374999 0.5981351859374999 0.6129273796875 0.6204513671875 0.6095037171875 0.6321548234375001 0.605519521875 0.65095946875 0.60741775 0.6556752015625 0.6045016671875001 0.6832602875 0.6109271093749999 0.7076992328125 0.6187347359375 0.720804915625 0.624426184375 0.7467460578124999 0.6402057953125 0.753720015625 0.645588834375 0.75247414375 0.649251971875 0.7587862234375 0.6622633046875 0.7656119640625001 0.675953146875 0.7574668906250001 0.686144778125 0.7569172875 0.6821047890624999 0.7632462640625001 0.6833904921875 0.772039396875 0.6893494015625 0.7689413843749999 0.6926456453125001 0.777763059375 0.6901431203125 0.777763059375 0.697946428125 0.7905680640625 0.72827651875 0.784611596875 0.735677134375 0.7802749062500001 0.747184965625 0.7760793953125 0.7666860234375 0.7649335765625 0.774477225 0.7570651156249999 0.7746696984375 0.7566124703125 0.7940202843749999 0.7356118828125 0.7997746921875 0.71326994375 0.7988020015624999 0.7029609750000001 0.7956911171875001 0.691910303125 0.7943294953125 0.6598302687500001 0.800577009375 0.6633933859375001 0.8058941749999999 0.6627712406249999 0.8145539046875001 0.6594659453125 0.8138675656250001 0.6370196390625 0.818270075 0.6181255546875 0.8227194046874999 0.5955026546875 0.8246789109375001 0.5630553515625 0.83178273125 0.537903046875 0.825500590625 0.5292555296875 0.817474778125 0.5161386046875001 0.8211714390625 0.5087072921875 0.8252775031249999 0.5 0.750533353125 0.5
7 0.6355486421875 1 0.64097333125 0.9967125187499999 0.6635712437500001 0.97742970625 0.7136905812500001 0.925265940625 0.7507019390625 0.8899227390625001 0.75990665 0.8732668171875 0.7775290046875 0.8582602187500001 0.79362814375 0.8482377109374999 0.803180515625 0.8342479234375 0.806150721875 0.8200702218749999 0.8116024640624999 0.796412365625 0.8081132296875001 0.7914533734375 0.794271534375 0.7927452546875 0.7925230937500001 0.78761970625 0.795081478125 0.7810172515625 0.7974491828125 0.7688509640625 0.7808979296875 0.755683359375 0.7800325703125 0.7548280921874999 0.7709735734375001 0.7630791625000001 0.7437880874999999 0.7779693421875 0.7192025515625 0.7870450046874999 0.6990587640625 0.7891184515624999 0.5857904625 0.870833965625 0.5474248171875 0.907549075 0.525678190625 0.9415432609375 0.5168943374999999 0.9753432734375 0.5130275109375 0.9846648874999999 0.5037591484374999 0.9805968546875 0.4960584 0.9840682203124999 0.4958851984375 1 0.6355486421875 1