10 0.2399748734375 0 0.27737079531250003 0.0721166921875 0.2762623359375 0.09896461250000001 0.28284025625 0.11531937343750001 0.2852790796875 0.11875 0.3121558828125 0.11875 0.313018421875 0.1187102984375 0.3983642203125 0.0700963046875 0.414854175 0.00096898125 0.414474159375 0 0.2399748734375 0
10 0 0 0 0.1090990546875 0.144203559375 0.050573604687499996 0.15545528125000002 0.043320265625 0.17220268593750002 0.0153903828125 0.1954579234375 0 0 0
10 0 0.128180403125 0.022066528125000002 0.1214962578125 0.06677648750000001 0.1081486859375 0.13957660624999998 0.07374065156250001 0.1736385359375 0.051681078125 0.178125 0.022418440625 0.178125 0.015678132812500002 0.1646111609375 0.0264499609375 0.1516921453125 0.0458748609375 0.1289320015625 0.056678428125 0.08131445000000001 0.07637977968750001 0.022236821875 0.0998038046875 0 0.10963068281249999 0 0.128180403125
10 0.23130008750000003 0.265625 0.2435825484375 0.2352611140625 0.2762095328125 0.17045219218750002 0.295267178125 0.13668595 0.3125 0.1186452109375 0.3125 0.1173062515625 0.269773159375 0.12380062031250001 0.2465261328125 0.1412299671875 0.224074009375 0.18797576875 0.1978988234375 0.2618602484375 0.22094670781249998 0.265625 0.23130008750000003 0.265625
8 0.1084169765625 0.1875 0.11315441875000001 0.1875 0.169016928125 0.1804881109375 0.1895944078125 0.179251259375 0.20125706875 0.1734637 0.204421671875 0.1503958234375 0.2078125 0.13841011406249998 0.2078125 0.113209434375 0.1619124609375 0.11012923906250001 0.1077245640625 0.1146875234375 0.0761702921875 0.12178900156250001 0.0821939796875 0.1515677234375 0.0883565890625 0.1771032421875 0.1084169765625 0.1875
8 0 0.1932862640625 0.0348945546875 0.186161578125 0.053125 0.1783565015625 0.053125 0.177354640625 0.0513641125 0.1667181 0.053125 0.151352615625 0.053125 0.149511059375 0.0504135140625 0.1431878234375 0.053125 0.136484665625 0.053125 0.1248322546875 0.0465834359375 0.1164947921875 0.0298462328125 0.119582753125 0 0.1281882515625 0 0.1932862640625
10 0.4296875 0.5487254296875 0.40587795625 0.5179978109375 0.398345565625 0.4959531015625 0.318819459375 0.49737311406250007 0.21832752812499998 0.49175765312499997 0.096729721875 0.4850723140625 0.0092977734375 0.48035588437500004 0 0.480248853125 0 0.9124873390625 0.06455426875 0.9218625093749999 0.073399759375 0.9216506484375 0.07527922031249999 0.9234200874999999 0.26905840625 0.9515625 0.279082509375 0.9515625 0.2954894984375 0.9339514531249999 0.41421889062500006 0.934234275 0.4296875 0.9269313562499999 0.4296875 0.5487254296875
4 0.2080800546875 0.5984234671875 0.1924317515625 0.5791907140625 0.17043976249999998 0.5730038640625 0.1395616140625 0.602439775 0.154487190625 0.6095956890625001 0.1772019046875 0.627859378125 0.18680995625000002 0.6472125656250001 0.173003065625 0.6781300671875 0.16269478906249998 0.6886048812500001 0.1723784234375 0.69375 0.1827940046875 0.69375 0.21710374531249998 0.6855324328125001 0.23744020781250003 0.6765140046875 0.259375 0.6656807171875 0.259375 0.6564023828125001 0.258196809375 0.649598775 0.2505010296875 0.6345139312500001 0.23662495468750003 0.6255151234375 0.23291711249999997 0.6120071015625 0.22104667500000003 0.6032995718749999 0.2080800546875 0.5984234671875
4 0.2982912921875 0.5436372359374999 0.2793311015625 0.5368930328125 0.264382184375 0.5307313859375 0.2503427234375 0.5286924453124999 0.235230421875 0.5294906671875 0.2229165078125 0.5396742046874999 0.20362954375000003 0.5468497375 0.206987275 0.5752717609375 0.219487078125 0.6000332 0.222448853125 0.6024586484375 0.23354987968750002 0.6010778718750001 0.2399860890625 0.6269540124999999 0.25187986875 0.6346672765625 0.25864284843749996 0.64662368125 0.260163034375 0.6640625 0.26133931875 0.6640625 0.285788975 0.647573125 0.2802855609375 0.6248254234375 0.28569645 0.60865108125 0.2772779453125 0.5814893984375 0.28485785468749997 0.558646465625 0.2982912921875 0.5436372359374999
4 0.3855481515625 0.56324928125 0.3677775046875 0.5486965828125 0.34007203750000004 0.528710434375 0.3210184828125 0.5259433 0.3118063859375 0.5325866859375 0.3024775890625 0.54420140625 0.2870618546875 0.5579250953125 0.28050810312499996 0.5799193984375 0.285964834375 0.60465563125 0.2834923796875 0.624249690625 0.2848678140625 0.65138616875 0.2987438890625 0.660384978125 0.333305703125 0.688350465625 0.35781598593749997 0.7158538328125 0.3755512484375 0.7328125 0.3774387609375 0.7328125 0.376916221875 0.7166324328125 0.3921875 0.69920310625 0.3921875 0.6833174843750001 0.392029365625 0.6729351046875001 0.3846370171875 0.64492479375 0.3861533359375 0.6231965609375 0.391680928125 0.6020508875 0.3798338328125 0.5923490906250001 0.3855481515625 0.56324928125
0 0.4296875 0.80625 0.651400125 0.80625 0.657113015625 0.802734375 0.686409890625 0.7939453125 0.703499734375 0.783203125 0.725960671875 0.76171875 0.739144265625 0.74169921875 0.758187234375 0.68505859375 0.7609375 0.658341728125 0.7609375 0.6241738578125 0.757698953125 0.60595703125 0.750863015625 0.583984375 0.738655984375 0.5546875 0.713265359375 0.5185546875 0.698128640625 0.50390625 0.680062234375 0.490234375 0.648812234375 0.47607421875 0.612679421875 0.46923828125 0.570687234375 0.4658203125 0.48230832812499996 0.45361328125 0.44422239062499996 0.43798828125 0.4296875 0.4356932984375 0.4296875 0.80625
0 0.640185546875 0.397509765625 0.622119140625 0.397509765625 0.525927734375 0.406298828125 0.498583984375 0.405810546875 0.486376953125 0.400927734375 0.481494140625 0.400927734375 0.473193359375 0.409228515625 0.464404296875 0.427294921875 0.452685546875 0.435595703125 0.456591796875 0.442919921875 0.467333984375 0.450244140625 0.484912109375 0.457568359375 0.549365234375 0.466357421875 0.636767578125 0.474658203125 0.674853515625 0.487353515625 0.68408203125 0.4890625 0.690673828125 0.4890625 0.696826171875 0.487353515625 0.6984375 0.485419921875 0.6984375 0.4516392296875 0.696826171875 0.442431640625 0.692919921875 0.435107421875 0.681689453125 0.426318359375 0.663623046875 0.406787109375 0.651904296875 0.399951171875 0.640185546875 0.397509765625
0 0.48142822343749997 0.36875 0.479736328125 0.380029296875 0.485595703125 0.390771484375 0.496337890625 0.400537109375 0.520751953125 0.409326171875 0.522802734375 0.409375 0.54403023125 0.409375 0.612060546875 0.398583984375 0.646240234375 0.396142578125 0.677978515625 0.387841796875 0.692138671875 0.381982421875 0.704833984375 0.382958984375 0.705322265625 0.381494140625 0.711181640625 0.381005859375 0.715576171875 0.387841796875 0.726806640625 0.389306640625 0.729736328125 0.385888671875 0.729736328125 0.382958984375 0.724365234375 0.378564453125 0.724365234375 0.375634765625 0.739013671875 0.374658203125 0.73745888125 0.36875 0.48142822343749997 0.36875
0 0.77529296875 0.405712890625 0.7494140625 0.411083984375 0.72158203125 0.413525390625 0.70498046875 0.417431640625 0.680078125 0.427685546875 0.6771484375 0.435009765625 0.6771484375 0.444287109375 0.68251953125 0.462841796875 0.68642578125 0.486279296875 0.68984375 0.493603515625 0.709375 0.516064453125 0.73525390625 0.520947265625 0.7396484375 0.525830078125 0.7448939734375 0.528125 0.7542740890624999 0.528125 0.836328125 0.514599609375 0.85 0.508740234375 0.8607421875 0.493603515625 0.8640625 0.4765869140625 0.8640625 0.455322265625 0.8587890625 0.431591796875 0.85634765625 0.425732421875 0.84169921875 0.408154296875 0.83095703125 0.402294921875 0.82119140625 0.401806640625 0.77529296875 0.405712890625
0 0.72890625 0.51318359375 0.719140625 0.51513671875 0.71572265625 0.51708984375 0.715234375 0.51953125 0.73818359375 0.55517578125 0.7484375 0.5791015625 0.754296875 0.60009765625 0.75966796875 0.63720703125 0.7591796875 0.666015625 0.75478515625 0.69384765625 0.740625 0.73291015625 0.73330078125 0.74658203125 0.71376953125 0.7724609375 0.6859375 0.79052734375 0.67080078125 0.794921875 0.6576171875 0.80126953125 0.65078125 0.80712890625 0.7162109375 0.80712890625 0.7181640625 0.80517578125 0.7201171875 0.80712890625 0.75673828125 0.80712890625 0.7904296875 0.7890625 0.79384765625 0.78466796875 0.79482421875 0.77734375 0.79384765625 0.74169921875 0.8001953125 0.72216796875 0.79873046875 0.70751953125 0.80654296875 0.67578125 0.824609375 0.642578125 0.840625 0.618999565625 0.840625 0.6099446609375001 0.80947265625 0.583984375 0.77431640625 0.55615234375 0.750390625 0.541015625 0.73818359375 0.5185546875 0.73330078125 0.513671875 0.72890625 0.51318359375