3 0.31875 0.2080928828125 0.31264987031249997 0.20847870937500002 0.3034034875 0.21260341249999998 0.3044655046875 0.292697409375 0.31341656093750003 0.365593303125 0.31875 0.39550508125 0.31875 0.2080928828125
3 0.31875 0.3868933078125 0.3059341875 0.2933887140625 0.3039107890625 0.21445935624999998 0.2961056578125 0.1767375359375 0.2864347953125 0.16486446875 0.2756330921875 0.1637967546875 0.26426596406249997 0.1681317203125 0.2444443734375 0.185067465625 0.227874375 0.19098759375000002 0.22617810624999998 0.20719562812499998 0.249450909375 0.2615624125 0.271946875 0.3534325515625 0.29615254375 0.39487495781250004 0.30936093124999997 0.403125 0.3131204765625 0.403125 0.31709154375000004 0.401353553125 0.31875 0.394219953125 0.31875 0.3868933078125
3 0.23536833281249997 0.1818551796875 0.2296839453125 0.1439231 0.21512061875000002 0.10259402656250001 0.181725603125 0.0887957921875 0.16890214374999998 0.08899785 0.1534210328125 0.1065725828125 0.159741315625 0.128401759375 0.1543404609375 0.12786790312500002 0.154736421875 0.1321059421875 0.1691722390625 0.16061577031250002 0.193562453125 0.23839689375 0.21320114218750003 0.26532156093750003 0.22057597968749998 0.290625 0.22787972031249998 0.290625 0.2419872265625 0.2870620140625 0.24375 0.28158425625 0.24375 0.268598465625 0.24167517656249998 0.23790405468750003 0.2329371796875 0.2131066109375 0.2310563703125 0.192975928125 0.23536833281249997 0.1818551796875
3 0.11841699531250001 0 0.10641001875 0.01930175 0.10915322187500001 0.0372082796875 0.12883386875 0.041672985937500004 0.13164754375 0.0488792921875 0.1416858453125 0.0532306640625 0.1444005296875 0.0593774578125 0.18478023906250002 0.0906617015625 0.20783998124999997 0.0969300359375 0.22986787031249997 0.11506323437499999 0.2585264484375 0.12398444374999999 0.28190061875 0.140625 0.2875069234375 0.140625 0.296827365625 0.13301898750000002 0.2984375 0.1260932359375 0.2984375 0.12247584843749999 0.25890732656250004 0.0822430484375 0.23515465156249998 0.0685581484375 0.2204503796875 0.0486295265625 0.209450696875 0.0454427953125 0.20537866718750003 0.0362226015625 0.1829833375 0.0256110984375 0.1561167 0 0.11841699531250001 0
3 0.1589517046875 0 0.1617743046875 0.0106670796875 0.183703203125 0.027740770312500003 0.20030172031250001 0.0335803765625 0.234022225 0.062316873437499996 0.264900534375 0.07208733125 0.282290971875 0.086403015625 0.31875 0.0920209734375 0.31875 0.061122590624999994 0.29214473124999996 0.054415671875 0.2678971078125 0.035433225 0.2410623078125 0.023123226562499998 0.22801235156250002 0.0094465296875 0.213167165625 0 0.1589517046875 0
3 0.31875 0 0.2101330796875 0 0.24686609062499998 0.024999221874999998 0.2754256765625 0.0328609203125 0.288178665625 0.0433590875 0.290129946875 0.05278954375 0.3182935734375 0.056413204687499996 0.31875 0.056788931249999994 0.31875 0
4 0.31875 1 0.31875 0.9623806687500001 0.2854407421875 0.9461366375000001 0.2898320796875 0.9275560609374999 0.306194840625 0.9224577843749999 0.3167623421875 0.9052313890624999 0.2930933828125 0.858783421875 0.2785753078125 0.8469142359375 0.2572262640625 0.86394816875 0.2443860046875 0.8633043140625001 0.2141599671875 0.8262761031250001 0.2102692484375 0.760278296875 0.2193258125 0.703633778125 0.2048077390625 0.691764590625 0.1950492140625 0.7330547640624999 0.17857943437499998 0.729443609375 0.167429678125 0.6575112140625 0.1521497859375 0.6671899015625 0.145151946875 0.7242858140624999 0.0792728296875 0.7098412062499999 0.049581879687500004 0.7163601374999999 0.0603035625 0.7534548187500001 0.08522226875 0.7762904046875001 0.056340299999999996 0.8068731109374999 0.0455460671875 0.8891945234375 0.0381201578125 0.911452721875 0.014331482812499999 0.9388091984375 0.019150892187499997 0.9550663359375001 0.0502457625 0.9792561031249999 0.0533462875 1 0.31875 1
4 0 0.69503645 0.0455953640625 0.715625 0.0477254953125 0.715625 0.0686296125 0.7057282953125 0.0872179703125 0.6728886171874999 0.1111136609375 0.654241571875 0.1203125 0.6065870046875 0.1203125 0.6036291359375 0.10928166718750001 0.5886951625 0.0386901578125 0.56670284375 0.0150683609375 0.565866528125 0 0.570561496875 0 0.69503645
4 0 0.8181554640625001 0.009703785937499999 0.821875 0.0115503328125 0.821875 0.0115233234375 0.79575269375 0.0429115078125 0.8192403593750001 0.0696871671875 0.786790746875 0.0828125 0.7708840625000001 0.0828125 0.76910625 0.0603212875 0.76174493125 0.032503190625 0.7339306484375 0.015997134375 0.7175380625 0 0.7054969109375 0 0.8181554640625001
7 0.37424015312500003 0.509375 0.373019821875 0.516082746875 0.3697927125 0.5642481796875 0.3726025234375 0.587788340625 0.37163739375000004 0.5976215875 0.40496240781250004 0.5972339328125 0.41187876718750005 0.5902780640625 0.4982442015625 0.6030242453125 0.5077645796875 0.6549702 0.5233676078125 0.6744327343750001 0.5429285578125 0.6889382203125 0.5556874781250001 0.6907542062500001 0.9471043 0.728125 0.971752159375 0.728125 0.9778913765624999 0.72021998125 0.9868009859375 0.70832991875 0.9967215140625001 0.6915170843749999 0.9998057124999999 0.6679083625000001 1 0.6668708015625 1 0.594595828125 0.990559721875 0.5688135265625001 0.9798569328125 0.5512583906249999 0.9749624078124999 0.5483687203125001 0.818939928125 0.509375 0.37424015312500003 0.509375
9 0.8984375 1 0.8984375 0.9686517312500001 0.896065953125 0.7998163734375 0.7300685203125 0.7988007359375 0.7267442328125 0.8636647312499999 0.71684656875 0.8765484906250001 0.717523246875 1 0.8984375 1
9 0.71372065 0.8765625 0.7243022953125 0.8648978859374999 0.74375 0.7104342734375 0.74375 0.709471253125 0.5838464515625 0.6946464078125001 0.5582705609375 0.8697758562499999 0.6887515234375 0.8765625 0.71372065 0.8765625
9 0.7021455765625 1 0.715625 0.8860427062499999 0.715625 0.8776119874999999 0.5634141046875 0.872551746875 0.5437825859375 1 0.7021455765625 1
9 1 0.7382054453125 0.80525119375 0.7807713765625 0.8039941515625 0.7974834312500001 0.8982639953125 0.8022800468749999 0.8942603437500001 0.8150952453125001 1 0.81009010625 1 0.7382054453125
9 1 0.8112625828125001 0.8950320828125001 0.8200446843750001 0.897719225 1 0.9660978703125 1 0.9619957375 0.9597206 0.930766815625 0.924724603125 1 0.817305834375 1 0.8112625828125001