9 0 0.25516521718749996 0.13334518906249998 0.2447877734375 0.1597551421875 0.23694928593750003 0.16574247343749998 0.2458525515625 0.175 0.1315712953125 0.175 0.11890800937499998 0.16174188125 0.0421875 0.15834865625 0.0421875 0.0401573546875 0.0492001140625 0 0.047689665625 0 0.25516521718749996
9 0.2587930671875 0.102926528125 0.23764042500000002 0.0976134625 0.212599690625 0.0996805 0.19919774375 0.12743867343749998 0.1777774078125 0.2265625 0.212216471875 0.2265625 0.3743299765625 0.222975096875 0.38125 0.12498483593750001 0.38125 0.0973755796875 0.3688978984375 0.08483369843750001 0.3331050390625 0.095711821875 0.2962216765625 0.10077332812499999 0.2587930671875 0.102926528125
9 0.3629862828125 0.3296875 0.36736016875 0.2935152921875 0.36875 0.24804576875 0.36875 0.2238322015625 0.2932775328125 0.22421295625 0.22245617968750003 0.226889625 0.17923874687500002 0.2295927046875 0.161793109375 0.3296875 0.3629862828125 0.3296875
9 0.43081281875000005 0.0925232734375 0.37990583437500003 0.08894601875 0.3817657859375 0.136909940625 0.380634509375 0.17222703125 0.3765625 0.213040915625 0.3765625 0.2198728015625 0.3785775171875 0.2203125 0.39659383125000003 0.2203125 0.479299265625 0.21551349375 0.5697852859375 0.21517533437499997 0.57785195 0.15068899687499998 0.578125 0.13287844843750002 0.578125 0.0817334390625 0.5631455062499999 0.07886239843750001 0.529370578125 0.088925659375 0.4887163296875 0.0937221828125 0.43081281875000005 0.0925232734375
9 0.5663440609375 0.3296875 0.568596328125 0.2713784578125 0.56685358125 0.215769453125 0.52052771875 0.21347078125 0.457793390625 0.2195857234375 0.41227775468749994 0.21830064999999998 0.376337115625 0.22342840156250002 0.3685354375 0.2860200296875 0.36447858437499997 0.3296875 0.5663440609375 0.3296875
7 0.6390625 0.3296875 0.6892315296875 0.3296875 0.707436934375 0.3168755484375 0.7990642375 0.218382165625 0.7962382906250001 0.1576215953125 0.815625 0.13257337656249998 0.815625 0.11477258593749999 0.8154916999999999 0.1119065015625 0.787809390625 0.09131257968749999 0.7495470015625 0.1113845546875 0.7067181484375 0.1098868078125 0.673643134375 0.1265718484375 0.6390625 0.15972796875 0.6390625 0.3296875
7 0.8395130359374999 0.022015378125000002 0.8145735578125001 0.06039495 0.8072300859375 0.09403735468749999 0.8159474328125 0.12824141718749998 0.796029096875 0.15965990624999998 0.7985225781249999 0.2132721734375 0.7649928859374999 0.25848801718750003 0.7729230921875 0.3140745796875 0.78242758125 0.3268961375 0.8175675546875001 0.328125 0.858330078125 0.328125 0.8657189375 0.31731969375 0.8922376234375001 0.31289455781250003 0.9038982093750001 0.2954606453125 0.907173915625 0.250970971875 0.9172161984375 0.23704880468749998 0.9421875 0.1358374390625 0.9421875 0.0844329609375 0.9392689187500001 0.0216806703125 0.9126789921875 0.0245740265625 0.8676500234375 0.0140784953125 0.8395130359374999 0.022015378125000002
7 0.6390625 0 0.6390625 0.161811659375 0.7012543906250001 0.11155817812499999 0.72714724375 0.055370256250000006 0.7667785859375 0.026425309375 0.7828125 0.0048030734375 0.7828125 0 0.6390625 0
4 0.27691410625 1 0.28260530156249997 0.9832867734375 0.2974596359375 0.9527507937500002 0.299166421875 0.9437821281249998 0.30936806250000004 0.922420665625 0.309375 0.9222749328125002 0.309375 0.9155360234375 0.30193711875 0.9037662171874998 0.280758603125 0.8860724093750001 0.258855271875 0.8772786453125001 0.241022678125 0.8731167687500001 0.23281880156249998 0.8786063625 0.22351866718750002 0.880239496875 0.21483809375 0.8862540375 0.20978013125 0.8984066734375 0.20640038437500002 0.9006093734375 0.16820884375 0.8900039828124999 0.150547684375 0.8917297265624999 0.1346309171875 0.9026746109375001 0.1217314875 0.91586681875 0.1053184828125 0.9435619124999999 0.094556109375 0.9456659484374998 0.09613819375 1 0.27691410625 1
4 0.6390625 0.5493498546875 0.6266556265625 0.54464358125 0.6137738484375 0.5246493046875 0.6109260562500001 0.5113283796875 0.5923355578125 0.5064820140624999 0.5927058484375001 0.47695813593749997 0.56241218125 0.49259488593749995 0.5380415296875001 0.50044325 0.53233280625 0.5155911609375 0.557382053125 0.5310479625 0.5489684015625 0.5377813 0.552066203125 0.5596883375 0.526110934375 0.555356596875 0.50762758125 0.5541899921875 0.46989771406249997 0.56788819375 0.44127323125 0.5563684703125 0.39126875 0.5709243875000001 0.28667138125 0.6114185921875 0.23039986875000001 0.5797072609375 0.26258645625 0.6290796609375 0.2572348875 0.6564934484375 0.229574721875 0.6780915953125 0.2189204390625 0.6923560015625 0.1920234328125 0.697922734375 0.165625 0.7082565734375 0.165625 0.7114400609375 0.1685456671875 0.73643579375 0.20177638281250002 0.7546875 0.20261389843750002 0.7546875 0.21428318124999998 0.7443015421875 0.2535976640625 0.7427834453125 0.27158099999999996 0.7267778234375 0.29753626875 0.7311095625 0.3131361140625 0.717728659375 0.3306062953125 0.726340559375 0.35880219687500003 0.7231412328125 0.3497813796875 0.7090225765625 0.3731031484375 0.7073929203125 0.3808965015625 0.7215973468750001 0.4299949609375 0.71816649375 0.474326434375 0.7199850734375 0.47870054843750004 0.701243171875 0.4944789703125 0.69399520625 0.5036783625 0.714246796875 0.530932525 0.7209459421875 0.5354494984375 0.707110390625 0.526000096875 0.678272684375 0.5341994578125 0.6641798203125 0.5486432734375 0.6533378609375 0.5517053578125 0.6740183109375 0.5477955453125001 0.7087058531249999 0.6043302046875 0.70721354375 0.6324546703125 0.7015610406249999 0.6390625 0.7016493515625 0.6390625 0.5818782140625001 0.6339001171875001 0.5822389453125 0.6390625 0.5716266609374999 0.6390625 0.5493498546875
4 0.08973483125000001 0.7980936859375001 0.12063565937500001 0.8033089265625 0.09416724062500001 0.8235947140625001 0.1082990609375 0.8865195625 0.09219919843749999 0.8827282375 0.0921179984375 0.8883876953125001 0.0927935296875 0.9115877265624999 0.1083177625 0.9203125 0.10995752343750001 0.9203125 0.133312590625 0.9007497765625001 0.17356880937500002 0.8893332046874999 0.20948663281250002 0.897885125 0.21761456093749998 0.881339084375 0.22405072812500001 0.848933175 0.23125 0.7892671890625 0.23125 0.7827049171875 0.18296360625000002 0.7473321296875 0.08633007499999999 0.689611290625 0.088853603125 0.7762775765625001 0.08973483125000001 0.7980936859375001
4 0.2098780015625 0.57064665625 0.163926196875 0.5554213812500001 0.1537136359375 0.5426150859375 0.17194697812499998 0.535195578125 0.142965340625 0.5114099750000001 0.110729903125 0.5026007406249999 0.11130135000000001 0.5222261453125 0.098169565625 0.49364575312500003 0.0806279484375 0.482580675 0.0807681828125 0.4958449765625 0.0841111515625 0.6106535890625 0.08480665937500001 0.6260914390625001 0.0881056203125 0.6971477578125 0.152511959375 0.725 0.15679438750000002 0.725 0.1594769609375 0.6983059578125 0.184896496875 0.6842388796875 0.16703344375 0.6621345125 0.18642281875 0.65217605625 0.19208268906249998 0.6775913140625001 0.209302865625 0.6776171015625 0.23370923281249997 0.670995325 0.2609375 0.6509677187499999 0.2609375 0.6440395984375 0.25932048281250003 0.6212714312500001 0.2452469578125 0.6025895140624999 0.22637073281250003 0.58793044375 0.2098780015625 0.57064665625
4 0.121692146875 0.3296875 0.114670040625 0.33892111874999997 0.079060525 0.38319824375 0.0788688109375 0.41885505937499995 0.0817391859375 0.475192321875 0.0881265015625 0.48334958281249996 0.10787302968750001 0.48565700156249997 0.1311245984375 0.481616465625 0.1317662453125 0.50365275 0.1429562625 0.5077871593750001 0.1601050046875 0.5053597703125 0.167898359375 0.5195641953125 0.1768477453125 0.531229675 0.194067921875 0.5312554625000001 0.2084403046875 0.5179603265624999 0.2257676265625 0.5216658796875 0.23035603437500002 0.5102835062500001 0.252307478125 0.503833271875 0.26426065312499997 0.491936265625 0.278048453125 0.5008054828125 0.2853117203125 0.507365175 0.2892741828125 0.5061664796875001 0.2930637140625 0.5095889296875 0.291836253125 0.5096746999999999 0.286854975 0.5075646109375 0.286890690625 0.5087911984375 0.2881764484375 0.5529483578125 0.2662964359375 0.5618517656249999 0.29289458281249997 0.5882620875000001 0.31697283593750003 0.59375 0.317576828125 0.59375 0.3059323578125 0.571372959375 0.3092933015625 0.5600763578125 0.332722215625 0.5621264640625 0.34067156718749997 0.5394474859375 0.355329675 0.535965053125 0.35187471875 0.501792140625 0.3733618609375 0.47939626406249997 0.39372868906249997 0.46076592187500004 0.4106631421875 0.45097900781250005 0.4340563421875 0.4518025296875 0.4336634703125 0.4383100609375 0.4541731609375 0.424586071875 0.477923515625 0.43767546875 0.49962495156250003 0.4226391203125 0.5013167140625 0.43849898906250007 0.5270576874999999 0.435471203125 0.59565266875 0.4257616546875 0.6078125 0.41586532031249995 0.6078125 0.4077571421875 0.599647046875 0.351737534375 0.571058278125 0.341444396875 0.5531106578125 0.3586766078125 0.5103995140625 0.37026472187500004 0.49407222500000003 0.4009036265625 0.4684741109375 0.40883776406249994 0.4522671046875 0.4013666765625 0.4007851546875 0.40742225000000004 0.3574537125 0.439948125 0.338541775 0.42406246718750007 0.33290448437500003 0.441663553125 0.3081409625 0.43601945468750003 0.325218275 0.43113889062500005 0.317424921875 0.416934465625 0.3267803125 0.40030265312499996 0.309238696875 0.3892375765625 0.32241933437500003 0.377254803125 0.33919778906250003 0.4043512921875 0.36428275 0.42103468125 0.3688711578125 0.4096523046875 0.3732095546875 0.389683815625 0.36794255468750003 0.377761025 0.3860330375 0.3654351640625 0.425668959375 0.37495635781250003 0.45365056406250004 0.364397503125 0.46372026406250005 0.3722974453125 0.4771151921875 0.367674196875 0.490867278125 0.3753168265625 0.5075765203125 0.3296875 0.121692146875 0.3296875
4 0.5152686703125 1 0.5256076734375 0.9985365250000001 0.5204121046875 0.9890669078125001 0.5286114640624999 0.97497404375 0.5296875 0.9654275390624999 0.5296875 0.9564636140625 0.5164928468750001 0.9389483515624999 0.49786663124999997 0.932875396875 0.4959605765625 0.9096560015625 0.484855128125 0.866185015625 0.42479407968749994 0.83105123125 0.41815675625 0.8143078593750002 0.43043137187499997 0.813450146875 0.4512267859375 0.8095388578125 0.4631799609375 0.7976418562500001 0.45524374375 0.7785310796875 0.44720038124999995 0.755740540625 0.4310290890625 0.749496040625 0.4208165265625 0.736689746875 0.39269205937499996 0.742342253125 0.384827275 0.725684653125 0.3639604296875 0.727142765625 0.35969346406249997 0.7495644296874999 0.339255203125 0.765741596875 0.3158620046875 0.7649180765625 0.3118581828125 0.7541361015625 0.29842753593750004 0.7575327625 0.2978072375 0.778470525 0.29029960625 0.7740788015625 0.273258009375 0.7801859515625 0.269205334375 0.80996714375 0.2994501484375 0.8348935624999999 0.3117247640625 0.8340358484374999 0.3223301953125 0.86033460625 0.3189692515625 0.8716312109375 0.307529228125 0.8589106874999999 0.2878184125 0.8578298546875001 0.284542034375 0.8297898781249999 0.2457764203125 0.8079170359375001 0.2343006796875 0.7939699265625 0.226088184375 0.84985254375 0.2017758296875 0.901943840625 0.22065205156249998 0.9166029109375 0.240233140625 0.8709876390625 0.2799762078125 0.8841885968749998 0.31418913125 0.9186703999999999 0.2839894765625 0.9797766687500001 0.2768133765625 1 0.5152686703125 1
4 0.6390625 0.8643562078125001 0.614070284375 0.8497365640625001 0.603643428125 0.82957074375 0.5807633812499999 0.8041297000000001 0.6024648171875 0.78909335 0.587092403125 0.7680440265625 0.6023708078125 0.7436238296875 0.5634362796875 0.715625 0.563414590625 0.715625 0.5416537484374999 0.7282012234374999 0.522264371875 0.73815968125 0.5008617953125001 0.721218978125 0.4432425359375 0.7277034078125 0.436449215625 0.747843440625 0.446661778125 0.760649734375 0.45835180937500003 0.781956371875 0.467336909375 0.7948484359375 0.46643088906249996 0.8059734984375 0.48014725625 0.8123895390625 0.5188057265625 0.83058261875 0.541364334375 0.8449843734375001 0.60206825625 0.9021967375 0.6356341390625 0.909375 0.636806975 0.909375 0.6389992484375 0.9033033578125 0.63229049375 0.884106809375 0.6390625 0.8777510390625001 0.6390625 0.8643562078125001
4 0.49824158125 0.8893850890625 0.4979558578125 0.8795723875 0.523446825 0.8679584859375 0.5350428453125 0.8437956062499999 0.4799987921875 0.811998503125 0.43876511875 0.8320869562500001 0.46265833437500004 0.8500827046874999 0.4839537640625 0.8633436437500001 0.4886004671875 0.8962041984375 0.5019822609375 0.9333707046875 0.5131365625 0.9362785265625 0.52825896875 0.9487417359375 0.5324770859375 0.9668832359374999 0.52077391875 0.9873663562499999 0.52452564375 0.9953125 0.5266636328125001 0.9953125 0.5442742640625 0.9918696359375 0.5712201203125 0.9457397375 0.5886545890625 0.9531250515625 0.585413925 0.9263116640625 0.615625 0.9148085171875 0.615625 0.9131992859375 0.5767991140625 0.883895721875 0.5368417546875001 0.8633352390625 0.529798425 0.8748891562499999 0.49824158125 0.8893850890625
4 0.4349684 0.556181965625 0.481969090625 0.5651885328125 0.5050765671875 0.5561993484375 0.5322950109375 0.56167190625 0.5383025921875 0.51454694375 0.520546684375 0.49612233906250003 0.5053528453125 0.48120595312500003 0.46285599531250005 0.5001535921875 0.444051203125 0.48794769843749997 0.41610531249999994 0.49973314062499996 0.4051653046875 0.5041848468750001 0.36535080625 0.48853071562499994 0.34953666875 0.49455209375 0.356816871875 0.53337404375 0.33847638125 0.5371137906250001 0.3305270296875 0.5597927703125001 0.3146414609375 0.5633609734375 0.3153355515625 0.5660779093749999 0.32835783125 0.5697770125 0.36503881250000003 0.5622975234375 0.404674734375 0.571818715625 0.4349684 0.556181965625
4 0.2848609484375 0.554380196875 0.28462407500000003 0.504004328125 0.16778780625 0.5465828359375 0.195291975 0.56186809375 0.22420218281249998 0.5832005203125 0.27022542031249996 0.6008789703125 0.29390434375 0.611515190625 0.32297055 0.5959642125 0.3226305859375 0.5946334703125 0.2782104875 0.5794265796875 0.26756933906249997 0.55190123125 0.2848609484375 0.554380196875
4 0.28538354374999997 0.614568765625 0.318060703125 0.5963072984375 0.2744209578125 0.5760041296875 0.26500727031250004 0.5483930125 0.2908911078125 0.550271575 0.28469550625 0.5064575015624999 0.1654043140625 0.5492075546875 0.28538354374999997 0.614568765625
9 0.6390625 0.634992475 0.6759536781250001 0.667934046875 0.7208903640625 0.678125 0.7258705390625 0.678125 0.7405018375 0.661542890625 0.7717381203125 0.6399582500000001 0.770203025 0.6264323171875 0.7509884265625 0.58753248125 0.7518408046875 0.571687221875 0.7688924375 0.465019040625 0.7759979640625 0.4556134625 0.7919432453125 0.458894840625 0.7849789265625 0.42186016718749997 0.7930790671875 0.40272833124999996 0.793533190625 0.3697498765625 0.811581478125 0.3584739296875 0.8125 0.356083709375 0.8125 0.3548552109375 0.6390625 0.34575371875 0.6390625 0.634992475