0 1 0 0.6327234734375 0 0.6363037406250001 0.021427718749999998 0.6501650875 0.059860562500000006 0.6608720796875 0.08135280624999999 0.68107700625 0.11172303750000001 0.7059228765625 0.1542193703125 0.731672009375 0.2032360640625 0.7597511578125 0.2396465453125 0.7946799421875 0.26331938906249996 0.8145807171874999 0.2712291109375 0.8339219515625 0.275 0.854676884375 0.275 0.8827422531250001 0.2732970453125 0.9115925046874999 0.259475803125 0.9327671375000002 0.2452120046875 0.9518277906249999 0.22818020468750003 0.9622165015625 0.215450609375 0.974597859375 0.193231490625 0.9954982609374999 0.163663215625 1 0.15804552656249998 1 0
0 0.815428396875 0.35 0.814982353125 0.34900799375 0.805561696875 0.33347016875 0.7914070359375 0.317071371875 0.76887209375 0.299307353125 0.74728611875 0.2906144375 0.7305255625 0.2878839890625 0.71027163125 0.2876962453125 0.6877192546875 0.2909041296875 0.6582258328125 0.301748159375 0.63937956875 0.3197723640625 0.6242709859375 0.34340230781250003 0.622385446875 0.35 0.815428396875 0.35
0 0.6470059796875001 0.048642284375 0.6361161656250001 0.016947056250000002 0.6240896140625 0.015077584375 0.6032839234375 0.0170141203125 0.586767675 0.0224321125 0.5677228046874999 0.0348586234375 0.5631874031249999 0.039595340624999996 0.5593865796874999 0.0524107625 0.5578667671875 0.0828024578125 0.5796049156249999 0.2536031890625 0.5799705546875 0.27400915625 0.5871243359375 0.2837320296875 0.5995638796874999 0.2921915953125 0.631231115625 0.2984276375 0.6593293515624999 0.2974995984375 0.6959466328125 0.289222403125 0.7132132453125 0.287277825 0.7317678453124999 0.27492105 0.7360888578125 0.2691919296875 0.7397209968749999 0.2579348515625 0.7195825156250001 0.1764102265625 0.6832177953125 0.11100278125 0.6686958468749999 0.0905646328125 0.65641085 0.068785396875 0.6470059796875001 0.048642284375
0 1 0.35 1 0.2874103828125 0.9944557062499999 0.2815405765625 0.9716905921875 0.26738944062500003 0.9472244921874999 0.2570604015625 0.9236001671875 0.2553062703125 0.8976001218749999 0.2636076 0.8707109453124999 0.2771498953125 0.8517732718750001 0.2900726078125 0.8366962593749999 0.304491971875 0.8256485953125001 0.31884964375 0.8206528437500001 0.3308121328125 0.8176638734375 0.3450464234375 0.81885034375 0.35 1 0.35
0 0.619993996875 0.35 0.62005716875 0.34962763125 0.6090003218750001 0.303124128125 0.5999469546875 0.291625659375 0.5863124796875001 0.282313159375 0.57905150625 0.2720940859375 0.574378990625 0.269178565625 0.5786542984375 0.2608986984375 0.5799879890625 0.25303725 0.561708340625 0.1216376296875 0.5590126875 0.1138378734375 0.5540185859375001 0.1094337484375 0.521156425 0.10234477500000001 0.45261181562499997 0.1008427796875 0.3980847515625 0.1080873421875 0.386639878125 0.11124962812500001 0.37316139375 0.119033453125 0.4230572296875 0.35 0.619993996875 0.35
9 0.35 0.35 0.1838052921875 0.35 0.1610811859375 0.35574189375 0.16285885625000002 0.3647130234375 0.18125783281250002 0.4461925953125 0.19671478281250002 0.517299696875 0.202971409375 0.5153871703125 0.2099698765625 0.5126081828125 0.22572153125 0.5095439625 0.237049178125 0.5079555265625 0.258698375 0.5056697578125 0.26499903593749996 0.5002984015624999 0.300611325 0.491926325 0.343403434375 0.47981059375 0.35 0.47800377968749996 0.35 0.35
9 0.13448810312499998 0.648402284375 0.169405759375 0.6613692859375 0.1805326453125 0.6652259218750001 0.2011757296875 0.6732707640625 0.22095224062500002 0.6819403296875001 0.2464958015625 0.6943082234375 0.2472213546875 0.69349555 0.2915867703125 0.6167400453124999 0.280120034375 0.6076611640625 0.28026298125000004 0.6063780015625 0.3084138171875 0.5706003734375 0.335609140625 0.5000280312500001 0.3355284515625 0.49775556875 0.313637721875 0.4885581640625 0.2723422 0.499707409375 0.2690594703125 0.5008024718749999 0.265593253125 0.5021118515625 0.2613679296875 0.5038864484375 0.2581229109375 0.5055695765625 0.2532591453125 0.506614971875 0.2464347875 0.5078433015625 0.19650829375 0.5180905234375001 0.19415703125 0.5047452359375 0.1930453109375 0.4999916921875 0.178931334375 0.4351537109375 0.1580590703125 0.42943403281250003 0.1519938109375 0.4440425921875 0.1403976453125 0.47379325000000005 0.1136595765625 0.5403967 0.10607680625 0.559938859375 0.10458076406250001 0.570532890625 0.0936187828125 0.6031079874999999 0.081713309375 0.635771109375 0.1019801390625 0.6409971390625 0.13448810312499998 0.648402284375
9 0.1374012546875 0.7164858796875 0.1169565484375 0.734923228125 0.039003553125 0.8286599296875 0.10905789218749999 0.8895138390625 0.149183984375 0.920100790625 0.1825818765625 0.9449579374999999 0.24618509843749997 0.9250366578125 0.2978245890625 0.837569728125 0.2598055171875 0.8398456328125 0.2327136484375 0.8538171343750001 0.1772973375 0.902219425 0.170050871875 0.8685645937500001 0.16424806875 0.797901053125 0.1708481578125 0.7222656921875 0.1668922765625 0.7200917671875 0.1374012546875 0.7164858796875
2 1 0.5718358375 0.977894115625 0.573893209375 0.9627375265625 0.5726606328124999 0.9492448609374999 0.582947253125 0.931879840625 0.5861052546875 0.8361756 0.6138450203125 0.8346705515625 0.62196970625 0.835706728125 0.6321706687499999 0.843073309375 0.6551635765625 0.8790438984375001 0.7259350671875 0.8821069906249999 0.73011035625 0.8843256281249999 0.73125 0.9059703609374999 0.73125 0.9301784734375002 0.7294910359375001 0.966852246875 0.720736415625 0.9994116500000001 0.709611403125 1 0.7094803890625 1 0.5718358375
9 1 0.7151696359375 0.9881193984374999 0.721478253125 0.975761196875 0.726372925 0.9500313109375 0.728767578125 0.9388075687499999 0.7282703046875 0.934375 0.730086009375 0.934375 0.7307794375000001 0.9362814890625 0.7350032265625 0.9530944531250001 0.753757928125 0.9617770140624999 0.7729939796874999 0.9623215734375 0.777899265625 0.9672981484375001 0.7828326 0.99206754375 0.7934679171875 1 0.7980981796875 1 0.7151696359375
9 0.9127791484374999 0.5090453875 0.9200774890625001 0.4611743234375 0.9297884796875 0.4133540453125 0.9299624015625 0.400177015625 0.920969790625 0.398095434375 0.90654683125 0.3974003109375 0.8681108 0.3894135875 0.793197615625 0.379810725 0.7887959453125 0.418216128125 0.7864363859375 0.4802201140625 0.7963441437500001 0.4844742421875 0.8098520062500001 0.503811875 0.8144882359375 0.5082812859375 0.8283590875 0.5100740531250001 0.8402786640625 0.52030836875 0.8441585703125 0.521434059375 0.8844626906249999 0.524566284375 0.9009277125 0.5280449359375 0.9083244875 0.5270261281249999 0.9127791484374999 0.5090453875
9 0.7503829109375 0.537926009375 0.7443702078125 0.5436067703124999 0.73537005 0.5475281171875 0.7333733796875 0.550357128125 0.7241919015625 0.6359036031249999 0.7257347953125001 0.6393943828124999 0.72877519375 0.6407634046874999 0.768050734375 0.6485067953125 0.8264157093750001 0.658218059375 0.830719146875 0.6562206203125001 0.83338135625 0.64551025625 0.8337291984374999 0.6191561921875 0.8391670484375 0.5909517515625 0.8331391968750002 0.5878233140625 0.8301063484375 0.5804513625000001 0.8361870906250001 0.562374353125 0.838758565625 0.56125396875 0.8411939109375 0.5641110250000001 0.8424796499999999 0.5635508328125 0.8457090640625001 0.539736965625 0.8450888671874999 0.532415803125 0.8373895421875 0.5237711 0.8334037515624999 0.5234261921875 0.8290019828125 0.520201484375 0.7773001500000001 0.5089339609375 0.7552762015625001 0.50481628125 0.7506324203125 0.5063497984375 0.7487643296875 0.5112042953125 0.753559384375 0.51450253125 0.7540283062500001 0.516991940625 0.7503829109375 0.537926009375
9 0.5461998984375 0.44971502656249995 0.556705159375 0.45848404687500005 0.5633002656249999 0.46932403593750005 0.56696840625 0.4720112921875 0.566991103125 0.4748175609375 0.5695852734375 0.4765034453125 0.5995808031250001 0.48131094374999994 0.6211812234374999 0.48855175312500004 0.6408454640625 0.49222825156249994 0.6472666 0.49543021875 0.6543457265624999 0.49675375781250003 0.6595643140625 0.4969288640625 0.6611147546874999 0.49441671718749997 0.659624803125 0.49053554374999997 0.6578624453125 0.43216409218749996 0.6550111171874999 0.426427234375 0.6464722828125 0.41802586406250003 0.644679778125 0.40448118125 0.64216879375 0.399208246875 0.6354300125 0.3983486296875 0.6134514531249999 0.3998434875 0.5729658125 0.3950761671875 0.5460182296875 0.3856347640625 0.525620359375 0.3814208125 0.51531931875 0.37709315625 0.5085275921875001 0.376623928125 0.508391465625 0.3806013703125 0.51090245 0.38587430624999997 0.5247506546875 0.40567585937499995 0.52458428125 0.4128499625 0.5291600234375 0.42371269375000004 0.5311038015625 0.44208913125000004 0.5346131203125 0.4459475609375 0.5461998984375 0.44971502656249995
2 0.725235378125 0.5360263562500001 0.7214084140624999 0.5345102749999999 0.7168780625 0.52926008125 0.7162654156249999 0.515935990625 0.7123098703125 0.5123944218750001 0.7048904 0.5106069609375 0.7000953453125 0.5073087234375 0.6943170515625 0.49341913281250005 0.6903842046875 0.4926838328125 0.6780789421875 0.4971881140625 0.6728074187499999 0.4974033984375 0.6189425937499999 0.51695404375 0.602863309375 0.51955185 0.5956178109375 0.5254024125 0.5825789218749999 0.5293692453125 0.55641795625 0.5408899546875 0.5558356015625 0.5451842593749999 0.559919725 0.5507513140625 0.560910509375 0.5553397390624999 0.5583844296875 0.5620726625 0.5592163921875001 0.5678322578125 0.557219721875 0.57066126875 0.552076775 0.5729020390625 0.5505263328125001 0.5754141875000001 0.5508364312499999 0.57907476875 0.5521448640625 0.581320846875 0.5592769328125 0.5822539953125 0.5643215968749999 0.5956061328125 0.5738058234375 0.602983390625 0.5799774015625 0.6169465109375001 0.589204471875 0.620272796875 0.59306928125 0.6334043453125 0.5958222765625 0.63391905625 0.6117729828125 0.6292957609375 0.6175209796875001 0.6255669546875 0.6250765781250001 0.623376975 0.63048423125 0.619184246875 0.6426836093749999 0.6154607484375 0.6485374890625 0.610951159375 0.6494374890625 0.6043145093750001 0.655314065625 0.602611190625 0.6623251046874999 0.595515925 0.6719757062499999 0.595719078125 0.6855137609374999 0.5910449953125 0.6756740421874999 0.5743946187500001 0.6780186031250001 0.5660266015625 0.6810892453124999 0.5641989625 0.699898828125 0.559309596875 0.70681913125 0.5618043109374999 0.708150259375 0.56685665625 0.7149117390624999 0.5705225421875 0.7227774359375 0.5719931421875 0.7264531265625 0.56867746875 0.7287447484375 0.5606998453125 0.724826996875 0.5479586859375 0.725235378125 0.5360263562500001