9 0 0.51875 0.20416779375 0.51875 0.2604785 0.48490548125000005 0.2734375 0.482250646875 0.2734375 0.481153609375 0.23595986562500001 0.42934914687500003 0.20578508125 0.383335303125 0.0954449828125 0.45461984843750003 0 0.5088375671875001 0 0.51875
9 0 0.5050445890625 0.017556546875000002 0.491397590625 0.09054775937500001 0.44885907812500003 0.1456229375 0.4172928921875 0.2 0.38348271093749997 0.2 0.3818560671875 0.15876943125 0.31940356875 0.14417164375 0.3045448671875 0 0.385421321875 0 0.5050445890625
9 0.2765625 0.145511475 0.2765625 0.144348590625 0.23872604062499997 0.1072021828125 0.19742869999999998 0.072121140625 0.0939453265625 0.140648771875 0.1887915875 0.209375 0.1888081640625 0.209375 0.2765625 0.145511475
9 0 0.18973108125 0.0222882640625 0.21801135624999998 0.0843092828125 0.26875 0.0857309125 0.26875 0.1875 0.2013575828125 0.1875 0.200203153125 0.1374939140625 0.171151715625 0.09063529375 0.141537071875 0.057583862500000006 0.16074852343749998 0 0.1809491671875 0 0.18973108125
9 0 0.33495966093749996 0.0796875 0.27551390625 0.0796875 0.27531114843750004 0.0599236125 0.2538108671875 0.0293060921875 0.2268187625 0 0.187084446875 0 0.33495966093749996
9 0.55 0.51875 0.55 0.40203435781249997 0.5290408921875 0.42163406875 0.4945675171875 0.4435708171875 0.4602206390625 0.4600727796875 0.469478515625 0.4708870125 0.50979665 0.4896716125 0.5202867265625 0.5059127234374999 0.5328985859375 0.51875 0.55 0.51875
9 0.3314455203125 0.51875 0.3359375 0.515775371875 0.3359375 0.514423696875 0.3090969390625 0.46666173593750004 0.28015435625 0.4260747703125 0.2704221171875 0.435640971875 0.28065920312500003 0.46275164843749994 0.32059165312500004 0.51875 0.3314455203125 0.51875
9 0.2739913890625 0.428125 0.28125 0.41421315468750003 0.28125 0.41095384218750003 0.270398021875 0.3895790671875 0.2505551953125 0.366599809375 0.2290058078125 0.35857411093749997 0.2113226359375 0.3484375 0.21031153749999998 0.3484375 0.2125117171875 0.36682114062500004 0.2287211921875 0.370802371875 0.236620375 0.38162450937500003 0.2574424078125 0.42090020937499995 0.2718919625 0.428125 0.2739913890625 0.428125
9 0.209375 0.33222610937499997 0.209375 0.3313889875 0.19121524843749999 0.304663503125 0.1646105671875 0.2803650734375 0.1719405171875 0.3156437328125 0.19929845468750002 0.353125 0.19976975624999999 0.353125 0.209375 0.33222610937499997
9 0.3639399484375 0.5171875 0.3671875 0.470639665625 0.3671875 0.45750558750000003 0.35363050937499996 0.4345250375 0.342286584375 0.4549687109375 0.3417806 0.47670784062499993 0.34648803125 0.507926221875 0.36365749531249997 0.5171875 0.3639399484375 0.5171875
9 0.3402936265625 0.48125 0.3515625 0.442323740625 0.3515625 0.439997165625 0.3352693203125 0.39896140625 0.3011449484375 0.34753649062499997 0.285187325 0.3911017046875 0.3124233515625 0.44664222656249997 0.3396984421875 0.48125 0.3402936265625 0.48125
9 0.2483332265625 0.3640562078125 0.26327887968749997 0.3639692578125 0.2824330109375 0.3875 0.283591446875 0.3875 0.2953125 0.368628771875 0.2953125 0.36349583281250003 0.2935496734375 0.34749100624999996 0.27620286875 0.3340068109375 0.20220195937500002 0.3031915671875 0.20842620625000002 0.32760856562499996 0.22008523593749998 0.3519939453125 0.2483332265625 0.3640562078125
9 0.362842678125 0.44463300156249996 0.36925666874999996 0.460897825 0.3782615546875 0.4825816234375 0.39426821875 0.49375 0.3964734546875 0.49375 0.4265625 0.45919711718749995 0.4265625 0.45646675156249994 0.389385246875 0.4132328125 0.37627265 0.392931425 0.356303328125 0.3753869515625 0.330171871875 0.38912409531250003 0.3483713859375 0.42433951875 0.362842678125 0.44463300156249996
9 0.3484375 0.37445190781250004 0.3484375 0.37085716562500004 0.33079668125 0.34164667187500003 0.28956258749999997 0.3038482390625 0.2704398453125 0.3015625 0.2678186453125 0.3015625 0.26181944218750003 0.3284628546875 0.286181090625 0.3323966578125 0.312849021875 0.35397769375 0.3323512359375 0.3765625 0.33517120624999996 0.3765625 0.3484375 0.37445190781250004
9 0.271875 0.29586670000000004 0.213239378125 0.2828125 0.21310001562499997 0.2828125 0.20723145468749998 0.301836825 0.23699626093749998 0.3070977046875 0.26292484531250004 0.3140625 0.26701045625000003 0.3140625 0.271875 0.29829293749999997 0.271875 0.29586670000000004
9 0.23518190468750003 0.2823053484375 0.277053075 0.3 0.279657034375 0.3 0.28125 0.2790077796875 0.28125 0.275004946875 0.2588805875 0.256355753125 0.19470565312500002 0.270314228125 0.166046546875 0.2759150078125 0.185952621875 0.2961768734375 0.2188775578125 0.2824002046875 0.23518190468750003 0.2823053484375
9 0.4078125 0.40072399687500004 0.4078125 0.3911580359375 0.3539959765625 0.3390625 0.35378151406249997 0.3390625 0.34130140937500003 0.35396463906250003 0.359564171875 0.38646266875 0.3717291859375 0.38910891875 0.4014507328125 0.4234375 0.40235302500000003 0.4234375 0.4078125 0.40072399687500004
9 0.40920518437500003 0.39398728125 0.41283853437499995 0.4129853078125 0.4045282421875 0.4198262125 0.44337368593750004 0.44375 0.44693869375000006 0.44375 0.46450059374999997 0.411326234375 0.4671875 0.4014796984375 0.4671875 0.4002783609375 0.44870222968749995 0.389681959375 0.4339779453125 0.38025804218750003 0.4127447984375 0.3586453859375 0.3885096453125 0.3492768 0.37861928906250003 0.3656364796875 0.40920518437500003 0.39398728125
9 0.50126095625 0.428490425 0.5140625 0.40047229375000004 0.5140625 0.39272619531249997 0.500314509375 0.352419278125 0.4783223859375 0.363415315625 0.4879269921875 0.4176999078125 0.46883469218749996 0.4390625 0.4698469421875 0.4390625 0.50126095625 0.428490425
9 0.467133646875 0.33125 0.42995561406249994 0.26469541875 0.39895860625 0.254007659375 0.399684821875 0.28117366875 0.435800371875 0.30541676562500003 0.46641269531249996 0.33125 0.467133646875 0.33125
9 0.39969535624999997 0.284375 0.40625 0.2560401734375 0.40625 0.25007394843749997 0.3745699484375 0.196248371875 0.35507385 0.21673947187499998 0.3596864078125 0.252033940625 0.3741577 0.2723274234375 0.399623840625 0.284375 0.39969535624999997 0.284375
9 0.3372714078125 0.232887784375 0.353984146875 0.2359375 0.3591094546875 0.2359375 0.365625 0.2056807671875 0.365625 0.20016557812500002 0.359959259375 0.1920004390625 0.26080610000000004 0.191218784375 0.280206190625 0.23321977968750002 0.293003684375 0.20869211562499998 0.31474281406250004 0.208565640625 0.3372714078125 0.232887784375
9 0.4707517671875 0.4171875 0.47175524687500003 0.4171875 0.47309079374999996 0.35980698125 0.45318471718750003 0.3395451171875 0.4432943625 0.3559047984375 0.45362631875000003 0.3789393859375 0.442567009375 0.3871547984375 0.4707517671875 0.4171875
9 0.41662288125 0.3296586 0.406606028125 0.351453059375 0.43711979375 0.36875 0.43752114999999997 0.36875 0.4484375 0.3423589234375 0.4484375 0.3284877921875 0.44427115468749995 0.3091200703125 0.377126971875 0.2755479109375 0.36173858281250004 0.294656603125 0.39513674375 0.3189155078125 0.4071120125 0.32971393125000004 0.41662288125 0.3296586
9 0.3478512234375 0.3390475109375 0.3573937171875 0.3376334828125 0.3837123265625 0.3671875 0.38399505624999997 0.3671875 0.39375 0.352993875 0.39375 0.34980822031250003 0.3857998296875 0.3429022671875 0.3578997015625 0.3158943515625 0.320868190625 0.2726374203125 0.3120519125 0.3012174578125 0.3401417859375 0.3200732 0.3478512234375 0.3390475109375
9 0.3234375 0.2572745296875 0.313268203125 0.236004990625 0.2976813 0.20625 0.2976208234375 0.20625 0.2823344421875 0.2225998421875 0.29636300000000004 0.2619150640625 0.31315783750000004 0.2703125 0.315786196875 0.2703125 0.3234375 0.2579936875 0.3234375 0.2572745296875
9 0.35 0.259375 0.35 0.257848928125 0.31028783125000003 0.19979649531250002 0.296542753125 0.20666902187499997 0.3211562609375 0.2581492671875 0.3274391578125 0.259375 0.35 0.259375
3 0.8069016953125001 0.0048671625 0.799338665625 0.003985221875 0.7784118265625001 0.0090232796875 0.7640206734375 0.009633740625 0.7444699703125 0.013478426562500001 0.7159724953125 0.0275618515625 0.70152499375 0.03761041875 0.6973402453124999 0.0506286390625 0.7021281890625 0.0836792421875 0.7115882828125 0.1086036203125 0.7503394984374999 0.23745054687499997 0.7591134265624999 0.26048978749999996 0.7785887671875 0.29090147499999996 0.7918398812499999 0.303857690625 0.7965493609375001 0.3111116265625 0.8160955609375 0.37724728750000003 0.832826240625 0.4001184109375 0.8469958125 0.43229672656250007 0.8513039609374999 0.45052802812500004 0.8578244296875 0.46595504375 0.860960446875 0.46875 0.8784892046875001 0.46875 0.8956471859375 0.4604374390625 0.8995318859375001 0.45441132812499996 0.9015625 0.4464934234375 0.9015625 0.4397796109375 0.8996559890625001 0.42064415312500003 0.8737324375 0.2804960328125 0.8768227859375 0.221480646875 0.8273518390625 0.04506284375 0.8176967859375001 0.018181665625000003 0.8069016953125001 0.0048671625
3 0.8295823703125 0 0.8239469609375 0.0056211140625 0.8214871359375 0.010943053125000001 0.8199084359375 0.0201069328125 0.8211269390625 0.0323369234375 0.8379658078125001 0.10631218125 0.8612352734375 0.18480874687499999 0.8964924125 0.2585786859375 0.9174710921875 0.31408286875 0.9303696171875 0.33850564843750003 0.9436169281250001 0.35642551718750004 0.9495075796875 0.360529284375 0.9573977953125 0.3625 0.979987025 0.3625 0.9805958875 0.362446134375 0.9955795296875 0.3577787625 1 0.3556778296875 1 0.2051125828125 0.9466568375 0.1068344984375 0.9404737437499999 0.0997955328125 0.9211819531250001 0.08623160468749999 0.8896328671875 0.0446771859375 0.888114315625 0.039439303125000005 0.890427921875 0.032649765625 0.8897942984375 0.0262901703125 0.8842973734375 0.021136346875 0.8788042468749999 0.011018868749999999 0.8747283906250001 0.0101245296875 0.8705025093750001 0.012726240625 0.8628008671874999 0.00044939374999999996 0.8621017984374999 0 0.8295823703125 0
3 0.7274186968749999 0.51875 0.72830196875 0.5160240265625 0.749056665625 0.4792472484375 0.7561437046874999 0.46034623124999996 0.765625 0.3687402015625 0.765625 0.303699009375 0.7643797921875001 0.2879178421875 0.758451809375 0.2684339140625 0.7522237796875 0.2559420984375 0.7418186078125 0.24654119218749998 0.732440784375 0.242449825 0.7169697421875 0.24222519999999997 0.6884798734375 0.2463813171875 0.6729562859375 0.250631146875 0.666664303125 0.25750474218749997 0.657263659375 0.2831952984375 0.6546309890625001 0.3217952125 0.6501538015625 0.331878234375 0.6311423390625001 0.40115716093750003 0.625228809375 0.411829246875 0.6320833921875 0.48062798124999995 0.6334362265625 0.484202584375 0.63431355 0.49300817812500003 0.6334676124999999 0.49452125156250004 0.6358815812499999 0.51875 0.7274186968749999 0.51875
3 1 0.09811943437500001 0.9567644312500001 0.0462221109375 0.9425796468750001 0.033898409375 0.9401274265625 0.029293040625 0.9328119000000001 0.025893445312500003 0.9194633046874999 0.0119588296875 0.9158786531249999 0.01099283125 0.9115552906250001 0.01261614375 0.902267340625 0.0194304859375 0.889240909375 0.033738534375000004 0.88721974375 0.043463271875 0.9184238468749999 0.086556946875 0.9403666218750001 0.10171938750000001 0.9524365640625 0.1178257734375 1 0.206890184375 1 0.09811943437500001
3 1 0.51875 1 0.3500233390625 0.9985397484374999 0.350850925 0.9651302296875001 0.3656509203125 0.9387828593750001 0.3512964609375 0.901187228125 0.2740626203125 0.9010120828125 0.2889774671875 0.9189595328125 0.36907759375000004 0.9555676859375 0.45307295312500007 0.9871031921875 0.51875 1 0.51875
3 0.8957640484375 0.374263840625 0.9006127078125001 0.45627482812500003 0.8992263140624999 0.4734375 0.9022181328125001 0.4734375 0.94375 0.456621065625 0.94375 0.45631073750000006 0.9289730703125001 0.4074697125 0.9205121015625 0.339220621875 0.9010770953125 0.2775355296875 0.885553975 0.23844089375 0.87209221875 0.2867269578125 0.8957640484375 0.374263840625
3 0.7961451890625 0.51875 0.7952781671875 0.463753665625 0.8140625 0.44348180781249996 0.8140625 0.43554424531249997 0.8112022843750001 0.40683656093750004 0.8012791125 0.32391148125 0.7823061499999999 0.3002094078125 0.7661204875000001 0.271137621875 0.7678822703125 0.3221659640625 0.7589695921875 0.41611066093750004 0.75451959375 0.45481025312499995 0.744507678125 0.48770375312500003 0.7297476796875 0.51875 0.7961451890625 0.51875
0 0.425 1 0.425 0.9777789531250001 0.4247024078125 0.9732911140624999 0.425 0.9683810937499999 0.425 0.9165322984375 0.4189444953125 0.86930804375 0.4127268296875 0.8438313546874999 0.4041361 0.7890189078125001 0.4047579328125 0.7455277078125 0.40829491406249996 0.7025705046875 0.40526472968749994 0.695423965625 0.3920315265625 0.686408434375 0.35229443437499997 0.67862235 0.29577061250000003 0.673845703125 0.2786130609375 0.6833786828124999 0.2724237015625 0.695934890625 0.2558696265625 0.7765634734375 0.2513796703125 0.8097124250000001 0.2429605859375 0.8375783109375 0.24133174999999998 0.8595895296875 0.2307604890625 0.9286381453124999 0.232502159375 0.9538019546874998 0.2256980453125 1 0.425 1
9 0.168837465625 1 0.1713085375 0.9409318750000001 0.1734349921875 0.9261103140625 0.18847526875 0.8741054937499999 0.190528953125 0.8572424578125 0.187954125 0.8527145125000001 0.1708340578125 0.842986984375 0.1576126140625 0.8410721140625 0.0429126171875 0.83932871875 0.0041895046875 0.8362917015625 0 0.8364520265625 0 0.9862061140625 0.0247393140625 1 0.168837465625 1
0 0 0.8373334015625 0.0410852046875 0.8400305890624999 0.0842420453125 0.8388094171875 0.1287287078125 0.840625 0.17369713281250002 0.840625 0.21375483437499998 0.83971696875 0.2356066890625 0.836621290625 0.24572517968750002 0.829348146875 0.24901115312500002 0.8233586015625001 0.2539024359375 0.7811565171874999 0.250217334375 0.75563670625 0.2543129421875 0.714809978125 0.247937975 0.6781496828125 0.2422719609375 0.6715343796875001 0.23470477343749999 0.6691341515625 0.18911864218750002 0.6699103234375 0.11251035937500001 0.6670320000000001 0.0426548453125 0.677559515625 0 0.6866196203125 0 0.8373334015625
8 0.1918900015625 0.51875 0.1832735046875 0.5375127203125001 0.1798890390625 0.5678219578125 0.18233009375 0.575367615625 0.18248739375 0.586551225 0.1866465921875 0.605059371875 0.198621784375 0.6295625796875 0.219051346875 0.647501884375 0.23857020312500002 0.660204003125 0.2599902265625 0.668691053125 0.285901578125 0.6734375 0.3478328421875 0.6734375 0.3627198140625 0.6697628124999999 0.3780066984375 0.6619153109375 0.382926290625 0.6577461203125 0.38831997500000004 0.6465652687500001 0.4131432015625 0.6151128265625 0.4247685109375 0.5959468359375 0.4360604796875 0.5640438796875 0.4390625 0.5448883390625 0.4390625 0.5198988578125 0.438970578125 0.51875 0.1918900015625 0.51875
8 0 0.51875 0 0.68874028125 0.004834871875 0.68845595 0.07423503125 0.6753098453125 0.08352734218749999 0.6719416515625001 0.09974368125000001 0.6597010765625 0.11636134843749998 0.63840736875 0.125867184375 0.6173320265625 0.1296875 0.5935059765624999 0.1296875 0.5724690609375 0.1288220140625 0.5580430265625 0.124953890625 0.5477007765625 0.091770003125 0.53756585625 0.07687268124999999 0.5292595640625 0.069813265625 0.51875 0 0.51875
0 0.8212042390625001 0.51875 0.8211094578125 0.5199654125000001 0.8264557265625001 0.5582869171875 0.844191625 0.6193212156250001 0.8511119453125 0.653022846875 0.8743844546874999 0.7094689578125 0.8870861421875 0.758272315625 0.9220804156250001 0.86363585625 0.9427192140624999 0.9351773578125 0.9557029765625 0.9533843484375 0.9651224093749999 0.9591892906249999 0.9702894640625 0.9609375 0.9871909828125001 0.9609375 0.9914761703125 0.960558140625 1 0.9566646703125 1 0.8774158484375001 0.9972648671875 0.8686866546875001 1 0.8720172078124999 1 0.656902184375 0.9958160843750001 0.6268118578124999 0.974589334375 0.51875 0.8212042390625001 0.51875
8 1 1 1 0.8647447359375 0.9881974671875 0.8428303406250001 0.9795376265625 0.8231340890624999 0.9654882109375 0.8040652296874999 0.9491973234375 0.7763840109375 0.94322605625 0.7647551109374999 0.9414316749999999 0.755597746875 0.9116914937499999 0.715679253125 0.8998406875 0.7047347796875 0.8916155078125 0.7012556140624999 0.8694815015625 0.7028462734375001 0.858469584375 0.7070859140625 0.8425396109375001 0.717320615625 0.8180290937500001 0.7369344859375 0.784484934375 0.75513514375 0.74417304375 0.786447628125 0.704436846875 0.818679015625 0.6928980953125 0.83382510625 0.644795684375 0.877875515625 0.6351739125 0.8923054921875 0.6303904578124999 0.9111018515625 0.633660715625 0.9314254953125001 0.6460687828125 0.94871358125 0.7013700468749999 1 1 1