7 0 0 0 0.059304953125000004 0.011682665625 0.10320738437500002 0.0351865171875 0.14744366250000002 0.0420662765625 0.1545593234375 0.043148360937500005 0.1546875 0.052259762499999994 0.1546875 0.086567003125 0.1485555984375 0.1222771140625 0.13156207656250002 0.130464740625 0.1202620875 0.1453125 0.1108397015625 0.1453125 0.1101896703125 0.1429854703125 0.09952685156249999 0.098104634375 0.0842620421875 0.085459490625 0.07513698125 0.07475802031249999 0.060273045312499995 0.0606840234375 0.0055471609375 0.0575720703125 0 0 0
7 0.11835763125000001 0.3796875 0.2015625 0.36247503124999997 0.2015625 0.361959121875 0.17583089375 0.34431620625 0.1472924984375 0.316064434375 0.1342672421875 0.2856708421875 0.11579450468750001 0.25960623437499997 0.027983371875000003 0.15502538125 0 0.1273230625 0 0.35151685781249997 0.0149340890625 0.363725034375 0.0385364 0.379122265625 0.0400199171875 0.3796875 0.11835763125000001 0.3796875
7 0.21875 0.3796875 0 0.3796875 0 0.452479790625 0.000066171875 0.45260761718750003 0.007681359375 0.4592588046875 0.022511996875000002 0.4646026046875 0.034983675 0.465625 0.047290096875 0.465625 0.0730765734375 0.4614470546875 0.101908975 0.46172306093749993 0.1169124546875 0.45954444062499994 0.1722293234375 0.46085931875 0.1916993953125 0.4586812328125 0.2009194671875 0.4546485640625 0.2120853578125 0.458901715625 0.21875 0.45923025937500006 0.21875 0.3796875
7 0.21875 0.68699761875 0.1495682875 0.65020094375 0.1216956296875 0.6799966484375 0.10889970625 0.7297813171875001 0.155756375 0.7612212859375 0.20309118593750003 0.7859383578125 0.21875 0.796336065625 0.21875 0.68699761875
7 0 0.78196216875 0.005114640625 0.790133903125 0.0314509125 0.827204159375 0.041613899999999995 0.8370717687500001 0.044805021875 0.8375 0.051224946874999996 0.8375 0.09438534531250001 0.8181629671875001 0.11199542656249999 0.8081896656249998 0.12190330625000001 0.7995782015625 0.125 0.7942738265625 0.125 0.7832377312500001 0.11795999531250001 0.742995890625 0.107367871875 0.7306752609375 0.10573714999999999 0.72135378125 0.1078287875 0.7106154734375 0.10628389375 0.701784596875 0.0690169390625 0.6164167812500001 0.0459738890625 0.575476678125 0.01050575 0.5259224375 0 0.51377128125 0 0.78196216875
7 0.21875 0.535518575 0.19589284375 0.5143212359375 0.1653168703125 0.4927314375 0.1565001 0.47921178906249995 0.1493716671875 0.4725061515625 0.1304753609375 0.466616759375 0.1142408953125 0.467432475 0.1004684015625 0.4709740015625 0.09239348750000001 0.475878975 0.0719475328125 0.495173221875 0.0571991578125 0.5158309125 0.051269932812499995 0.533000990625 0.05 0.5462543390625 0.05 0.5479330046875 0.0574789125 0.5628189453125 0.06701170468749999 0.574757875 0.088197140625 0.590895503125 0.1076942390625 0.6002191265625 0.1648675328125 0.6348401046875 0.20537722656250001 0.667823775 0.21875 0.6804485921875 0.21875 0.535518575
4 0.47064185312499995 0.643131940625 0.4549192375000001 0.6822367953125 0.4595976796875 0.72704211875 0.47748866718750005 0.7628384265625 0.511194440625 0.796875 0.513854875 0.796875 0.5198167921875 0.792809846875 0.5085521156249999 0.764881259375 0.5383103921875 0.7631693234375 0.5457800984375 0.7570439203125 0.5537115828125 0.7686664140625 0.5726869140625 0.7934017796874999 0.5846947171875 0.7697318531249999 0.615778609375 0.66286810625 0.628125 0.5913843015625 0.628125 0.58840920625 0.6050161109375 0.5804088281249999 0.5290943390624999 0.5903739484375 0.49634409375 0.6163173640625 0.47064185312499995 0.643131940625
10 0.7189832593750001 0.5390582796875 0.7011521453125 0.6131459453125 0.6896461984375 0.6793082296875 0.725247740625 0.6638065390625 0.7732586687499999 0.6295218953124999 0.785989315625 0.614648515625 0.8040814953125001 0.5316094984374999 0.8153262140624999 0.522910090625 0.8243422062499999 0.47496012031249996 0.825 0.4620552125 0.825 0.44282136562499996 0.8107684875000001 0.406803575 0.770146953125 0.43398542031250004 0.7417540484375 0.45231305781250003 0.7189832593750001 0.5390582796875
10 0.415056515625 0.3796875 0.441359359375 0.40254569218749997 0.510032090625 0.4620332125 0.5366377625000001 0.48259796406250005 0.5639261984375 0.487214803125 0.5828125 0.4832892375 0.5828125 0.48050146250000003 0.5763557 0.456548315625 0.552621446875 0.4345417578125 0.50661874375 0.39623820468750004 0.48784033281249994 0.3796875 0.415056515625 0.3796875
10 0.5971772359375 0.73445121875 0.5831010140625 0.8178484156250001 0.5736031265625 0.8599340218750001 0.5715348703125 0.8711497687499999 0.5868568953125 0.8984375 0.5897218078125 0.8984375 0.6164533875 0.872002740625 0.6274772796875 0.8484876203125001 0.636533509375 0.7767705828125 0.6417142953125 0.7185336859375 0.65 0.67278881875 0.65 0.6495682109375001 0.64986693125 0.6479488468750001 0.6241848125 0.662879890625 0.6089843296874999 0.6840820453124999 0.5971772359375 0.73445121875
10 0.72064638125 0.66631334375 0.688980478125 0.68119581875 0.687795859375 0.6546513734375 0.674201859375 0.6468898875 0.6596038265625 0.6511667359375 0.65229475 0.659246925 0.6375357625 0.758592034375 0.633399246875 0.7810235265625 0.650581725 0.803125 0.6518086656250001 0.803125 0.6913295984375 0.7461682375 0.73281465 0.6931097328125 0.7374330609374999 0.6765426015625 0.72064638125 0.66631334375
4 0.27508790312500003 0.3796875 0.264437778125 0.388918546875 0.2630923625 0.4089308390625 0.2705017125 0.43845603437499997 0.2762244265625 0.4474559546875 0.2776701140625 0.4650490484375 0.2768065953125 0.49092570625 0.27891493125 0.50445441875 0.29078205625 0.5154576984375 0.3104602734375 0.5123616171875 0.31670512500000003 0.5034588375 0.32459653125 0.49033686875000004 0.339696578125 0.48004085312499994 0.35565998125 0.49237970625000005 0.368551259375 0.47946111562500004 0.3636518234375 0.4683516015625 0.36875 0.45313445 0.36875 0.450541678125 0.3619853078125 0.43594279374999995 0.36835071093750005 0.40425034374999996 0.35353185 0.393711478125 0.3488844984375 0.3796875 0.27508790312500003 0.3796875
10 0.24699948593749999 0.3796875 0.250650715625 0.4359146765625 0.2595458265625 0.507777425 0.2706086703125 0.5171875 0.272695978125 0.5171875 0.2847861265625 0.511726478125 0.2768747640625 0.4882204484375 0.275308684375 0.44490550312500005 0.263381359375 0.4210412984375 0.2628593875 0.3904324734375 0.2737878671875 0.3796875 0.24699948593749999 0.3796875
4 0.6523723359375 0.3796875 0.6394150062499999 0.39511311562499996 0.6359210187500001 0.42536376093749995 0.6476476359375 0.42252871875000003 0.6443343984375 0.4428506203125 0.624897128125 0.44887888125000003 0.6119857312500001 0.47368100625 0.6169654828125 0.48576791249999995 0.6239933718749999 0.4985226046875 0.6174874546875 0.5163767359375 0.604054084375 0.5105700359374999 0.60029919375 0.5012605062500001 0.5851589078125 0.5353235890625 0.5892149453125001 0.5604262265625 0.597728759375 0.5670069468750001 0.603853053125 0.5808938359375 0.6210012375 0.57126560625 0.6361616437500001 0.5253189921875 0.6533099890625 0.4671792359375 0.6720847765625 0.41670383125 0.6933292359375 0.408411171875 0.7386694546875 0.40226758125 0.72752231875 0.3796875 0.6523723359375 0.3796875
10 0.618789871875 0.3796875 0.6095562953125 0.40773119218750004 0.584255475 0.48794426093750004 0.5649786750000001 0.5444388375 0.57855255625 0.5640838578125 0.589696840625 0.566290590625 0.586203015625 0.5480297109375 0.5891146703125 0.5228208390625 0.6013433 0.513966628125 0.6201179234375 0.512002746875 0.62202555 0.4988322125 0.61254794375 0.4805227625 0.6163430765625 0.4660652265625 0.6259613546875 0.449701471875 0.641382665625 0.44331503281250006 0.6477279515625 0.42350611093749996 0.6419048015625 0.4254123296875 0.632888971875 0.424850778125 0.6440132984375 0.39042951875 0.653125665625 0.3796875 0.618789871875 0.3796875
10 0.625739065625 0.8714894796875001 0.6365822062500001 0.8579031 0.6551360015625 0.8411235046875 0.5864227062499999 0.9024260984375001 0.54381323125 0.9418010859375 0.5372269968750001 0.958677825 0.566643890625 0.9649398421875001 0.6079480281249999 0.9703216062500001 0.65031639375 0.9765259609375001 0.668026790625 0.9737394890625 0.6885484078124999 0.9566502828125 0.722563753125 0.9097171796874999 0.7494306546875 0.87281905625 0.767502553125 0.8501750953125 0.766860025 0.8423559421875 0.7346520328125 0.8385131234374998 0.7180058640625 0.8421221875 0.70951200625 0.8721694578125 0.686841815625 0.899497015625 0.6757978046875001 0.9348956703125001 0.6650349828125 0.949459440625 0.6444531671875 0.95368771875 0.6403971328125 0.9285850812499999 0.6214618765625 0.928594175 0.6192130296875 0.9012271421874999 0.625739065625 0.8714894796875001
4 0.6543930375 0.8442104921875 0.641180496875 0.85321950625 0.62302828125 0.8748860734375 0.6184700671875 0.904314128125 0.6201567015625 0.9248394046874999 0.641621990625 0.931362459375 0.64371020625 0.9567747046874999 0.6629868437499999 0.9487916546874999 0.6741512468749999 0.939114853125 0.6844522953125 0.9068031859375001 0.6993315124999999 0.8816914562499999 0.7146123125 0.8614666937500001 0.719652421875 0.8379030015625 0.7107169078125 0.83831884375 0.7032472000000001 0.8444442468750001 0.6902154109375 0.8435245171875 0.676701725 0.8367404234375 0.6543930375 0.8442104921875
4 0.67668290625 0.4605317578125 0.6619844374999999 0.47571474375000006 0.6588920296875 0.5108523593750001 0.6650765187500001 0.537600178125 0.6772047140625 0.5396521046875 0.6629881421875 0.5606994578125 0.6638514984375 0.583334325 0.6737508046875 0.5946472125 0.6641325234375001 0.611010965625 0.6653171437500001 0.637555409375 0.6785697609375 0.6532908546874999 0.6911999703125 0.6493236140625 0.703027184375 0.587070909375 0.7252758375 0.5182283890624999 0.7328059031249999 0.476452390625 0.7402957296875 0.45844345468750003 0.75384965625 0.44146048281250005 0.7373842359375 0.4351408015625 0.7020437609375 0.44169113906249996 0.67668290625 0.4605317578125
4 0.7770804328125 0.9060899296875 0.793184509375 0.8837555765625 0.8028229109375001 0.8555082890625 0.7363187109375 0.8224104078125001 0.7287485671875 0.839441946875 0.7688278484375 0.8420463343750001 0.755414434375 0.8728676265625002 0.7770804328125 0.9060899296875