4 0.016103215625 0 0.0123584421875 0.005144875 0.0042217796875 0.0175521890625 0 0.014533815624999998 0 0.184375 0.061172871875 0.184375 0.08125 0.1751892734375 0.08125 0.1663762859375 0.0714939734375 0.10262237656249999 0.04312066875 0.0005225703125 0.0428509734375 0 0.016103215625 0
10 0.239729575 0.13162794375 0.227442778125 0.1183856375 0.18060285625 0.09001068749999999 0.145640853125 0.0787813203125 0.15552991562500001 0.14288549374999998 0.1715112671875 0.21409872968750002 0.19210126875 0.2972603625 0.2198465765625 0.31211467187499997 0.2595194453125 0.3343166171875 0.275 0.2957346421875 0.275 0.2811709390625 0.2745573359375 0.2653515703125 0.2667185203125 0.2189711828125 0.25576350312499996 0.21166331249999998 0.239729575 0.13162794375
10 0.048895359375 0 0.05407404375 0.034771975 0.064626059375 0.083223284375 0.07921718125 0.102439790625 0.1039579984375 0.1140625 0.10437087187500001 0.1140625 0.1046875 0.1110398484375 0.1046875 0.08738760625 0.0978911765625 0.045383379687499996 0.09486792656250001 0 0.048895359375 0
10 0.094518234375 0 0.0955122875 0.006016371875 0.10786340781249999 0.1025611359375 0.1149282421875 0.1097099609375 0.12185766875 0.1109375 0.13126467343749998 0.1109375 0.14297727031250002 0.103016734375 0.144764628125 0.0766298625 0.175836446875 0.087700184375 0.1921875 0.07603491875 0.1921875 0.073618128125 0.1885262453125 0.059799053125 0.14859342343749998 0.0121065328125 0.13973239375 0 0.094518234375 0
4 0.088614390625 0.23683262031250002 0.0746336453125 0.19314111875 0.057843353125 0.1855946796875 0.051447346875 0.200033153125 0.04284923125 0.2075216109375 0.0382464546875 0.2328133796875 0.05248127968750001 0.26475529062500003 0.056421103125000004 0.2551163875 0.0698819453125 0.2478267375 0.0759245921875 0.26473375 0.06865825625000001 0.2781566453125 0.0634392328125 0.29068324375 0.0756763875 0.3137235 0.09482064375 0.3174461890625 0.097639 0.33716137343749997 0.0860706703125 0.3357084171875 0.088839384375 0.365221553125 0.105477815625 0.3835417609375 0.13016441406249998 0.3953125 0.1375722109375 0.3953125 0.1594292765625 0.39064750312499996 0.1738100875 0.37457548281249997 0.1859375 0.3498442703125 0.1859375 0.34668490625000004 0.1426331125 0.3458609015625 0.12174820156249999 0.3401070515625 0.10428614843749999 0.2923532296875 0.088614390625 0.23683262031250002
10 0.13290042500000002 0.394844603125 0.107561659375 0.3849886703125 0.093534209375 0.3697152015625 0.0832917875 0.3369565171875 0.092249134375 0.33536273437499997 0.09798219062499999 0.3365771234375 0.0921439796875 0.317718471875 0.0769921234375 0.3131790109375 0.06782740312499999 0.29810435 0.0643957359375 0.2842440796875 0.0742204734375 0.26504579375000004 0.07263167968749999 0.2522408640625 0.05405109375 0.2524612125 0.04212353125 0.24511358125 0.0398162703125 0.2205193 0.043703515625 0.202058265625 0.0325966390625 0.2055241640625 0.01875 0.22640537656249998 0.01875 0.2267339484375 0.03649856875 0.2801635359375 0.0597491921875 0.356573959375 0.07813415 0.41416549375 0.08558565781250001 0.425 0.08646996875 0.425 0.14871816875 0.40235128124999997 0.1890625 0.388395403125 0.1890625 0.386609534375 0.185718671875 0.35682410781249996 0.17190153125000002 0.37683916562499997 0.1527602109375 0.391736559375 0.13290042500000002 0.394844603125
4 0.1568983578125 0.1681867171875 0.1466004234375 0.10798581874999999 0.13416176562499998 0.10551727968749999 0.1206512828125 0.12260488124999999 0.1188639234375 0.1489917515625 0.12802864687499999 0.1640664125 0.11794689218750001 0.176394203125 0.11656840937499999 0.1988778 0.130186984375 0.21805454218749998 0.11810756250000001 0.22148067968750001 0.11135525625 0.2486445609375 0.1136128796875 0.283036790625 0.127844765625 0.296358621875 0.152570215625 0.3120694671875 0.1588137515625 0.3125 0.19147874375 0.3125 0.203125 0.306743415625 0.203125 0.305355765625 0.1909054359375 0.2910968109375 0.18389024062499998 0.2741500375 0.1773832046875 0.2337040859375 0.1568983578125 0.1681867171875
6 0.45 0.29099474999999997 0.47947761250000004 0.29670009375 0.5086287296875 0.301364271875 0.5249533578125 0.279209421875 0.5529384328125 0.251224346875 0.5669309703125001 0.2034165109375 0.59258395625 0.1719333015625 0.6125 0.1387398921875 0.6125 0.1283698828125 0.60890858125 0.0996385265625 0.5820895515625 0.0576609140625 0.548274253125 0.0331739734375 0.5086287296875 0.029675839062499997 0.45 0.027543885937500002 0.45 0.20863348125 0.4514925359375 0.20808069062499998 0.45 0.2269861453125 0.45 0.29099474999999997
2 0.8023462484374999 0.6390625 0.8041277984375 0.6224347015625 0.8251166046874999 0.5827891796875 0.8484375 0.5419776125 0.8705923515624999 0.5011660453125 0.89158115625 0.47201492500000003 0.907905784375 0.45685634375 0.9109375 0.43336054218750003 0.9109375 0.4205765921875 0.86942630625 0.4172108203125 0.829780784375 0.41138059687500006 0.7913013062500001 0.40321828281250005 0.7691464546875 0.41138059687500006 0.737663246875 0.41954291093749996 0.7190065296875 0.4230410453125 0.6851912312499999 0.425373134375 0.6688666046874999 0.4300373125 0.65720615625 0.46385261250000004 0.6280550375 0.49416977656250005 0.589575559375 0.517490671875 0.575583021875 0.5524720140625 0.553428171875 0.57112873125 0.5475979484375 0.6084421640625 0.5432236140625 0.6390625 0.8023462484374999 0.6390625
0 0.6203125 0.3434911359375 0.6203125 0.34413479687500004 0.6387010249999999 0.3625233203125 0.6526935640625 0.3800139921875 0.6520272515625 0.38201292656249997 0.6795125921875 0.37651585781249997 0.7121618453125 0.37884794843749997 0.7529734140625 0.384678171875 0.7926189359375 0.40100279843750003 0.8250612171875 0.409375 0.829168915625 0.409375 0.8375 0.389588675 0.8375 0.38758162500000004 0.8229361000000001 0.3730177234375 0.7681319953125 0.313549440625 0.7331506515624999 0.2809001859375 0.701903565625 0.253125 0.701480875 0.253125 0.683010728125 0.2739039171875 0.6631879656249999 0.292560634375 0.64336520625 0.31121735 0.6203125 0.3434911359375
5 0.8267723890625 0.1993819953125 0.7626399265625 0.204046175 0.693843284375 0.20637826406249998 0.5679104484375 0.2122084890625 0.565578359375 0.2133745328125 0.5550839562500001 0.25302005625 0.530597015625 0.26817863750000004 0.5457555968750001 0.29383162343749997 0.565578359375 0.3241487875 0.59123134375 0.3649603546875 0.61921641875 0.405771921875 0.6295683984375 0.421875 0.6298274265625 0.421875 0.6413712687500001 0.399941696875 0.6530317171875 0.3766208015625 0.61921641875 0.338141325 0.6332089562500001 0.3229827421875 0.64720149375 0.306658115625 0.6763526125 0.271676771875 0.7043376875 0.256518190625 0.7171641796875 0.2658465484375 0.74748134375 0.2949976671875 0.771968284375 0.320650653125 0.801119403125 0.3474696828125 0.8232742546875 0.37195662343749997 0.8407649265625 0.392945428125 0.8314365671875 0.40693796562499995 0.850093284375 0.41160214531249995 0.8703125 0.4149720140625 0.8703125 0.4118936515625 0.864085821875 0.3859491609375 0.8559235078124999 0.33697527968749996 0.8419309703125 0.260016325 0.8267723890625 0.1993819953125
2 0.6024253734375 0.1561217359375 0.623414178125 0.17244636093750002 0.6548973874999999 0.19576725625 0.689583884375 0.203125 0.7457719296875001 0.203125 0.7889925375 0.198099346875 0.814645521875 0.19226912499999999 0.8265625 0.17935906562499998 0.8265625 0.174886728125 0.8123134343749999 0.1596198703125 0.791324628125 0.163118003125 0.7819962687500001 0.1456273328125 0.7645055968750001 0.1386310640625 0.729524253125 0.1164762140625 0.6863805968750001 0.08615905 0.6642257453125 0.0814948703125 0.637406715625 0.084993003125 0.6177623578125 0.0734375 0.6174895078125 0.0734375 0.6070895515625 0.084993003125 0.6245802234375 0.10131763125 0.623414178125 0.1234724828125 0.6024253734375 0.1561217359375
8 0.0116932421875 0.6390625 0.0113848140625 0.6394504390625 0.0023411875 0.6724916671875001 0.0098198578125 0.7093952578125 0.018622571875 0.725773946875 0.02569194375 0.730675934375 0.0337705875 0.74029833125 0.067388871875 0.7546875 0.10211362500000001 0.7546875 0.1151141890625 0.7524767812500001 0.1311458921875 0.747064375 0.1496645875 0.7366755390625 0.1702565203125 0.717449534375 0.18056653125 0.7009219640625 0.19222719375 0.6594206453125 0.19303256093750001 0.6434501078125 0.1950635828125 0.6390625 0.0116932421875 0.6390625
8 0.45 0.6390625 0.208667153125 0.6390625 0.2095900671875 0.64767416875 0.20901739687499998 0.670506365625 0.2147620171875 0.6959334046875 0.22511593749999997 0.717409978125 0.23888835625 0.733216696875 0.2519871703125 0.752129953125 0.2760125765625 0.7696875828125 0.2939805375 0.7776830968749999 0.3101022171875 0.7796875 0.3340665359375 0.7796875 0.3565353578125 0.779079946875 0.38879794375 0.770187153125 0.41681451875000003 0.759242734375 0.45 0.73129473125 0.45 0.6390625