3 0.429551690625 0.609375 0.435906415625 0.6008570546875001 0.45737422499999997 0.5780134375 0.508007009375 0.5305125125 0.5640625 0.46512166875 0.5640625 0.450065340625 0.5630895671875 0.44639282031249994 0.5514362968750001 0.42790510312499996 0.5448623218749999 0.42268493124999995 0.5172967546875 0.39137486875 0.494940125 0.3703322953125 0.4780000015625 0.3490671171875 0.4736375046875 0.34575255 0.4581914328125 0.3448899671875 0.44753980625 0.3468250796875 0.41655229374999997 0.3605766078125 0.3236932171875 0.4108111421875 0.291556328125 0.4435765359375 0.27273194843750004 0.46780888125000003 0.262045415625 0.4857173265625 0.2573282515625 0.503879571875 0.2556085515625 0.530403703125 0.257776396875 0.552275971875 0.25455391562499996 0.562390840625 0.24535333593750003 0.5762452453125 0.22255540312500002 0.5881628421875 0.205536734375 0.602837665625 0.200296575 0.609375 0.429551690625 0.609375
3 0.2219174625 0.39511120625 0.20400124687500001 0.3698931703125 0.20407915937499999 0.362403140625 0.20192814375 0.360994175 0.1965465484375 0.34524344375 0.1829928296875 0.323339975 0.1803494 0.3219512453125 0.16871295625 0.32392682968750003 0.1541133296875 0.33001716718749996 0.1406799 0.3375569421875 0.13685281875 0.3427054421875 0.152963321875 0.377481 0.1613168265625 0.3851236484375 0.1732206640625 0.40160458125 0.1767878203125 0.4309061703125 0.1751547625 0.44594693750000003 0.19788350937500002 0.4375260328125 0.2021768203125 0.44433729843750003 0.22398930468749997 0.46091014062499996 0.24515355312499998 0.4924832765625 0.2473563015625 0.49838221093749996 0.2621285859375 0.4977751203125 0.260478703125 0.492352584375 0.2672259625 0.4746060328125 0.2732215171875 0.4628798328125 0.2828125 0.44997726875 0.2828125 0.43932020156249996 0.282629659375 0.438535340625 0.26604357031250003 0.42424332031249995 0.24126789999999998 0.41178523125 0.2219174625 0.39511120625
3 0.3549056578125 0.27508699375 0.3136442234375 0.2889781046875 0.26914446718749996 0.3148589140625 0.26726592031249996 0.33526177343749997 0.25511130937500004 0.3401651765625 0.245293965625 0.34497253906249997 0.241018575 0.3539560453125 0.24278308593750003 0.368450221875 0.245817953125 0.3740844640625 0.2606622890625 0.38024962812499996 0.2801867828125 0.38351234375 0.2856832359375 0.384375 0.2872293078125 0.384375 0.29238245625000003 0.378946034375 0.2979467921875 0.37228086875 0.308929953125 0.36878065625 0.32062192968750003 0.3655900703125 0.32993561250000003 0.36215848125 0.3409131609375 0.3613685578125 0.35609702187500003 0.3648096703125 0.36217238281249997 0.37336778437499996 0.42625452499999994 0.34295584687499997 0.45440634687500003 0.3316360484375 0.4706908046875 0.3275792015625 0.4802675234375 0.318039084375 0.48125 0.31616558906250003 0.48125 0.3063121265625 0.4160402140625 0.2976428765625 0.395689403125 0.290348959375 0.365456003125 0.279057309375 0.3549056578125 0.27508699375
0 0.66875 0.436395228125 0.7273749109375001 0.3706181703125 0.73571976875 0.3554671734375 0.7359375 0.35344849375 0.7359375 0.338277175 0.730815609375 0.31960186875 0.7196095234375 0.3023090046875 0.7067584859375 0.28926638125 0.695792584375 0.2841739390625 0.68474150625 0.2831173609375 0.66875 0.286253409375 0.66875 0.436395228125
7 1 0.2176018578125 0.9891371671875 0.2245163625 0.9685096046874999 0.226224690625 0.9303363328125 0.23984154531250002 0.891304278125 0.255829959375 0.831136375 0.27697685 0.7916686453125 0.2959225359375 0.7509441578125 0.3095681 0.7373767765625 0.318676309375 0.7338089890624999 0.3256053234375 0.733578584375 0.33062694375 0.735583815625 0.34467733906250003 0.7557073062499999 0.40517126406250004 0.7604941546874999 0.41417132656250005 0.762499384375 0.42822171875 0.7858303859375 0.463485996875 0.79424506875 0.46860715 0.7954867375 0.46875 0.8093261703125 0.46875 0.817884653125 0.45682687031249997 0.8325635671875 0.454004540625 0.8739415671874999 0.43592306562500005 0.8973758796875 0.4220784375 0.9036875890625 0.42072804374999995 0.9067470906249999 0.41724917968749997 0.92094285 0.41079103281249996 0.9218142 0.40487648906249996 0.9297708609375 0.39927585468750004 0.9614145875 0.3884880296875 0.9828883640624999 0.3879511265625 0.9999858343750001 0.382542859375 1 0.38253573125 1 0.2176018578125
7 0.66875 0 0.66875 0.11892458125000001 0.68026926875 0.124909203125 0.863294271875 0.216922603125 0.8962691625 0.22816256875000002 0.9141108750000001 0.2315037796875 0.9333003890625001 0.234375 0.9458474562500001 0.234375 0.9505204265625 0.23325742031250002 0.9701048359375001 0.224769540625 0.9876561 0.23008226875 0.9892282078125 0.2263248609375 1 0.21737406093749997 1 0.08487463281249999 0.9938709640625 0.0772771625 0.9646293265624999 0.0464772484375 0.898573490625 0 0.66875 0
10 0 0.8376892671875 0.2488926796875 0.8674341796875 0.253125 0.7464086296875 0.253125 0.7373381890624999 0.22703202500000003 0.718973828125 0.09318989062500001 0.67837461875 0 0.65420301875 0 0.8376892671875
10 0 1 0.2400387296875 1 0.24375 0.949406934375 0.24375 0.922360628125 0.19934905 0.9071686343750001 0.1969978265625 0.8712594156250001 0.19008751562499998 0.862576165625 0 0.836740775 0 1
10 0.25112493593749996 0.8092029875 0.25091274375 0.8668425750000001 0.19621518124999998 0.8837939640625001 0.1988818109375 0.9106838703125 0.241857646875 0.919490653125 0.253180840625 0.9359375 0.2936153078125 0.9359375 0.32457494374999996 0.926449084375 0.396875 0.806741553125 0.396875 0.8047585046875 0.38910753124999997 0.782975265625 0.34632094375 0.7687568921875 0.256733471875 0.8035393515625 0.25112493593749996 0.8092029875
10 0.4470190921875 1 0.4412387765625 0.9553685171874999 0.4254855609375 0.9416937624999999 0.375599415625 0.924203728125 0.3377274640625 0.9241642078125001 0.246964378125 0.9409920578125 0.24342766249999997 1 0.4470190921875 1
10 0.66875 0.609375 0.66875 1 0.7853269640625 1 0.80285665625 0.9865151421875 0.8155344328125 0.98057111875 0.8236247406249999 0.974131084375 0.8326175234375001 0.9635623078125001 0.841273790625 0.9575627499999999 0.84375 0.9501423703124999 0.84375 0.9473832703125 0.8348480171875 0.8963449203125 0.8271137140625001 0.8639738234375001 0.820593375 0.8158581953125001 0.8096176734375 0.7647142125 0.8011199640625 0.696174309375 0.7871921000000001 0.628239321875 0.7846883531250001 0.609375 0.66875 0.609375
4 0.8442603859375 0.609375 0.8424230578125 0.629327475 0.84175001875 0.6384659140625 0.8523016078125 0.6695161171875 0.8366994703125 0.6863599515625001 0.8575984953125 0.6875 0.89829779375 0.6875 0.9180919890624999 0.680314046875 0.9264937875000001 0.6622582234375 0.9245636953125 0.6352828484375 0.923381721875 0.6203087484375 0.911125284375 0.6257023109375 0.8952784156250001 0.6133689203125 0.8934660109375001 0.609375 0.8442603859375 0.609375
4 0.9284325062499998 0.609375 0.9433656546875 0.621763290625 0.9525906531249999 0.6368484546875 0.94389961875 0.6529223984375 0.927379715625 0.6497274453124999 0.9188833546874999 0.680885471875 0.88505091875 0.6896896328125 0.8561299578125 0.6908972999999999 0.8412008546875 0.6986026984375 0.8420685656250001 0.70454834375 0.828705234375 0.71610751875 0.8375464328125 0.7423130046875 0.84677143125 0.7573981671875 0.8508902781250001 0.7649957390625 0.8613417609375 0.767859659375 0.8860493078125 0.7721566203125001 0.906977296875 0.7849310296875001 0.9114298906249999 0.767315140625 0.883056834375 0.724151515625 0.8935333406249999 0.7340620062500001 0.9160020765624999 0.7436436234375 0.9465388656249999 0.7603828781249999 0.959348746875 0.7519065078125 0.9718443656249999 0.7344016875 0.98390613125 0.713924040625 0.9906225640624999 0.6980700671875 1 0.68689760625 1 0.6685694171875001 0.9992635453125001 0.6679029812499999 1 0.663161371875 1 0.65354358125 0.9934092765625 0.648414115625 0.99330916875 0.6202278296875 0.9972200140625 0.609375 0.9284325062499998 0.609375
4 1 0.68997606875 0.9945467406249999 0.69058355625 0.98068001875 0.7193186828125 0.9603360484374999 0.7517965234374999 0.9463692171875 0.7523453640625 0.9510665406250001 0.763906703125 0.9408792703125 0.7559780953125 0.9361124109375 0.764565528125 0.928200878125 0.7523691875 0.9205547796874999 0.7542140203125001 0.9095999062499999 0.7685260515625 0.9123476546875 0.7873539296875001 0.9222957453125 0.8073937953125 0.9113158437500001 0.8146592578125 0.8870671781249999 0.8203816906250001 0.8775835171875 0.8516497015625 0.87428786875 0.877193115625 0.886380203125 0.9050505296875 0.8887191234374999 0.9279521546874999 0.8981582765624999 0.9238794875 0.9279469453125 0.9286174640624999 0.9412852468749999 0.9100117187500001 0.9508690187500001 0.906929990625 0.9697723515625001 0.905831228125 0.9692634140624999 0.8817186906250001 0.9631199109375 0.8602479437499999 0.9563033687499999 0.8479156343750001 0.95988825625 0.8243541015625 0.9613789484374999 0.8070681671875001 0.9651779875 0.7643488015625 0.9836975203125 0.7743703578125001 0.9925387171875 0.8005758406249999 0.9766473421875 0.8154377937499999 0.9932172984375001 0.8327258890625 1 0.83225681875 1 0.68997606875