4 0.0546961890625 0 0.0445373203125 0.014214429687499999 0.011961821875 0.03882150625 0 0.042609340625 0 0.1356178640625 0.00042869375 0.13559536249999998 0.02675196875 0.10330240625 0.04889373125 0.0929813296875 0.0739984171875 0.059607475 0.1370625640625 0.045993609375 0.144899840625 0.027264435937499998 0.1478300390625 0 0.0546961890625 0
4 0.4 0.3840648828125 0.3834740203125 0.3895508796875 0.36652518125 0.408758296875 0.3312178796875 0.410611496875 0.2897458 0.45514821093749996 0.27873061718750003 0.4774787734375 0.2905021421875 0.54784243125 0.309927146875 0.5671875 0.336829590625 0.5671875 0.4 0.5520945265625 0.4 0.3840648828125
4 0.4 0.0918687265625 0.3858313328125 0.08246297968750001 0.34855690625 0.039769765624999995 0.3282151796875 0.0431271828125 0.318522171875 0.0516499890625 0.313783159375 0.0656370875 0.2727014890625 0.066648509375 0.22378254218750002 0.0863891015625 0.2100673078125 0.119165153125 0.21960883281250002 0.1575896875 0.2523035328125 0.21655136718749998 0.314531165625 0.272818065625 0.4 0.2936649171875 0.4 0.0918687265625
4 0.030582103125 0.30541505468749996 0.03829184375 0.31760388281249996 0.06340433749999999 0.3334587328125 0.1014991359375 0.371529434375 0.1564391859375 0.40528137812500004 0.1640453375 0.43235886562500003 0.165853178125 0.47462391562499995 0.17809475624999999 0.5026029624999999 0.1866775171875 0.5046875 0.1902165109375 0.5046875 0.2031754953125 0.4852584453125 0.2042748859375 0.402770590625 0.210017503125 0.3704130046875 0.220634475 0.3423790265625 0.221875 0.32942397031250004 0.221875 0.2782849203125 0.22178955937499997 0.2770611984375 0.1976728671875 0.1936071515625 0.16471529375 0.147252765625 0.13740455468749999 0.132658159375 0.12871515312499998 0.12281047656249999 0.099922953125 0.11974226406249999 0.07025468124999999 0.104126534375 0.0421707125 0.103125 0.0309786390625 0.103125 0.019718928125 0.117082809375 0.0151152578125 0.149380615625 0.0182452734375 0.177837909375 0.025293926562500003 0.196930615625 0.024298125 0.2645298109375 0.030582103125 0.30541505468749996
4 0.4 0 0.15376432499999998 0 0.1481871859375 0.01147139375 0.1522411625 0.020417515625 0.1844502 0.0233063890625 0.1936971015625 0.041138853125 0.2071015703125 0.053028776562500005 0.23912737499999998 0.069665625 0.2551522515625 0.0699693796875 0.267362078125 0.064749059375 0.25753373125 0.054961159375 0.2580355328125 0.045775915625000003 0.26357097500000004 0.043195646875 0.26942498593750003 0.0451781078125 0.27509576406249997 0.0609085484375 0.3127606 0.06007646875 0.3255518734375 0.0468115890625 0.3433767828125 0.040151684375 0.3704246484375 0.0673535828125 0.4 0.0723066 0.4 0
4 0.4 0.29399612343750003 0.3234095703125 0.277412284375 0.3091847296875 0.2701448703125 0.2554872140625 0.22144448749999998 0.21823673281249997 0.1627219328125 0.2012878953125 0.1819293484375 0.20301609062499998 0.22305371406250002 0.2220434484375 0.2827327625 0.223054859375 0.31359098125 0.221310521875 0.3377246640625 0.2051341640625 0.384368253125 0.20016402968749997 0.4441620109375 0.202131153125 0.488708425 0.210661271875 0.4962747421875 0.2209503078125 0.496875 0.22100519218749998 0.496875 0.24922612187499998 0.49196083125 0.2701492953125 0.48055885312499996 0.3180568328125 0.429960040625 0.3274552125 0.4008451625 0.3418872328125 0.3783352578125 0.4 0.3275284765625 0.4 0.29399612343750003
4 0.0464900703125 0.3329195828125 0.0205332609375 0.3377165859375 0.004062278125 0.3637681015625 0.006714435937500001 0.3853812953125 0.020493171875 0.41900397656250005 0.058269400000000006 0.45251194687499996 0.10989620468750001 0.47155457343749996 0.1184263203125 0.47912088906249994 0.131114003125 0.4807446671875 0.1364662125 0.49191237499999996 0.1378807828125 0.4921875 0.14185685625 0.4921875 0.1573097421875 0.47936971406250006 0.1691770515625 0.4856160046875 0.1757717953125 0.4818352703125 0.1765625 0.46249477031249997 0.1765625 0.46104596718749996 0.16130021875 0.421917103125 0.1599462921875 0.40252549374999996 0.1377488328125 0.39567654375 0.09361678906250001 0.36937135468750004 0.0650317640625 0.33652582343750004 0.0464900703125 0.3329195828125
3 0.9678968296875 0.75 0.97002894375 0.7396390515625 0.9695120515625 0.7170997953125 0.9308268984375001 0.601020884375 0.9205072296874999 0.5603883 0.9159096265625 0.556972359375 0.9034226499999999 0.5579696249999999 0.89262236875 0.5554037265625 0.88612950625 0.5597842187500001 0.8561861578125001 0.5611904437499999 0.831166865625 0.5688238812499999 0.8277118625 0.5752473921875 0.8273309984375 0.5900556484374999 0.8706409609375001 0.727872846875 0.8856171640625 0.75 0.9678968296875 0.75
3 1 0.75 1 0.53492406875 0.9935059125000001 0.53487213125 0.937101421875 0.5495834125 0.924478425 0.5674973875 0.9259474812499999 0.5801481140625 0.9552016546874998 0.6753060640624999 0.975124596875 0.7262846234375 0.9898151609374999 0.74426344375 0.9971335828125 0.75 1 0.75
3 0.7453284484375 0.4177173515625 0.739769615625 0.4361705640625 0.72718289375 0.46042626093749994 0.733294890625 0.4708540265625 0.744407934375 0.475 0.7464155890624999 0.475 0.7567091046875 0.467486571875 0.7633742640625 0.4525310921875 0.778255253125 0.43597367656249997 0.8242766015625002 0.4102299625 0.8431022796875001 0.3914659453125 0.8739433796875 0.3435264984375 0.8869019015624999 0.3164431703125 0.9128098765625001 0.27425713749999997 0.915625 0.2637457109375 0.915625 0.2508294609375 0.907414265625 0.23985176562500002 0.875185715625 0.22157908124999998 0.8511879890625 0.215625 0.8285214609375 0.215625 0.8220004484375 0.21577777031249998 0.8155075843749999 0.2201582609375 0.8097855234375 0.2372058375 0.7589126703125 0.3236700015625 0.7479673 0.35000143906250003 0.7453284484375 0.4177173515625
3 0.6629285953125 0.324505153125 0.6557012015625 0.3225602828125 0.6486733109375 0.3283627703125 0.63855315 0.3497417609375 0.6254858140625 0.41206414531249996 0.6249417218750001 0.42546676406249995 0.6172881234375 0.44396905468750003 0.6226928015625 0.46639379999999997 0.6343455 0.4823296015625 0.6307454109374999 0.51765045 0.637065978125 0.52384494375 0.6468226140625 0.525 0.647040046875 0.525 0.6541958984375 0.5206247171875 0.657533009375 0.5071566625 0.6646062390624999 0.49571527499999996 0.6892174609375 0.484567746875 0.7048783203125 0.46869679062499997 0.725336278125 0.4097249140625 0.7292537578125 0.38919596562500003 0.73801368125 0.374191409375 0.7390625 0.3625917375 0.7390625 0.3548582984375 0.7362725734375 0.3411098828125 0.7268778687499999 0.3265306421875 0.71162411875 0.315625 0.7115392921874999 0.315625 0.7026928546875 0.3172310140625 0.6954926703125001 0.3336084875 0.6880929796874999 0.3422386046875 0.6789340515625 0.3417484421875 0.6707635609375 0.3377114734375 0.6629285953125 0.324505153125
3 0.6905581984375 0 0.690814825 0.012874159375 0.6944239890625 0.0198369078125 0.739402496875 0.0695237515625 0.7525786609375 0.08049075156249999 0.77625585625 0.1095347203125 0.80791310625 0.12288767812500001 0.8383280078125 0.1496596109375 0.857951696875 0.1618850234375 0.8705112187499999 0.173571196875 0.8746100671875 0.18475085625 0.881437065625 0.1859375 0.8903912828125 0.1859375 0.8984375 0.17892940625 0.8984375 0.16685378125 0.89840514375 0.166575146875 0.8521208062500001 0.10564321406249999 0.8370584484375 0.0904920234375 0.8270198953125 0.0583096140625 0.8051926218750001 0.0271081140625 0.7775327984375 0 0.6905581984375 0
3 0.8093554468749999 0.143780515625 0.8110698859374998 0.1322933734375 0.8111407203125001 0.1233574703125 0.7978905390625 0.11664460000000001 0.7832134828124999 0.11196293125000001 0.7753634 0.10879651093750001 0.7684748328125 0.101978025 0.7641383187499999 0.09565813125 0.7615069859375 0.0920902390625 0.7517661671875 0.09650636093750001 0.7468707296874999 0.099692203125 0.74543573125 0.1064264765625 0.7446859 0.109515203125 0.7507160984375 0.111328284375 0.75902191875 0.1136464578125 0.7660752234375 0.11711073593750002 0.7719907015625 0.1203225 0.7821957453125 0.1270632875 0.7861766109375 0.1303203546875 0.7911482546874999 0.13495020468750002 0.7961198968750001 0.1395800328125 0.7993686359375 0.1436918421875 0.8010237984374999 0.1483993578125 0.797768896875 0.153780334375 0.795457825 0.1577431953125 0.7909473140625 0.1690166515625 0.7871866171875 0.1772014015625 0.7851842703124999 0.18143623281250001 0.7845637703125 0.185638690625 0.7861866015625 0.19006778124999998 0.7896940062500001 0.1964070875 0.7897879124999999 0.201988778125 0.787588475 0.209299375 0.785242 0.2177301859375 0.781950553125 0.23711516562499999 0.77979805625 0.24721659687500003 0.777710246875 0.25787491406249996 0.776307584375 0.264887640625 0.7743845125 0.2721917515625 0.7736993453125001 0.27583733593750004 0.77296414375 0.281438453125 0.772246665625 0.2848055953125 0.77217890625 0.2889951 0.77523379375 0.29375 0.7768229828125 0.29375 0.7881208281250001 0.27354510468750004 0.8087911312500001 0.2367655515625 0.8140625 0.2241559234375 0.8140625 0.2105660703125 0.8133640078125 0.2045510375 0.8119883046874999 0.1950906546875 0.810903603125 0.1881362 0.8102600078125001 0.17782106250000002 0.8085286359375001 0.16529786562499998 0.8093554468749999 0.143780515625
3 0.7307662703125001 0.1121638484375 0.716284284375 0.144215978125 0.7057016453125 0.17970040781250002 0.693813178125 0.203939746875 0.6869757218749999 0.229470215625 0.6823781265625 0.2803184953125 0.6757492421875 0.301615696875 0.6673611140625 0.3137926203125 0.6649308265625 0.323011046875 0.6659918125 0.33214768281249996 0.6717773546875 0.339764175 0.6765942296875 0.3421875 0.68954216875 0.3421875 0.6969598734375 0.333536371875 0.715722071875 0.29010828593750004 0.730312878125 0.27708131874999997 0.7548152765625 0.246908628125 0.7968193828125 0.1564238546875 0.796875 0.1542614296875 0.796875 0.1410910859375 0.79289283125 0.1346692109375 0.7783201562500001 0.1237349265625 0.7545885546875001 0.1123104828125 0.7430084015625 0.1090581265625 0.73462934375 0.1092544234375 0.7307662703125001 0.1121638484375
3 0.6303692265625 0.23602446562499999 0.6294805421875 0.2705770625 0.6276578265625 0.29105693593750004 0.6255993375 0.297447734375 0.622806315625 0.29751316562499996 0.6192606328125001 0.3152144859375 0.6199951625000001 0.32153985 0.623894509375 0.3249721484375 0.624605103125 0.325 0.6356693890624999 0.325 0.641559453125 0.320329925 0.6497480765625 0.30040564375 0.6670412171875 0.244326828125 0.6766172859375 0.23635045625 0.6862386921875 0.222735178125 0.6941552671875 0.1823800984375 0.7032869875 0.1645479125 0.7146132234375 0.12340822031250001 0.71875 0.11537338593749999 0.71875 0.10679860468749999 0.7167714625 0.09375899062500001 0.6897571546875 0.0781830734375 0.65287659375 0.074113975 0.6448602671874999 0.0834632703125 0.6241211984375 0.188249190625 0.6303692265625 0.23602446562499999
3 0.5134042062499999 0 0.49948384062500006 0.026237689062500003 0.49044280156250003 0.032792065625 0.48949063437499996 0.0426805953125 0.48295243125000004 0.052699990625000005 0.4441040703125 0.09800810625 0.402625921875 0.1990515078125 0.4 0.20322183906250002 0.4 0.237462146875 0.4051109609375 0.240625 0.41763489218750005 0.240625 0.4483752265625 0.20714121093750001 0.50883321875 0.154984271875 0.529563225 0.1164431953125 0.54058114375 0.1027952015625 0.5444532843750001 0.08790515625 0.574124584375 0.06606813125 0.5890509171875 0.0438718109375 0.590625 0.0344250484375 0.590625 0.0338438203125 0.5863939140625 0.027020534375 0.5574574812499999 0 0.5134042062499999 0
3 0.587056559375 0 0.583873975 0.0026108562500000002 0.579890634375 0.008443021875 0.5790526734375 0.0123755078125 0.576011534375 0.017403040624999998 0.5768602749999999 0.020252578125 0.579865425 0.023834178125 0.58438970625 0.0271193359375 0.5873948546875 0.0307009234375 0.5904906328124999 0.0350629671875 0.5910344078125 0.0397456546875 0.5902568640625 0.0441984375 0.58890246875 0.0481430234375 0.585740490625 0.052129953124999996 0.5814687046875 0.057708034374999995 0.587113615625 0.066184065625 0.598258128125 0.07296612031250001 0.618805775 0.0782235890625 0.6441992109375001 0.08284582812499999 0.648015003125 0.07780015625 0.6522234984375 0.0761364140625 0.6624782625 0.07302675 0.671834665625 0.073329271875 0.6802487890625001 0.074436434375 0.6892699953125 0.07631194375 0.7035901171875001 0.0814544546875 0.7157373093749999 0.0879521640625 0.7344435109375 0.090625 0.7421510484375 0.090625 0.745251503125 0.085695575 0.7439028703125 0.08077089374999999 0.7400489609375 0.07433975781249999 0.737560265625 0.0707460609375 0.7329014921875 0.0640729265625 0.7297150875 0.05893043437499999 0.7257237984375 0.053545940624999996 0.7214742921875 0.04816748125 0.715615046875 0.042305059374999995 0.7098931734375 0.035395945312499996 0.7054156593750001 0.030283703125 0.6989191406249999 0.0233927796875 0.6926175265625 0.020410134375 0.686664778125 0.0182018734375 0.6788138375 0.01525550625 0.671509565625 0.012557203125 0.6593156203125 0.007886589062500001 0.6409545734375 0.0036213250000000003 0.6307823578124999 0 0.587056559375 0
3 0.758157896875 0.31513107812499996 0.767840028125 0.29750826875 0.7700039875 0.2908930515625 0.787131840625 0.208333125 0.78912655625 0.19745493281249998 0.7849335875 0.18713649062499998 0.7836855515625001 0.183730296875 0.767299728125 0.21710551875 0.761364484375 0.23332765000000003 0.7582637953125 0.24029302343749998 0.754800215625 0.2469386859375 0.7517963625 0.25193244843749996 0.7467461500000001 0.2567813390625 0.742381428125 0.26303885625 0.7384121671875 0.2674405359375 0.734036690625 0.271851721875 0.73129175625 0.2773580234375 0.7255363781249999 0.2810785859375 0.7198342234374999 0.286341559375 0.7184193515625 0.2927579984375 0.715183815625 0.301367671875 0.7134208078125 0.3086299515625 0.7159576375000001 0.3164479515625 0.7216711531250001 0.317955228125 0.727401865625 0.32241613281250003 0.7322719015625 0.32788188749999997 0.73574545625 0.335349709375 0.739920396875 0.3516632125 0.740991971875 0.3496687484375 0.7457968421875 0.33774003750000003 0.758157896875 0.31513107812499996
3 0.620116409375 0.312817246875 0.6302728375 0.24351575468750003 0.6295111015625 0.21886804531249998 0.6210957609375 0.1584584015625 0.62292754375 0.125997903125 0.6201979984375 0.096463184375 0.6154825078125 0.0860027046875 0.6063689203125 0.07987364062499999 0.586944734375 0.075395584375 0.566695340625 0.075869975 0.54495875625 0.08765488906249999 0.541503753125 0.09407839999999999 0.5437436140624999 0.1193962140625 0.55287534375 0.15582824687500002 0.5582800265625 0.23251721406249998 0.5740134390625 0.283593921875 0.5825466609375 0.2967838828125 0.589783128125 0.34101235 0.5989783296875 0.3478442328125 0.6109302796875 0.348268959375 0.6168881171875 0.34531046249999997 0.6208418703125 0.331123234375 0.620116409375 0.312817246875
3 0.46505845 0.2135592453125 0.44961522656249997 0.213216309375 0.43691968125 0.21844684375 0.4277516859375 0.2299373078125 0.4257748078125 0.2370309234375 0.42698995625 0.2595538171875 0.4227278859375 0.301232746875 0.4255027734375 0.3251285625 0.4327573703125 0.3453957796875 0.43424456874999995 0.3883494765625 0.4412633921875 0.394527615625 0.45190044531249995 0.395687878125 0.4596265921875 0.38986903281249996 0.46650938750000004 0.35869966249999996 0.4900324140625 0.32009315156249996 0.5004699593749999 0.2592418359375 0.49785830000000003 0.23675165625 0.48435567968750004 0.222973384375 0.46505845 0.2135592453125
3 0.59048138125 0.3409959921875 0.58708985625 0.31781935156249996 0.5729071140625 0.2800961890625 0.56699461875 0.2774157828125 0.552249646875 0.2770564875 0.5400075156249999 0.28016220937499997 0.5278832703124999 0.2903124703125 0.5285633921875 0.31425736249999997 0.5424559515625 0.35551097343750004 0.5450313343750001 0.37165943281249997 0.5747207828125 0.4343895984375 0.5788105625 0.45754988125 0.585457590625 0.46655565 0.5953147734375 0.467029453125 0.602424278125 0.461929784375 0.6054712078125 0.45199218124999996 0.6002750984375 0.4253341671875 0.6053623781249999 0.37870279687499997 0.6027960609375 0.3505737125 0.59048138125 0.3409959921875
3 0.5683820796875001 0.45215635 0.5652626015625 0.44941051249999997 0.5675296624999999 0.43878645 0.562170325 0.41072279843750004 0.5466636203124999 0.3857157953125 0.5417123546875 0.36116623593749997 0.5310118203125 0.33534190625 0.5180805015625001 0.326483359375 0.49713285156250003 0.3269741078125 0.4851355609375 0.33218828437500003 0.47580433749999995 0.3422731125 0.4739090734375 0.3500695453125 0.47640284375 0.3655151859375 0.4987198046875 0.40093359375000004 0.509946296875 0.43731655468749997 0.516139909375 0.4484471375 0.5476974140624999 0.485058525 0.5517146484375 0.4955353640625 0.5591868828125 0.4995886890625 0.5661694328125 0.4994251078125 0.5725806828125 0.494341796875 0.57402253125 0.4886701765625 0.5683820796875001 0.45215635
3 0.4 0.44887090625 0.4069219484375 0.4545294765625 0.42663631874999997 0.4554770796875 0.47091656562499995 0.4509160609375 0.5105085296875 0.45421690625 0.5192593875 0.4511929765625 0.51088939375 0.43940864843750005 0.494902071875 0.3982041125 0.4596175234375 0.40184965781250004 0.4358405828125 0.3960641171875 0.4110752 0.3938253859375 0.4 0.3967893203125 0.4 0.44887090625
3 0.547497884375 0.2602542859375 0.5517780953125 0.24887832968749998 0.5514153640625 0.2397253359375 0.5575454984375 0.22619185000000003 0.55287534375 0.15582824687500002 0.550744303125 0.1495356 0.539372721875 0.142049975 0.5187152546875 0.1390102734375 0.4972960609375 0.165587084375 0.48947016718749997 0.1946643609375 0.48513554843750006 0.22365984375 0.49871978281249996 0.238140934375 0.5012951671875 0.2542893921875 0.49163749062499995 0.31582716718750004 0.493024934375 0.3277750765625 0.49869258906249997 0.328347028125 0.509619825 0.3259768421875 0.5146436328125 0.3089456234375 0.5275114734375 0.2931401 0.5291618921875 0.283235215625 0.547497884375 0.2602542859375
3 0.4 0.142477828125 0.423063390625 0.1292707328125 0.4386879765625 0.10705805625 0.43845220156250003 0.0929689765625 0.4301275484375 0.0755457484375 0.4103859734375 0.0562757984375 0.4 0.0518804015625 0.4 0.142477828125
3 0.4 0.3629718703125 0.417196259375 0.3380083046875 0.4250947 0.321614471875 0.42305434374999995 0.30404401718749996 0.4267813859375 0.2637870859375 0.424450846875 0.24974708125 0.4180486640625 0.242849765625 0.4 0.23723456718749997 0.4 0.3629718703125
0 0 1 0.4 1 0.4 0.9302200875000001 0.29653623281249997 0.9139993843750001 0.2885625390625 0.9166418343749999 0.2812165609375 0.9159767249999999 0.256975403125 0.907797171875 0 0.867509434375 0 1
10 1 0.8316676859375001 0.9868027906249999 0.8221381828125001 0.9530789265624999 0.855436575 0.9000372265625 0.8832219390624999 0.84478291875 0.9261126531249999 0.9346620874999999 0.9399488593750001 0.9485371734375001 0.9185016562499999 0.9636295656249999 0.897903609375 1 0.9281664328125 1 0.8316676859375001
10 1 0.75 0.9736755171875 0.75 0.958950953125 0.7736486031250001 0.9465151859375001 0.8127486265625 0.9315023437499999 0.8373834 0.9067676812500001 0.8505314500000001 0.9180120593750001 0.856203584375 0.933054509375 0.8496859828125001 0.9477584140624999 0.859219090625 0.9593413390624999 0.8488405171875 0.9778932578124999 0.83210344375 1 0.80728035625 1 0.75
10 0.8923920640624999 0.75 0.8650957609375001 0.78783645 0.8646776656250001 0.79985043125 0.850865484375 0.8300278421874999 0.8540102578125002 0.8421875 0.8550817937499999 0.8421875 0.8635362203125 0.8305421390625 0.8699280125 0.8281241703125 0.9214434656249999 0.8336575343750001 0.9150516734374999 0.8360755046874999 0.920498109375 0.8355316015625001 0.93704646875 0.827892890625 0.9508420015624999 0.8024089609375 0.9700710125 0.75357046875 0.9715685359374999 0.75 0.8923920640624999 0.75
10 0.662617278125 0.75 0.6681081984375 0.7596887296875 0.6570987890625 0.793630915625 0.65279938125 0.841302040625 0.6419194671875 0.865200509375 0.6969869578125 0.9014422328125 0.7280468203125 0.9046501390625 0.733815153125 0.8927490078125 0.7517602640625001 0.8618352874999999 0.7652671953125 0.8383216234375 0.8235389062500001 0.87100761875 0.8354899843750001 0.8626955093750001 0.8497498703125 0.8386212875 0.8489969140625 0.8391818421874999 0.8537569906249999 0.8204245625000001 0.8648459531250001 0.7905191046875 0.8766379234375 0.7741335375 0.8865700624999999 0.75 0.662617278125 0.75
10 0.5321974093749999 0.75 0.580367671875 0.804529371875 0.627039809375 0.8522874265624999 0.64893840625 0.8447615671875 0.6520001687500001 0.82843890625 0.6546308765625 0.80131956875 0.6698065109375 0.7572541125 0.6634043265624999 0.75 0.5321974093749999 0.75