9 0 0.46875 0.19908319218749998 0.46875 0.209375 0.42715713125 0.209375 0.42000567968749997 0.2025746625 0.4150934390625 0.1658203484375 0.4060984484375 0.1312075484375 0.40509900468750004 0.076598740625 0.3961040125 0.05331414062499999 0.3911067953125 0.015150793749999999 0.3861095765625 0.0062235453125 0.386109578125 0 0.42868163593749997 0 0.46875
9 0.3392880296875 0.46875 0.3522147109375 0.464769075 0.3766463828125 0.4587724140625 0.40968993906250006 0.43678465468749994 0.411411809375 0.42978855156250007 0.4154303546875 0.4197941140625 0.41521927031250006 0.40280357499999997 0.4234375 0.3884204875 0.4234375 0.3823798046875 0.3993385046875 0.32684586250000003 0.36074288593750004 0.21190985312500002 0.1695241875 0.30485810468749996 0.17354525468749998 0.313853096875 0.1906723234375 0.339838628125 0.2036765671875 0.3768180390625 0.21876639999999997 0.39380858281250003 0.24618907499999998 0.46875 0.3392880296875 0.46875
9 0.56875 0.1669144359375 0.5276185734375 0.1810182578125 0.3805096671875 0.240984871875 0.43059874374999996 0.41688693906249996 0.4403728015625 0.440625 0.4438485734375 0.440625 0.56875 0.3879963921875 0.56875 0.1669144359375
9 0.028695065625 0.2611428796875 0.0067328984375 0.386073328125 0.199707475 0.409375 0.2055389 0.409375 0.21117197812500002 0.385073884375 0.1720066125 0.3041189546875 0.2389304875 0.2711373171875 0.240625 0.24802697343750002 0.240625 0.2392276796875 0.11582603437500001 0.2531473328125 0.0698850375 0.2561456625 0.0346465640625 0.26114288124999996 0.028695065625 0.2611428796875
9 0.23968254843749998 0.46875 0.22415371875 0.41157415156250005 0.2095852828125 0.3895863921875 0.206612059375 0.40857582187499997 0.20619746718749998 0.43156302343749997 0.1997045953125 0.46875 0.23968254843749998 0.46875
9 0.4913205703125 0.46875 0.5078125 0.4163211734375 0.5078125 0.4136238 0.4572346234375 0.433237915625 0.4394335265625 0.44223290625 0.4238172484375 0.392260728125 0.4163524359375 0.397257946875 0.418076834375 0.4092512703125 0.41619980625 0.42724125312499994 0.40659600312500005 0.44323235 0.34549016718750003 0.46875 0.34813345 0.46875 0.38456780625000003 0.464220665625 0.4335888328125 0.460222890625 0.447086046875 0.46875 0.4913205703125 0.46875
7 0.56875 0.0610749515625 0.5481827609375001 0.063382096875 0.5390716531249999 0.069878478125 0.5300901484375 0.07037820156249999 0.4970839546875 0.0443926703125 0.4858038109375 0.038396006249999996 0.43264623750000003 0.043892946875 0.39726843437500003 0.0453921140625 0.2755987578125 0.041894059375 0.204007421875 0.043393225 0.0433071703125 0.05738543593749999 0.00905261875 0.062382653125 0 0.065555265625 0 0.2433615375 0.0077507671875 0.250777765625 0.021407010937500002 0.257773871875 0.0216042984375 0.2578125 0.045226040625000005 0.2578125 0.0628420015625 0.2552752625 0.111718134375 0.25277665312500003 0.16586785625 0.2472797140625 0.2308001515625 0.23828472031249998 0.2571443125 0.2377849984375 0.28975421875 0.234286946875 0.3170637078125 0.229289728125 0.3511082046875 0.2167966828125 0.36301402656250004 0.216796684375 0.372962359375 0.2212941796875 0.3888367875 0.2212941796875 0.4220991859375 0.21629696250000002 0.458728340625 0.2028044734375 0.48285132031250005 0.1903114296875 0.499324603125 0.17981727187500002 0.5180160703125 0.1623270078125 0.5360297218750001 0.15133313125 0.56875 0.15089426875 0.56875 0.0610749515625
2 0.56875 0.46875 1 0.46875 1 0.3849458890625 0.9677892609375001 0.36803413749999997 0.9277879859375 0.35360966562499996 0.9091976546874999 0.3515462671875 0.85511474375 0.3405511328125 0.8147335437500001 0.338382603125 0.7907325375 0.331456934375 0.752475471875 0.3269671375 0.69655993125 0.31418566718749996 0.6794844687499999 0.29767879218750004 0.631776378125 0.26242970625 0.6152827203125 0.246352696875 0.6083285093749999 0.252886634375 0.5954940718749999 0.2836076578125 0.5699398687499999 0.3572387828125 0.56875 0.361587265625 0.56875 0.46875
2 0.8734845124999999 0.22000910468749998 0.8661850812499999 0.1986208890625 0.8590003203125001 0.18942175 0.8313687609375 0.13874531875 0.8137712421875 0.1106129671875 0.8102541546875 0.08769635 0.8078982625 0.0829296125 0.79227791875 0.06317486875 0.7853249140624999 0.061063734375 0.71971693125 0.07959555625 0.6651059265625 0.10020031250000001 0.586840340625 0.1331564796875 0.584375 0.13540473125000002 0.584375 0.136146615625 0.58584994375 0.1419352859375 0.5970488031250001 0.156694028125 0.625468878125 0.185905846875 0.6454222890625 0.21880493437499998 0.6713956390625 0.2686885 0.7021990671875 0.314359396875 0.7499394484375 0.32672053125 0.7748723109375 0.327417928125 0.7941316578125 0.3304079265625 0.8245910734375 0.339511596875 0.8652052375 0.340123059375 0.9118915609375 0.3515625 0.927015746875 0.3515625 0.92958744375 0.3492172578125 0.9296875 0.34780736874999996 0.9296875 0.3443465859375 0.9248195328125 0.3249441734375 0.8983515859375 0.2751274765625 0.8806979406250001 0.23225551093750002 0.8734845124999999 0.22000910468749998
2 1 0.24086286875 0.9873326921875 0.23671623125000002 0.960945921875 0.23062162968750002 0.8859179921875 0.2041512875 0.8689572 0.19983348750000002 0.865669453125 0.20129502187499998 0.866279925 0.2047721578125 0.8775349140625 0.234270509375 0.891670265625 0.2628709296875 0.90048215 0.2871058125 0.926019446875 0.334505709375 0.924009984375 0.34901605468749997 0.9408536906249999 0.35843492499999996 0.9639527156250001 0.3659910609375 0.9799816531250001 0.3765371328125 1 0.385811065625 1 0.24086286875
1 1 0.128848028125 0.98659886875 0.1324992984375 0.9302149875 0.1401221125 0.9014400328125 0.152148725 0.868010628125 0.1607364015625 0.862599953125 0.1558741328125 0.8573075734375 0.1372657203125 0.8531190531250001 0.13071265 0.8516364734374999 0.122268175 0.84107916875 0.0967436921875 0.830782290625 0.08135448437500001 0.8122839984375 0.0452075265625 0.806437271875 0.0378615890625 0.8037910796875 0.028557381250000003 0.77964431875 0.023685515625 0.7766194125 0.017992178125 0.772721190625 0.0159765765625 0.765825521875 0.01995998125 0.7552048453125 0.0315663234375 0.74368098125 0.05244820625 0.7365810171875 0.061035946875000004 0.7362895109375 0.0651435515625 0.7381221390625 0.0669298859375 0.7459484562500001 0.065363284375 0.7690498984375 0.0556292734375 0.7737628875 0.056517673437500006 0.77859175625 0.0609500765625 0.7856905140625 0.061007407812500004 0.78859954375 0.0631567421875 0.8042198875000001 0.0829114875 0.8108490953124999 0.11201817343750001 0.824752690625 0.1335305875 0.8471778671875001 0.174740415625 0.8583181859375 0.1920496921875 0.8624780390625 0.1955554953125 0.9712817953125 0.232715240625 1 0.2410936359375 1 0.128848028125
1 0.56875 1 0.56875 0.9855646312499999 0.559521484375 0.956201171875 0.547314453125 0.924951171875 0.539013671875 0.909814453125 0.525830078125 0.907373046875 0.497509765625 0.913232421875 0.459423828125 0.917626953125 0.401806640625 0.921533203125 0.349072265625 0.929345703125 0.302685546875 0.929345703125 0.199658203125 0.941064453125 0.177685546875 0.945947265625 0.1673254390625 1 0.56875 1
1 0.08779296875 0.46875 0.08779296875 0.506103515625 0.0990234375 0.509521484375 0.16787109375 0.569091796875 0.20595703125 0.597412109375 0.22255859375 0.608154296875 0.2396484375 0.610107421875 0.2455078125 0.616455078125 0.2435546875 0.679443359375 0.23720703125 0.738525390625 0.2083984375 0.794189453125 0.20693359375 0.801025390625 0.2083984375 0.802978515625 0.22158203125 0.805419921875 0.26650390625 0.807373046875 0.2826171875 0.802978515625 0.31435546875 0.790283203125 0.320703125 0.790771484375 0.3421875 0.833740234375 0.4017578125 0.920654296875 0.408251953125 0.9234375 0.4205517578125 0.9234375 0.500390625 0.913818359375 0.5150390625 0.907470703125 0.52236328125 0.900634765625 0.56875 0.8691389328125 0.56875 0.46875 0.40855527968749994 0.46875 0.41982421875 0.497802734375 0.42666015625 0.520263671875 0.4359375 0.539794921875 0.45302734375 0.559326171875 0.4623046875 0.565673828125 0.527734375 0.602294921875 0.535546875 0.612060546875 0.5365234375 0.620361328125 0.5267578125 0.641357421875 0.51162109375 0.661865234375 0.49990234375 0.673095703125 0.4779296875 0.684814453125 0.47109375 0.690673828125 0.45986328125 0.716552734375 0.4505859375 0.726318359375 0.38759765625 0.771240234375 0.34609375 0.795166015625 0.3314453125 0.794677734375 0.328515625 0.792236328125 0.32705078125 0.787353515625 0.3275390625 0.755126953125 0.320703125 0.694091796875 0.29775390625 0.541259765625 0.2943359375 0.507568359375 0.2845703125 0.470458984375 0.2822398796875 0.46875 0.08779296875 0.46875
6 0.490380859375 0.58916015625 0.483056640625 0.5798828125 0.465966796875 0.569140625 0.427880859375 0.561328125 0.416650390625 0.5515625 0.411767578125 0.55205078125 0.375146484375 0.5349609375 0.353662109375 0.530078125 0.333154296875 0.51884765625 0.322900390625 0.51787109375 0.315576171875 0.52080078125 0.314111328125 0.5232421875 0.314111328125 0.545703125 0.312158203125 0.54765625 0.301416015625 0.54814453125 0.300927734375 0.5642578125 0.321923828125 0.71025390625 0.328759765625 0.79130859375 0.331689453125 0.7966796875 0.339990234375 0.79814453125 0.379541015625 0.778125 0.449853515625 0.72783203125 0.447412109375 0.721484375 0.435205078125 0.71123046875 0.435205078125 0.70927734375 0.502099609375 0.67216796875 0.527001953125 0.6462890625 0.5375 0.6213562015624999 0.5375 0.61514369375 0.535302734375 0.6091796875 0.528466796875 0.60234375 0.512841796875 0.59453125 0.490380859375 0.58916015625
5 0.2814208984375 0.46875 0.283544921875 0.470166015625 0.285986328125 0.482861328125 0.294287109375 0.499951171875 0.313330078125 0.509716796875 0.333837890625 0.515576171875 0.353857421875 0.528759765625 0.367529296875 0.531689453125 0.41405165000000005 0.5484375 0.419677734375 0.5484375 0.422216796875 0.547802734375 0.4328125 0.5357621625 0.4328125 0.534619140625 0.431494140625 0.525830078125 0.4102490890625 0.46875 0.2814208984375 0.46875
10 0.30517578125 0.792236328125 0.27587890625 0.802490234375 0.26318359375 0.804931640625 0.212890625 0.802490234375 0.20703125 0.800537109375 0.2060546875 0.797119140625 0.20751953125 0.794189453125 0.23779296875 0.741455078125 0.24072265625 0.727294921875 0.2412109375 0.708251953125 0.23779296875 0.705322265625 0.20654296875 0.703857421875 0.12451171875 0.724365234375 0.10888671875 0.730224609375 0.10595703125 0.734619140625 0.1083984375 0.767333984375 0.11474609375 0.806396484375 0.12060546875 0.826416015625 0.1220703125 0.853271484375 0.12744140625 0.886474609375 0.1357421875 0.930908203125 0.1416015625 0.947998046875 0.15185546875 0.955322265625 0.169351196875 0.9625 0.175689696875 0.9625 0.177734375 0.959228515625 0.177734375 0.949462890625 0.1884765625 0.944580078125 0.34619140625 0.930908203125 0.3798828125 0.926513671875 0.3984375 0.9219881390625 0.3984375 0.9138219234375 0.33251953125 0.815185546875 0.328125 0.802001953125 0.3203125 0.789794921875 0.30517578125 0.792236328125
1 0.229443359375 0.63544921875 0.234326171875 0.6291015625 0.233837890625 0.62177734375 0.225537109375 0.60859375 0.185009765625 0.5802734375 0.161083984375 0.626171875 0.151806640625 0.6486328125 0.155712890625 0.6671875 0.161572265625 0.6779296875 0.167919921875 0.696484375 0.175244140625 0.70234375 0.228369140625 0.7046875 0.24167968750000002 0.7046875 0.24375 0.66328125 0.24375 0.6559753421875 0.240185546875 0.65107421875 0.236279296875 0.649609375 0.229443359375 0.63984375 0.229443359375 0.63544921875
2 0.7653705093750001 0.6111909703125 0.7226701015625 0.5810431406250001 0.6972443625 0.55702275 0.684948515625 0.54977470625 0.669743053125 0.5310415140625 0.6482472078125 0.5189848015624999 0.64352465 0.5130672125 0.6292407765625 0.5063677890625 0.607488671875 0.5013492703125 0.6043928234375 0.4989098921875 0.5983762171875 0.499050071875 0.595781753125 0.49659901250000005 0.58669649375 0.49507935 0.589287134375 0.5693410218749999 0.590852284375 0.5710545093749999 0.6063665375 0.584255190625 0.6293378859375001 0.6098396703125 0.6346493734374999 0.618255046875 0.66009261875 0.642777328125 0.679944240625 0.6508539359375 0.7454743265625 0.6593731875 0.7568835984375 0.6555912515625 0.7734292671875 0.65520575625 0.7878818578125 0.65235751875 0.7981967125 0.659375 0.8 0.659375 0.8 0.6585034515625 0.7918579109375 0.6512602765625 0.7869777734375 0.6408256437500001 0.7653705093750001 0.6111909703125
5 1 0.46875 0.61625505625 0.46875 0.61665864375 0.48483842031249996 0.61867055 0.49935829375 0.6234981625 0.5082872468749999 0.6430409953125 0.5218963671875 0.665038221875 0.533941396875 0.6936648625 0.5634125265625001 0.7383883140625 0.5940155218750001 0.779934740625 0.6342362734375 0.785281246875 0.6436554359375 0.7859577171875 0.6486626921875 0.7830719765625 0.6522460375 0.777125403125 0.65439379375 0.7416146875 0.6577326640625 0.7163178765625 0.65179213125 0.6856809312500001 0.6509990343750001 0.6689951921875 0.6473693796875 0.6584661296875 0.6476146953125 0.654076234375 0.6512330875 0.6508291765625 0.6588432656250001 0.6594354765625 0.68978545 0.6631902859375 0.6967301890625001 0.6724953359375 0.7045502203125 0.697448340625 0.7150194781250001 0.706490759375 0.7153111015625 0.734375665625 0.7091360953125 0.7511139296875 0.714271428125 0.781809771875 0.7311368078125 0.7933829890625 0.746438515625 0.8135433984375 0.7489826109375001 0.8793472546875 0.7509655640625 0.8950477375 0.7551204734375 0.8977122328125 0.759579109375 0.8986163171874999 0.77111098125 0.893218884375 0.80338404375 0.892636325 0.81545285625 0.8945431781250001 0.8269613687499999 0.8907947374999999 0.8345832281250001 0.8917163296874999 0.846616996875 0.903889615625 0.850351784375 0.9080757734375 0.8552772687499999 0.9141624140625 0.8571446625 0.9264467406250001 0.86875 0.9403534328125 0.86875 0.950594725 0.8658395593750001 0.958995690625 0.862127715625 0.9750511171875 0.84768919375 1 0.8194450203125001 1 0.46875