6 0.559375 0.2513905625 0.5589451203125 0.2503669046875 0.5545316812500001 0.2379426875 0.5508334374999999 0.2336036734375 0.540739984375 0.2319059109375 0.397327625 0.259289728125 0.38803128125 0.28533770937499997 0.39465144375 0.3039740359375 0.3960818390625 0.32014444062499997 0.41222329531249996 0.334010365625 0.4273634765625 0.33655700781250003 0.43952060781249996 0.34284983593749996 0.44364796875 0.35203997187499997 0.444935325 0.3665933375 0.447142046875 0.3728054453125 0.44842940468750003 0.3873588109375 0.469045428125 0.395605453125 0.49221537812499994 0.3952547875 0.506640359375 0.3897162265625 0.5174490109375001 0.39949918906250004 0.5541420421875001 0.39679593281250003 0.553695459375 0.397100096875 0.5569645859375 0.39658798906250003 0.5543302109375 0.3967820703125 0.5580421390625 0.3949223046875 0.559375 0.3948691859375 0.559375 0.2513905625
2 0.28844076875 0.3295906734375 0.2760794703125 0.339724303125 0.25717991875 0.3508821453125 0.25668967343750004 0.3640745234375 0.26692616406249997 0.367389325 0.29606220781250003 0.3595462828125 0.311367784375 0.348951434375 0.286479784375 0.3823601828125 0.2889758609375 0.39375 0.29183429375 0.39375 0.29877996093750003 0.39027005312499996 0.3159019078125 0.3777512234375 0.321724959375 0.36864180625 0.3390625 0.35196777031250004 0.3390625 0.339825715625 0.338192834375 0.3299942765625 0.305419675 0.315454803125 0.2958983828125 0.3202252046875 0.28844076875 0.3295906734375
6 0.559375 0.4796875 0.559375 0.40157856562500005 0.551464915625 0.402291828125 0.5143602281249999 0.3949886796875 0.51272566875 0.39524473125 0.4947454828125 0.39806131875 0.46133903906249996 0.3950971828125 0.453942553125 0.38641915312499997 0.44519758125 0.3812312578125 0.44284782343750007 0.373402109375 0.44468655156250003 0.3567195984375 0.43032269687499997 0.3442146578125 0.41667404062499996 0.3397949234375 0.40615146874999997 0.33324604375 0.3981828265625 0.3180998484375 0.393687471875 0.2860150921875 0.3591574984375 0.307818671875 0.3378470609375 0.329190865625 0.3320240109375 0.3383002796875 0.32791743281249996 0.3668141828125 0.3264259125 0.3686872765625 0.2996396296875 0.3843594671875 0.2841522453125 0.39662224375 0.2814552796875 0.40360251406250003 0.271875 0.4226104796875 0.271875 0.43038413750000004 0.2729560453125 0.4573962359375 0.27452948125 0.47518367968749997 0.2746331015625 0.4796875 0.559375 0.4796875
2 0 0.96046 0.0161754171875 0.9609375 0.0655801515625 0.9609375 0.1187932125 0.95752953125 0.1328125 0.9418926500000001 0.1328125 0.9163840921874999 0.11203753593750002 0.9014118296875001 0.0453480703125 0.8918901046875 0 0.892228171875 0 0.96046
2 0 1 0.1232789578125 1 0.1265625 0.9950215015625 0.1265625 0.9731041015624999 0.1185424453125 0.95890964375 0 0.9614337046875001 0 1
2 0.17897049062499998 0.9155020609375001 0.1482194578125 0.9367813546875 0.1627825828125 0.9827441 0.16365719843749998 0.9828125 0.173852009375 0.9828125 0.21023802812499998 0.9645328218749999 0.240476353125 0.9322521484374999 0.2875 0.8995918187499999 0.2875 0.88028596875 0.2731764015625 0.86395260625 0.2620401296875 0.8619072640625 0.19589731562499998 0.8937288453125 0.17897049062499998 0.9155020609375001
2 0.42299808125 1 0.4239307265625 0.9788532484375001 0.440625 0.940878496875 0.440625 0.9386617640625001 0.4158631265625 0.9241988421875 0.40341492968750003 0.9236167953125001 0.399479159375 0.9280066890625001 0.36639078281250004 0.9287465171874999 0.31586286874999997 0.9402581812499999 0.308987465625 1 0.42299808125 1
2 0.559375 1 0.559375 0.894073640625 0.5421271796875 0.88985303125 0.5144787625 0.8888651890624999 0.49822297187500003 0.8954233796875 0.4944153796875 0.90256361875 0.48459482343750004 0.9583636500000001 0.48626113281250005 0.9941181390625001 0.5182860578125 1 0.559375 1
2 0.422218071875 0.8340857203125001 0.35066544843749997 0.8386682234375 0.316329234375 0.842246521875 0.3123934640625 0.8466364171875 0.31130775 0.88256715625 0.31719633125 0.8904656921874998 0.4043337109375 0.8945400203125 0.4401100234375 0.8922487703125 0.4494216640625 0.8847560296874999 0.4482039765625 0.8586277484375 0.43761055937500004 0.8386170359375 0.422218071875 0.8340857203125001
2 0.28639997500000003 0.7034770375 0.3344623640625 0.6686755640625 0.3322531984375 0.6508864437499999 0.312891 0.6204030984375 0.298425903125 0.60615745 0.28728962812500003 0.6041121046875 0.2723457640625 0.6092069999999999 0.2552266734375 0.626854696875 0.2266508640625 0.6355811875 0.21634774375000002 0.6514130859375 0.21542035468749998 0.66112741875 0.23417560625 0.7082009625 0.242752121875 0.714548075 0.28639997500000003 0.7034770375
2 0.2228772140625 0.6730633484374999 0.21318103906250002 0.6723050515625 0.10204450937500001 0.6863190453125 0.092796959375 0.6951869578125001 0.085438128125 0.7149681250000001 0.09529642031249999 0.7488186906250001 0.1080009734375 0.7549014281249999 0.1363845171875 0.7420494203125 0.178848621875 0.7351920265625 0.23279959374999998 0.7082890875000001 0.23014180624999997 0.680873759375 0.2228772140625 0.6730633484374999
2 0.3747210984375 0.703337725 0.390728121875 0.8098961890625 0.3951125125 0.81513250625 0.41024864531249994 0.8141631296874999 0.42762409218749997 0.8020161250000001 0.41536057031249995 0.6869422453125 0.38476786406249996 0.6820051328125001 0.3657600515625 0.6887395749999999 0.3607046234375 0.698718284375 0.3747210984375 0.703337725
2 0.559375 0.801654415625 0.5490637406250001 0.7721702296874999 0.5389189453125 0.761785725 0.5320388859375 0.7622263484375 0.48096811562499997 0.79170338125 0.47069514375 0.77856853125 0.45975113749999996 0.7806487046875 0.473673375 0.8128597234375 0.46855386093750007 0.821463259375 0.47037849375 0.83100134375 0.4748269734375 0.8376128296875001 0.48852300625 0.8353564078125 0.4981249421875 0.8637062828125 0.5500288671875 0.8521064953125 0.559375 0.837477425 0.559375 0.801654415625
2 0.559375 0.6575634453125 0.5588805031249999 0.657061521875 0.52547168125 0.6509254875 0.51897615625 0.6596171500000001 0.512322303125 0.6945252171874999 0.51453146875 0.7123143359374999 0.53677386875 0.7453717765625 0.54797423125 0.7487922953125 0.559375 0.7453963031249999 0.559375 0.6575634453125
2 0.24560782812499998 0.4796875 0.2467707453125 0.5046405796875 0.3044049265625 0.5271557328124999 0.34974923593749996 0.5228724312499999 0.3477366375 0.4796875 0.24560782812499998 0.4796875
2 0 0.8479982875000001 0.039366284375 0.851708625 0.08339866875 0.8488886234375 0.11920512968750001 0.817630621875 0.11709019843749999 0.7722499218750001 0.1022405703125 0.7497532390625 0 0.7509204546875 0 0.8479982875000001
2 0.05491143281250001 0.4796875 0 0.4832042375 0 0.5378145984375 0.0685300703125 0.5298485656249999 0.092687546875 0.48554383593750006 0.093575221875 0.4796875 0.05491143281250001 0.4796875
2 0 0.7298178625 0.015774225 0.730463884375 0.0889893671875 0.7023271953125001 0.1224924234375 0.6808716515625 0.10988210624999999 0.647197334375 0.05026496875000001 0.6413605046875 0.014873187500000001 0.6519027921875 0 0.6611992015625 0 0.7298178625
2 0.13557086406250002 0.4796875 0.1283997703125 0.48187741093750003 0.10564845468749999 0.4971272640625 0.10616116406250001 0.5081286453125 0.1287880953125 0.5494371234375001 0.089302221875 0.5905857078125 0.106647521875 0.6074054515625 0.1051131828125 0.633709984375 0.1152579765625 0.6440944890625 0.1277061765625 0.6446765359375 0.1478336453125 0.632353278125 0.1739137859375 0.62930373125 0.2337533375 0.610299328125 0.248376759375 0.5983285687500001 0.25599194375 0.5840480921875 0.25307780156250004 0.551132075 0.24366813125000003 0.5269077171875 0.240250340625 0.4796875 0.13557086406250002 0.4796875