6 0.2904241703125 0.2942599625 0.2868090734375 0.2659626828125 0.2749074484375 0.2570183328125 0.2689136921875 0.2407260296875 0.2542982078125 0.2181948640625 0.24770978906250002 0.20490380468749997 0.22540243593749998 0.1987243234375 0.2037183796875 0.1974236828125 0.1890068640625 0.1817968328125 0.183722284375 0.1940236265625 0.17337381406250002 0.2125486671875 0.17149378906249998 0.228456715625 0.16359138281250002 0.22019237656250001 0.1540582671875 0.229787621875 0.1594287296875 0.241201084375 0.1694503328125 0.266053484375 0.1827232 0.285731284375 0.195372778125 0.3005302453125 0.2014339359375 0.3020381453125 0.2105543 0.31218008125 0.22595651249999998 0.3179013703125 0.24004473437499999 0.328649378125 0.255072971875 0.3314433625 0.265156103125 0.3328125 0.269689203125 0.3328125 0.283259565625 0.3223948046875 0.27476249375 0.3171317109375 0.283796975 0.303633390625 0.2904241703125 0.2942599625
5 0.194602696875 0.46875 0.19331913437499998 0.46216487968750003 0.2181298015625 0.457315153125 0.240625 0.426055365625 0.240625 0.4239901171875 0.2237412484375 0.4017109203125 0.20687176406250002 0.3921605 0.2045605078125 0.3893810734375 0.188649515625 0.410301284375 0.1694586265625 0.428516009375 0.15866878125 0.458898146875 0.1552819125 0.46875 0.194602696875 0.46875
5 0.2192936578125 0.31772021875 0.20533009375 0.3079479796875 0.193553125 0.2999793984375 0.181277525 0.28810774375000003 0.180519425 0.31279770625 0.191481040625 0.32969608125 0.19409886875 0.350187215625 0.20634584218750002 0.354178784375 0.2107762921875 0.37354626875 0.2196473390625 0.38173667031249997 0.22654502812500002 0.3828125 0.24519459375000002 0.3828125 0.26432944375 0.37931123125 0.27542586406249997 0.3666408015625 0.27030471875 0.357178875 0.2796875 0.34654387343750004 0.2796875 0.345104221875 0.2575018546875 0.3335240609375 0.2413803203125 0.32982825 0.23069665 0.322761496875 0.2192936578125 0.31772021875
5 0 0.3345053390625 0.011350046875 0.3390625 0.015188623437500002 0.3390625 0.0487087484375 0.3272166234375 0.07955194531250001 0.3159947125 0.0763108265625 0.29062473906249997 0.0611680796875 0.25631041250000003 0.08303405 0.2743469921875 0.1139345046875 0.2788852515625 0.1171875 0.25287650625 0.1171875 0.24406664843749998 0.10557223906249999 0.2440533515625 0.10657965312499999 0.221314925 0.0984953328125 0.196314646875 0.089720315625 0.18121993125 0.067729684375 0.1622075828125 0.0380471890625 0.1595469203125 0 0.17795446406249998 0 0.3345053390625
6 0.1532691703125 0.46875 0.1661469109375 0.429797734375 0.1986208171875 0.4007162359375 0.2125 0.3802763421875 0.2125 0.3763101078125 0.20438554843749998 0.3539678578125 0.1938265375 0.347876871875 0.1914580296875 0.3293372765625 0.18134039531249999 0.31138919375 0.1828464453125 0.2925538390625 0.171482228125 0.264848075 0.1533947859375 0.25342005625 0.1077541859375 0.2253748625 0.10503018125000001 0.2423326171875 0.11812113906249999 0.24527448125 0.1125484640625 0.2782142265625 0.0856472328125 0.2743559765625 0.0608753390625 0.25654121406249997 0.0758648 0.28199968750000004 0.083133765625 0.31592975624999997 0.01176096875 0.3391129734375 0 0.33401529218750003 0 0.41901990468749994 0.051434625 0.458259753125 0.0678621640625 0.46875 0.1532691703125 0.46875
5 0 1 0.168453890625 1 0.1815357859375 0.98527945625 0.1859375 0.978854196875 0.1859375 0.97211619375 0.1699341703125 0.9395603937499999 0.1684732125 0.9380692296875001 0.144504659375 0.9397075218750001 0.129761690625 0.926881221875 0.1228973578125 0.928760890625 0.1176808734375 0.9373208125 0.10591333437499999 0.934751271875 0.09753453437500001 0.9278653468750001 0.07277889531250001 0.9336986140625001 0.021619771875 0.9386848953125 0 0.934000003125 0 1
5 0 0.9308462546874999 0.021087284375 0.9274625515625001 0.02919234375 0.9224063000000001 0.0479506015625 0.9048979546875 0.0603183375 0.8980834390624999 0.0975952578125 0.891146078125 0.12996896875 0.8797595062500001 0.1490808359375 0.8648335625 0.1578125 0.8544417015625001 0.1578125 0.8478237734375 0.144330375 0.8255519296875 0.1289336984375 0.8148352578125 0.09784723749999999 0.814206809375 0.0948586296875 0.8122671515625001 0.08119665781249999 0.8149838234375 0.05791515625 0.81399115 0.0420051390625 0.819411628125 0.0080572578125 0.83918815 0 0.838679921875 0 0.9308462546874999
5 0 0.839449334375 0.005320503125 0.8378932812500001 0.019695885937499998 0.8159114421875 0.02182373125 0.806975878125 0.0208094265625 0.7903902359374999 0.013617842187500001 0.7730532999999999 0.01965475625 0.7597770718750001 0.020021543750000002 0.7540423687500001 0 0.7592044296875 0 0.839449334375
5 0.1835919203125 0.8388595203125 0.17020369062500001 0.853518365625 0.16007081875 0.8659461734375 0.15993744062499998 0.8680315203125 0.16584796562499998 0.8729535046875 0.1648608140625 0.8802764984374999 0.1580569828125 0.9055434671875 0.1449758390625 0.9316231531250001 0.14640738125 0.934375 0.14946548906249998 0.934375 0.15899141875 0.9314888828125 0.210883321875 0.874490359375 0.23125 0.839649140625 0.23125 0.8345659062499999 0.2145450046875 0.8415733124999999 0.1924708859375 0.8379253953125 0.18663403750000002 0.8480736062500001 0.1835919203125 0.8388595203125
5 0.11259168125 0.7566988968749999 0.09637457656250001 0.7506985343749999 0.0629733828125 0.7538165687499999 0.063513878125 0.761588053125 0.059791696875 0.7711178000000001 0.05909146562499999 0.7820658671875 0.0653827546875 0.8134788875 0.0673307 0.8154671046875 0.07767062500000001 0.816024146875 0.0960155734375 0.8130889437500001 0.10726278281249998 0.815682765625 0.12856299375 0.81520855625 0.133757359375 0.8171875 0.1360191796875 0.8171875 0.1425452328125 0.8155956249999999 0.1437859609375 0.8124190421874999 0.14044374531249998 0.8078969859375 0.1506433046875 0.794426503125 0.1523841953125 0.783429871875 0.1609375 0.7745832 0.1609375 0.76680708125 0.1595416375 0.7607453046874999 0.145792809375 0.7567088796875 0.1408562578125 0.7527810046875001 0.11259168125 0.7566988968749999
1 0.13950304375 0.8084680750000001 0.14333224687499999 0.8134871859375 0.13870278125 0.8209801515624999 0.1460409203125 0.8279146374999999 0.1582024015625 0.8486581125000001 0.157415315625 0.8528530859375 0.14783612031249999 0.8647352765624999 0.1352016296875 0.8757204843749999 0.11489555468749998 0.8849845703125 0.08168125000000001 0.8932916875 0.10673778593750001 0.923309234375 0.1120077796875 0.9220237453125 0.12809769843750002 0.9056794828125 0.1697365296875 0.8548770078124999 0.20879387500000002 0.8119917093750001 0.21734558593750003 0.7918409796875 0.21156843906249997 0.7848336484375 0.16802040000000001 0.7681537546875 0.1601487515625 0.7695606515625 0.1609893453125 0.7726401078125 0.151476840625 0.7834796265625 0.15022293281250002 0.794973309375 0.13950304375 0.8084680750000001
9 0.51875 0.817656375 0.5516561484375 0.814271871875 0.5632714046875 0.81383720625 0.580318284375 0.814756296875 0.59739058125 0.8129336609375001 0.6085485421875 0.81309199375 0.6158550875 0.8095765640625 0.6184515046875 0.80729318125 0.6228212265625 0.798918003125 0.6234375 0.7965773203125 0.6234375 0.777019028125 0.622750196875 0.7675883906250001 0.623207534375 0.75480588125 0.6204334203124999 0.7153337703125 0.61966125625 0.66947336875 0.6172275468749999 0.6371443937500001 0.6167042734375 0.6156110406249999 0.6178425859375001 0.5683567484375 0.6171973296875 0.5575457734375 0.615256390625 0.552478121875 0.6073604671874999 0.5489023921875 0.59699006875 0.54907718125 0.5475312109375 0.5574120312499999 0.5297780624999999 0.5571379125 0.51875 0.5582216343749999 0.51875 0.817656375
9 0.8475952609374999 0.795236634375 0.8373722156250001 0.7941368343749999 0.8275048484375 0.791221425 0.82118405 0.7883119390625 0.8171039859375 0.784934675 0.8100515421875001 0.7732223671874999 0.8060477640624999 0.74943041875 0.8023538859375 0.7385095749999999 0.7969934125 0.731916890625 0.7905709953125 0.7277847890625 0.7890619359375 0.72486586875 0.7790016390625001 0.6769642 0.7629965453125 0.624581953125 0.7531546312499999 0.6067353078125001 0.74007100625 0.592550584375 0.73587914375 0.593923203125 0.728069565625 0.6005288296875 0.719218365625 0.6098395546875001 0.71323796875 0.614073203125 0.693061090625 0.6364451796875 0.6708772078124999 0.656002184375 0.6530884234375 0.6766317984375 0.6388614765625 0.6883085875 0.6208084859375 0.70575940625 0.6192435078124999 0.7113101828125 0.6189640296875 0.7170901296875 0.62014779375 0.7526652281249999 0.6223681265625001 0.77633195625 0.6251626890625 0.77948005 0.6306959296875 0.7820564171875001 0.6357616937499999 0.791198275 0.6492772015625 0.8075317296875 0.661497065625 0.8174189953125 0.6714558687500001 0.8275295125 0.6759525796875 0.8298247328125001 0.6774209921875001 0.8322546078125 0.6808811734375 0.8342686859375 0.6884772953125 0.843379840625 0.69276568125 0.84621608125 0.7135724625 0.8679928499999999 0.7324992703125 0.8854355343750001 0.7385711015625 0.888396996875 0.7460656484375 0.884096028125 0.75183263125 0.883389646875 0.7553131328125 0.8856482484375 0.7546779765625 0.8932438062500001 0.75833585 0.896875 0.7635713984375 0.896875 0.7645250234375001 0.895914690625 0.77450928125 0.8910939687500001 0.7895746156250001 0.8742668484374999 0.798105734375 0.8580575109374999 0.8156049046875001 0.836990825 0.816646525 0.8342857218749999 0.8168853546874999 0.82801673125 0.8183842734375 0.824718634375 0.8203150703125001 0.82356926875 0.8337595062500001 0.820762621875 0.846045475 0.8162076953125 0.8673249046875 0.8040536984375001 0.875 0.8017798375 0.875 0.798877503125 0.8742034125 0.7892932531250001 0.8697333640625 0.79036634375 0.85921051875 0.7948019687500001 0.8475952609374999 0.795236634375
9 0.697048253125 1 0.7296217296874999 0.9466388875 0.7440735296875 0.9224768874999999 0.7435906078125 0.9014326421875001 0.6444441078125 0.8686457875 0.7009203859375 0.9364607953124999 0.6201301265625 1 0.697048253125 1
9 0.8916305015624999 1 0.8888345765625001 0.9663604796874999 0.780768290625 0.8936714718750001 0.7458261734375 0.9283301421874999 0.720656253125 0.9758747046875001 0.703943725 0.9880703796875 0.69680836875 1 0.8916305015624999 1
9 0.51875 1 0.615722465625 1 0.6217164343749999 0.9950366734374999 0.688522096875 0.945516946875 0.6936133171875 0.9397275687499999 0.695051265625 0.935695903125 0.6949344171874999 0.9312425187500001 0.693613359375 0.9275380546874998 0.650582215625 0.87607119375 0.639947653125 0.860877675 0.6256852328125 0.8447001453125 0.616768053125 0.8318845249999999 0.61320625625 0.8286478359375 0.605655871875 0.817039478125 0.5991928062499999 0.8124183296874999 0.5893864078125001 0.8102364906249999 0.578822915625 0.814183071875 0.5751544109375 0.8127100140625 0.5667757796874999 0.8124690078124999 0.51875 0.8184066718749999 0.51875 1