7 0.4204371015625 0.4796875 0.391911328125 0.3813247703125 0.344290209375 0.28167325 0.32869310625 0.2754909828125 0.303592103125 0.2475690109375 0.2747992765625 0.2383776546875 0.26082115781250004 0.21203733749999998 0.24565420468750002 0.1985538078125 0.23278701875 0.19729045625 0.200529296875 0.217622453125 0.2180197265625 0.272212909375 0.21149637812500002 0.2950716078125 0.2119739421875 0.345543840625 0.2612377515625 0.45392405937499997 0.2672042046875 0.4796875 0.4204371015625 0.4796875
7 0.2577985453125 0.4796875 0.175799834375 0.41419264531250005 0.142102640625 0.4077019375 0.1051437734375 0.41264058124999997 0.096954025 0.3978838359375 0.06684704531249999 0.38170951875000003 0.0482151953125 0.3977493453125 0.03678748125 0.42330869687500006 0.042904390625 0.4366380046875 0.0691942296875 0.4517031921875 0.0710308828125 0.4796875 0.2577985453125 0.4796875
7 0.0703125 0.4796875 0.0703125 0.4734989359375 0.068852821875 0.4499126734375 0.05532856093750001 0.44515784218750004 0.0403648265625 0.4135803078125 0.0703125 0.3785038125 0.0703125 0.37138659375 0.07009585 0.370235390625 0.0224205390625 0.33740436875 0 0.31393723906250004 0 0.4675207125 0.0222809328125 0.4796875 0.0703125 0.4796875
7 0 0.303125 0.018697396875 0.303125 0.1090402328125 0.29945128125 0.152749378125 0.282446678125 0.1647325578125 0.269425809375 0.18632125156249998 0.26909764062499997 0.209375 0.2545668953125 0.209375 0.2502919421875 0.197396721875 0.21290580312500001 0.1863754453125 0.20227714375 0.087685246875 0.1859782 0.0343468828125 0.16140335156250002 0 0.163394103125 0 0.303125
2 0.4890625 1 0.4890625 0.9342685359375 0.4520615015625 0.9308735546874999 0.426331615625 0.933268209375 0.4111750265625 0.9320356328125001 0.3976823609375 0.9423222531250002 0.380317340625 0.9454802546875001 0.2846131 0.9732200203125 0.2831080515625 0.98134470625 0.284144228125 0.99154566875 0.28685286875 1 0.4890625 1
9 0.4890625 0.725608165625 0.483193146875 0.7182297890625 0.42548625937500006 0.7482702078125 0.41020869062500004 0.7598242734375 0.40973221875 0.7633377937500001 0.41436090312499996 0.7738101343749999 0.4131810984375 0.7944046 0.4422086375 0.839060053125 0.4481457546875 0.8517784703124999 0.477990109375 0.8933843218749999 0.4890625 0.8943424671875 0.4890625 0.725608165625
9 0.4890625 0.6260810234375 0.4827068234375 0.6186081421875 0.3581070171875 0.5953125 0.3567341234375 0.5953125 0.348659703125 0.6015519828125 0.31070784218749997 0.6464939765625 0.3033564609375 0.6531253218749999 0.298463121875 0.6654199953125 0.2946815484375 0.6695164499999999 0.292881546875 0.6827897515625001 0.2928664484375 0.694795609375 0.296201846875 0.7118310703125 0.3027742578125 0.7198647921875001 0.3366951359375 0.7522255734375 0.3561476125 0.7574636390625 0.3605912234375 0.7578125 0.37566828124999996 0.7578125 0.378753915625 0.7572870140625 0.4478281703125 0.6969484421875001 0.48357919374999997 0.6712091499999999 0.4890625 0.6665802671875001 0.4890625 0.6260810234375
9 0.2352607796875 0.83961669375 0.24516853749999998 0.843870821875 0.25867640000000003 0.8632084546875 0.2633126296875 0.867677865625 0.27718348125 0.8694706328125001 0.2891030578125 0.8797049484375 0.2929829640625 0.8808306390624999 0.333287084375 0.8839628640625001 0.34975210625 0.8874415156250001 0.35714888125 0.8864227078125001 0.3616035421875 0.8684419671875 0.3689018828125 0.820570903125 0.378125 0.7751530828125001 0.378125 0.7594204046874999 0.369794184375 0.7574920140625 0.35537122499999996 0.756796890625 0.31693519375 0.7488101671875 0.24202200937499999 0.7392073046875 0.23762033906250002 0.7776127078125 0.2352607796875 0.83961669375
9 0.28246234531250003 1 0.28274218125 0.9787983624999999 0.28818003124999997 0.9505939218750001 0.2821521796875 0.9474654843749999 0.27911933125 0.9400935328125 0.2852000734375 0.9220165234375 0.28777154843749997 0.9208961390624999 0.29020689375000003 0.9237531953125 0.2914926328125 0.923193003125 0.29375 0.906547059375 0.29375 0.8916629203124999 0.286402525 0.8834132703125 0.28241673437500003 0.8830683624999999 0.278014965625 0.8798436546874999 0.2263131328125 0.86857613125 0.20428918437500002 0.8644584515625 0.199645403125 0.8659919687500001 0.1977773125 0.8708464656249999 0.2025723671875 0.8741447015624999 0.20304128906250002 0.8766341109375 0.19939589375 0.8975681796874999 0.193383190625 0.903248940625 0.1843830328125 0.9071702875 0.1823863625 0.9099992984374999 0.17320488437499998 0.9955457734375 0.174747778125 0.999036553125 0.176887453125 1 0.28246234531250003 1
9 0 0.8133083609374999 0.00552076875 0.81791669375 0.012115875 0.8287566828124999 0.015784015625 0.8314439390625001 0.0158067125 0.8342502078124999 0.018400882812499998 0.8359360921875 0.0483964125 0.8407435890624999 0.06999683281249999 0.8479843984375 0.0896610734375 0.8516608968749999 0.096082209375 0.8548628656249999 0.10316133593750001 0.8561864046875 0.1050566296875 0.85625 0.1084487453125 0.85625 0.109375 0.854749209375 0.109375 0.852402696875 0.1084404125 0.8499681906250001 0.1066780546875 0.7915967390625 0.1038267265625 0.7858598812500001 0.0952878921875 0.7774585109375 0.0934953875 0.763913828125 0.090984403125 0.75864089375 0.084245621875 0.7577812765624999 0.062267062500000005 0.7592761343750001 0.021781421875000002 0.7545088140624999 0 0.7468774359375 0 0.8133083609374999
2 0 0.938732653125 0.0011554046875 0.9407160421875 0.0082874734375 0.941649190625 0.013332137499999999 0.9550013281249999 0.0228163640625 0.9623785859375001 0.028987942187499997 0.97634170625 0.0382150125 0.9796679906249999 0.042079821875 0.992799540625 0.0448328171875 0.9933142499999998 0.0607835234375 0.9886909546875 0.06653152031250001 0.9849621484375 0.07408711875 0.9827721703125001 0.07949477187500001 0.978579440625 0.09169415 0.9748559421875 0.09754802968750001 0.970346353125 0.09844802968750001 0.963709703125 0.10432460625 0.962006384375 0.1113356453125 0.9549111203125001 0.120986246875 0.9551142718750001 0.1345243015625 0.950440190625 0.12468458281250001 0.9337898124999999 0.12702914375000002 0.9254217953125 0.1300997859375 0.9235941562499999 0.14890936875 0.9187047921874999 0.15582967187500002 0.9211995046875 0.1571608 0.9262518499999999 0.1639222796875 0.9299177375 0.1717879765625 0.9313883359374999 0.1754636671875 0.9280726625 0.1765625 0.9242473921875 0.1765625 0.9162158968749999 0.1738375375 0.9073538796874999 0.17424591875 0.8954215515625 0.17041895468749998 0.8939054687500001 0.165888603125 0.888655275 0.16527595625 0.875331184375 0.1613204109375 0.8717896171875001 0.15390094062499998 0.8700021546875 0.14910588593750002 0.8667039187500001 0.1433275921875 0.8528143281249999 0.1393947453125 0.8520790281250001 0.12708948281250002 0.8565833093749999 0.12181795937499999 0.8567985921875 0.067953134375 0.8763492390625001 0.05187385 0.8789470453125 0.0446283515625 0.8847976062499999 0.0315894625 0.8887644390624999 0.005428496875 0.90028515 0.0048461421875 0.9045794546875001 0.008930265625 0.9101465078125 0.009921049999999999 0.9147349343750001 0.0073949703125000005 0.9214678562499999 0.0082269328125 0.9272274515625 0.0062302625 0.9300564625 0.001087315625 0.9322972343749999 0 0.9340589890625001 0 0.938732653125
8 0.811538209375 0.6852085078125001 0.78154811875 0.6736372453125 0.777390759375 0.674659940625 0.7757870515625 0.6825263375 0.7776575828125 0.7300656234374999 0.7766729359375001 0.7621679875 0.7635897734375 0.8376545296875 0.760860003125 0.8463956859374999 0.7555152046875 0.8523131703125 0.753609971875 0.85158635 0.7513258296875 0.8392368140625 0.749377915625 0.78866803125 0.744919028125 0.78109750625 0.74234936875 0.7672042796875 0.733711796875 0.689170640625 0.7291595187500001 0.6715210953125 0.7142191734375001 0.6742997390625 0.685549934375 0.6855365265625 0.673085859375 0.692129378125 0.64021389375 0.7154584203125001 0.6149788703125 0.7487442796874999 0.6066267890625 0.7653839921875 0.5968871390625 0.7919290625000001 0.592671065625 0.8291899296875 0.5959211609375 0.8632990953125 0.601530121875 0.8805691515625 0.6183783593750001 0.9107354687499999 0.636475409375 0.9319869656249999 0.6656409625 0.9530262078125 0.6964795984375 0.96570378125 0.7189573921875001 0.96875 0.7452796562499999 0.96875 0.7806541234375001 0.9629894671875 0.8027751203125 0.9555154265624999 0.8152391953125001 0.9489225765625001 0.8406449921875 0.9287452375 0.8715957156249999 0.8976398453125001 0.880796346875 0.8821064421875 0.8916540546875 0.8511618500000001 0.8921875 0.832740303125 0.8921875 0.8036023796875 0.8902291515625 0.7825318718750001 0.8802226781249999 0.7536712609375 0.8690367718750001 0.733230203125 0.8509397234375001 0.71197870625 0.8393535546875001 0.7015587828125 0.811538209375 0.6852085078125001
8 1 0.540133859375 0.9967025015625002 0.5391386796875001 0.986071621875 0.5147354765625 0.9800170328124999 0.5185561140625 0.9683081156250001 0.5161762546875 0.9547793515624999 0.51962383125 0.9391452234375001 0.52735515625 0.91962324375 0.5306033375 0.903140565625 0.5372283484375 0.8975102500000001 0.5416021421874999 0.8873996953125 0.5600492625 0.8859375 0.5768393359374999 0.8859375 0.5796263953125 0.8901561375 0.5941005359375 0.8955329515624999 0.6022821046875 0.9036555437499999 0.6087720453125 0.9102358031249999 0.6191083515625 0.91701619375 0.6244340890625 0.9323754687499999 0.6509019781250001 0.9798301703125001 0.77778704375 0.9939086171875001 0.7990707 0.9992066703125001 0.803125 1 0.803125 1 0.540133859375
6 1 1 1 0.7989271484375 0.9958616250000001 0.798441859375 0.9817378125000001 0.7882277609375 0.9746105281249999 0.7853783609375 0.9715872375 0.7890510625 0.9581358546875001 0.7955281359375 0.9510325843749999 0.8032530265625001 0.9407512562499999 0.8085916281250001 0.9363937671875 0.8146248921874999 0.9288582171875 0.8182718609374999 0.9205595062499998 0.8273667796874999 0.9122447859375 0.829412171875 0.8973898265625 0.838745075 0.8889149984374999 0.8634248515625 0.874246821875 0.8929158015624999 0.8577961593750001 0.9136398671875 0.837604409375 0.9324150171875001 0.8370573859375 0.9399019265625 0.8390400031249999 0.9436582421875 0.8575453171875 0.9584133671874999 0.8636319234375 0.9686917859375 0.8755036109375001 0.9806554000000001 0.8853152968749999 0.9858332031250001 0.9013977140625 0.989229328125 0.9074069375 0.9964782484375 0.914028140625 1 1 1
6 0.8822561484375001 1 0.8819800171875001 0.9937797156249999 0.871744053125 0.9880487578124999 0.8698228109375 0.9802724078124999 0.8621084859374999 0.9672860984374999 0.8592613109375 0.9553739406249999 0.849294859375 0.9441371468749999 0.8446812078124999 0.9305076296875001 0.8364358656249999 0.9320577531249998 0.8158118359375 0.9467549859375 0.798696746875 0.95431264375 0.76318574375 0.964243725 0.7464095421875 0.9658002796874999 0.7381028265625 0.9713704328125001 0.7350304828125 1 0.8822561484375001 1