0 0.17890625 0.81474609375 0.19208984375 0.82158203125 0.21943359375 0.8259765625 0.24140625 0.826953125 0.24970703125 0.8240234375 0.24775390625 0.81279296875 0.24921875 0.80107421875 0.25654296875 0.795703125 0.26630859375 0.79326171875 0.26923828125 0.787890625 0.27998046875 0.70244140625 0.28095703125 0.65947265625 0.278515625 0.64677734375 0.26923828125 0.63212890625 0.2296875 0.60625 0.221875 0.60478515625 0.21064453125 0.6091796875 0.200390625 0.62236328125 0.19697265625 0.635546875 0.19697265625 0.64873046875 0.19990234375 0.66337890625 0.19453125 0.66484375 0.1828125 0.662890625 0.18134765625 0.6658203125 0.17451171875 0.7537109375 0.173046875 0.80595703125 0.17890625 0.81474609375
0 0 1 0.0765740640625 1 0.05634765625 0.97099609375 0.04951171875 0.9578125 0.02509765625 0.928515625 0.01484375 0.920703125 0.005078125 0.91728515625 0 0.9135919749999999 0 1
0 0.0939453125 0.89873046875 0.11689453125 0.881640625 0.15595703125 0.8435546875 0.1701171875 0.82255859375 0.17109375 0.8103515625 0.16328125 0.803515625 0.15791015625 0.7908203125 0.13251953125 0.76298828125 0.12373046875 0.7615234375 0.1193359375 0.76396484375 0.102734375 0.78203125 0.032421875 0.8474609375 0.02412109375 0.8572265625 0.024609375 0.86259765625 0.02802734375 0.86796875 0.0490234375 0.88994140625 0.0646484375 0.90166015625 0.06904296875 0.90751953125 0.0763671875 0.90703125 0.0939453125 0.89873046875
0 0 0.7780016453125 0.00654296875 0.768359375 0.02119140625 0.75419921875 0.02509765625 0.7478515625 0.07783203125 0.69609375 0.08515625 0.6833984375 0.09736328125 0.64580078125 0.10419921875 0.6375 0.11005859375 0.6345703125 0.1232421875 0.6208984375 0.1251953125 0.61650390625 0.12568359375 0.6033203125 0.122265625 0.596484375 0.118359375 0.59453125 0.10517578125 0.60625 0.09541015625 0.61943359375 0.08271484375 0.62822265625 0.01728515625 0.65849609375 0 0.66732255625 0 0.7780016453125
0 0 0.8630115328125001 0.00947265625 0.862109375 0.0197265625 0.85771484375 0.0236328125 0.8474609375 0.0236328125 0.8220703125 0.02607421875 0.8103515625 0.02802734375 0.8083984375 0.0294921875 0.78251953125 0.03486328125 0.764453125 0.0333984375 0.74541015625 0.03193359375 0.74541015625 0.00751953125 0.76640625 0 0.7780615234375 0 0.8630115328125001
0 0.3224609375 0.8494140625 0.32734375 0.850390625 0.329296875 0.8484375 0.34443359375 0.81474609375 0.36982421875 0.81962890625 0.38251953125 0.819140625 0.39814453125 0.81572265625 0.41474609375 0.80595703125 0.4240234375 0.791796875 0.42451171875 0.7810546875 0.4171875 0.72880859375 0.4044921875 0.7205078125 0.39228515625 0.715625 0.37861328125 0.71318359375 0.364453125 0.71318359375 0.348828125 0.71611328125 0.33662109375 0.721484375 0.31708984375 0.7380859375 0.30732421875 0.75322265625 0.30390625 0.77373046875 0.29609375 0.7869140625 0.2970703125 0.7927734375 0.30244140625 0.7986328125 0.31171875 0.81669921875 0.31416015625 0.84453125 0.3224609375 0.8494140625
0 0.1408203125 0.772265625 0.14619140625 0.77763671875 0.1505859375 0.77861328125 0.15791015625 0.78984375 0.1701171875 0.80009765625 0.17646484375 0.737109375 0.1798828125 0.662890625 0.15791015625 0.64580078125 0.14521484375 0.64580078125 0.13203125 0.65166015625 0.1251953125 0.66142578125 0.12080078125 0.70537109375 0.11494140625 0.73125 0.1134765625 0.760546875 0.1154296875 0.76396484375 0.1173828125 0.76396484375 0.1203125 0.756640625 0.12373046875 0.75615234375 0.13203125 0.760546875 0.1408203125 0.772265625
0 0.212109375 0.67607421875 0.2560546875 0.68095703125 0.26923828125 0.69462890625 0.2765625 0.69609375 0.28046875 0.69169921875 0.2814453125 0.6853515625 0.27998046875 0.65361328125 0.2775390625 0.6443359375 0.2736328125 0.63603515625 0.26533203125 0.6306640625 0.26142578125 0.62333984375 0.25556640625 0.61943359375 0.25556640625 0.61455078125 0.24287109375 0.60234375 0.23017578125 0.58330078125 0.22724609375 0.58134765625 0.21064453125 0.57939453125 0.20380859375 0.58232421875 0.200390625 0.57841796875 0.16767578125 0.5779296875 0.15400390625 0.58134765625 0.12666015625 0.60087890625 0.12177734375 0.63017578125 0.12421875 0.63994140625 0.130078125 0.6501953125 0.13349609375 0.651171875 0.14716796875 0.6453125 0.15888671875 0.64482421875 0.16376953125 0.65166015625 0.1916015625 0.66923828125 0.212109375 0.67607421875
0 0.25198567656250004 0.8258138015625001 0.2348958328125 0.8315104171875 0.2137369796875 0.8282552078125001 0.1942057296875 0.82255859375 0.17060546875 0.8119791671875 0.1697916671875 0.8453450515625001 0.2178059890625 0.8640625 0.2609375 0.8632486984375 0.2967447921875 0.8477864578125001 0.3113932296875 0.82744140625 0.30569661406250004 0.8070963546875 0.2894205734375 0.7843098953125001 0.2723307296875 0.7753580734375 0.2650065109375 0.7948893234375 0.24873046875 0.7973307296875 0.2471028640625 0.81279296875 0.25198567656250004 0.8258138015625001
0 0.30081380156250004 0.9014973953125001 0.3 0.8844075515625001 0.31220703125 0.8624348953125001 0.31220703125 0.8266276046875 0.29267578125 0.8502278640625001 0.2609375 0.86162109375 0.2324544265625 0.86162109375 0.2178059890625 0.8648763015625001 0.19501953125 0.8526692703125001 0.1697916671875 0.8453450515625001 0.173046875 0.8551106765625001 0.18362630156249998 0.88115234375 0.20478515625 0.9063802078125001 0.2259440109375 0.9234700515625001 0.26175130156250004 0.9169596359375 0.23896484375 0.9470703125 0.2381510421875 0.96171875 0.2609375 0.9560221359375 0.27314453125 0.9405598953125001 0.2747721359375 0.9218424484375 0.2820963546875 0.9185872390625001 0.2943033859375 0.9218424484375 0.30081380156250004 0.9014973953125001
0 0 0.9116389968749999 0.00458984375 0.9137044265625001 0.0216796875 0.9242838546875 0.036328125 0.9373046875 0.05341796875 0.96171875 0.06888020781250001 0.9853190109375 0.0705078125 0.97880859375 0.06888020781250001 0.9389322921875 0.075390625 0.912890625 0.054231770312500004 0.893359375 0.0249348953125 0.8681315109375 0 0.8665730796875 0 0.9116389968749999
7 0.0314169921875 0.7436219078125 0.0338583984375 0.7704773765625 0.025720378125 0.795705240625 0.0265341796875 0.8095398765624999 0.025720378125 0.82093310625 0.0273763015625 0.8201171875 0.03388671875 0.8315104171875 0.0705078125 0.8070963546875 0.0965494796875 0.7680338546875 0.114453125 0.746875 0.1225911453125 0.7078125 0.12747395781249998 0.65654296875 0.1201497390625 0.64921875 0.10140397187500001 0.6410828453125 0.091638346875 0.66468310625 0.0778037109375 0.69886279375 0.0395550125 0.730601075 0.0314169921875 0.7436219078125
7 0.193272296875 1 0.23242610625000001 0.98694873125 0.262536784375 0.959279459375 0.23975032500000001 0.9584656578124999 0.240564128125 0.945444825 0.2584677734375 0.9194031578124999 0.2267294921875 0.9242859703124999 0.20557063750000001 0.906382325 0.189294596875 0.888478678125 0.1632529296875 0.886851075 0.1469768875 0.8827820640624999 0.11605240937500001 0.88440966875 0.089196940625 0.8998719078124999 0.0753623046875 0.908009928125 0.06641048125 0.937306803125 0.0704794921875 0.961720865625 0.076989909375 0.981252115625 0.0997763671875 0.988576334375 0.1608115234375 0.9975281578124999 0.18367606718750001 1 0.193272296875 1
1 0.27393001250000004 0.634572428125 0.2853232421875 0.652476075 0.2853232421875 0.6801453453125 0.27637141875000004 0.749318521875 0.296716471875 0.77698779375 0.30078548125000004 0.776173990625 0.2999716796875 0.776173990625 0.2975302734375 0.761525553125 0.3195029296875 0.7265320640625 0.357751628125 0.6606140953125 0.38623470000000004 0.60364795 0.38135188750000004 0.588185709375 0.34717220000000004 0.5605164390625 0.3268271484375 0.593882325 0.301599284375 0.59144091875 0.27393001250000004 0.634572428125
0 0.32901220625 1 0.31543391875000004 0.97230029375 0.299157878125 0.95521045 0.26660579375000004 0.951955240625 0.2535849609375 0.9698588875 0.235681315625 0.984507325 0.21777766875000001 0.991017740625 0.208825846875 0.998341959375 0.20931350625 1 0.32901220625 1
8 0.3646170484375 1 0.37568359375 0.98369140625 0.4019287109375 0.909228515625 0.41962890625 0.857958984375 0.4239013671875 0.831103515625 0.42451171875 0.8121826171875 0.4104736328125 0.809130859375 0.391552734375 0.818896484375 0.3665283203125 0.8201171875 0.3445556640625 0.8134033203125 0.3299072265625 0.8475830078125 0.313427734375 0.89091796875 0.301220703125 0.9208251953125 0.2945068359375 0.9476806640625 0.303662109375 0.9550048828125 0.3177001953125 0.975146484375 0.32880495781249997 1 0.3646170484375 1
8 0.399943034375 1 0.4080322265625 0.9861328125 0.4214599609375 0.9427978515625 0.425732421875 0.9159423828125 0.426953125 0.8988525390625 0.4239013671875 0.8719970703125 0.4190185546875 0.86162109375 0.4043701171875 0.90556640625 0.3860595703125 0.953173828125 0.3762939453125 0.9855224609375 0.3638846265625 1 0.399943034375 1