1 0 0.40736490937500003 0.052408853125 0.4130615234375 0.07291666875 0.415625 0.07864629375 0.415625 0.1028645828125 0.3300537109375 0.11875 0.269689128125 0.11875 0.262931315625 0.1126302078125 0.180314128125 0.0393880203125 0.160782878125 0 0.15388997499999998 0 0.40736490937500003
5 0.3556285515625 0.5390625 0.38095703125 0.4771484375 0.39375 0.4430338546875 0.39375 0.43805601093749996 0.2946940109375 0.43645833281249996 0.23284505156250002 0.43645833281249996 0.17099609375 0.43483072968750003 0.14658203125 0.44459635468750003 0.1449544265625 0.43971354218750003 0.10751953125 0.44459635468750003 0.0814778640625 0.46412760468750003 0.050553385937499994 0.511328125 0.037199796875 0.5390625 0.3556285515625 0.5390625
5 0 0.5390625 0.0398389265625 0.5390625 0.0432291671875 0.5342447906250001 0.0611328125 0.495182290625 0.0921875 0.44860026093750005 0.0921875 0.446354165625 0.07578125 0.446354165625 0.0041666671875 0.44798177031249997 0 0.46881510625 0 0.5390625
5 0.4390625 0.5390625 0.4390625 0.40704616875 0.4005533859375 0.4375325515625 0.3859049484375 0.46520182187500003 0.36962890625 0.5156575515624999 0.365170821875 0.5390625 0.4390625 0.5390625
5 0.1338541671875 0.4265625 0.138151040625 0.4265625 0.144986978125 0.424609375 0.1514973953125 0.37578125 0.159375 0.33770615937500004 0.159375 0.32345610156250004 0.149869790625 0.29765625 0.11569010312500001 0.3009114578125 0.10104166562500001 0.343229165625 0.0994140625 0.392057290625 0.135221353125 0.4197265625 0.1338541671875 0.4265625
5 0.2628689140625 0.365625 0.27785645468750003 0.365625 0.3333984375 0.3599283859375 0.3919921875 0.3599283859375 0.415625 0.35362630156249997 0.415625 0.352983940625 0.387109375 0.337141928125 0.3464192703125 0.322493490625 0.30084635312499997 0.317610678125 0.2634114578125 0.3159830734375 0.216800940625 0.303125 0.19152560937500002 0.303125 0.1755208328125 0.312727865625 0.1771484375 0.33388671875 0.1999348953125 0.3403971359375 0.1950520828125 0.3452799484375 0.227604165625 0.361555990625 0.2628689140625 0.365625
6 0.8171875 0.32667410625 0.8127232140625 0.3409598203125 0.7868303578125 0.34363839218750003 0.7787946421875 0.348102678125 0.7350446421875001 0.3927455359375 0.73125 0.4147544671875 0.73125 0.423660709375 0.7322619046875 0.43125 0.7526785515625 0.43125 0.7787946421875 0.43024553593750003 0.8091517859374999 0.4177455359375 0.8296875 0.41417410625000006 0.8984375 0.367745534375 0.9127232140625001 0.34185267812500003 0.9189732140625001 0.336495534375 0.919866071875 0.3284598203125 0.928125 0.320200890625 0.928125 0.31651785781249997 0.927008928125 0.311495534375 0.883258928125 0.3159598203125 0.8546875 0.311495534375 0.8430803578125001 0.3150669625 0.826116071875 0.31417410625 0.8171875 0.32667410625
2 0.26791381875 1 0.264697265625 0.993359375 0.247119140625 0.9923828125 0.231494140625 0.98603515625 0.226123046875 0.9796875 0.185595703125 0.9533203125 0.177294921875 0.9416015625 0.161181640625 0.90693359375 0.157275390625 0.87275390625 0.161669921875 0.8693359375 0.184619140625 0.86201171875 0.189013671875 0.8556640625 0.147509765625 0.80341796875 0.139697265625 0.7951171875 0.136279296875 0.7951171875 0.113330078125 0.80439453125 0.090380859375 0.801953125 0.069873046875 0.81171875 0.031787109375 0.81318359375 0.001513671875 0.81953125 0 0.8200225296875001 0 0.84345703125 0.008349609375 0.84345703125 0.008837890625 0.84541015625 0 0.8524804687499999 0 0.8829890328125 0.008837890625 0.87958984375 0.014208984375 0.87275390625 0.020556640625 0.8732421875 0.026904296875 0.87763671875 0.035693359375 0.88935546875 0.042041015625 0.89228515625 0.045947265625 0.91376953125 0.053759765625 0.91376953125 0.086474609375 0.90546875 0.089404296875 0.907421875 0.085986328125 0.92890625 0.087939453125 0.9328125 0.092822265625 0.9328125 0.104541015625 0.9162109375 0.112353515625 0.91181640625 0.135302734375 0.93525390625 0.132373046875 0.97041015625 0.129443359375 0.97431640625 0.107958984375 0.97431640625 0.100634765625 0.98212890625 0.065966796875 0.99384765625 0.059814453125 1 0.26791381875 1
5 0.3568866796875 1 0.353369140625 0.98369140625 0.360205078125 0.98076171875 0.368994140625 0.97099609375 0.381689453125 0.93974609375 0.4 0.9150268562499999 0.4 0.9063259546874999 0.388037109375 0.88505859375 0.389013671875 0.8640625 0.385107421875 0.8494140625 0.382177734375 0.84697265625 0.359228515625 0.8484375 0.342138671875 0.85966796875 0.326025390625 0.86552734375 0.315771484375 0.84892578125 0.310888671875 0.82548828125 0.307470703125 0.823046875 0.296728515625 0.823046875 0.291845703125 0.8259765625 0.290380859375 0.834765625 0.285986328125 0.840625 0.251806640625 0.83818359375 0.157568359375 0.87041015625 0.155615234375 0.87529296875 0.160009765625 0.90849609375 0.170263671875 0.93193359375 0.182470703125 0.95244140625 0.241064453125 0.99150390625 0.249853515625 0.99443359375 0.264013671875 0.99443359375 0.275146484375 1 0.290771484375 1 0.292822265625 0.998828125 0.301123046875 0.9900390625 0.307470703125 0.9890625 0.324970703125 1 0.3568866796875 1
5 0 1 0.057373046875 1 0.0619140625 0.99091796875 0.0658203125 0.9875 0.08681640625 0.981640625 0.117578125 0.9826171875 0.12490234375 0.98505859375 0.12978515625 0.98310546875 0.13369140625 0.9630859375 0.134375 0.9453125 0.134375 0.9371744796874999 0.1302734375 0.9298828125 0.1146484375 0.9142578125 0.11171875 0.9123046875 0.105859375 0.91328125 0.09755859375 0.92158203125 0.1 0.93330078125 0.08974609375 0.93427734375 0.0873046875 0.93232421875 0.08779296875 0.91181640625 0.08583984375 0.9083984375 0.053125 0.91376953125 0.0453125 0.91328125 0.0384765625 0.891796875 0.02431640625 0.87470703125 0.01650390625 0.87177734375 0.01015625 0.876171875 0.00625 0.88251953125 0.00234375 0.883984375 0 0.883984375 0 1
5 0.312646484375 0.739208984375 0.312646484375 0.742138671875 0.309716796875 0.742626953125 0.295556640625 0.737255859375 0.285791015625 0.737255859375 0.276513671875 0.730419921875 0.250634765625 0.725537109375 0.222802734375 0.714306640625 0.168115234375 0.711865234375 0.163720703125 0.715283203125 0.152490234375 0.715771484375 0.128564453125 0.724560546875 0.084619140625 0.731396484375 0.066064453125 0.730419921875 0.064111328125 0.733349609375 0.064599609375 0.749951171875 0.071923828125 0.762646484375 0.084619140625 0.776806640625 0.111474609375 0.792431640625 0.124658203125 0.793896484375 0.167626953125 0.789990234375 0.187158203125 0.790966796875 0.168603515625 0.797802734375 0.167626953125 0.799755859375 0.168115234375 0.8 0.17925415 0.8 0.198388671875 0.797314453125 0.206689453125 0.792919921875 0.207177734375 0.785595703125 0.202294921875 0.777294921875 0.180810546875 0.768994140625 0.181787109375 0.761669921875 0.186669921875 0.754833984375 0.199853515625 0.753369140625 0.200830078125 0.743603515625 0.203271484375 0.739697265625 0.211572265625 0.742138671875 0.247216796875 0.763134765625 0.287255859375 0.776318359375 0.324853515625 0.786083984375 0.352685546875 0.788525390625 0.3546875 0.7865234375 0.3546875 0.7804931640625 0.353662109375 0.774853515625 0.345361328125 0.753857421875 0.338037109375 0.746044921875 0.321923828125 0.735791015625 0.315576171875 0.735791015625 0.312646484375 0.739208984375
7 0.5476769171875 0.5390625 0.5065228171875 0.569928075 0.46436011875 0.6034102171875 0.4390625 0.6180991578125 0.4390625 0.7000177921875 0.45071924531249996 0.6939360109375 0.47428075312499995 0.7088169640624999 0.49424448125 0.7265625 0.504461184375 0.7265625 0.5152033734375 0.7236979156250001 0.5499255953125 0.6988963296875 0.5834077375 0.6889756953124999 0.61688988125 0.6654141875 0.642931546875 0.662934028125 0.6726934515625 0.6492931546875 0.70245535625 0.625731646875 0.717336309375 0.60713045625 0.7322172609375001 0.572408234375 0.75205853125 0.5649677578125 0.766939484375 0.5562872015625 0.7841641875 0.5390625 0.5476769171875 0.5390625
7 0.6105056281250001 1 0.6042782734375 0.9869791656250001 0.5955977171875 0.97705853125 0.5844370031249999 0.9720982140625001 0.5869171625 0.9224950390625001 0.5844370031249999 0.8790922609375 0.5596354156250001 0.8294890875 0.5298735109375 0.7823660703125 0.502591765625 0.7315228171875 0.4728298609375 0.7067212296875 0.45422867031249997 0.6943204359374999 0.4390625 0.69684813125 0.4390625 0.8921483921875 0.44554811406250006 0.9076140875 0.4604290671875 0.9410962296874998 0.4914310515625 0.9658978171874999 0.5261532734375 0.991939484375 0.5374379953125 1 0.6105056281250001 1
3 0.641232640625 0.6601190484374999 0.6189112109374999 0.6663194453125 0.5879092265625 0.6849206359375 0.563107640625 0.6948412703125 0.5494667671875 0.7060019843750001 0.5494667671875 0.7072420640625 0.5680679578125 0.7766865078125 0.6189112109374999 0.8510912703125 0.6437127984375 0.8944940484374999 0.6486731156250001 0.9118551593750001 0.6437127984375 0.927976190625 0.6598338296875 0.9515376984374999 0.6804687453125 0.953125 0.694023946875 0.953125 0.7218377984375 0.9403769843750001 0.728125 0.9183717796875 0.728125 0.9123582750000001 0.7119171640624999 0.8845734125 0.7032366078125 0.8771329375000001 0.6933159734375 0.802728175 0.6771949421875 0.727083334375 0.6548735125 0.6911210328124999 0.641232640625 0.6601190484374999
7 0.8621899796874999 0.7805555562500001 0.8349082328125 0.753273809375 0.7927455343750001 0.6974702390624999 0.767943946875 0.6602678578125 0.7394221218749999 0.6243055562500001 0.7084201375 0.6243055562500001 0.6749379953125001 0.6416666671875 0.64269593125 0.659027778125 0.641455853125 0.6615079375 0.6563368046875 0.6949900796875 0.6712177578125 0.724751984375 0.6798983125 0.7359126984375 0.689818946875 0.774355159375 0.707180059375 0.800396825 0.7245411703125 0.8326388890625 0.72578125 0.8549603171874999 0.7493427578125 0.881001984375 0.7716641859375001 0.8921626984375 0.79150545625 0.9008432546874999 0.8088665671874999 0.928125 0.826227678125 0.9492063500000001 0.8427207296875 0.9515625 0.8554522140625 0.9515625 0.8783110109375001 0.9417658734375 0.8921875 0.9246871171875 0.8921875 0.915190975 0.8869915671874999 0.899603175 0.8783110109375001 0.8872023812500001 0.8721106140625 0.8698412703124999 0.8646701374999999 0.8611607140625 0.8708705343750001 0.83759920625 0.8621899796874999 0.7805555562500001