3 0.6993388796875 0.44068703593749997 0.6534957703125001 0.45182248437499994 0.5975827375 0.47216016562499996 0.575018440625 0.49819522968749996 0.5754501296875 0.5229265937500001 0.5808795671875 0.5409248296875 0.5957642937500001 0.5633508375 0.6087498953125 0.5746606 0.619910796875 0.5791181421875 0.642936553125 0.5795200578124999 0.77599345 0.5341000046875 0.7978240249999999 0.514872503125 0.8194164265625 0.4820001125 0.8489371421874999 0.46375938593750005 0.8453026328125001 0.45090775625 0.840979059375 0.44742210625 0.7966182765625 0.44579523906249996 0.7708405890625001 0.434262190625 0.74779995 0.43300746874999996 0.7359499828125 0.43791590312500006 0.6993388796875 0.44068703593749997
3 0.352523525 0.352788946875 0.337847196875 0.34230221875 0.31992339062499997 0.34113681093750003 0.306442240625 0.350279503125 0.2991391359375 0.371465675 0.2859110453125 0.3951060625 0.287344396875 0.428380371875 0.28282299375000003 0.4624032859375 0.28894149062499996 0.47103554374999995 0.3018228921875 0.4763756640625 0.309468371875 0.47480402499999996 0.3144661203125 0.46807089375000005 0.3207824515625 0.43919458593750005 0.3376301625 0.42755302031250003 0.359029053125 0.3835941515625 0.352523525 0.352788946875
3 0.3902467453125 0.4625732828125 0.3834435015625 0.4147119609375 0.38296715625 0.387422178125 0.3777461203125 0.3813632234375 0.3641012296875 0.38112504999999997 0.35398664687500003 0.38776886718750003 0.3368369 0.4309493578125 0.33717495625 0.49915893125000005 0.34160273124999996 0.5086142234375 0.3535866671875 0.511381040625 0.36284844375 0.5047223390625 0.369373175 0.4877853109375 0.3844855046875 0.4744083640625 0.3902467453125 0.4625732828125
3 0.36681475625000004 0.48774065312500003 0.3611726046875 0.506398178125 0.3484996046875 0.5129973375 0.336858040625 0.5298450531250001 0.3397588296875 0.5495042406249999 0.3510685921875 0.5624898421875 0.3555410203125 0.57450355 0.352621028125 0.6025865968749999 0.36126817187500004 0.6095579 0.36894342343750003 0.609691871875 0.376529359375 0.6047090109375 0.378715634375 0.583433525 0.390372084375 0.567438615625 0.3869800625 0.5196368375 0.39316242031250004 0.483085278125 0.389483253125 0.46767523281249995 0.36681475625000004 0.48774065312500003
3 0.29579370781250003 0.47286024375 0.28633841718749997 0.46843246875 0.28101318124999997 0.4564038734375 0.25885511875 0.45686964999999996 0.2570558765625 0.5003180859375 0.26578801875 0.5610012640625001 0.2608200421875 0.56944000625 0.2593228328125 0.581349515625 0.2671618265625 0.5908643515625001 0.2782631859375 0.5919106703125 0.287465421875 0.581840746875 0.293077803125 0.5614776078125 0.310659234375 0.543028484375 0.3191128640625 0.5389133125 0.32393198125 0.5219465140625 0.32812158281250003 0.5177569125 0.3285427015625 0.49304043281250004 0.3228453203125 0.4596916953125 0.30599760625 0.47133326093749994 0.29579370781250003 0.47286024375
3 0.5818471421875 0.596357203125 0.5569073718750001 0.583986234375 0.5278822062499999 0.58177450625 0.522824915625 0.5850964140625 0.518784175 0.597814071875 0.523479890625 0.6226198671875001 0.51954335 0.6413071640625 0.5306744812499999 0.6440590984375001 0.5912088 0.64426318125 0.64939310625 0.6563618875 0.6542271093750001 0.6402478953124999 0.6514454078125 0.62741115 0.6344041781249999 0.627966240625 0.6162570859375001 0.6140087484375 0.5922594390625 0.6067695 0.5818471421875 0.596357203125
3 0.774362265625 0.5383342625 0.761540409375 0.5364053656250001 0.68023671875 0.567382946875 0.6390744390624999 0.602471384375 0.629049171875 0.614232034375 0.6274626453125001 0.621024709375 0.635197440625 0.62456990625 0.6531063625 0.62488250625 0.6501714828125 0.652112746875 0.6553180890625 0.6539076734375 0.6765191453125 0.6474573718750001 0.7139532828124999 0.6429955109375001 0.7232448328125 0.6380424203125 0.7370875546875 0.6007720265625001 0.76792685 0.5603881234375 0.7753043859375001 0.5434659828124999 0.774362265625 0.5383342625
3 0.5797905234375 0.6739029828125 0.5916702609375 0.670700159375 0.600064346875 0.6631737656250001 0.6271308421875 0.650858025 0.5954728296875 0.6443376093750001 0.57075635 0.6447587296874999 0.560656653125 0.6522553515625 0.5607459687499999 0.6573721859375 0.5695419703125 0.672871546875 0.5781444546875 0.67728443125 0.5797905234375 0.6739029828125
3 0.2554674140625 0.36047283281250003 0.23342843750000003 0.36776105000000003 0.22672507656250002 0.3744644109375 0.192008784375 0.4369468328125 0.1906753171875 0.4582372046875 0.19973926250000001 0.48908706874999996 0.1931698765625 0.5034656796875 0.1925850140625 0.518801296875 0.20212962031249998 0.528345903125 0.2183627 0.53033434375 0.2426028359375 0.50262344375 0.251477584375 0.4737917921875 0.281940415625 0.46068278906250004 0.289050009375 0.42841014375 0.2876315421875 0.395988640625 0.2932439234375 0.37562550156249996 0.27427379687500003 0.363358734375 0.2554674140625 0.36047283281250003
3 0.19605577968750001 0.5222720625 0.194052453125 0.505186178125 0.20142998906249998 0.48826403437500004 0.19606009687499998 0.4736770234375 0.1860646 0.487143284375 0.1754544703125 0.514239553125 0.1797588390625 0.565467440625 0.16907428124999999 0.5882996796875 0.17441440156250002 0.6011810796875 0.1872511453125 0.603962784375 0.1956898875 0.5989948078125 0.20888820625 0.5736488078125 0.22403030937500001 0.5619774718749999 0.23424909062500002 0.5613032953125 0.24862770312500002 0.554733909375 0.2595206625 0.543840946875 0.2476303546875 0.497595925 0.23145682031249998 0.49901870625000005 0.228253996875 0.5108984421875 0.2174354671875 0.52605543125 0.20380546093750002 0.5266700640625 0.19605577968750001 0.5222720625
3 0.7677909421875 0.40607494375000003 0.74391238125 0.40565814375000003 0.7167416828125 0.41200424375000005 0.6868934828125 0.41148324062499997 0.6606500203125 0.42210825625000004 0.6164976359375001 0.432420671875 0.592034215625 0.44733948593750006 0.5547340484375 0.4594765984375 0.5448874125 0.4814709171875 0.5679875937500001 0.4861368625 0.6112425140625 0.4732511453125 0.639969965625 0.45840675937500003 0.7028394171875 0.44586341406249996 0.7403777546875 0.44737119375 0.7471257734375001 0.443226253125 0.7495353296875 0.43474285312500005 0.762342303125 0.4358189453125 0.772516428125 0.43258635312499993 0.7774844062499999 0.424147609375 0.7773206609375001 0.414766746875 0.7677909421875 0.40607494375000003