10 0.3 0 0.1102582421875 0 0.090307634375 0.19552861875 0.083135553125 0.2599913484375 0.078125 0.2888711390625 0.078125 0.2957925671875 0.07820163125 0.300815815625 0.0832624484375 0.315398865625 0.09052821093749999 0.32217110781249997 0.10375940937499999 0.32526664843750003 0.16453725156250001 0.328125 0.21041253124999998 0.328125 0.3 0.3258561734375 0.3 0
10 0 0 0 0.2823001265625 0.05312327812499999 0.2859375 0.0736177015625 0.2859375 0.0782471140625 0.27962296875 0.0820982046875 0.255071246875 0.0912290453125 0.162505209375 0.11067508125 0 0 0
10 0.3 0.328842178125 0.21742302812499997 0.3284038453125 0.20554500468749998 0.3322971375 0.189473046875 0.328573340625 0.164696078125 0.3303760328125 0.10101537187500001 0.3303491015625 0.0933358109375 0.33246121875 0.087004903125 0.3509604328125 0.0822778796875 0.38734271875 0.0815288453125 0.4545808015625 0.07882855625 0.48116527031249995 0.0801243546875 0.501012478125 0.0780644046875 0.526637746875 0.082937965625 0.5580303203125 0.0881573515625 0.562233040625 0.09055721562499999 0.5625 0.1002779765625 0.5625 0.147899353125 0.5561388546875 0.18527170625 0.5489926374999999 0.2113822109375 0.5418114390625 0.2826699828125 0.530819021875 0.3 0.5267195890624999 0.3 0.328842178125
4 0.8440335031250001 0.2924960453125 0.8601090359375 0.309143503125 0.8595143765625 0.3170135328125 0.8344252796875 0.336238265625 0.8421774234375 0.358769296875 0.842105321875 0.40143245 0.8645779125 0.41683586093749997 0.8820806296875 0.414595240625 0.89349439375 0.47208437343750004 0.92634061875 0.50625 0.9283210859375 0.50625 0.9453123625 0.495351121875 0.96785705625 0.46809138125 0.9669776984375 0.43802027812500005 0.98125 0.426803265625 0.98125 0.41807983593750003 0.9793681921874999 0.3991650578125 0.95565945 0.3584125625 0.9052452484375 0.29571316406250003 0.87238059375 0.2718622890625 0.8598243390625001 0.2712023671875 0.8440335031250001 0.2924960453125
4 0.7261995265625 0.22774388750000002 0.7348076078125 0.259801446875 0.7569234046875 0.279926875 0.7708581578125 0.3249064484375 0.7682416562500001 0.3595345890625 0.7614877984375 0.36550065625 0.7598227515625 0.38753674375 0.7465763187500001 0.41686543593750003 0.7097148062499999 0.4876199265625 0.684375 0.511466840625 0.684375 0.5124320703125 0.6852437890624999 0.5195191984374999 0.7110388015625 0.5359375 0.7130522515625 0.5359375 0.7346128703125 0.5126323562499999 0.7717122437499999 0.4387298515625 0.8049823796875 0.3946509796875 0.8128066234375 0.37451885625000003 0.815625 0.3372190703125 0.815625 0.33461867500000003 0.795900421875 0.2645925703125 0.7734044156250001 0.2286445859375 0.7617996171875 0.2153926125 0.7206115765625001 0.1974253125 0.70988613125 0.21424444375 0.7261995265625 0.22774388750000002
4 0.5255112875 0.28042781875 0.5024440359375 0.272894440625 0.488080384375 0.2753000421875 0.45081524531249995 0.3096874046875 0.445558821875 0.35839911562500004 0.45212164374999997 0.39667020937499997 0.5015141421875 0.4103279421875 0.5144662703125 0.4234375 0.5483801843749999 0.4234375 0.5990395703125 0.39174974375 0.6046875 0.3714264625 0.6046875 0.35566537343750004 0.6025841140624999 0.3239849796875 0.5795889640625 0.273788446875 0.5660578375 0.265176003125 0.5544764531249999 0.2724686046875 0.537211603125 0.2715612125 0.5255112875 0.28042781875
4 0.574627453125 0.6279245953125 0.58412939375 0.64375 0.5974906421874999 0.64375 0.623282940625 0.6304817921875 0.6199547 0.5702570953125 0.671875 0.507371825 0.671875 0.494348025 0.6715366578124999 0.4923749828125 0.65075253125 0.4754800546875 0.6223099234375 0.5182323921875 0.5984335640625 0.5422616328125 0.580121740625 0.5760648734375 0.574627453125 0.6279245953125
4 0.84277943125 0.5203402109375 0.8345281437499998 0.48356063125000004 0.8617814312500001 0.45654835781249997 0.8717698687500001 0.42862869375 0.8649925953125 0.4140501859375 0.8375735468750001 0.4015473171875 0.809725596875 0.436429621875 0.7756950375 0.44886338593749997 0.7604988640625 0.46228703125 0.729178471875 0.5222709484375 0.7313660796875 0.5350279812500001 0.785229309375 0.5520811953125 0.8134808828125 0.55356601875 0.836167921875 0.54527684375 0.84277943125 0.5203402109375
4 0.6659720046875 0.357762765625 0.641335221875 0.350146896875 0.6174588625 0.3741761375 0.6135106921875 0.40557377656250004 0.6441156375 0.45933077187500004 0.6894410296875 0.5059601484375 0.7168132484374999 0.47737386718749997 0.7554821578124999 0.40355385312500003 0.7566714765625 0.3878137890625 0.7456613375 0.366691784375 0.7186225 0.37001147031250003 0.7006206390624999 0.35800354375 0.6659720046875 0.357762765625
4 0.921256028125 0.5244647203125 0.9168087109374999 0.541613809375 0.8870344359375 0.5811356437499999 0.8878903749999999 0.5906621734375 0.8982824390624999 0.5991096375 0.9201369546875 0.6018385046875 0.9428239937499999 0.593549328125 0.9654876171875 0.5647155796875001 0.9707674578125001 0.53654844375 0.9563803921874999 0.5184094703125 0.9422546031250001 0.517667059375 0.921256028125 0.5244647203125
4 0.8655314031250001 0.6796875 0.8654159312499999 0.6795556375 0.8818014281250001 0.6503919265625 0.8816590812499999 0.631421359375 0.8950478578125001 0.6210632359375 0.8888652499999999 0.5986146953125 0.8370472781250001 0.5753479453125 0.8197590109374999 0.5538959796875 0.78463465 0.559951228125 0.7389758750000001 0.538588446875 0.7071095078125 0.5432346671875 0.69754996875 0.5237691578125 0.6743637859375 0.5178097859374999 0.6427587 0.5398525703125 0.6184066125000001 0.5701778359375 0.6172172921875 0.5859179 0.6295825140625 0.63081498125 0.675026840625 0.6758703500000001 0.704729015625 0.6790116703125 0.7055604203125 0.6796875 0.8655314031250001 0.6796875
4 0.6518677796875 0.48186180156249997 0.652700303125 0.47084375625 0.6357688343750001 0.444669771875 0.622594503125 0.4313353109375 0.5620963484375 0.418674153125 0.51755479375 0.4242344625 0.4925378 0.4007960375 0.45522583125000005 0.39409425468750003 0.443073203125 0.42980146093749994 0.4462356828124999 0.4505110140625 0.509562934375 0.50914831875 0.533747403125 0.5436047859375 0.5533187953125001 0.555695203125 0.58361563125 0.550966490625 0.585565375 0.5668715375 0.6518677796875 0.48186180156249997
4 0.5927518328125 0.304926546875 0.600669740625 0.3669727203125 0.6139630031250001 0.3787331765625 0.6407405609375 0.35801692812499997 0.6878265203125 0.360491634375 0.7153645015625 0.3714204953125 0.7644957203125 0.3676816671875 0.7695611125 0.3632071171875 0.7702278734375 0.31267393125 0.7573869234374999 0.274072875 0.7381723265625 0.2572604390625 0.7254503078125001 0.2170853765625 0.6768903359375 0.1924096015625 0.642598496875 0.187446803125 0.6230739375000001 0.21644553437499997 0.629970140625 0.22945003593750002 0.626497696875 0.2545516484375 0.6020032625 0.265906346875 0.5927518328125 0.304926546875
4 0.8293943593750001 0.3221045828125 0.8057090312499999 0.301896665625 0.811581678125 0.370156371875 0.8034006390624999 0.3950105140625 0.7641136546875 0.45615598593750006 0.8112951296875 0.4365121125 0.8394998734375001 0.3969077875 0.8427110375 0.354409615625 0.8293943593750001 0.3221045828125
0 0.6133473765625 1 0.611865553125 0.99462335 0.6106681625 0.979713740625 0.6212302046875 0.9669729578125 0.625119971875 0.9493916359375 0.6252212671875 0.9380202953125 0.6307736890625 0.926471753125 0.6317063109375 0.9181168046874999 0.62021233125 0.82593485 0.6224436375 0.821118171875 0.6466624968750001 0.8215392906249999 0.65 0.7972549203125 0.65 0.7761852078125 0.6348345906249999 0.7451670921875 0.6211498265625 0.7230996359375 0.6111543421875 0.71559225 0.5995220515625 0.7015589265625 0.589085053125 0.6930365015625 0.574054103125 0.6872145093750001 0.5573646921875 0.6941571640624999 0.5520707453125 0.700774134375 0.5234689109375 0.7179056125 0.5099713734375 0.7205821875 0.4958255453125 0.7261889859374999 0.4880397125 0.7331554953125 0.49053579375 0.751603378125 0.4930940546875 0.816058496875 0.4969125703125 0.828152778125 0.5041576937500001 0.8409412796875 0.509869396875 0.8452312125000001 0.504342821875 0.8562865984375 0.5029686890624999 0.863626509375 0.5116396390625 0.868088784375 0.5156907859375 0.875744653125 0.5137459015625 0.8845353125 0.5034681875 0.8918513671875001 0.496537434375 0.8919424015625002 0.49230745000000004 0.8971373437500001 0.48647070000000003 0.9141106171875 0.48517620624999996 0.929369765625 0.5081607203124999 1 0.6133473765625 1
0 0.391711615625 0.6796875 0.36413100468750004 0.7293218828125 0.337590025 0.7920823359375 0.3290308546875 0.8232422749999999 0.3214106 0.874243396875 0.3199177109375 0.93104265 0.32203236562500004 0.9850840203125 0.3241451375 1 0.485471196875 1 0.484138325 0.9786954546875 0.48587223437500004 0.9550526296875 0.48459310312500004 0.9228250703124999 0.48637870625 0.8981959312499999 0.49138203437500005 0.8688075578125 0.4927219296875 0.8243659624999999 0.4902775453125 0.8049317671875 0.4911025828125 0.7797520265625 0.48727357812500005 0.720664190625 0.52010959375 0.7171351875 0.5604687671875 0.692773825 0.5735764890625 0.6880958953125 0.581493653125 0.688062309375 0.5926047921875 0.69316135625 0.599225371875 0.6989882093750001 0.6056391640625 0.708760321875 0.6325888328125 0.7325896171874999 0.6384318765625 0.7438124765625 0.6523276156250001 0.7807320953125 0.650597903125 0.823172340625 0.6494564 0.8260738375000001 0.6471196031249999 0.8234644375 0.6431739453125 0.8232346515625 0.637490184375 0.8278502703124999 0.6338051015625 0.832087621875 0.6324568140625 0.838934378125 0.6309185234375001 0.9249160734374999 0.626794025 0.9375371031249999 0.6223614515625 0.965474725 0.6119824421875 0.9841621171874999 0.614225796875 1 0.6511077265624999 1 0.6682492984375 0.9394566875000001 0.6856582546875 0.8999082109375 0.7132569 0.8075296015625 0.7193542265625 0.7950234671875 0.7399250171875 0.73290465 0.7523222625 0.685149703125 0.753001575 0.6796875 0.391711615625 0.6796875