1 0.409375 0.262961603125 0.1986988984375 0.1906757703125 0.1971126796875 0.18952420781249998 0.1786298796875 0.21733985625000002 0.2017774703125 0.22203037656250002 0.19388328125 0.24278922656250002 0.20841580624999997 0.2493468359375 0.22444780937500003 0.354299353125 0.20649043906250003 0.38712943593750004 0.3451741640625 0.4493828921875 0.3514216078125 0.44894469062500003 0.3719388609375 0.45255688281250006 0.40238475625000003 0.4668380671875 0.409375 0.444762790625 0.409375 0.262961603125
5 0 0.4747267625 0.044284331249999996 0.4676928171875 0.051518546875 0.4646597625 0.038373232812500005 0.4112804546875 0.09625334062499999 0.33902833593750004 0.0974419203125 0.3023231421875 0.109375 0.2880088828125 0.109375 0.28709574375 0.0689759375 0.234864578125 0 0.20869175625 0 0.4747267625
8 0.409375 0.2102186796875 0.387922209375 0.2048431640625 0.336197815625 0.185538490625 0.32716123124999996 0.1846767140625 0.318409115625 0.1912730265625 0.3146679390625 0.20300176718750002 0.3063558671875 0.218540865625 0.30739301406249997 0.22843884218750002 0.3327618234375 0.23812578593749997 0.3660767203125 0.2477539234375 0.409375 0.26495554062500004 0.409375 0.2102186796875
5 0.03796156875 0 0.02594835625 0.015587306249999999 0.0401445328125 0.07899547968750001 0.0365915109375 0.093135728125 0.0501090640625 0.1078125 0.0507161203125 0.1078125 0.05066269375 0.10730262500000001 0.052415253125000005 0.098339946875 0.06658242656249999 0.067038534375 0.0705563 0 0.03796156875 0
1 0.3096478546875 0.5 0.3128641515625 0.4961419109375 0.31326140625 0.4759089 0.316353084375 0.469377940625 0.3091518171875 0.43452403593750005 0.2112101140625 0.3908808734375 0.22389726875 0.42787563593750005 0.21416088906250003 0.45507780625 0.20856705468749998 0.48577788125000004 0.19602027187499999 0.5 0.3096478546875 0.5
5 0.32195503125 0.1383161765625 0.29680202968749997 0.1258162 0.24159104375 0.143061446875 0.2416837796875 0.143946459375 0.2148453 0.1761404109375 0.20709185625 0.1784672703125 0.19780491718749998 0.1915998609375 0.30820111250000004 0.2275407859375 0.308388828125 0.212371878125 0.3154003953125 0.2029649390625 0.3145657828125 0.19499985312499998 0.32097345625 0.188309815625 0.3235270265625 0.18723919375 0.33276647187499997 0.1821335609375 0.3328125 0.1818092234375 0.3328125 0.17716475468749998 0.32942577968750003 0.167212140625 0.32673423125 0.1584857859375 0.324320884375 0.152414459375 0.32195503125 0.1383161765625
9 0 1 0.13125586875 1 0.1317825046875 0.996588653125 0.1436756359375 0.9071491984375001 0.14819252031250002 0.8826877640624999 0.1513278515625 0.8489370624999999 0.1582369046875 0.8032324781250001 0.159375 0.7984591453125001 0.159375 0.7856275171875 0.1588322875 0.78095635625 0.1532217484375 0.77860483125 0.140869109375 0.7768869734375 0.13047210468749998 0.773951165625 0.103560340625 0.771729025 0.06796659375 0.7655993421874999 0.0433533015625 0.7644189203125 0.00329548125 0.759463446875 0 0.7588378703125 0 1
9 0.409375 0.7260305796875001 0.40865216249999997 0.725078428125 0.40635368906249997 0.7240367093750001 0.388190771875 0.72121589375 0.378238815625 0.7230456421875 0.3374944765625 0.7258409109375 0.32162449375 0.7300715625 0.313224015625 0.726920159375 0.289743140625 0.710484465625 0.2859293875 0.7091659109374999 0.28076942968749996 0.7055701937500001 0.27958676250000003 0.70730244375 0.2777073546875 0.7165348453125 0.2758773421875 0.7515603578125 0.2737415546875 0.7667981390625 0.2628309390625 0.7881431593749999 0.2613101203125 0.793876075 0.259547828125 0.8121252859375 0.2599306921875 0.8276573921875 0.2667945921875 0.8423008703124999 0.27165175 0.8569093562500001 0.27789131093749997 0.8685370265625 0.29190530312499996 0.9048404578125 0.30398878125 0.9491233484375 0.305324765625 0.951149925 0.3489557171875 0.95767016875 0.3700210046875 0.9640473359375001 0.377597403125 0.9654314968750001 0.385684546875 0.96875 0.389747046875 0.96875 0.3911633765625 0.966168871875 0.3909440484375 0.9546461781249999 0.3955065015625 0.9374474359375 0.39738122656249997 0.9219546953125001 0.396000528125 0.9003953453125 0.3920547546875 0.8835490609375001 0.39203985 0.8770381359374999 0.38993643125 0.8684875125 0.3900339578125 0.8647330609375 0.39504784531250003 0.8340200390625 0.40655469687499995 0.7781288109375 0.408271421875 0.752616909375 0.409375 0.74694651875 0.409375 0.7260305796875001
9 0.1711309421875 1 0.1790332375 0.9731687171875001 0.219720790625 0.987650759375 0.3140625 0.9855713671874999 0.3140625 0.9827335390624998 0.29731409375 0.9238971359375 0.2772039671875 0.860943928125 0.25952318124999996 0.8268302484374999 0.24038405625 0.7876829375 0.2144368921875 0.765945625 0.1857263671875 0.7378998703125 0.1756439140625 0.7364720078125 0.1647674921875 0.746298759375 0.16121015625 0.7512449312499999 0.138639621875 0.7508513625 0.10397074375 0.755255034375 0.0891472515625 0.766265009375 0.1535570453125 0.7786566015625 0.1366829234375 0.9486412734375002 0.1683395734375 1 0.1711309421875 1
9 0.1066364 0.5377497046874999 0.076876525 0.5397348734375 0.055658298437499996 0.578178459375 0.13986791406250002 0.7073560359375 0.22664014531249999 0.7764798578125001 0.3078125 0.6570282640625 0.3078125 0.6561653375 0.268156403125 0.6269576906250001 0.20287781875 0.593266084375 0.1549496734375 0.5548688187499999 0.1066364 0.5377497046874999
9 0.006619065624999999 0.5 0.0311445609375 0.507741184375 0.039768674999999996 0.5041354124999999 0.07705220625 0.527322453125 0.12260211562500001 0.5381331281249999 0.18512178125 0.54375 0.1919598796875 0.54375 0.2050814984375 0.502009825 0.20652698281249998 0.5 0.006619065624999999 0.5
9 0.2064212171875 0.5 0.20335605 0.5031371921875001 0.2040204203125 0.5194254375 0.19365505 0.5417816078125 0.1485139828125 0.54099446875 0.1350690203125 0.543264125 0.137484240625 0.54706239375 0.1670398453125 0.5651064765625 0.19669765625 0.58565644375 0.2504354453125 0.6128865546875 0.296956359375 0.6475031265625 0.30849715 0.6539646218749999 0.27788838125000004 0.7022608703125 0.291513965625 0.7109375 0.292518796875 0.7109375 0.3200616625 0.6917278015624999 0.32878798593749997 0.690627915625 0.364027303125 0.6636972765625 0.393201453125 0.6416690796875 0.404026771875 0.6305893874999999 0.4078125 0.6112242421875 0.4078125 0.60914789375 0.3695850953125 0.5849149875 0.3568414890625 0.5796845703125 0.334860503125 0.56302461875 0.31047389375 0.548826821875 0.283068390625 0.5220558750000001 0.2705982375 0.5 0.2064212171875 0.5
9 0 0.7587023234375 0.08235600937500001 0.767167021875 0.090382990625 0.7673069921875 0.1029204640625 0.7612653578125 0.10999049375 0.7563804375000001 0.1227890328125 0.7505937640625 0.1325570109375 0.744253428125 0.1382344140625 0.742098734375 0.15121224687499998 0.73456231875 0.15338806875 0.732596978125 0.154468525 0.7283588453125001 0.1402948265625 0.7065764203125 0.12729825625 0.68907149375 0.11920058124999999 0.674907321875 0.10940833125 0.6622160625 0.10107003437499999 0.6482981046875 0.0987306765625 0.64625403125 0.0957056546875 0.63969061875 0.0925626625 0.63638048125 0.0897987046875 0.63007203125 0.08182368281249999 0.6189149203125 0.0736851234375 0.603748396875 0.0684331765625 0.5978973828124999 0.06586341875 0.5963501124999999 0.057878175 0.5849424125 0.05607116875 0.583658853125 0.0527999859375 0.5833514015625 0.05165351875 0.5798256687500001 0.048090609374999996 0.578511490625 0.0462891375 0.5712181828125 0.03360559375 0.5429510750000001 0.028174349999999997 0.53884980625 0.0264955328125 0.534563559375 0.0217657109375 0.5292224703125 0.01557171875 0.524857490625 0.0112665 0.5237807796875 0.006771765625 0.5242032234375 0 0.5269303890625 0 0.7587023234375