8 0 0.4796875 0.2 0.4796875 0.2 0.45284773593749994 0.1959402578125 0.43351639375 0.188085990625 0.4173274546875 0.1701850625 0.39474334375 0.1519824015625 0.3805948015625 0.1264684796875 0.3688732421875 0.093351640625 0.3620997203125 0.066258771875 0.36152910625 0.045974303125 0.3645431796875 0.010654987500000001 0.3734779390625 0 0.3776837015625 0 0.4796875
7 0.555589740625 0.4796875 0.545076696875 0.3529887265625 0.53661394375 0.353610321875 0.46376283125000006 0.3689598140625 0.45025661875 0.369159284375 0.433502071875 0.372462784375 0.29972710937499997 0.41411324218749995 0.28855405 0.4182870796875 0.27762234375 0.4253695875 0.2661374796875 0.4438934984375 0.2594597453125 0.45999145312499995 0.25858478281249997 0.4675546234375 0.2599378015625 0.4796875 0.555589740625 0.4796875
8 0.2588806875 0.4796875 0.25849185 0.4768487484375 0.2570437375 0.45939670625 0.262947109375 0.44000245937500004 0.27721768281250003 0.424870971875 0.2949276453125 0.4149738625 0.3770309953125 0.3904094515625 0.40327913125 0.38079970625000004 0.48361248593750006 0.3590478375 0.5440319437500001 0.3387400375 0.5405162406249999 0.29637026718750004 0.5074471828125 0.296208540625 0.4754566546875 0.3030088328125 0.3510847515625 0.34329799843750003 0.246514609375 0.37475574218749996 0.233119 0.382324059375 0.2257976609375 0.3906655546875 0.22279067343749998 0.3966782546875 0.2212519515625 0.408313978125 0.22465103437499997 0.4372063921875 0.23102313125 0.4796875 0.2588806875 0.4796875
8 0.2315091953125 0.4796875 0.22519375625000002 0.44787307031249995 0.22432234218749997 0.3971315015625 0.24570976875 0.3732061296875 0.32881208906250003 0.34860898906250004 0.49625707812500003 0.29424304375 0.5375 0.3005326890625 0.5375 0.2681698140625 0.5349794609375 0.23779333593750002 0.46471308906250003 0.09516666562500001 0.4266342859375 0.075 0.4259709390625 0.075 0.3704143078125 0.1055477421875 0.29572599374999997 0.17118744218749998 0.191034984375 0.2575240875 0.0820865921875 0.3529119984375 0.11339654218749999 0.368089384375 0.1510087328125 0.3787394171875 0.1911685296875 0.4200921203125 0.2021637296875 0.47212231562499996 0.200812975 0.4796875 0.2315091953125 0.4796875
0 0.8933818859375 0.1653623546875 0.8698692734375 0.1718827296875 0.8393290703125 0.175595415625 0.809295346875 0.18539871562500002 0.7999491578125 0.1922476484375 0.7949167171875 0.2001834578125 0.798299571875 0.22540631875 0.8099146734375001 0.2414254984375 0.8142694562500001 0.26067098125 0.8309682921875 0.29145260624999997 0.8542994703125 0.313664484375 0.8723864328125 0.31875 0.888832340625 0.31875 0.90764385625 0.3169937609375 0.9289285859374999 0.30576388125 0.9521571796874999 0.2825792421875 0.9686011625 0.2550925703125 0.9703125 0.23637707031250002 0.9703125 0.2195294140625 0.9637895796875 0.1972317390625 0.946129071875 0.17696714375 0.920236315625 0.16590623437500002 0.8933818859375 0.1653623546875
7 0.609375 0 0.609375 0.1201085359375 0.6166620671875 0.126383734375 0.629978046875 0.1319424984375 0.655212053125 0.12404101249999999 0.6591408140625 0.11829010312499999 0.6804460609375 0.116139525 0.69151365 0.10790948125 0.7031784328125 0.0914039265625 0.7046875 0.0821231609375 0.7046875 0.0713490328125 0.688666440625 0.047173196875000004 0.6895973375 0.0230372109375 0.6850200890625 0.0143653765625 0.6756431265625 0.007595353125 0.67294214375 0 0.609375 0
7 0.609375 0.321370496875 0.700972496875 0.393980334375 0.7378318671875 0.4066376765625 0.7675524078125 0.421774153125 0.798528896875 0.4475975109375 0.8255150765625 0.45193387031250004 0.8407851781250001 0.450077528125 0.8497976703125 0.459089065625 0.8662022296874999 0.46866677812499996 0.8672887906250001 0.46875 0.8752228484375 0.46875 0.887618709375 0.461229378125 0.8959724515625 0.45127852187500006 0.8984375 0.4425218109375 0.8984375 0.43740595625 0.8832126359375 0.4192856375 0.87433189375 0.4140665765625 0.8720629796875 0.3911984671875 0.8641131359375 0.361843421875 0.85285225 0.339043075 0.8311107171875 0.3116576078125 0.7902712984375 0.282052915625 0.71166051875 0.2177831796875 0.661899325 0.1648008234375 0.609375 0.11874130624999998 0.609375 0.321370496875
7 0.6591691765625 0.13778390625 0.6407095234375 0.14544777656250002 0.6716962703125 0.1758107875 0.696151646875 0.2049170703125 0.7312267265625 0.2328125 0.7389311140625 0.2328125 0.746347515625 0.23221247812499998 0.7688676765625 0.22259017656250002 0.78854224375 0.20745458437500003 0.7984856312499999 0.1923301375 0.7967334625 0.18009229375 0.8 0.1715138796875 0.8 0.155761046875 0.783831634375 0.1397672796875 0.78920803125 0.12051064843749999 0.788691290625 0.10988038281250001 0.7825141375 0.1018424859375 0.7710513 0.0986950921875 0.7614079171875 0.0921875 0.7500455781250001 0.0921875 0.7323593015625 0.0927056828125 0.7119250109374999 0.09870535625 0.6921186921875 0.11004846875 0.6591691765625 0.13778390625
7 0.609375 0.4796875 0.8213709187500001 0.4796875 0.815323159375 0.4691349265625 0.7979056359375 0.44737598749999996 0.7771668093749999 0.4276320953125 0.7471930265625 0.4094503109375 0.7111943578125001 0.39610241562500004 0.6336786125 0.3803311203125 0.609375 0.3656204890625 0.609375 0.4796875
10 0.609375 0.4796875 0.609375 0.8697673484375 0.6224442421874999 0.871875 0.6271397421875 0.871875 0.6348298906250001 0.8698038078125 0.6379263828124999 0.864397140625 0.6403125046875 0.79797814375 0.650838284375 0.7974881953125 0.658120596875 0.7897816750000001 0.6760144234375 0.788948765625 0.6809343765625 0.7592495640625 0.70082934375 0.4796875 0.609375 0.4796875
10 0.721636946875 0.4796875 0.7222156203125 0.4829057953125 0.719168115625 0.492520209375 0.702473840625 0.5059273656250001 0.6962081 0.6009446328125 0.697432146875 0.615622753125 0.708043665625 0.6224963609375 0.705999746875 0.6278540343750001 0.697579121875 0.6282459921875 0.6966245265625 0.63671048125 0.7092309718750001 0.634018671875 0.7146163390625 0.644293065625 0.6875065109375 0.6676575984374999 0.6831254671875 0.743642015625 0.6844230015624999 0.76463175625 0.7035653734375 0.7805808390625 0.7069068265625 0.7962129046875 0.70075058125 0.8101820500000001 0.6798337421875 0.82273325 0.671584590625 0.8378523203124999 0.66727703125 0.920148359375 0.671609821875 0.9304717484375 0.689662871875 0.9433140140624999 0.6940324078125 0.9567932109375 0.6826745078124999 0.976267015625 0.6586611796875 0.9942248812500001 0.6583441609375 1 0.7982246765625 1 0.798715309375 0.9929682640624999 0.8027541515625 0.9780451718750001 0.809020628125 0.9735434578125 0.796205971875 0.9583523421875 0.794896190625 0.9363106671875 0.8034025515625001 0.9432822640625 0.809681275 0.9398324875 0.8146134734375 0.9111852218750001 0.8251270078124999 0.9096433390625001 0.8281377687500001 0.8968731125 0.8396303906250001 0.8889706140625 0.8447095656249999 0.8729465890625001 0.85153870625 0.826318409375 0.842041009375 0.8246554890625 0.8377204656250001 0.8153840375 0.8413673765624999 0.7667989687500001 0.8475603656249999 0.755985634375 0.8492490953124999 0.720121796875 0.8553196062499999 0.69878909375 0.8550991453125001 0.6798542328125 0.83912675625 0.664810103125 0.8376455015625 0.6280413140625 0.8406562609374999 0.6152710875 0.8521488875 0.6073685890625 0.8572158109375 0.5902926265625 0.8576192562500001 0.5344909859375 0.8489536718749999 0.513844209375 0.8488066984374999 0.5012209703125 0.8507018125 0.4796875 0.721636946875 0.4796875