9 0.5296875 0.4890625 0.6363604828125 0.4890625 0.6397697328125 0.47822023593749996 0.6469207296875 0.356670703125 0.6397697328125 0.36532153749999996 0.6147412484375 0.3569762140625 0.5296875 0.3482936234375 0.5296875 0.4890625
9 0.6326187375 0.055479201562500004 0.6674046609375 0.20360360625 0.839997615625 0.18846061249999999 0.83284661875 0.04499530625 0.6326187375 0.055479201562500004
9 1 0.034187126562499996 0.836422115625 0.046017721875 0.8367081171875 0.18980173281249998 1 0.2067360296875 1 0.034187126562499996
9 0.843111415625 0.4890625 0.8503891937500001 0.383942459375 0.656489634375 0.375118275 0.6640197140625 0.4742183578125 0.6690621625000001 0.4890625 0.843111415625 0.4890625
9 0.7703820953125 0.3810893203125 0.8456828953125001 0.38322274218749997 0.8532129734375001 0.31438424375 0.854154234375 0.2646157140625 0.7346142140625 0.2607832625 0.66684349375 0.250794625 0.654607115625 0.26355935 0.6583721546875 0.373154471875 0.700728853125 0.37681730625 0.7703820953125 0.3810893203125
9 1 0.4890625 1 0.39546101875 0.9529865328125 0.39419069375000004 0.8579192734374999 0.386407490625 0.8513304515625 0.387651578125 0.8494479343750001 0.4346491921875 0.8456828937499999 0.46953754375 0.8421862703125 0.4890625 1 0.4890625
9 1 0.2696540640625 0.8560367531249999 0.2617137046875 0.8532129734375001 0.3218898765625 0.8522717140625 0.3838550640625 0.8870983328125 0.3897438875 0.9322788124999999 0.3895228140625 0.9934607140625001 0.3970027203125 1 0.3968321578125 1 0.2696540640625
9 0.5296875 0.2764429953125 0.5538922953125 0.277617034375 0.58213009375 0.281935334375 0.5821300953125 0.1487103125 0.5510685140625 0.1445231078125 0.5296875 0.14472639375000002 0.5296875 0.2764429953125
9 0.5296875 0.144144828125 0.581188834375 0.14875401093750001 0.5802475734375 0.1037638984375 0.5783650546875 0.05787927968749999 0.533184575 0.0599767625 0.5296875 0.060255303125000007 0.5296875 0.144144828125
3 0.39317204375000003 1 0.39410071874999997 0.993934115625 0.39625999218749997 0.9717407453125 0.39890363125 0.9311174765625001 0.39795030625 0.8858275250000001 0.398469975 0.870882134375 0.4040093015625 0.847633684375 0.40968486562499995 0.816914709375 0.41207111718749995 0.806666371875 0.413786378125 0.8034000718750001 0.4127774484375 0.7909708890625 0.40700617031249997 0.7808657421875 0.4032023640625 0.7767005656249999 0.3952163734375 0.7728577390625 0.37543047500000004 0.7669815953125 0.352592434375 0.763150525 0.324558184375 0.76239791875 0.3069415453125 0.764947584375 0.295625925 0.768880271875 0.293315375 0.77091233125 0.289042325 0.788412984375 0.28595989374999997 0.7961841625 0.2837098796875 0.7989619734375 0.278649825 0.8189658171875 0.27833198124999997 0.8241990921875001 0.276697434375 0.8284597265624999 0.277312859375 0.842140503125 0.2739529015625 0.867840078125 0.2710519953125 0.9022444171874999 0.2659011171875 0.9272286140624999 0.26145656875 0.9365173265625 0.262621790625 0.9783184296874999 0.2610282921875 1 0.39317204375000003 1
8 0.1927131078125 1 0.196619921875 0.9916749078125001 0.20759764375 0.9561330453124999 0.22002333125 0.8926847312499999 0.2221170109375 0.872732953125 0.2218193875 0.8660168562500001 0.22052791875 0.862305459375 0.2152207453125 0.8579177343750001 0.168550859375 0.841062340625 0.1490323375 0.8354304390625 0.11335517343749998 0.822862971875 0.0963893453125 0.8181820156249999 0.080775521875 0.8179582078125 0.0477216546875 0.8133107046875001 0 0.809210075 0 0.9859611656249999 0.0011217609375 0.9863936468750001 0.014218192187500001 0.9891510203125 0.0176789625 0.989090275 0.0229155296875 0.9865089796875001 0.041657235937499995 0.9642734781249999 0.0611506046875 0.9482482296875 0.07593205 0.94126745 0.08345393281249999 0.9393928546874999 0.091631640625 0.9394982500000001 0.099269540625 0.9421024984375 0.10653411875 0.9462069281249998 0.13774655625 0.967814525 0.1537286078125 0.9817234499999999 0.16754641406249998 0.9964171765625001 0.1736470296875 1 0.1927131078125 1
8 0 0.8045125078125 0.038424015625 0.8055078953125001 0.072158940625 0.8093966296874999 0.07959000000000001 0.8125023859375 0.13365564531250002 0.8289790234375 0.135880425 0.8289399718749999 0.1435486140625 0.82581811875 0.154213465625 0.816918096875 0.16093321875 0.814310765625 0.1689242625 0.8151662515625 0.2648167734375 0.8376300265625 0.2739832734375 0.8377180671875 0.27724225625 0.8351714843749999 0.280289384375 0.8239157953125 0.281459825 0.8139377375000001 0.2893702375 0.7894029796875 0.2911208421875 0.777423234375 0.29548467500000003 0.7671401875 0.29557044375 0.7651471796875 0.28755420625 0.7548324984375 0.27050766249999997 0.7491572062499999 0.22353505624999997 0.7407710125 0.1774301703125 0.7308759609375001 0.1745899203125 0.7294321890625 0.17265775 0.7269767265625 0.16608939843749998 0.7131515015625001 0.15772506875 0.701598240625 0.1490227171875 0.695029671875 0.131814746875 0.6873657125 0.1044716640625 0.679879653125 0 0.65623776875 0 0.8045125078125