5 0.9787630203125002 0.61875 0.9779296875 0.6125 0.96083984375 0.57294921875 0.95302734375 0.55634765625 0.949609375 0.55390625 0.867578125 0.534375 0.81240234375 0.5353515625 0.7748046875 0.5255859375 0.76064453125 0.524609375 0.7416015625 0.528515625 0.71767578125 0.5470703125 0.70498046875 0.55146484375 0.70302734375 0.555859375 0.69130859375 0.5646484375 0.6869140625 0.5744140625 0.683984375 0.591015625 0.68544921875 0.60029296875 0.68935546875 0.6076171875 0.69619140625 0.60419921875 0.69326171875 0.59052734375 0.69765625 0.58466796875 0.70693359375 0.579296875 0.71865234375 0.579296875 0.75478515625 0.5958984375 0.7748046875 0.61201171875 0.7887995796875 0.61875 0.9787630203125002 0.61875
5 0.5296875 0.503520903125 0.5375 0.5060546875 0.60439453125 0.51923828125 0.7201171875 0.53046875 0.771875 0.52607421875 0.81435546875 0.53583984375 0.86953125 0.536328125 0.9330078125 0.551953125 0.94619140625 0.551953125 0.94765625 0.55048828125 0.9466796875 0.54169921875 0.918359375 0.46943359375 0.89443359375 0.3966796875 0.8861328125 0.35908203125 0.87880859375 0.3380859375 0.86708984375 0.3146484375 0.85439453125 0.2697265625 0.84365234375 0.23994140625 0.83779296875 0.2365234375 0.81923828125 0.23359375 0.8109375 0.22919921875 0.80849609375 0.2248046875 0.808984375 0.20869140625 0.80556640625 0.18427734375 0.803125 0.18037109375 0.78017578125 0.16279296875 0.7748046875 0.1544921875 0.76455078125 0.15205078125 0.7572265625 0.1466796875 0.7474609375 0.14521484375 0.738671875 0.13984375 0.7171875 0.13251953125 0.7044921875 0.13203125 0.65859375 0.1544921875 0.65224609375 0.16376953125 0.63369140625 0.17353515625 0.61025390625 0.1955078125 0.5658203125 0.22724609375 0.5453125 0.25068359375 0.535546875 0.26728515625 0.5296875 0.2751490546875 0.5296875 0.503520903125
7 0 0.7820185765625001 0.0009497390625 0.781912734375 0.04286628125 0.768178840625 0.0561178921875 0.7615234281250001 0.058677626562499995 0.75217560625 0.0144415328125 0.749337540625 0.0008536531249999999 0.744378571875 0 0.7431146765625 0 0.7820185765625001
7 0.033896665625 0.61875 0.0530708859375 0.66605884375 0.0558845484375 0.7045848015625 0.0645725578125 0.71138448125 0.0869445328125 0.7606772921875 0.0995991078125 0.777392128125 0.1280444421875 0.787168578125 0.1356618890625 0.7863196609375 0.14768509531250001 0.7616760359375 0.1432038328125 0.7388717328125 0.1193632703125 0.697510490625 0.10710672031249999 0.6652154890624999 0.09189241249999999 0.6578484734375001 0.067564275 0.61875 0.033896665625 0.61875
7 0.24043269218750002 0.8808049656250001 0.2600253375 0.9563005296875 0.278135646875 0.9659341031249999 0.28666581406249997 0.9623941687500001 0.288312828125 0.9557373671875 0.3002742796875 0.9582882875 0.306464309375 0.9472412437500001 0.289788253125 0.8649473859375 0.27405925 0.8446912234375 0.2523392265625 0.8276920265625 0.2445433515625 0.8272661765624999 0.23763961562499997 0.8332141578125001 0.24043269218750002 0.8808049656250001
7 0.2546999484375 0.8261342875000001 0.2539656546875 0.830100071875 0.2845521140625 0.85517371875 0.293397965625 0.8723130125 0.35476989375 0.9146702187500001 0.3750830859375 0.9124064390625 0.37728596406250003 0.9005090843750001 0.386728853125 0.8942781312499999 0.3853014359375 0.8840800015625 0.35798841875 0.8547576015624999 0.34348781875 0.8524896500000001 0.329563671875 0.8359163000000001 0.3029026078125 0.8388875109375 0.26975641562499997 0.8231616875000001 0.2546999484375 0.8261342875000001
7 0.13283747031249998 0.61875 0.1340285515625 0.6272596484374999 0.1251209453125 0.6373149 0.1261915078125 0.644963496875 0.137418665625 0.651480203125 0.14082936562499998 0.6666359109375 0.163304265625 0.6706044765625 0.22261740937500002 0.661405090625 0.2337073109375 0.6485173359374999 0.26491139218750004 0.64115588125 0.2664005625 0.6241594640625 0.2623051328125 0.61875 0.13283747031249998 0.61875
7 0.26434175937500004 0.61875 0.27110142187499997 0.630108834375 0.318789384375 0.629972909375 0.3457867171875 0.63861608125 0.386769953125 0.636638053125 0.4235876125 0.632534953125 0.43158249687500005 0.6251707203125 0.4306837984375 0.61875 0.26434175937500004 0.61875
7 0.3739506984375 0.6924420125 0.3846631609375 0.686069571875 0.38359259843750004 0.6784209750000001 0.3481474390625 0.6370583421875 0.3186109578125 0.62869814375 0.26800640625 0.6356323578125 0.27447095 0.663394240625 0.2804413828125 0.6692021265625 0.3333449 0.6879047218750001 0.35238851875 0.685782428125 0.3739506984375 0.6924420125
7 0.3040417625 0.7364831515625 0.3354242703125 0.7303964625 0.352642446875 0.7336562046874999 0.3648029109375 0.728417046875 0.3661136546875 0.7101458609375 0.345642621875 0.702070025 0.315234590625 0.6782711484374999 0.26284576875 0.6724577 0.244495275 0.68874390625 0.2485990984375 0.718063528125 0.261452684375 0.7269882828125 0.29553218124999997 0.7309582359375 0.3040417625 0.7364831515625
7 0.1137154296875 0.8690338046875 0.13109144687500002 0.8826331640625 0.1905418484375 0.89283824375 0.22265864999999999 0.882785771875 0.2272428359375 0.8602658312500001 0.21875383906249998 0.8456760687500001 0.206435534375 0.8405756125 0.1536692734375 0.8412774828125 0.13464624218750001 0.8343349281249999 0.09638058125 0.837304746875 0.0862034015625 0.8475014859375 0.0852700953125 0.8592573531250001 0.1137154296875 0.8690338046875
7 0.2193027984375 0.683783546875 0.2214233375 0.7081455906249999 0.20142583125 0.7310886015625 0.2177450328125 0.8108329234375 0.22659088437500002 0.8279722171875001 0.236370040625 0.83335564375 0.2447217796875 0.82854094375 0.261761528125 0.8305259203125 0.2728514296875 0.8176381640624999 0.2725151609375 0.8060237828125001 0.2614320984375 0.7360531296875 0.239018953125 0.70489001875 0.229123125 0.6710372765625 0.2195223953125 0.666928615625 0.2048227828125 0.6724507484375 0.2193027984375 0.683783546875
7 0.075977015625 0.61875 0.08538669843749999 0.6482162890625001 0.0975059921875 0.6611068265625 0.10548029375000001 0.6628074421875 0.12162790625 0.6584185890625001 0.12690521562499998 0.6500625609374999 0.126033665625 0.63462388125 0.1327589765625 0.627401134375 0.130277909375 0.61875 0.075977015625 0.61875
7 0.27339355 0.738604053125 0.2635732234375 0.751350325 0.2631752 0.766930490625 0.270751475 0.7842112718750001 0.283426634375 0.7918612578124999 0.3024702515625 0.789738965625 0.3130042859375 0.782091759375 0.3340311859375 0.7849270453124999 0.3627167015625 0.7687837125 0.364027446875 0.7505125296874999 0.3259813828125 0.736627415625 0.3158247875 0.7377593046875 0.31146019687500004 0.743424315625 0.2960674625 0.7347825343750001 0.27339355 0.738604053125
7 0.27592585937499997 0.8211794890625 0.31125434687500003 0.8340728078125 0.342259415625 0.8345014390625 0.369256746875 0.8431446093750001 0.38885623125 0.835781765625 0.3914159640625 0.82643394375 0.3798319515625 0.817367703125 0.36533135156249996 0.815099753125 0.3345664671875 0.78875134375 0.31663458125 0.7803925328125001 0.301200678125 0.7898804515625 0.2872353578125 0.7914367984374999 0.2739425765625 0.8162219109375 0.27592585937499997 0.8211794890625
7 0.22283707812500003 0.8840605390625 0.202146446875 0.892839634375 0.2102785890625 0.904879865625 0.22086754062499997 0.9528965187499999 0.23100355156250002 0.9608294796875001 0.245346309375 0.9527578140624999 0.2447561125 0.8932696531250001 0.23799646874999997 0.8357636921875 0.2282173125 0.8303802640625 0.21594017656250003 0.807150109375 0.18834580781250002 0.8218771890625 0.193760375 0.832925625 0.21440983593750002 0.8422762265625 0.22543798124999997 0.8565830171875 0.22283707812500003 0.8840605390625
7 0.21305101249999997 0.7220251421875 0.222514484375 0.7067293390625 0.2174979421875 0.6801007359375 0.196491628125 0.6682006015625 0.17417456874999998 0.6745716500000001 0.14233228281250002 0.7234330531250001 0.15040267031250001 0.76266783125 0.17761960000000002 0.7544560703125 0.21305101249999997 0.7220251421875
7 0.18834580781250002 0.8218771890625 0.2152470546875 0.792986196875 0.2053718109375 0.7500686062499999 0.19922295 0.742985953125 0.177441171875 0.753181303125 0.1652395390625 0.7765501625 0.1582740453125 0.8096926921875 0.14680670468749998 0.8290957656250001 0.1567642890625 0.835753959375 0.18834580781250002 0.8218771890625
7 0.5296875 0.61875 0.4789567640625 0.61875 0.4661766921875 0.642029821875 0.45546423125 0.6484022640625 0.45593775625 0.679421109375 0.461551334375 0.6826794625 0.4831341 0.6802741984375 0.5296875 0.64682795625 0.5296875 0.61875
7 0 0.684505234375 0.005341753124999999 0.6843244687500001 0.0500719578125 0.7091165296875 0.05895897812499999 0.7081261265625 0.056303157812500004 0.679939784375 0.042241753124999996 0.643961971875 0.0029467 0.6211534953125 0 0.6211701921875 0 0.684505234375
7 0.5296875 0.61875 0.5296875 0.806586371875 0.53046875 0.80615234375 0.53681640625 0.7822265625 0.55439453125 0.75927734375 0.56318359375 0.75146484375 0.5822265625 0.7421875 0.6017578125 0.74169921875 0.61982421875 0.74609375 0.63251953125 0.75341796875 0.6779296875 0.796875 0.69111328125 0.80712890625 0.700390625 0.79833984375 0.71259765625 0.77685546875 0.7345703125 0.7568359375 0.75556640625 0.7451171875 0.77265625 0.740234375 0.7892578125 0.73828125 0.7921875 0.73583984375 0.7921875 0.7177734375 0.79560546875 0.70947265625 0.79853515625 0.6826171875 0.7990234375 0.658203125 0.80244140625 0.63427734375 0.801953125 0.6201171875 0.8011429390625 0.61875 0.5296875 0.61875
7 0.774609375 1 0.78193359375 0.99267578125 0.80048828125 0.96728515625 0.8068359375 0.95654296875 0.809765625 0.9462890625 0.809765625 0.93701171875 0.80634765625 0.92822265625 0.751171875 0.884765625 0.72578125 0.861328125 0.71162109375 0.84130859375 0.69111328125 0.806640625 0.68134765625 0.80029296875 0.676953125 0.79443359375 0.67109375 0.7919921875 0.6662109375 0.78515625 0.6583984375 0.7802734375 0.63740234375 0.7578125 0.6125 0.74560546875 0.58466796875 0.7431640625 0.5734375 0.74560546875 0.55634765625 0.75634765625 0.54609375 0.7646484375 0.53486328125 0.78125 0.5333984375 0.7998046875 0.53486328125 0.81298828125 0.5421875 0.8271484375 0.5470703125 0.84375 0.60810546875 0.9140625 0.61982421875 0.92236328125 0.63056640625 0.92724609375 0.641796875 0.9375 0.67939453125 0.9951171875 0.6817196796875 1 0.774609375 1
8 0.7501953125 0.88671875 0.77412109375 0.9033203125 0.7873046875 0.90771484375 0.7912109375 0.90771484375 0.82001953125 0.8916015625 0.84443359375 0.8681640625 0.856640625 0.84326171875 0.8576171875 0.8359375 0.85224609375 0.8046875 0.83369140625 0.77294921875 0.81953125 0.75390625 0.809765625 0.744140625 0.78974609375 0.73779296875 0.7560546875 0.74462890625 0.73505859375 0.75634765625 0.71650390625 0.77197265625 0.69208984375 0.8046875 0.69453125 0.81591796875 0.6984375 0.82373046875 0.7140625 0.8505859375 0.72333984375 0.86279296875 0.7501953125 0.88671875
7 0.92842499375 1 0.91767578125 0.9560546875 0.88251953125 0.82763671875 0.872265625 0.81298828125 0.85810546875 0.80322265625 0.85322265625 0.80224609375 0.8517578125 0.80419921875 0.856640625 0.81591796875 0.8576171875 0.82373046875 0.85322265625 0.84814453125 0.84541015625 0.861328125 0.8224609375 0.88623046875 0.78291015625 0.90576171875 0.78974609375 0.91455078125 0.809765625 0.9296875 0.8126953125 0.93505859375 0.80390625 0.96240234375 0.786328125 0.98291015625 0.7879896375 1 0.92842499375 1