8 0 0 0 0.137897921875 0.0207354828125 0.1484375 0.0857732296875 0.1484375 0.1336465234375 0.1477201625 0.1859375 0.1001418390625 0.1859375 0.0743137859375 0.18374046093750002 0 0 0
8 0 0.3796875 0.0786780125 0.3796875 0.094895375 0.35961578125 0.14993014843750002 0.2922253171875 0.166431384375 0.2689298515625 0.1690403546875 0.2439704203125 0.162371240625 0.2048673140625 0.1703125 0.1802111484375 0.1703125 0.1778285453125 0.1252588921875 0.148292603125 0.060111115625 0.154116471875 0 0.1384149140625 0 0.3796875
7 1 0 0.8465585000000001 0 0.79929923125 0.003116303125 0.777736259375 0.028490545312499997 0.7763079421875 0.06645408281250001 0.78379819375 0.0896758546875 0.8132726546875 0.09653691875 0.8576119 0.1048319609375 0.9342451921875 0.10706856875 0.996945159375 0.108898521875 1 0.10888205468750001 1 0
3 0.8463811671875 0.10596614062500001 0.8445501359375001 0.10341235468750001 0.7875916937499999 0.08974832187500001 0.7661621953125 0.089622953125 0.7384616703125 0.101816278125 0.729038803125 0.10104119375000001 0.71714044375 0.09219276093749999 0.7027732765625 0.09077330624999999 0.698103375 0.093637425 0.684713684375 0.162756190625 0.6812311156249999 0.20165991249999998 0.682902703125 0.20670938906249997 0.7016846609374999 0.2092578296875 0.715534925 0.20316116874999998 0.723496821875 0.20339354375 0.7418835125000001 0.219932375 0.7598808515625001 0.2269585359375 0.8008450359375001 0.22565376874999998 0.8580711937500001 0.2273239640625 0.881268725 0.2328125 0.9170121484375 0.2328125 0.9319419968750001 0.2259794640625 0.9429659921875 0.217299971875 0.9556356031250001 0.1906660328125 0.9578125 0.1752152265625 0.9578125 0.1464988734375 0.9558706671875001 0.14016594843750002 0.9444825281250001 0.12333130625 0.9314294859375 0.116949515625 0.9171898765625001 0.1135335078125 0.8693228046874999 0.11363667343749999 0.8463811671875 0.10596614062500001
0 0.8972603984375 0.3796875 0.9142785203124999 0.36253233125 0.9231333093749999 0.34878884062500004 0.945181296875 0.331429853125 0.957773765625 0.2747895375 0.965977409375 0.2400241546875 0.956471478125 0.23274575312499998 0.9399351062499999 0.2262623 0.9215743859375 0.23272739062499997 0.8983012578124999 0.2380489671875 0.8469449359375 0.2615535296875 0.8221025687499999 0.2758305453125 0.8088841640625001 0.29544750625 0.807583403125 0.3314144921875 0.8176767 0.3607130625 0.8376935968750001 0.3796875 0.8972603984375 0.3796875
3 0.7341184953125 0.3796875 0.74512670625 0.3725975515625 0.777867196875 0.3595511859375 0.7964830265625 0.3490929921875 0.80707318125 0.3394007 0.8097518453125 0.297473103125 0.8273976453125 0.2709843984375 0.8499306484375 0.26164066875 0.8711109531249999 0.24225608437499999 0.8639143859375 0.23004439531249998 0.8271543734375 0.22797138437500003 0.807504734375 0.22339734375 0.783236365625 0.2286898765625 0.7407986109375 0.23745266874999998 0.709921040625 0.2525536796875 0.6930405734375 0.267063071875 0.6738121703125 0.2715025609375 0.647336790625 0.2957332921875 0.6415700640625 0.3235688359375 0.65462386875 0.36895601093749997 0.6695578296875 0.3796875 0.7341184953125 0.3796875
5 0.28799001875 1 0.2890625 0.9958418 0.2890625 0.9768948671875 0.285332471875 0.96570986875 0.27582710625 0.947453475 0.267341634375 0.936365975 0.242488996875 0.9128969156250001 0.237774646875 0.8814242484375001 0.232826965625 0.8752261828125001 0.22193293125000002 0.8691289578125 0.2001089703125 0.874162940625 0.1938607265625 0.8693670593749999 0.18166613125 0.8646720203125 0.17436210624999998 0.869935678125 0.1588435015625 0.87600490625 0.155326934375 0.884583271875 0.1443970109375 0.8957144796875 0.14478212343750002 0.9000862890625001 0.16846964375 0.9309040703125 0.192511278125 0.973090015625 0.196075178125 0.981215175 0.19368783750000002 0.9996732500000001 0.19414118281249998 1 0.2135983328125 1 0.2178061390625 0.9971702546875001 0.22148426250000003 0.99777415 0.2220892734375 1 0.28799001875 1
9 0.3293333609375 0.7531882265625001 0.328147021875 0.747069146875 0.33084114375 0.7232757140625 0.33015414062500004 0.7140071828125001 0.3275007984375 0.7103401093749999 0.323573009375 0.7113109390625001 0.31510386874999996 0.72392331875 0.30173927031250003 0.7368090765625 0.2027498359375 0.80349661875 0.20364572500000003 0.8386509343749999 0.2103003046875 0.8612864234375 0.21604921093749999 0.8692317546874999 0.2264749109375 0.8714820781250001 0.236786390625 0.881253665625 0.24177651562500002 0.9143873296875 0.2626491421875 0.9323557734375001 0.27174328281250004 0.943004634375 0.274270834375 0.94375 0.278793059375 0.94375 0.3640625 0.930077765625 0.3640625 0.92265041875 0.352993215625 0.899794578125 0.34636475 0.8803948109374999 0.3327422625 0.79629515625 0.3256715703125 0.7762842078125 0.325676459375 0.7660521296875 0.3293333609375 0.7531882265625001
9 0.19530536406250001 1 0.1974621546875 0.9830942296875002 0.182207884375 0.9568925046875 0.178971984375 0.9568997875 0.1364222890625 0.983843815625 0.11769389374999999 0.9931560546875 0.095042596875 0.9932070453125 0.0878005734375 0.9844779921875 0.0774107625 0.9649992390625 0.066776171875 0.936863134375 0.05489324375 0.9166006578125 0.052318234374999995 0.9226407515624999 0.054219353125 0.9956601921875 0.0547415796875 1 0.19530536406250001 1
4 0.09892633281249999 0.6672883656249999 0.084931840625 0.6671449609375 0.07796070625 0.670308984375 0.07450125156250001 0.6751267171875 0.07164557656250001 0.6897378890625 0.0733834703125 0.6991789625 0.083112390625 0.7126249078125 0.09541631874999999 0.7200307625000001 0.1138640484375 0.7192896046875 0.1287478734375 0.7104232890625 0.13434011562499998 0.698954284375 0.13545300625 0.6851341171875001 0.133023221875 0.6766565921875 0.12702464687499998 0.6702859875 0.12246207656250001 0.6684597343750001 0.1128637109375 0.6711924 0.09892633281249999 0.6672883656249999
9 0.1035868375 1 0.1168015 0.996598221875 0.1232210765625 0.9901122046874999 0.1815390453125 0.955524221875 0.18035270781249998 0.94940514375 0.169796453125 0.9309762062499999 0.1509733890625 0.9068813984374999 0.14652504375 0.89753388125 0.179086371875 0.8791827874999999 0.1942720875 0.8752131921874999 0.19582231562500002 0.87223628125 0.14692804375 0.8065812749999999 0.136897234375 0.7882386109375 0.1130171546875 0.7552349234375 0.10862591875000001 0.7421267765625 0.09983855625 0.7261425546875 0.095333096875 0.7205556703125 0.086540846875 0.7148035281249999 0.0732741359375 0.6964681468749999 0.060247315625 0.69702219375 0 0.7123963671875 0 0.8204483140625001 0.0130763828125 0.84492489375 0.0311243328125 0.8705081578125 0.051987178125 0.90894075625 0.088650965625 0.9871291531249999 0.0970532140625 0.9987415625 0.1019171734375 1 0.1035868375 1
2 1 0.5261813 0.9816868140625001 0.520677625 0.93544208125 0.4971478671874999 0.9329559781250001 0.4982100640625 0.93057500625 0.503789303125 0.9078963359374999 0.5002998296875 0.9014768515625 0.5049687359374999 0.8906575625 0.536354825 0.880491609375 0.552660740625 0.8763016515625001 0.5668189015625 0.8716219046875 0.6030837484375 0.866533296875 0.6217823156250001 0.859799665625 0.677679428125 0.861994146875 0.685663 0.8855485281250001 0.705201390625 0.891847878125 0.70625 0.8990269468750001 0.70625 0.905122384375 0.7047458046875 0.9135494421875 0.7000301734375001 0.922081634375 0.6998315828124999 0.9266687687499999 0.7027378093750001 0.9593031234375001 0.6808872812500001 0.9698195296875 0.679638178125 0.98376741875 0.6747940453125001 0.9913075046875001 0.6751207140625001 0.9954044281249999 0.6785405171875001 0.9998981078125 0.67743159375 1 0.676841446875 1 0.5261813