10 1 0.4242534171875 0.9941863640624999 0.4282370484375 0.9676059625000001 0.4455794796875 0.9515917515625001 0.44201286875 0.9479102984375001 0.4468806296875 0.9567564125000001 0.4546889390625 0.9412934234374999 0.45536790624999995 0.9528557953125001 0.46573725 0.9623018328124999 0.47641768593749995 0.9704019140625 0.4854742390625 0.9766446625 0.5073281953125 1 0.5088762984375 1 0.4242534171875
10 0.528047584375 0.31412875156250003 0.511643753125 0.3215497828125 0.5680521046875 0.39318639375000003 0.640605278125 0.4449156578125 0.7406132765625 0.514014515625 0.739267321875 0.5123906375 0.7426809125 0.5150768828125 0.757714434375 0.5067186984375 0.75240366875 0.49816299375 0.7547568828125 0.4515907171875 0.7420433640625 0.434103671875 0.7113786156249999 0.388513690625 0.5679502875 0.297105171875 0.528047584375 0.31412875156250003
10 0.7607140546875 0.521079315625 0.7617434421875 0.5316306578125001 0.7663325296875 0.540747878125 0.785897575 0.562920684375 0.7944514734375 0.5789697281249999 0.786747646875 0.5983194390625 0.7484410484375 0.64949353125 0.7557951 0.6597983265625 0.7765777109374999 0.6476347453125 0.8110722406249999 0.6248023703125 0.8489803609375001 0.60465624375 0.8450168687499999 0.5934464171875 0.8480240265625 0.5920447171875 0.8594491515625 0.5864941124999999 0.8624089250000001 0.582187865625 0.8510745703125 0.5455976546875 0.752720234375 0.48923553125 0.7524523703125 0.49678953750000004 0.7577387859375 0.5060319703125 0.7607140546875 0.521079315625
10 0.9327062875 0.677742496875 0.9521185921875001 0.6646417609374999 0.9622951671875001 0.6547203625 0.959173790625 0.6437933859375 0.9522979093749999 0.6397943500000001 0.9569202062500001 0.6281845265625 0.9661559343749999 0.6250051890625 0.9769567828125 0.6172691859375 0.9787410624999999 0.6065319671875 0.9593464718750001 0.5795520640625 0.9340810375 0.55981119375 0.922177746875 0.5590560421874999 0.9132342296875 0.5539946421875 0.8967086453125 0.5648493125 0.8736879390625001 0.5807576265625001 0.8444643296875001 0.593478840625 0.8447476859374999 0.6052784250000001 0.808185521875 0.627048434375 0.7787427499999999 0.6459502015624999 0.759379146875 0.657677478125 0.7496165453125 0.6559245046875 0.7498237765625 0.6555777703125 0.74107814375 0.65922905 0.795217409375 0.695903209375 0.8179613937499999 0.707589225 0.8595177609375 0.7033023796875 0.8858546484375 0.692827225 0.9034339749999999 0.69183716875 0.9327062875 0.677742496875
10 1 0.626105425 0.9747434171875 0.6203166125 0.9582665328125 0.6297978296875 0.9551119515625001 0.639597896875 0.963787603125 0.6522133 0.9565221015625 0.659201909375 0.925514215625 0.6826603484375 0.9292908499999999 0.7344799 0.9468856703125 0.7528434328125 0.950314753125 0.7748832703125 0.941937953125 0.7934210390625 0.91826861875 0.8078306796874999 0.914627009375 0.8313653046875 1 0.8493900249999999 1 0.626105425
10 0.9105293953125001 0.6896450765625 0.892155334375 0.6932568328125 0.8594937843749999 0.7039785328125 0.8348194156250001 0.7071501062500001 0.8096668781249999 0.7040159171875 0.79110686875 0.693081178125 0.7411272203125 0.6578450203124999 0.7097540640625 0.691604371875 0.6575584515624999 0.71886044375 0.6048027609375 0.761911253125 0.7003124421875 0.7797520734375001 0.712321996875 0.7577199984375 0.7257018546875 0.7366250765625 0.77483806875 0.7758563890625 0.8111146515625001 0.80172101875 0.8392933796875001 0.7590948703125 0.8911082296874999 0.722786128125 0.919472909375 0.6947064765625 0.9105293953125001 0.6896450765625
10 0.72455504375 0.5712470140625 0.706479834375 0.60601194375 0.6980211203125 0.646650215625 0.6851924859375 0.6719907187499999 0.660874528125 0.6849016921875 0.673280334375 0.69127588125 0.68824080625 0.68497788125 0.704708828125 0.6955369796875 0.715607084375 0.68505406875 0.7330491578125 0.6681440578125 0.7712340015625 0.62040360625 0.794555778125 0.5762142421875 0.785182796875 0.5634736265625 0.7635988171875 0.5388649984375 0.7603401921875 0.51201806875 0.7507391890624999 0.5254983171875 0.72455504375 0.5712470140625
10 0.672656090625 0.4713938984375 0.6520505734375 0.5181442921875 0.6389695640624999 0.5703923921875 0.6099474 0.6170136921875 0.6109037359375 0.6296252171875001 0.599972271875 0.6608351781249999 0.6050882296875 0.6748847062500001 0.6132702203125 0.6618407562499999 0.6196679359374999 0.6595340296875001 0.6741326296875 0.6672404078125 0.6677349140625 0.6695471359375 0.673362246875 0.66917538125 0.6897660765625 0.661754346875 0.701224409375 0.63547669375 0.715651371875 0.5848524765625001 0.729907878125 0.53903535625 0.7341981093750001 0.5169994 0.6859938828125001 0.49106634062500004 0.672656090625 0.4713938984375
10 0.452276309375 0.4325169203125 0.44625935468750005 0.4438763203125 0.4746063203125 0.4558773078125 0.5088728296875 0.4592658 0.645865825 0.47487995937500005 0.6685212593750001 0.469272565625 0.6392179625 0.44466005624999994 0.610465884375 0.424293128125 0.5755839546875 0.39867891875 0.564791965625 0.38637460625000003 0.54519370625 0.3849288421875 0.5122975000000001 0.38247749999999997 0.49380168593749996 0.389522896875 0.470878384375 0.40268429531249994 0.452276309375 0.4325169203125
10 0.43350599375 0.40772241249999996 0.4292888140625 0.4276981859375 0.4487409609375 0.4332643140625 0.4744867859375 0.39987671874999997 0.513716509375 0.3820411984375 0.5620269999999999 0.38518702656250003 0.5224674375 0.3331621921875 0.5173027828125 0.3204861234375 0.525856296875 0.3118687890625 0.5184384296875 0.3082502359375 0.4933810765625 0.3618033609375 0.4396712734375 0.3328084203125 0.4330300453125 0.341982425 0.4268027890625 0.339482059375 0.4039835328125 0.3892904546875 0.43350599375 0.40772241249999996
10 0.21719906562500002 0.29355240625 0.20225408749999998 0.319204 0.1865055234375 0.3675176078125 0.1822152875 0.38955356406249997 0.2199595828125 0.4136084359375 0.27073396562499996 0.446222896875 0.295496884375 0.4603447296875 0.3168063625 0.45311345468750003 0.34571340625 0.4493197015625 0.35318257656249996 0.41679695156249996 0.3787003828125 0.4096302234375 0.3971873375 0.42262514375000004 0.4121146015625 0.43705418749999997 0.43008354375 0.42507648593749997 0.430092403125 0.40503616875 0.3997752078125 0.3892259078125 0.3758313765625 0.3717956484375 0.369125953125 0.36298951874999996 0.353809075 0.3595481203125 0.33878440625 0.3478659859375 0.31404584375 0.33305742656250004 0.2988750703125 0.32549565937499997 0.2781987203125 0.3148720109375 0.262233215625 0.30993194218750003 0.2430732796875 0.29612508125 0.21719906562500002 0.29355240625
10 0.443153475 0.45230293593750004 0.42018147031249997 0.4668377875 0.40104366718750006 0.5117784249999999 0.3867141078125 0.55965573125 0.4007005265625 0.5808268375 0.393133953125 0.6160965015625 0.394169975 0.66604175 0.3855740109375 0.6907600703125001 0.44731084374999996 0.7308717484375 0.4801339953125 0.7353832734375 0.4847806421875 0.7230867203125 0.49994477968749995 0.691254578125 0.5113300578125 0.6670371078125 0.576002309375 0.70352926875 0.5875248375 0.6952317484375 0.599631796875 0.6704527625 0.5989101156250001 0.6710142796875 0.601708290625 0.651474809375 0.6098260859375 0.6204507265625 0.6202461718750001 0.60366205 0.63375664375 0.5590931718750001 0.6207752625 0.5491601296875 0.5512947609375 0.5097313 0.48794411093749995 0.47554974687499996 0.443153475 0.45230293593750004
10 0.3322206484375 0.45380794375000005 0.279960840625 0.46308387968750003 0.207429796875 0.4701021140625 0.1970097125 0.48689079062499996 0.218252775 0.5211136078124999 0.238377903125 0.527491678125 0.2602053953125 0.5452330296875 0.2485854625 0.5562774593750001 0.31422954375 0.6247347359375001 0.3685304140625 0.676642115625 0.3905372234375 0.66953605625 0.3918433359375 0.652493075 0.391447078125 0.6240868109375 0.402192590625 0.5783303531249999 0.384597771875 0.559966821875 0.3977186234375 0.5263855859375 0.408123215625 0.49024331875 0.3849254171875 0.471564815625 0.35888960000000003 0.45375891875 0.3322206484375 0.45380794375000005
10 0.0744791125 0.3404911421875 0.054059546874999996 0.40178803125 0.051106409374999995 0.4454881859375 0.11329705781249999 0.49259235625000003 0.20087489375 0.5560037531249999 0.3465811671875 0.6623344046875 0.3087239703125 0.6216728515625001 0.2473369125 0.5519066671874999 0.2567431046875 0.5439202390625 0.2417184390625 0.5322381078125 0.21760415000000002 0.519614940625 0.1985504765625 0.48302084843750004 0.20884880625000002 0.4696658109375 0.2462211984375 0.4646276921875 0.28849924374999997 0.459779334375 0.18223963906250001 0.388866834375 0.1869438453125 0.35515650625 0.193950340625 0.3356815859375 0.19332606562500002 0.3334961875 0.17394696875 0.325869878125 0.1674607078125 0.3108831984375 0.15887360156250002 0.3155612015625 0.1537332953125 0.3021984 0.1452922953125 0.3027560375 0.1443846640625 0.28877105625 0.13452465625 0.2897649953125 0.1159225765625 0.3195976171875 0.08658606875 0.3157121546875 0.0744791125 0.3404911421875