2 0 0.5505388156250001 0.11027834375000001 0.560857165625 0.130395315625 0.555480371875 0.1238899921875 0.454276475 0.11327390468750001 0.448290253125 0.0011436171874999999 0.45473030468750003 0 0.45808931406250003 0 0.5505388156250001
2 0.31433123281249997 0.4382504375 0.3363263453125 0.41661513437500003 0.3318460765625 0.3923920828125 0.31487158125 0.3784413140625 0.24236143437500002 0.387317225 0.1501060515625 0.40735300937499996 0.14476990625 0.4152919328125 0.152001446875 0.45957824843750006 0.1570025859375 0.46916608281250005 0.1690688765625 0.4749747875 0.2456508265625 0.46122901250000004 0.31433123281249997 0.4382504375
2 0.322364665625 0.358581196875 0.3196133953125 0.338517934375 0.297544825 0.3135335609375 0.279863590625 0.31132646875000003 0.2270424828125 0.330906571875 0.1221632109375 0.33645903593750004 0.11546979531249998 0.346021246875 0.12405860625000001 0.3886842734375 0.1351393578125 0.4018993453125 0.145569575 0.40499402656249994 0.3147786453125 0.37699554375 0.322364665625 0.358581196875
2 0.1567822125 0.3293070578125 0.239443778125 0.31918851875 0.2474944609375 0.30800301874999997 0.24684392968750002 0.29788263125 0.07426978906250001 0.3190072984375 0.08118579687500001 0.3356464671875 0.1281498890625 0.3386405015625 0.1567822125 0.3293070578125
2 0.50187206875 0.42257943593749997 0.4993066671875 0.4054077140625 0.44505483437500004 0.37999143125 0.40965563749999995 0.3522674109375 0.36793475781249996 0.33988868125 0.3578762703125 0.342577078125 0.347984175 0.39333092187499996 0.38263990625 0.40948878125 0.40288654062499996 0.42886759375 0.47580514531249996 0.44908460000000006 0.48722090468749996 0.4447729140625 0.50187206875 0.42257943593749997
2 0.6160858375 0.357598509375 0.62904473125 0.354555075 0.654033184375 0.3340105078125 0.6311282140625 0.2960142046875 0.6261832765625 0.2645623015625 0.5210619328125 0.28908729218749996 0.5083818390625 0.2964680375 0.522529390625 0.3573935171875 0.5767444937499999 0.3594999625 0.6114564296875 0.35379375468749996 0.6160858375 0.357598509375
2 0.714271696875 0.36160825625 0.719086971875 0.36830455156249997 0.7368611375 0.3719574140625 0.765679328125 0.365515509375 0.8338950687500001 0.335308084375 0.8201192546874999 0.280165684375 0.79212020625 0.231135775 0.695086278125 0.2677851046875 0.6975025421875001 0.3053751234375 0.714271696875 0.36160825625
2 0.8486781203125 0.22421256406249998 0.8389351609375 0.25454811093749996 0.8327798703125 0.3179588453125 0.9517332328125001 0.3267121890625 0.9863522359375001 0.31956021093750003 0.9820967828124999 0.2078808875 0.8486781203125 0.22421256406249998
2 0.6622675140625 0.43937419687499996 0.671024934375 0.41644502031249997 0.669259203125 0.38897539062500003 0.6586431171875 0.3829891671875 0.6209378421875 0.3876046421875 0.5302255921875 0.4089086796875 0.5249823828125 0.4182933734375 0.5302990515625 0.45552835625 0.534928459375 0.45933311093749996 0.5712764640625 0.456340925 0.6466870140625 0.44710997656250007 0.6622675140625 0.43937419687499996
2 0.840547309375 0.5297513328125001 0.833760959375 0.537867771875 0.83164075 0.5730988078125 0.85659025 0.6429020484375 0.8735647468750001 0.65685281875 0.9027546718749999 0.65619399375 0.931758728125 0.6526436296875 0.94298861875 0.6454404031250001 0.94797250625 0.586544496875 0.9431572312500001 0.5798482 0.9425629046875 0.54786374375 0.93293235625 0.5344711531249999 0.94116890625 0.5261771921875 0.936446565625 0.52092666875 0.8897612718750001 0.522269940625 0.840547309375 0.5297513328125001
2 1 0.477638340625 0.9933956859374999 0.47461263281250005 0.9895659468750001 0.4605099703125 0.97688585625 0.46789071406250005 0.9431594546875001 0.46619055156250006 0.92663015 0.504642540625 0.9293814156250001 0.5247058 0.9436413734375 0.54190314375 0.97829710625 0.5580610046875 1 0.58908718125 1 0.477638340625
2 0.47279010781249997 0.6068254171875 0.46455355468750004 0.6151193796875 0.45040378593749997 0.6678515468749999 0.452504521875 0.6777944171875 0.465128409375 0.6922777421874999 0.4960473375 0.6957787078125001 0.516015171875 0.7108202109375 0.5322462031249999 0.7132048203125 0.543661959375 0.708893134375 0.5571417234375 0.6912144828125 0.5738568953125001 0.6556540375 0.5740989671875 0.636681509375 0.5197542 0.6098194546875 0.47279010781249997 0.6068254171875
2 0.4635118171875 0.6443898156250001 0.46310335468749997 0.615296896875 0.4035153765625 0.5978195359375 0.3582802859375 0.5989852921875001 0.327082559375 0.5911470171875 0.3144954015625 0.599973528125 0.308117515625 0.6371828875000001 0.31811979687499997 0.6563585578125 0.328828815625 0.66379055 0.44675991249999997 0.6566404234375 0.45681840156250003 0.6539520265625 0.4635118171875 0.6443898156250001
2 0.5980651546875 0.600233471875 0.6045164984375 0.6096437890625 0.6251910703125 0.6129416125 0.65663086875 0.6018073640625 0.6560754921874999 0.47947509374999997 0.6364793890625 0.4702166734375 0.6205271578125 0.4721693734375 0.6165482796874999 0.47848500781250003 0.61219545 0.5926752093750001 0.5980651546875 0.600233471875
2 0.6966444453125 0.451194746875 0.7030028546875 0.45915929375 0.6921814265624999 0.49545543593749997 0.7038759812500001 0.49548106093750005 0.7130980703125 0.4797807328125 0.7699715078125 0.500504671875 0.7772225234375 0.499617078125 0.7866304796875 0.4868082921875 0.7957229046875 0.4463523578125 0.7941430406250001 0.42177426875 0.7783399453125 0.40330867187499997 0.7226746375 0.40137974375 0.7159250171875 0.432806021875 0.7013300546875 0.433135434375 0.6974441140625001 0.4408968390625 0.6966444453125 0.451194746875
2 0.80340185625 0.42938377812499995 0.8208777484375 0.47387323437499995 0.8358444421875 0.47932690312500004 0.8502535390625001 0.47610595 0.8686977125 0.44470529531249997 0.858008171875 0.392099396875 0.847020353125 0.3803300953125 0.8033284 0.38276410312500003 0.7954635828125001 0.3968411421875 0.80340185625 0.42938377812499995
2 0.9006344593750001 0.6914250281250001 0.8667589234375 0.7101431625 0.8679670546875 0.728938175 0.8421594562499999 0.8049545546875001 0.8459891953125 0.81905721875 0.8625919578125 0.8272249078125 0.910448653125 0.8213668046875 0.920042475 0.811449559375 0.9204336812499999 0.7720587328125 0.927276234375 0.742078225 0.940663065625 0.7229538015625 0.9210302328125 0.6903855421875 0.9006344593750001 0.6914250281250001
2 1 0.661805790625 0.9791874859374999 0.662866515625 0.9584567093749999 0.6814327578125 0.9563927015625 0.694799725 1 0.735440140625 1 0.661805790625
2 1 0.747012190625 0.971154053125 0.7425357578125 0.934991915625 0.74841948125 0.919969015625 0.7648298828125 0.9171053390624999 0.7884947578125 0.9272005546875001 0.8091161984375 0.9467037250000001 0.81692885 1 0.81040489375 1 0.747012190625
2 0.776048896875 0.617789553125 0.8102961687500001 0.604854496875 0.8304693453124999 0.577613634375 0.832031959375 0.5337079828125 0.8073417796875001 0.5134159546875 0.78821034375 0.51138638125 0.7768875203125 0.5171438375 0.7574578078124999 0.5559508578125001 0.7572157359375 0.5749233874999999 0.7682402828125 0.610002525 0.776048896875 0.617789553125
2 0.5034625171875 0.8566142093750001 0.5420971234375 0.8664564359375 0.597204834375 0.8597107421875 0.6056272500000001 0.854308321875 0.6104987296875 0.8391405515624999 0.6070602015625 0.7856470625 0.559110571875 0.7900593953125 0.5014179859375 0.8248072703125 0.5034625171875 0.8566142093750001
2 0.7861224140624999 0.797242546875 0.75341828125 0.81144585625 0.7348077171875 0.7947810671875 0.708239396875 0.79074754375 0.6893305546875 0.8149193484374999 0.6820233375 0.8376710078125 0.6871174109375 0.8487046125000001 0.8422891187499999 0.8297101625 0.8439446625 0.7872502796874999 0.8320642406250001 0.7843331140625 0.790101290625 0.7909269125 0.7861224140624999 0.797242546875
2 0 0.665755859375 0.0139121984375 0.6761106296875 0.10653931406249999 0.6618579234374999 0.1394660421875 0.6738559921875 0.16880510625 0.6527788671875 0.1833633375 0.6291396171875 0.1714461875 0.602912615625 0.148392078125 0.5853346109374999 0.0857545546875 0.5886305843749999 0 0.6018687109374999 0 0.665755859375
2 0.33457564375 0.5712868953125 0.331508846875 0.5235764875 0.2904017734375 0.49800831093750003 0.24399528125 0.5036888937499999 0.1808368890625 0.5216200859375 0.17081512968749998 0.5476183203125 0.176095071875 0.5615434671874999 0.14703481093749998 0.586957896875 0.1722825875 0.615924546875 0.2118097953125 0.6169146343749999 0.32165348125 0.5976401671875 0.33457564375 0.5712868953125
2 0 0.767935615625 0.009987303125 0.7742198421875 0.0213468578125 0.791772225 0.066674878125 0.7920522375 0.1008659421875 0.8009812500000001 0.11508917187500001 0.79486875625 0.1257052578125 0.8008549796875 0.1543375828125 0.7915215359375 0.1549708625 0.73315818125 0.1322884859375 0.72136325625 0.09806069218749999 0.6891244078125001 0.0981168953125 0.6672603406250001 0.0416519171875 0.6756293203125 0.028321293749999997 0.6728896765625 0.0097474546875 0.679534721875 0 0.6986321375 0 0.767935615625
2 0 0.8795710187499999 0.0124208203125 0.8802936046875001 0.113377421875 0.859192709375 0.105867084375 0.8105690843750001 0.08435611093749999 0.7942593312499999 0.06386740468749999 0.793853046875 0.0560955203125 0.8093758546875 0.01043249375 0.8266225984375 0 0.8440214328125 0 0.8795710187499999
2 0 0.9308319671874999 0.0040718593749999995 0.9323156984375001 0.069052190625 0.91999006875 0.13749052343749998 0.915984021875 0.14714054999999998 0.88420270625 0.1450398125 0.874259834375 0.12615044687500002 0.8532577343750001 0.0338021296875 0.8718477515625 0 0.874333828125 0 0.9308319671874999
2 0.13643152812499998 0.8767707140625 0.1287525765625 0.8937392921875 0.133139915625 0.9165165765625 0.346226803125 0.888975628125 0.342397065625 0.8748729624999999 0.31196228125 0.8334269390625 0.1999249265625 0.8413127671874999 0.191502509375 0.846715184375 0.186816896875 0.8647744953125001 0.13643152812499998 0.8767707140625
2 0.192081809375 0.69655825 0.24161130156250002 0.716724009375 0.279874175 0.7207831546875 0.341582365625 0.70302948125 0.35086065781250003 0.6654650859375 0.3133045203125 0.6496622624999999 0.23341370156250002 0.6346701578125 0.2060457125 0.6409345453124999 0.1861513359375 0.6725127171875 0.192081809375 0.69655825
2 0.4977546390625 0.8587700515625001 0.495580446875 0.8022075046875001 0.502608865625 0.7751185375 0.501828671875 0.7402425421875 0.492198121875 0.7268499515625 0.475502425 0.7172364921875001 0.4106712328125 0.7091438218749999 0.3830244421875 0.7110709 0.3605279359375 0.702167515625 0.34756904375 0.7052109484375 0.33816108906250003 0.718019734375 0.342827225 0.745134328125 0.326632925 0.7660595546875 0.37274114062499997 0.80121556875 0.353869028125 0.8486972093749999 0.35461249375000004 0.8602633687499999 0.3801952734375 0.8717032578125 0.44203312656250004 0.8787051953124999 0.4869894140625 0.8732021296875001 0.4977546390625 0.8587700515625001