1 0.17323731874999998 0 0.13291170624999998 0.021713790625 0.131671628125 0.034114584375 0.131671628125 0.1072792671875 0.1341517859375 0.16680307656249999 0.1589533734375 0.17548363125 0.15523313593750002 0.17548363125 0.1618222140625 0.1763072671875 0.17879464375 0.15812252031250001 0.2482390875 0.1643229171875 0.2060763890625 0.189124503125 0.2283978171875 0.2201264890625 0.24106894687499997 0.225 0.24486005 0.225 0.2556795640625 0.18292410625 0.2718005953125 0.1482018859375 0.309375 0.1613529265625 0.309375 0.0619952625 0.25815972343750004 0.030394346875 0.2156076375 0 0.17323731874999998 0
2 0.12737693125 0.4390625 0.118204365625 0.396639384375 0.118204365625 0.371837796875 0.130605159375 0.338355653125 0.156646825 0.3073536703125 0.183928571875 0.2899925578125 0.2236111109375 0.27511160625 0.24717261875 0.2701512890625 0.2484375 0.25813492031249996 0.2484375 0.24509830312499997 0.2223710328125 0.2131076375 0.2037698421875 0.19202628906250002 0.2322916671875 0.17714533593749998 0.24345238125000002 0.1635044625 0.2025297625 0.162264384375 0.175248015625 0.1610243046875 0.162847221875 0.1895461296875 0.1454861109375 0.18830605 0.1392857140625 0.18830605 0.13804563593750002 0.2131076375 0.13680555625 0.2639508921875 0.1318452390625 0.2825520828125 0.11572420624999999 0.2961929546875 0.09092261874999999 0.2887524796875 0.052480159375 0.285032240625 0 0.283811771875 0 0.2850570421875 0.0016369046875 0.2875124 0.01279761875 0.3395957328125 0.0251984125 0.3867187484375 0.0351190484375 0.42020089218749995 0.0396099078125 0.4390625 0.12737693125 0.4390625
0 0 0.2874163609375 0.0397817453125 0.286569940625 0.0943452375 0.2890501 0.11009425312500001 0.290625 0.11947013124999999 0.290625 0.137748015625 0.23944692500000003 0.1390625 0.2171006828125 0.1390625 0.1917889078125 0.13154761875 0.15636160625 0.1179067453125 0.139000496875 0.072023809375 0.140240575 0.034821428125 0.1365203375 0 0.13506944375000002 0 0.2874163609375
2 0.309375 0.1644077125 0.27212301562499996 0.14930555625 0.2547619046875 0.1852678578125 0.2510416671875 0.22123015937499999 0.256001984375 0.2646329375 0.284523809375 0.28571428593750003 0.309375 0.302281746875 0.309375 0.1644077125
7 0 0 0 0.1323169453125 0.031981646875000005 0.13846726250000002 0.0691840265625 0.1372271828125 0.105146328125 0.1372271828125 0.1249876 0.1421875 0.1311879953125 0.0963045640625 0.1328125 0.0751859953125 0.1328125 0.0626364109375 0.10762648749999999 0.020659721875000002 0.0902653765625 0.008258928124999999 0.0891493046875 0 0 0
7 0.309375 0.4390625 0.309375 0.30229459062499997 0.2849330359375 0.2822172625 0.23036954375000002 0.27353670625 0.183246528125 0.2871775796875 0.1534846234375 0.3107390875 0.131971940625 0.3413097390625 0.132403275 0.34174107187499997 0.1354148953125 0.3477643140625 0.1311631953125 0.34670138906250003 0.129923115625 0.34546130937499997 0.12248263906250001 0.37274305625 0.11628224218750001 0.40870535781250006 0.12960976875000002 0.4390625 0.309375 0.4390625
0 0.49345128593750004 0 0.514608134375 0.0167286703125 0.5280009921875 0.0271453375 0.544866071875 0.046490575 0.6033978171875 0.06781994062499999 0.6232390875 0.0787326390625 0.6284995046875 0.0875 0.633676421875 0.0875 0.6465525796875 0.0841889890625 0.66044146875 0.0703001 0.6640625 0.0566206484375 0.6640625 0.03204365 0.6530009921875 0.018216765625 0.6470486109375 0.013256448437500002 0.643649521875 0 0.49345128593750004 0
7 0.7023809515625 0.1594866078125 0.7013888890625 0.1540302578125 0.6989087296875001 0.1361731140625 0.685019840625 0.11484375 0.6790674609374999 0.1138516875 0.653769840625 0.0964905765625 0.641369046875 0.086569940625 0.6294642859375 0.087562003125 0.627480159375 0.08061755937500001 0.6145833328125001 0.0726810515625 0.5491071421875 0.0478794640625 0.4761904765625 0.00125248125 0.4737103171875 0.000260415625 0.4950396828125 0.0568080359375 0.5019841265625 0.0999627984375 0.5143849203124999 0.0945064484375 0.5262896828125 0.1560143859375 0.5416666671874999 0.1694072421875 0.5456349203124999 0.1654389890625 0.55704365 0.1634548609375 0.5887896828125 0.1743675609375 0.6304563484375001 0.1932167671875 0.6641865078125 0.20859375156249998 0.6741071421875 0.2041294640625 0.68204365 0.2071056546875 0.6800595234375 0.21355406718749997 0.684523809375 0.21504216406249999 0.6939484125 0.21901041718749997 0.7018849203124999 0.2249627984375 0.719908234375 0.23125 0.72580915 0.23125 0.7276785718750001 0.23041914531250002 0.746527778125 0.2006572421875 0.7514880953125 0.1837921640625 0.7137896828125 0.1594866078125 0.7078373015625 0.1624627984375 0.7023809515625 0.1594866078125
2 0.39497778906250003 0 0.3672123015625 0.0498015875 0.368204365625 0.0765873015625 0.3662202375 0.0914682546875 0.37465277812500003 0.10882936562500001 0.406894840625 0.18125 0.44756944374999996 0.26706349218750003 0.45798611093749997 0.2819444453125 0.494196428125 0.322123015625 0.5082010578125 0.328125 0.5142547109375 0.328125 0.518998015625 0.3255952375 0.5304067453125001 0.3102182546875 0.540625 0.272751321875 0.540625 0.270667990625 0.537847221875 0.2516865078125 0.52842261875 0.25119047656250004 0.5264384921875 0.2204365078125 0.5274305546875 0.19365079375 0.5323908734374999 0.18968253906250002 0.5224702375 0.1366071421875 0.5140376984375 0.0954365078125 0.5016369046875 0.0984126984375 0.49568452343749997 0.058730159375 0.474978378125 0 0.39497778906250003 0
7 0.309375 0.23376166875 0.3874751984375 0.24800347031249997 0.4306299593749999 0.2648685515625 0.44917644531250006 0.271875 0.4515625 0.271875 0.4515625 0.2711899796875 0.4405505953125 0.25445188281250003 0.424677578125 0.21724950468749998 0.40285218125 0.17211061562500002 0.3814892421875 0.12695712812499999 0.324479165625 0.10217013906250001 0.309375 0.093359375 0.309375 0.23376166875
2 0.6443778078125 0 0.6491687484374999 0.0122767859375 0.6585933515625 0.0187251984375 0.6660338265625001 0.0336061515625 0.666529859375 0.054439484375 0.661569540625 0.0688244046875 0.6506568421875001 0.07824900781250001 0.6382560500000001 0.0837053578125 0.6838909703125 0.11445932656249999 0.697779859375 0.13529265937499999 0.70224414375 0.1586061515625 0.7086925578125 0.16059027812499999 0.7161330328125 0.1615823421875 0.75184731875 0.18291170625 0.7493671609375 0.1953125 0.7320060500000001 0.223090278125 0.7374623984374999 0.2310267859375 0.723077478125 0.2647569453125 0.7057163671875 0.3093998015625 0.7086925578125 0.316344246875 0.7275417640625 0.3218005953125 0.7786330328125 0.3401537703125 0.8117910984375001 0.346875 0.81562708125 0.346875 0.8171875 0.342973953125 0.8171875 0.3385321640625 0.8103790656250001 0.328745040625 0.8083949374999999 0.3084077390625 0.8034346203125 0.27021329375 0.7945060500000001 0.1992807546875 0.786073509375 0.167038690625 0.7716885890625 0.123387896875 0.7513512875 0.072792659375 0.7503592234375 0.039558532812500005 0.735974303125 0.010292659375 0.730138259375 0 0.6443778078125 0
1 0.309375 0.4390625 0.4209945421875 0.4390625 0.4209945421875 0.40193452343749997 0.42347470156250006 0.356299603125 0.43141121093749996 0.3300099203125 0.43885168593749996 0.3181051578125 0.4507564484375 0.3181051578125 0.45670882968750004 0.32256944375 0.459375 0.2920989234375 0.459375 0.281908128125 0.45323660781249997 0.2744543640625 0.381808034375 0.24766865 0.309375 0.23312716875 0.309375 0.4390625
2 0.309375 0 0.309375 0.0922887484375 0.347904265625 0.1113095234375 0.380574334375 0.128125 0.38125 0.128125 0.38125 0.1277445234375 0.370721725 0.1023809515625 0.3657614078125 0.0835317453125 0.3692336296875 0.0746031734375 0.367249503125 0.0517857140625 0.3697296609375 0.047817459374999996 0.332362375 0 0.309375 0
10 0.309375 0.4390625 0.2806863234375 0.4390625 0.256808034375 0.51571180625 0.2468874 0.54968998125 0.2451512890625 0.5576264890625 0.2453993046875 0.5603546640625 0.250359621875 0.5720114093750001 0.2615203359375 0.5794518859375 0.285081846875 0.5841641875000001 0.3041790671875 0.5896205359375 0.309375 0.590659721875 0.309375 0.4390625
10 0.309375 1 0.309375 0.6833959937499999 0.2769221234375 0.6804315484375 0.23773561562499998 0.6729910718750001 0.22012648750000002 0.6675347234375 0.20450148750000002 0.6772073421875 0.1814360109375 0.6831597234375 0.175235615625 0.685887896875 0.1707713296875 0.689112103125 0.166803075 0.6970486124999999 0.1625868046875 0.7144097234375 0.15390625 0.741443453125 0.144977678125 0.7816220250000001 0.1427455359375 0.8156001984374999 0.1395213296875 0.84188988125 0.13877728125 0.8617311515625001 0.1328249 0.8944692468749998 0.131088790625 0.9207589296875 0.126624503125 0.947792659375 0.1263764875 0.9532490078125001 0.1291046609375 0.9592013890625001 0.13877728125 0.9661458343749999 0.149937996875 0.9723462312500001 0.1876364078125 0.9854910718750001 0.247504828125 1 0.309375 1
8 0.1585633046875 0.4390625 0.1570313015625 0.44734297031250003 0.158808821875 0.45693691718749996 0.1627317390625 0.4684711453125 0.1720486609375 0.483195703125 0.178423421875 0.49055798125 0.1877403453125 0.49988354062500007 0.1982832 0.5102671062499999 0.20416758281249997 0.5291636093750001 0.21250377187499997 0.5424157140625 0.22255626875 0.5583673171875 0.23113765625 0.5659750015625 0.24722139062499998 0.571875 0.24849091250000002 0.571875 0.2487238734375 0.5716268171875 0.25073909375 0.5677943515624999 0.2489253921875 0.5665841046875 0.2469101703125 0.563155065625 0.2463056140625 0.5585157625 0.2463056140625 0.555288428125 0.24791778125000002 0.5490354671875 0.25315736875 0.5292680234375 0.272503490625 0.46687732656250003 0.2809959125 0.4390625 0.1585633046875 0.4390625
5 0.2437243234375 0.5920749437499999 0.2367506578125 0.5920749437499999 0.233761975 0.590413015625 0.2241316984375 0.585094853125 0.23077326562499997 0.5854272328125 0.24007144375 0.5840976984374999 0.24306015312499998 0.579776678125 0.241399759375 0.5751232875 0.23708275781250002 0.5708022796875 0.232101584375 0.5681431859374999 0.225460015625 0.5628250218749999 0.2208109140625 0.5571744671875 0.2168259609375 0.554847765625 0.21184478593749997 0.5568420859375001 0.20354282812500002 0.5611630953125 0.1929163328125 0.561495475 0.18328605625 0.557506859375 0.1796331984375 0.5664812578125 0.1739878765625 0.576452821875 0.1613688921875 0.5874215546875 0.1514065421875 0.5941726921875 0.15041029687500002 0.6034794890625 0.146757440625 0.6397095140625 0.1454291203125 0.6629764984375 0.146425365625 0.6726156703124999 0.1494140765625 0.6799281781250001 0.15572356874999999 0.6915616703125 0.1629926390625 0.7078125 0.1638290375 0.7078125 0.1656859203125 0.70347580625 0.16801045625 0.6981576437499999 0.1686746046875 0.6935042421875 0.1709991671875 0.688518459375 0.1743199515625 0.684862225 0.1816256640625 0.6832002968750001 0.20752778125 0.67450655625 0.2111806375 0.6721798421875 0.21881845156250002 0.6661969187500001 0.223799625 0.667194059375 0.23442612187499998 0.6691883921875 0.2433922265625 0.6725122484374999 0.2609923875 0.6751713171875 0.2609923875 0.6691883921875 0.2599961421875 0.6668616796875 0.2596640671875 0.6625406828125 0.2599961421875 0.6575549 0.2603282390625 0.6532338796875 0.261656534375 0.6459214078125 0.269958515625 0.6379441515625001 0.2709547609375 0.6366146046875001 0.27161890781250003 0.6306316546875 0.2746075921875 0.623319184375 0.2736113484375 0.620660090625 0.2785925234375 0.6130152390625 0.2796875 0.6099464640625 0.2796875 0.6082312359375 0.2759359359375 0.6073646828125 0.2663056359375 0.6050379828125 0.2609923875 0.601714128125 0.258999921875 0.599055046875 0.2493696453125 0.5953987984375 0.2437243234375 0.5920749437499999
5 0.6207050421875 0.4390625 0.6280547296875 0.4643270515625 0.6164806546875 0.478381284375 0.595812665625 0.710689484375 0.5949859468750001 0.7751736109375 0.614000496875 0.7999751984375 0.6569899140625 0.854538690625 0.6875785390625 0.885954034375 0.7074198078125 0.8843005953125 0.7487557875 0.88264715625 0.7942253640625 0.8752066812500001 0.8252008921874999 0.9078125 0.8259947390625001 0.9078125 0.8471354171875 0.8801669984375 0.8603629296874999 0.8603257281250001 0.871110284375 0.8206431890625 0.8802042 0.82560350625 0.8975653109374999 0.8057622359375 0.90583250625 0.7693865750000001 0.9066592265625001 0.723090278125 0.895911871875 0.666873346875 0.8859912375000001 0.6090029765625 0.8694568453125001 0.5775876328125 0.8735904437500001 0.5246775796875001 0.8735904437500001 0.5180638234375 0.8818576390625001 0.484995040625 0.88681795625 0.4709408078125 0.8793774796874999 0.4626736109375 0.876897321875 0.4486193796875 0.8857715671874999 0.4390625 0.6207050421875 0.4390625
5 0.309375 0.7878231953125 0.3888764890625 0.8259176578125 0.41919146874999996 0.84375 0.4233496578125 0.84375 0.47568204375 0.829637896875 0.51474454375 0.7899553562499999 0.5624875984375001 0.7459325390625 0.5724082328125 0.7236111109375 0.5705481140625001 0.716790675 0.5860491078125 0.7217509921875 0.6220114078125001 0.689508928125 0.6288318453125 0.6758680546875 0.63125 0.6232732046875 0.63125 0.6218700390625 0.6158110109375 0.6082837296875 0.6034102171875 0.598983134375 0.5823288703125 0.59092261875 0.5711681546875 0.5679811499999999 0.5345858140624999 0.5531001984375 0.509784225 0.5487599203125 0.5029637906250001 0.5537202375 0.48250248124999995 0.535119046875 0.48312251875 0.53759920625 0.47692212187500005 0.5636408734375 0.3950768859375 0.533258928125 0.38213045625 0.5328125 0.37683531718749996 0.5328125 0.338033234375 0.5586805546875 0.309375 0.580939378125 0.309375 0.7878231953125
6 0.797446409375 1 0.7924437828124999 0.9905505953125001 0.80401785625 0.9756696437500001 0.813111771875 0.9310267859374999 0.8114583328125 0.9186259921875 0.813111771875 0.9120122359374999 0.80401785625 0.9053984796875 0.8164186499999999 0.9037450390625 0.85940806875 0.8888640875 0.8703125 0.8678341125 0.8703125 0.8646293953124999 0.8651951062500001 0.8500082671874999 0.843700396875 0.886383928125 0.8304728828125001 0.898784721875 0.7982308203125 0.878943453125 0.7701223546875 0.878943453125 0.699851190625 0.8872106484375 0.6866236765625 0.885557209375 0.65934193125 0.85744874375 0.6180059515625 0.804538690625 0.5932043640625 0.7747767859375 0.5741898140625 0.7623759921875 0.5808035703125001 0.719386575 0.5675760578125 0.729307209375 0.5634424593749999 0.7441881609375001 0.5353339937499999 0.7706431874999999 0.5080522484375 0.797924934375 0.4807705015625 0.8243799609375 0.46588955 0.8351273156250001 0.4650628296875 0.8384341937500001 0.4642361109375 0.8376074734374999 0.462582671875 0.8467013890625001 0.46671626875000005 0.8582754625 0.45431547656250004 0.88307705 0.4493551578125 0.90705191875 0.455968915625 0.932680225 0.46010251249999995 0.967402446875 0.466029340625 1 0.66761499375 1 0.6791832 0.992204034375 0.700677909375 0.9897238765624999 0.7083850015625 1 0.797446409375 1