0 0.309375 0.46875 0.309375 0.20702598125 0.30579117031249997 0.20639881093749998 0.2961185515625 0.20912698437500002 0.28818204375 0.21433531874999998 0.28495783750000003 0.21904762031249997 0.282973709375 0.22475198437500002 0.277765378125 0.23045635 0.2762772828125 0.234424603125 0.257180059375 0.41498015937500005 0.251971725 0.45416666718750004 0.2522197421875 0.4583829375 0.2556919640625 0.464583334375 0.26137378125 0.46875 0.309375 0.46875
3 0.5494702375 0.46875 0.549448959375 0.46868304531250005 0.5382906390625 0.44528993437500003 0.527451978125 0.4319763890625 0.5049392578124999 0.42627228125 0.4905529890625 0.41965833437500005 0.48885135156250004 0.430090259375 0.4846334203125 0.43487964687499997 0.4818695453125 0.4510711515625 0.48054267968750003 0.46875 0.5494702375 0.46875
3 0.5514725968749999 0.39834141875 0.543232728125 0.3916695578125 0.5006926625 0.37932132812499997 0.479768165625 0.355603596875 0.473116440625 0.3557496015625 0.46726911718749997 0.353221553125 0.41310648906249997 0.3677308390625 0.376939653125 0.37048809843749997 0.3597070140625 0.37906650625 0.3534677796875 0.38420825000000003 0.35417935312500004 0.38661803125 0.364945846875 0.392849446875 0.4186752328125 0.41034185624999997 0.4306380390625 0.40622944062500005 0.441332365625 0.40537873125 0.4535323375 0.4103467375 0.47066181250000005 0.4129351328125 0.47978858124999996 0.4179320953125 0.503776028125 0.4228723625 0.5217820734374999 0.429868840625 0.572437871875 0.4390625 0.5795114578125 0.4390625 0.5834832453125001 0.43837013750000003 0.5921875 0.4315484703125 0.5921875 0.4295913609375 0.5911662890625 0.4258820015625 0.5816270265625001 0.4158893 0.5701077109374999 0.40674852812499995 0.5514725968749999 0.39834141875
3 0.46733918125 0.46875 0.47162063593750003 0.46528178281250004 0.478125 0.4560016953125 0.478125 0.45093481874999997 0.4776742890625 0.4454762171875 0.46545373593750006 0.427842684375 0.4503249796875 0.4122364015625 0.4394759875 0.4050058359375 0.430844209375 0.40600376406249994 0.4225011765625 0.41049871250000003 0.3988436390625 0.43438652187500004 0.3719066578125 0.4558054171875 0.3635120421875 0.465883765625 0.36034116250000003 0.46875 0.46733918125 0.46875
3 0.309375 0.46875 0.3546875 0.46875 0.3546875 0.441530015625 0.351362634375 0.42537738750000004 0.3521980390625 0.40445440781249997 0.350568646875 0.397136971875 0.34712420312500003 0.3926697625 0.334862315625 0.3993681390625 0.3107922890625 0.4182602078125 0.309375 0.42274955781249995 0.309375 0.46875
3 0.5069983578125 0.27184427968749997 0.46374140312499995 0.280903771875 0.4381166515625 0.279603528125 0.43442870468749994 0.28350028437499997 0.4362441921875 0.30548781406250003 0.437930559375 0.31445818124999997 0.462784590625 0.3119383796875 0.504357853125 0.31756254687499996 0.543728471875 0.33211391875 0.5786978609375 0.3417197578125 0.615548721875 0.346875 0.6291094921875 0.346875 0.6701125453125 0.3452943921875 0.669368315625 0.3463881171875 0.6862637609375 0.32645178750000003 0.6958212375 0.286302990625 0.71415766875 0.248245534375 0.740625 0.2223632859375 0.740625 0.22214916406250002 0.694148084375 0.222336196875 0.6138576546875 0.2260998296875 0.5681825625 0.24497556875 0.5069983578125 0.27184427968749997
3 0.61783683125 0.46875 0.61875 0.4575478234375 0.61875 0.4442803203125 0.592250346875 0.43964367031249996 0.5754096171875 0.4405522890625 0.57030478125 0.44701657656249993 0.563364228125 0.46849704374999995 0.5633158593750001 0.46875 0.61783683125 0.46875
3 0.5496262156249999 0.3537362171875 0.525721265625 0.349795096875 0.502074146875 0.34276844375 0.48471775937499995 0.34984813125 0.48488275625000005 0.3518464265625 0.48803845625 0.3528166203125 0.48865719687500003 0.36031023125 0.49256571562499996 0.3641897796875 0.4961442421875 0.364072734375 0.504848184375 0.3701569328125 0.5156250109375 0.370305371875 0.547089171875 0.3850911203125 0.567518675 0.4028139609375 0.5933210953125 0.4297354890625 0.6036235125 0.4365545671875 0.6199898312500001 0.44231658906250004 0.6314783125 0.4200433265625 0.6357994109374999 0.40408713125 0.6426677171875 0.4003560234375 0.6516192390625 0.38460618125 0.65932295 0.3599520953125 0.6336236125 0.34669524375 0.608450184375 0.346015834375 0.5925066078125 0.3639980625 0.5852876390625 0.37589853125 0.5828022625 0.376838546875 0.5699319703125 0.3699603359375 0.5496262156249999 0.3537362171875
9 0.22750099218750003 1 0.2329406859375 0.9728729859375 0.240464378125 0.9160807546874998 0.2546875 0.8665092140624999 0.2546875 0.848071340625 0.2243024 0.8348444531249999 0.131957134375 0.804442875 0.0327434046875 0.76671498125 0.026058192187500002 0.7768140953125 0 0.8421261640625 0 0.9982751593749999 0.0035599265625000003 1 0.15650892968750002 1 0.158514690625 0.9960450734374999 0.1700550265625 0.98291998125 0.207555475 0.9064128640625 0.216668246875 0.8948007624999998 0.21747659531250002 0.91699531875 0.211019825 0.96590038125 0.20035708125 1 0.22750099218750003 1
1 0.800471109375 0.46875 0.71350658125 0.544769696875 0.6221386578125 0.6124588015625 0.70478549375 0.7277764203125 0.7244487171875 0.7494259453125001 0.7774214046875 0.821875 0.7781422328125001 0.821875 0.848433303125 0.761231321875 0.8519427125 0.7414760578124999 0.8810525359374999 0.715462625 0.9040706499999999 0.7190144328125 0.953125 0.685260696875 0.953125 0.6846103078125 0.950659465625 0.6844087609375 0.9428915953124999 0.660391271875 0.9442822609375 0.645473346875 0.9257006671875001 0.61222099375 0.905992928125 0.6089397921875 0.899262171875 0.591687796875 0.8498945921875001 0.5308661453125 0.8093300171875001 0.46875 0.800471109375 0.46875
1 1 0.770019975 0.9884401046875 0.7556817703125001 0.9731992734375 0.74742115 0.9486032296874999 0.7429052640625 0.8974052718750001 0.72318739375 0.8884209000000001 0.7229540125 0.8684525765625001 0.7278353875000001 0.8594414984375 0.7386230046875 0.8548530718750001 0.7502732046875 0.8533830468750001 0.7606751609375 0.8571433671875 0.7740099421875 0.8905839468749999 0.8178299546875 0.9005543703125 0.8396892421875 0.9073073812499999 0.8477570734375 0.9195225171875 0.8562714124999999 0.9318100749999999 0.859375 0.9530702015625 0.859375 0.966708728125 0.8546170875 0.984889603125 0.8420737984375 0.9966616 0.8285055546875 1 0.8210426343750001 1 0.770019975
5 0.7519352625 0.5839739390625 0.748347009375 0.5741605984375 0.74658626875 0.5554776828125 0.7364037171875 0.5466284484375 0.7313454421875 0.5472170625 0.7274987015625001 0.5509110359375 0.7192026015625 0.5647634203124999 0.7156402859375001 0.5815080359375 0.7062253609375 0.59126053125 0.7024579796875 0.5994704750000001 0.68306556875 0.6089084078125 0.6750743109374999 0.6087562109375 0.66199806875 0.6202136234375 0.6547414359375 0.6336499250000001 0.6523710125 0.642976171875 0.63817594375 0.650333696875 0.6201074296875 0.6724061906250001 0.5995231296875 0.6892624953125 0.5877377796875 0.7083412359375 0.586592246875 0.71526234375 0.588750540625 0.7189461484375 0.622582378125 0.7317328265625 0.63964365625 0.752668596875 0.65349381875 0.7758471453125 0.6599820546874999 0.781388065625 0.6636636593749999 0.7828125 0.67245948125 0.7828125 0.6916029531250001 0.774953971875 0.7011435890625 0.76922018125 0.7061688640625 0.7636183328125 0.7023951890625 0.7557940484375 0.6901007 0.7427637421875 0.6886510921875 0.7261104749999999 0.702521671875 0.7222338015625 0.7343413453125 0.7083001531249999 0.74141255625 0.6968529078125 0.7457825609375 0.6821785296874999 0.7672869062500001 0.67692166875 0.7952865515624999 0.6556610015625 0.7953125 0.6553826468749999 0.7953125 0.6525431968750001 0.79222785625 0.6509014843750001 0.790797896875 0.644771946875 0.77427953125 0.6233795015625 0.7519352625 0.5839739390625
5 0.7701759984375001 0.6859783187499999 0.7607744265624999 0.6902203171875 0.734933075 0.715164790625 0.7257098656250001 0.7389624578125 0.725 0.7465773109375 0.725 0.7469212875 0.745326990625 0.748582928125 0.74885725625 0.75 0.752719071875 0.75 0.7549006281249999 0.747862371875 0.7625281046875 0.7304479578125 0.7822780046875 0.72254240625 0.7956787359375 0.70760414375 0.8020546124999999 0.7036158625000001 0.8046875 0.698272715625 0.8046875 0.68595264375 0.8004132921875 0.6729174265625 0.7920181875 0.6717301093750001 0.7779621875 0.67759584375 0.7701759984375001 0.6859783187499999
5 1 0.5107497999999999 0.9672540156250001 0.504711465625 0.9119508328125001 0.5021948843749999 0.8272384593750001 0.48775421406249997 0.82668219375 0.49372138593750003 0.8979592921874999 0.5932449906249999 0.9061556203125001 0.6019318609375001 0.9212243796875 0.606671040625 0.9423241125 0.6379580109375 0.9442969828125001 0.6436308734375 0.9425951828125001 0.65651915 0.95807408125 0.6783276765625 0.9578423031250001 0.6808139984375 0.9239633390625 0.7061035390624999 0.9292863921875 0.7080418374999999 0.938595253125 0.7047943671875 0.95574295 0.7087013843750001 1 0.7100966859375 1 0.5107497999999999