0 0.5439389265625 0.8203773218749999 0.529341428125 0.827643490625 0.526121890625 0.8566865015625 0.5400218734375 0.9408391828125 0.69497643125 0.9553225390625 0.70718698125 0.918489328125 0.725197121875 0.9115421375 0.726892278125 0.8184904234375001 0.7208245296875 0.811018825 0.6751326078125001 0.803295846875 0.5439389265625 0.8203773218749999
7 0.309773584375 0.6310572046875 0.2911897046875 0.5965240328125 0.26748872343749996 0.5770476 0.2424564640625 0.5229244578125 0.19827403593749998 0.454928578125 0.181398340625 0.43609009218750006 0.157888603125 0.43044044843749996 0.11618120000000001 0.44898160625 0.098741071875 0.46633875937499997 0.0866074328125 0.4669307625 0.058550606250000005 0.4867478171875 0.03182133125 0.510141184375 0.0263254546875 0.52861475 0.071837296875 0.6157221390625 0.10463990625 0.6464059718749999 0.11412216093750001 0.6697317453125 0.12379193749999999 0.6758139046875 0.15868708125 0.7653811984375001 0.1626715984375 0.7916453359375 0.16930750156250002 0.7939916984375001 0.1894008734375 0.76825196875 0.2341402921875 0.737911409375 0.2697818078125 0.727433853125 0.32722673750000003 0.722446453125 0.305038971875 0.6737675203125 0.309773584375 0.6310572046875
7 0.22080149375000002 0.1739514828125 0.239194128125 0.1946578671875 0.26573773749999996 0.2040433109375 0.268203459375 0.21290434687499998 0.310105828125 0.239260378125 0.433911653125 0.2732717921875 0.4604515421875 0.2515868375 0.49248730781249994 0.2114283171875 0.49646438281250005 0.1755516546875 0.47807174999999996 0.15484526875 0.442615896875 0.132544015625 0.43868761718749993 0.12354627343749999 0.2485767625 0.1057769171875 0.223072246875 0.13791533281249999 0.22080149375000002 0.1739514828125
0 0.2399702734375 0.34317621875 0.258741675 0.3604657765625 0.2750510765625 0.3999647 0.343885134375 0.509965346875 0.3626546765625 0.51171970625 0.45308229375 0.4580317265625 0.3394939328125 0.2540900359375 0.2974021765625 0.22944241718749997 0.2663096140625 0.2299884734375 0.24905515 0.21456681562500002 0.2420423390625 0.23117247968750002 0.24526745625 0.24873506562499997 0.2270697921875 0.27292586874999997 0.2229033328125 0.31051094687499997 0.2399702734375 0.34317621875
0 0.45876941406249994 0.45338494999999995 0.5004730937499999 0.40377339062499995 0.5129817796875 0.3686941640625 0.47069877968749996 0.330219759375 0.45457875937500003 0.2890124265625 0.39220052656250004 0.26074255 0.3753341359375 0.31958006562499996 0.4506165734375 0.4491706890625 0.45876941406249994 0.45338494999999995
0 0.5175418953124999 0.45197386406250006 0.5044613359375 0.461107928125 0.4811465640625 0.5003554703125 0.48038902656250004 0.507189121875 0.48342290156249995 0.5109249218749999 0.49688409375000003 0.5139092296875 0.5384021125 0.49707648437499996 0.567409584375 0.4997877671875 0.57669873125 0.4937515515625 0.5890217546875001 0.4914511375 0.6003959937500001 0.482157584375 0.6060812531249999 0.46197560937500004 0.5986859515625 0.450927696875 0.579535778125 0.4370549640625 0.5564048109375 0.42798849375000003 0.5461668796875 0.4270315703125 0.5256928765625 0.44065292500000003 0.5175418953124999 0.45197386406250006
3 0.5061751 0.52340821875 0.5768955609375 0.554183940625 0.6461009453125001 0.5986269625 0.6563388734375 0.5995838859375 0.6631604390625 0.5691514343749999 0.6593653046875 0.5411788859375 0.6510212203125 0.5231378375 0.6309222640625001 0.5022719671875 0.621063103125 0.49789821874999995 0.5937619515625 0.49534642343749996 0.57252855 0.500266228125 0.5384021125 0.49707648437499996 0.5078795625 0.508032503125 0.49840103124999996 0.51577713125 0.5061751 0.52340821875
8 0.39643025781249996 0.751354278125 0.433404909375 0.7910586312500001 0.45748838281250004 0.8381886406250001 0.49540809531249996 0.8538157312499999 0.5263112734375001 0.8549780890625 0.5319946734375 0.8192609125000001 0.5740827046875 0.8128381296875 0.57730410625 0.799330315625 0.5465865859375 0.765389146875 0.52003553125 0.693862903125 0.42409529062500007 0.6262076453125001 0.365508471875 0.59483991875 0.35451486249999997 0.616251846875 0.3545167234375 0.631787046875 0.3844804234375 0.7036322671875 0.39643025781249996 0.751354278125
8 0.45806025781250004 0.8641338031249999 0.45161001718750005 0.8290086296875 0.434921846875 0.79292653125 0.40268739218749994 0.7571174625 0.3719717375 0.7387114953125 0.34049854375 0.7271391765625 0.2927215296875 0.7226735328125 0.2252299125 0.740530796875 0.170065040625 0.787158046875 0.1471309015625 0.8385239640625001 0.142964440625 0.8761090406250001 0.14789712187499998 0.9041879140625 0.44174850781249997 0.93165373125 0.4535150296875 0.9051357046874999 0.45806025781250004 0.8641338031249999
8 0 0.8903642093749999 0.146759575 0.9040815906249999 0.143343209375 0.8726922140625 0.1471309015625 0.8385239640625001 0.1643779234375 0.7918048234375 0.14673910625 0.7331943875 0.1336566828125 0.726793253125 0.1211442765625 0.73080208125 0.1103400515625 0.750505596875 0.0995339671875 0.754673909375 0 0.7811902171875 0 0.8903642093749999
8 0 0.782488590625 0.0335592875 0.774399075 0.048535557812500005 0.763716084375 0.0709071234375 0.7640810046875 0.1065486390625 0.7536034468749999 0.1247463046875 0.72941264375 0.14067135625 0.725722790625 0.13782500312499998 0.704743378125 0.12663828906250002 0.6967933171875 0.060849271875 0.6837396671875 0 0.6770069109375 0 0.782488590625
8 1 0.732052378125 0.9604541109375001 0.717766978125 0.9170385234375 0.7206134484375 0.8810201 0.7500430296875 0.8465223375 0.8124109140625 0.8372406343750001 0.880587928125 0.8434996296874999 0.9018863140625 0.8740277593749999 0.9375358953124999 0.9803753937499999 0.98199831875 0.9879762812499999 0.9827087593750001 1 0.87424441875 1 0.732052378125
8 1 0.522741475 0.9871610546875 0.5079512078125 0.9467756218750001 0.48346307812499995 0.9230764984375 0.4795218453125 0.9024131125 0.49485161250000004 0.8006205625 0.6355091453124999 0.8019499734375 0.654620659375 0.815223640625 0.67484858125 0.8603492703125 0.7032319984375001 0.8722935250000001 0.7043484062500001 0.8821508265625001 0.6931869546875 0.8958014015625 0.6944628500000001 0.9160860203125001 0.6825499109375001 0.9291647187500001 0.65788064375 1 0.5717153453125 1 0.522741475
8 0.661643503125 0.5672835359375 0.65596010625 0.6030007109375 0.7496240078125 0.6600865203125 0.7846973703125 0.6547342 0.8637433046874999 0.5481989703125 0.8756782546874999 0.47163938125 0.870178659375 0.45904254375000003 0.853872978125 0.450614021875 0.8402242640625 0.46487332343750004 0.8047702718749999 0.4581072703125 0.751876153125 0.46869836718749996 0.668461346875 0.5057806828125 0.6529169265625 0.5215889125000001 0.661643503125 0.5672835359375
8 1 0.1760112375 0.8885113546875001 0.1655905734375 0.8570646 0.18854300625 0.8390581812500001 0.22656059687500002 0.8521406031250001 0.2329617328125 0.9020101515625001 0.2963108359375 0.9249517359375 0.30708572031250003 0.9789840218749999 0.3017793453125 1 0.308092153125 1 0.1760112375
10 0 0.5215941187500001 0.027272379687499997 0.5200726859375 0.0488826890625 0.49620085625000004 0.1123897859375 0.45207945625 0.19218581562499998 0.27656977656250004 0.22649419218750003 0.21591030781249998 0.22478415156249998 0.18468041875000002 0.18932457656249999 0.1313087640625 0.191975959375 0.1073909875 0.18382311875 0.10317672656250002 0.11008553593749999 0.20848200625 0.0880983171875 0.251305859375 0 0.50097385 0 0.5215941187500001