0 0.4890625 0 0.3737864109375 0 0.3695735875 0.00584359375 0.37323525 0.02415190625 0.3720146953125 0.025372459375 0.4135135375 0.0302546765625 0.4493230640625 0.0328125 0.46564826249999997 0.0328125 0.483085121875 0.0107258109375 0.4890625 0.0029903796875 0.4890625 0
3 0.0829239703125 0.04357855 0.0902472953125 0.057004645312500005 0.0792623078125 0.11315013593750001 0.0902472953125 0.182721721875 0.11099671562499999 0.23642610312499998 0.1317461359375 0.25961663125 0.14151056875 0.2962332546875 0.1402900140625 0.33529098749999997 0.13786843437500002 0.35950678125 0.16380215781250002 0.3703125 0.1982981578125 0.3703125 0.2269493578125 0.3535993 0.22328769531249998 0.316982675 0.24037545312500003 0.2498521984375 0.255022103125 0.229102778125 0.2721098609375 0.15220786875 0.2734375 0.09445555781250001 0.2734375 0.045345715625 0.2281699125 0.0179469140625 0.190332734375 0.0118441421875 0.13418724375 0.0142852515625 0.0829239703125 0.04357855
3 0.479781615625 0.45 0.47934517187500003 0.44432623437499996 0.4683601859375 0.42235626093749995 0.4427285484375 0.4260179234375 0.40367081562499996 0.42479736875 0.357289759375 0.41381238124999997 0.32921701406250004 0.39794517812499997 0.303585378125 0.3820779734375 0.23645489999999997 0.3771957578125 0.19739716875 0.3771957578125 0.1400311234375 0.37353409531250004 0.141251678125 0.375975203125 0.13026669062500001 0.43212069375000006 0.12720166718749998 0.45 0.479781615625 0.45
3 0.32630094062500004 0.3162346109375 0.3165365078125 0.3540717890625 0.32630094062500004 0.39068841249999997 0.329962603125 0.38580619375 0.35803534843749996 0.4004528453125 0.3813259453125 0.4046875 0.38553510156250004 0.4046875 0.40563695937500005 0.3845856421875 0.4227247171875 0.3650567765625 0.4434741375 0.30036740625 0.455679678125 0.26253022812500004 0.4578125 0.247600475 0.4578125 0.2375 0.45703593906249995 0.2375 0.43126859531250006 0.24422191718750003 0.3987793359375 0.2375 0.395271115625 0.2375 0.3824464296875 0.2503246875 0.3592559015625 0.2454424703125 0.3433886984375 0.266191890625 0.32630094062500004 0.3162346109375
7 0.4890625 0.45 0.4890625 0.2936630359375 0.47819575312499996 0.273481934375 0.4598874421875 0.25273251406249997 0.4464613453125 0.291790246875 0.43547635781249994 0.3247452078125 0.426932478125 0.36258238593750003 0.4293735890625 0.3650234953125 0.4586668859375 0.413845659375 0.48276978125000003 0.45 0.4890625 0.45
6 1 0.45 1 0 0.9307393109375 0 0.9287533484375 0.007758121875 0.9305706171875 0.0350025203125 0.9238262328125 0.0455087046875 0.9106190140624999 0.055570735937500004 0.8813570921875 0.0657863609375 0.8527670468749999 0.083094659375 0.8316316562499999 0.10948534531250001 0.82068323125 0.11737916875000001 0.798261675 0.1290933015625 0.7942368 0.13350166562500002 0.7901863296875 0.1424027953125 0.781010378125 0.19502088125 0.7698507875 0.23036250156250002 0.758991940625 0.280236775 0.760335696875 0.294422128125 0.7765951578125 0.335266578125 0.7798329703125 0.3632180296875 0.7962268109374999 0.39009298281250004 0.8272676062500001 0.43309594999999995 0.8479629062499999 0.45 1 0.45
6 0.8504623500000001 0.45 0.8286505468750001 0.43268179375000004 0.787512375 0.3732159640625 0.78266845 0.367512490625 0.777798928125 0.3663017859375 0.7760904359375 0.368050740625 0.7749130453124999 0.3823675421875 0.7613922843750001 0.39937834687499996 0.756676334375 0.40968113281249996 0.7498999546875 0.4161857515625 0.7394314390625001 0.44563295312499995 0.7368013390625 0.45 0.8504623500000001 0.45
7 0.23240221718749998 0.4945851546875 0.22502252656250002 0.49304206875 0.209895721875 0.493827709375 0.18925205312499999 0.49987631875 0.171330621875 0.5089620453125 0.16088073593750002 0.5186229015625 0.1550423765625 0.52727370625 0.1407742125 0.5613087421875 0.12392159843749999 0.5908547359374999 0.1107027875 0.6349807890625 0.08296746875 0.6681741765625 0.054667778125 0.7126018953125 0.050875962500000003 0.726122846875 0.049209315625 0.748972609375 0.052711565625 0.7808004609375001 0.059605510937499995 0.7980365359375 0.0667882578125 0.8069421390624999 0.0739383046875 0.8109051046874999 0.0828001671875 0.8285526687499999 0.086148559375 0.8317207140624999 0.18851295625 0.853125 0.192879678125 0.853125 0.20674626875 0.849533865625 0.2302304890625 0.83470119375 0.2424778109375 0.82196111875 0.25160277343750004 0.805113103125 0.260958140625 0.7488268671875 0.262258125 0.6928305828125 0.271120753125 0.6734598125 0.27930145 0.6401262125 0.2859540484375 0.5911721125 0.2875 0.565150065625 0.2875 0.5623078343750001 0.28267520468749996 0.5411285171875 0.27585988437500003 0.5283511015625 0.2664928109375 0.5160272781249999 0.23240221718749998 0.4945851546875
0 0.4890625 0.46251067968750004 0.4773416734375 0.46696654375 0.402684603125 0.49232296406250003 0.37590754375 0.4995569890625 0.3590159984375 0.50836448125 0.34659819375 0.51761385 0.33227786875 0.5363370015625 0.3278695203125 0.5457804 0.32506166406250003 0.5595070984375 0.32373597656249997 0.5893382734375 0.33203347031249997 0.618220165625 0.34406361875 0.6394916937499999 0.3578912015625 0.6576840046875001 0.3763762421875 0.6743822843749999 0.3896464546875 0.68258645 0.4007782671875 0.6868884203125 0.4155921796875 0.6890625 0.4365110625 0.6890625 0.45241663125000003 0.68732076875 0.4890625 0.6868661250000001 0.4890625 0.46251067968750004
0 0 0.45 0 0.58125 0.0349317296875 0.58125 0.08100099375 0.5704322734375 0.12808075624999998 0.550168228125 0.14493960625 0.5364180968750001 0.156078415625 0.5194975921875 0.15625 0.5176894890625 0.15625 0.5085056734375 0.1538878515625 0.5002835109375 0.133487821875 0.4614672921875 0.12911351875 0.45 0 0.45
0 0 0.8143629171875 0.057523692187499996 0.8263910578125 0.0655263421875 0.821647865625 0.0749004125 0.8127492140625 0.060521689062499995 0.8003646234375001 0.052827498437499995 0.7809868984375 0.04935794375 0.7541016796875001 0.0518513 0.72254034375 0.05536754687499999 0.7119232484375 0.070101228125 0.6888443093750001 0.0972527109375 0.6565160015625 0.109021284375 0.6382464406249999 0.1240834609375 0.5905571937499999 0.140625 0.56364823125 0.140625 0.5565608171875 0.1367511328125 0.55223885625 0.12167025312499999 0.552540521875 0.0999834671875 0.5642939765625 0.08139957656249999 0.5697861203125 0.07283898125 0.575399809375 0.044953409374999996 0.5784534046875 0.034070703125000004 0.5821008 0.000785828125 0.6156145234375 0 0.6158832375000001 0 0.8143629171875
0 0.3786938109375 0.6786238734375 0.3364956703125 0.6421598125 0.29850893749999996 0.6036148703124999 0.291575296875 0.602658634375 0.2827064375 0.6062335437499999 0.27480754375 0.6524591453124999 0.27364610625 0.66998516875 0.2608803421875 0.6934755984375001 0.25913506875 0.7118666984375001 0.260590778125 0.738824403125 0.2504873265625 0.8082808703125 0.3095567828125 0.8625865234375001 0.3382356046875 0.8828970515624999 0.35122514531250004 0.8875 0.3786407265625 0.8875 0.3898280421875 0.8838133765624999 0.41071458125 0.869918271875 0.4272651640625 0.854129365625 0.43920421875000004 0.8393505109374999 0.44863744843750003 0.8245412703125 0.4576837859375 0.8032345937500001 0.4609375 0.788965378125 0.4609375 0.7756149156250001 0.4608528359375 0.7698402265625 0.45426715624999997 0.7546429296875 0.4416399421875 0.73966309375 0.3786938109375 0.6786238734375
0 0.1717167609375 0.45 0.18173854843749998 0.46078825625000003 0.20345103125000003 0.47519991250000004 0.211781984375 0.47200610625 0.21571781875 0.4728290859375 0.2273610765625 0.4876031765625 0.24978194843749998 0.5051244359375 0.267479975 0.514254453125 0.287559271875 0.519440171875 0.3157858078125 0.523367990625 0.3257040203125 0.5298840984375 0.33013183281249997 0.5308099484375 0.3373869703125 0.52837835 0.3466824140625 0.515021040625 0.3703044203125 0.49873643906250004 0.3883441734375 0.4778295359375 0.3999554953125 0.45064265625 0.4000685828125 0.45 0.1717167609375 0.45
7 0.8988678203125 0.5093960156249999 0.886186540625 0.5136979593750001 0.8768674984375 0.521427203125 0.8611725390625 0.5383195328125 0.8489010234375 0.5571353171875 0.8255116046875 0.5787141984375 0.8091416453125 0.5876093484375 0.7600207156250001 0.6022757078125001 0.733513896875 0.6144119 0.6881649640624999 0.6470194015625 0.674074184375 0.6613703187500001 0.654844415625 0.6913659843750001 0.6449430390625001 0.7011120234374999 0.632272815625 0.717433065625 0.62473223125 0.73062974375 0.5799469328125 0.7862612125 0.5654684984375 0.8101364875 0.559583953125 0.8318082875 0.55952445 0.857851615625 0.5626010453125 0.8682968640625 0.5728620265625001 0.8865876125 0.5800260093749999 0.8949343953125 0.59706161875 0.9065568015625001 0.60495075625 0.9093778140625 0.6260640078125 0.9109375 0.637771578125 0.9109375 0.65264178125 0.9052617125000001 0.661439696875 0.8980454187500001 0.693178171875 0.880278446875 0.7200930484375 0.8581166140625001 0.7269084796875 0.8504457078125001 0.76345949375 0.8250544999999999 0.7713171765625 0.8163576953125 0.8047822484375 0.7930416203125 0.819353346875 0.7791803171874999 0.8478409484375 0.7429592546875 0.8533990484375 0.7293079656250001 0.8619410765625 0.71608795625 0.869133109375 0.6868735906250001 0.8764586125000001 0.6666706343750001 0.8808409906250001 0.6450338375 0.8851936171875 0.636418703125 0.9108103578125 0.609279053125 0.9283449812499999 0.596350309375 0.9471258859375 0.5773828468750001 0.954666471875 0.5641861718750001 0.9546875 0.5636695281249999 0.9546875 0.553065325 0.9510372953124999 0.542736053125 0.9353091718750001 0.5235710828125 0.9173129265625001 0.5109694484375 0.8988678203125 0.5093960156249999
9 0.4890625 0.894692590625 0.4951940640625 0.8926234109374999 0.5062567 0.82976481875 0.5109375 0.8125262109375001 0.5109375 0.801480753125 0.5044357328125 0.8007604687500001 0.4890625 0.8035490828124999 0.4890625 0.894692590625
9 0.5257982046875 0.81120530625 0.5184412453125 0.81989044375 0.5092556734375 0.8366310953125 0.5031764484375 0.850795334375 0.501286628125 0.86035469375 0.5074177093750001 0.8572069921875001 0.5153884609375 0.8580228765625 0.5378912078125 0.87051950625 0.5552124546874999 0.8751239625 0.567307340625 0.88125 0.5685970671875 0.88125 0.56875 0.880664778125 0.56875 0.8753124109375001 0.557714359375 0.8505261453124999 0.5570691156249999 0.829507303125 0.55224551875 0.825112440625 0.5257982046875 0.81120530625
9 0.4890625 1 0.5447191124999999 1 0.5481484078125 0.9830687921875001 0.5692271921875001 0.9445163296875 0.5830212765625 0.9251642578125001 0.5921875 0.9070787062499999 0.5921875 0.9027373453124999 0.55741983125 0.8781841828125 0.5381569015625 0.8721225499999999 0.5185768765625001 0.8615610437499999 0.511627975 0.86022054375 0.49933605468750003 0.879537609375 0.49532092812500006 0.89215133125 0.4890625 0.8953644109375001 0.4890625 1
7 0.797484146875 0.8580668859374999 0.7792949265625 0.8624971734375 0.7610130374999999 0.8569134859374999 0.7435489703125 0.855818 0.7228357359375 0.8608079046875 0.7095109140625 0.8686304890625 0.6892482453125 0.8871316703125001 0.6625578015625 0.9037794031249999 0.6504291046875 0.9190862124999999 0.6453921328125001 0.9322245515625 0.646476890625 0.9547355703125 0.652732096875 0.9731196593749999 0.6642597578125 0.9848704078124999 0.6765297671875 0.9875 0.7036396625 0.9875 0.7302326703124999 0.9863379953125001 0.7528263765625001 0.9843091125000001 0.7700141546875 0.9799021625 0.78486154375 0.9715432937500001 0.7952636421875 0.9617855875 0.8021606859375 0.9521095515625 0.8109067421875 0.933876721875 0.8243131734375 0.9240490109374999 0.8321912593749999 0.9148509234375 0.838188871875 0.9026918125 0.8390625 0.8956294328125001 0.8390625 0.8882699140625 0.837083709375 0.8806820765625 0.826179184375 0.8659119687499999 0.8074781874999999 0.858334821875 0.797484146875 0.8580668859374999