0 0.187331903125 0.36364003437500003 0.1739125015625 0.3617139140625 0.158901884375 0.3678090515625 0.1425378078125 0.37951345000000003 0.1323255734375 0.39377954531250003 0.12850294375 0.40819534687500003 0.12978952187499998 0.4195074390625 0.197253009375 0.490391484375 0.20788005156249997 0.49628144843750005 0.2251344515625 0.49990912656250003 0.2429374265625 0.489850146875 0.2578125 0.47161390000000003 0.2578125 0.46430170937500004 0.2564844125 0.4498748703125 0.2468814546875 0.4254742703125 0.22737090625 0.3960064203125 0.187331903125 0.36364003437500003
7 0.409375 0.11404319375000001 0.40319605000000003 0.11328925625 0.3805946859375 0.11517727656250001 0.36974225625 0.1278166640625 0.355994621875 0.21855601249999998 0.34667271093749996 0.2481541828125 0.3398323359375 0.2850631796875 0.3392106921875 0.3076125140625 0.3547277390625 0.3369868 0.3517768765625 0.3425586359375 0.35178924375 0.358675996875 0.357544834375 0.365257678125 0.3709642359375 0.36718379375 0.38182284843750003 0.36260308750000003 0.39059 0.33863289218750003 0.405356678125 0.32689106562500003 0.409375 0.32100693125 0.409375 0.11404319375000001
7 0.17746778125 0.19868430625 0.1592747296875 0.22082195 0.1405331015625 0.256646253125 0.1155851125 0.322947571875 0.10898249062500001 0.3574445796875 0.110909265625 0.370383378125 0.116988046875 0.3818077515625 0.1099767984375 0.4042073796875 0.112458334375 0.411518203125 0.12197472499999999 0.415625 0.1269531796875 0.415625 0.13727874375 0.387118275 0.15491703125 0.3706086109375 0.1668121 0.363634625 0.17479910468749998 0.3638217578125 0.17615256562499998 0.35821249375 0.1870111796875 0.3536317859375 0.19251664375 0.34650809374999997 0.2056673703125 0.310552803125 0.20470398437499998 0.3040834 0.1982289453125 0.29667901093750004 0.19949697187499998 0.2838150640625 0.21147129062499997 0.276037084375 0.23285914375 0.25397429374999997 0.2417117296875 0.23725878125 0.2421875 0.23486044375 0.2421875 0.2272982765625 0.2357852703125 0.2161677359375 0.2201220859375 0.2045188015625 0.19934969375 0.1959735796875 0.17746778125 0.19868430625
7 0.409375 0.46814734218750004 0.38464659375 0.4185957375 0.36153880312500003 0.385014334375 0.3545758859375 0.366316565625 0.3492227390625 0.3637735828125 0.332193725 0.34161655468749996 0.321170425 0.33974657656249996 0.3044100875 0.355470959375 0.27774215468749996 0.366128090625 0.279919053125 0.392772259375 0.3002283046875 0.422258825 0.3110324015625 0.450716834375 0.322946021875 0.46791889062500003 0.3447857890625 0.514364240625 0.3654851125 0.5317721421875 0.3829834515625 0.5410465078125 0.3936959296875 0.554191153125 0.3937021125 0.562249834375 0.40050034375 0.5744969171875 0.40382908281249996 0.575 0.409375 0.575 0.409375 0.46814734218750004
7 0.409375 0.6 0.409375 0.575607540625 0.40851650624999997 0.5759300890625 0.40068800781249997 0.5741349640625 0.39317032812499997 0.5610651703125 0.3930848953125 0.5538104859375 0.3832565515625 0.5479392390625 0.34543155468750003 0.5905691046875 0.3441987875 0.6 0.409375 0.6
7 0.25094495 0.3542159921875 0.24136054687500003 0.353991434375 0.2135830921875 0.3759045171875 0.21374777968749997 0.38235520625 0.23269120000000001 0.4013336734375 0.24644615937499997 0.42421984375 0.263579159375 0.4778075984375 0.324025215625 0.56303259375 0.333280296875 0.571875 0.3436058734375 0.571875 0.3573328734375 0.5662305375 0.376330809375 0.5521702875 0.3765625 0.5498198140625 0.3765625 0.5385174109374999 0.3448335703125 0.5143630609375001 0.2968373453125 0.41653609999999996 0.2618221140625 0.373811325 0.25094495 0.3542159921875
7 0.335422090625 0.6 0.33593924999999997 0.5865011078125 0.3177821609375 0.5514239937500001 0.2722067734375 0.485887896875 0.25829949375 0.47266839843749997 0.236112940625 0.49471247500000004 0.2112801640625 0.502995040625 0.20649414687499998 0.5109414421875 0.20554312812500003 0.520589403125 0.20842710625 0.5319389218749999 0.22074316875000002 0.553179675 0.2587154453125 0.598391296875 0.25975094374999996 0.6 0.335422090625 0.6
7 0.14184128437500002 0.42968970625 0.130013096875 0.41974233281249995 0.11131980156250001 0.4144692359375 0.10542426093749999 0.4336715921875 0.10791198125000001 0.44904109375 0.12543505625 0.49055018281249996 0.14918923125 0.5338169703125 0.1504469265625 0.534375 0.15446451249999998 0.534375 0.1895019515625 0.506556609375 0.193495453125 0.5066501734375 0.19989124062500002 0.5148585609375 0.203125 0.506458396875 0.203125 0.4962112828125 0.1706192296875 0.46259810312500005 0.1688571421875 0.4561099890625 0.15815085 0.4510240234375 0.14184128437500002 0.42968970625
7 0.2974037 0.1928583625 0.2028288296875 0.2833156671875 0.20347521249999997 0.29300105468750004 0.22994249375 0.3331079953125 0.2458496140625 0.3504036171875 0.2535988640625 0.3530027390625 0.265573184375 0.3452247578125 0.2748282125 0.33254794374999996 0.3116229421875 0.300370034375 0.34728959375 0.2552720375 0.3557335546875 0.22645914843749998 0.3625 0.17152400625 0.3625 0.16149315 0.3435450765625 0.1633170015625 0.31927324218750003 0.1740302703125 0.3154506140625 0.188446071875 0.2974037 0.1928583625
7 0.409375 0.3800235390625 0.3884088515625 0.36813054375 0.3582959953125 0.36500745156250003 0.35625 0.37032221718749997 0.35625 0.3709333328125 0.36102765625 0.38602364375 0.3827758015625 0.417155628125 0.4027742296875 0.45791685937500004 0.409375 0.46319145468749995 0.409375 0.3800235390625
3 0.5688086515624999 0.6 0.57143363125 0.5938242687499999 0.5942081671875 0.563201534375 0.6002503906250001 0.5425827671875 0.5977927484375 0.5130682015625 0.5903434265625 0.48764464687500003 0.5879940234375 0.46755856875 0.6013391234375 0.437098928125 0.60625 0.4114705234375 0.60625 0.4034106640625 0.5972324359375 0.3382157734375 0.5940807953125 0.2730070296875 0.58863705625 0.22646611874999997 0.591247496875 0.20626842031249998 0.5960991046874999 0.19672830937500002 0.5961946078125 0.1847901484375 0.5899868390625 0.15722651875 0.5786982546875 0.1372433796875 0.5718983625 0.13012674375 0.5594446296875 0.12569155625 0.5448261390625 0.124006653125 0.5370382359375 0.11875 0.512718553125 0.11875 0.4631064796875 0.1226038953125 0.42979465625 0.13116356875 0.409375 0.1387798703125 0.409375 0.26166769218749997 0.4126166734375 0.2734069703125 0.4258726484375 0.36122883125 0.433602121875 0.43581459375 0.4470236328125 0.45702683281249995 0.450073396875 0.46609440468749996 0.4605852140625 0.4836881734375 0.4637113828125 0.50616361875 0.46036874531249994 0.5413592125 0.46277545 0.56193519375 0.4783871875 0.5848664390625 0.49456245625 0.6 0.5688086515624999 0.6
3 0.7789323578125 0.2437799578125 0.7542413640625 0.21550255 0.727271009375 0.1889956203125 0.7151419921875 0.1745818890625 0.7085203718749999 0.1604862859375 0.697314559375 0.14546234375 0.675354984375 0.127782375 0.6430109328125 0.11485509375 0.6336833671875001 0.094631346875 0.6040325296875 0.0664655609375 0.526948003125 0.074929725 0.529927734375 0.1004047484375 0.5348812125 0.10874180468750001 0.5391661640625001 0.12411798125 0.5450746843750001 0.1278654390625 0.5737895796875 0.135274784375 0.5805894687500001 0.142391421875 0.589025665625 0.1592459921875 0.5950869953125 0.18980919999999998 0.5909166515625 0.21367684062499998 0.5940173546875 0.2316829953125 0.589630534375 0.23669366093750002 0.5956090921875 0.2622976734375 0.6050194296875 0.28748061874999997 0.63883425 0.3384914484375 0.6563369703124999 0.3775895359375 0.6710000296875 0.3966617 0.6964486859375001 0.41441050468749996 0.7067694921875 0.41761659062499995 0.7192860828125001 0.41875 0.7420831515625 0.41875 0.742207875 0.418734696875 0.7771687359375 0.4030156 0.8062529093749999 0.3795696546875 0.8178280000000001 0.36373830625000003 0.8277922562499999 0.3426383171875 0.8296875 0.3298814390625 0.8296875 0.3181772171875 0.8264997656249999 0.297575803125 0.8172295 0.277841959375 0.8032285984375 0.26017935468750003 0.7789323578125 0.2437799578125
3 1 0.190800478125 0.9271960437499999 0.15697969375 0.9173973234374999 0.1497340671875 0.9033391203125 0.131581559375 0.87368191875 0.11186445468749999 0.8504043859374999 0.0829166859375 0.8269422171875 0.06939656093749999 0.8109420968750001 0.064402634375 0.8033909078124999 0.05936591875 0.7367290578125 0.050649328125000004 0.68038165 0.053587499999999996 0.65096639375 0.0571966609375 0.6462357578125 0.0592679 0.6445039515625 0.0614681296875 0.6458855765625 0.0647771546875 0.654385440625 0.0736729484375 0.666692734375 0.081107715625 0.6761985765625 0.094352496875 0.696088896875 0.1411085984375 0.704671534375 0.15496358906250002 0.7093321343750001 0.16929980312499998 0.7325523625000001 0.1977576671875 0.7762932375 0.24009657343750002 0.800704084375 0.2574757796875 0.8186843203125 0.275147065625 0.852632840625 0.3017916671875 0.873751978125 0.32504104218749996 0.9019256890625 0.3618359640625 0.9135962875000001 0.372330459375 0.931551059375 0.38553245468749997 0.9464242265625 0.3936462671875 0.9629719 0.39906994375 0.9705017671875 0.4 0.9769995296874999 0.4 0.99527138125 0.3946099640625 1 0.3912818234375 1 0.190800478125
3 1 0.6 1 0.38385225625 0.9909841187499999 0.388222565625 0.9697567453125 0.393808709375 0.9383295359375001 0.3887198984375 0.9035151109375 0.3631754109375 0.8988163124999999 0.39953127187500004 0.9004780859375 0.41373849687500003 0.9063738734375001 0.43438331249999995 0.9289510437499999 0.47434958906249997 0.9802176484375 0.5937839281249999 0.9822106390624998 0.6 1 0.6
3 0.8254221328125 0.6 0.825978815625 0.5944155906249999 0.8265625 0.5715657843749999 0.8265625 0.557749896875 0.8253484828125 0.5507626375 0.8177145234375001 0.540766728125 0.8070180656249999 0.538600603125 0.7898591640625 0.540705946875 0.7810664218750001 0.5378093078124999 0.77559085625 0.533511790625 0.7704654671875 0.523705021875 0.763277190625 0.496261696875 0.7600809875 0.49019370625 0.7526380359375 0.49458547812500003 0.7381214171874999 0.5107777421875 0.7029568171875 0.5290065140625 0.7020272453125 0.538065403125 0.6915727328125 0.5592255453125 0.6848365140625 0.582414140625 0.68117710625 0.6 0.8254221328125 0.6
3 1 0.0781650421875 0.991071421875 0.0739892265625 0.981158096875 0.0657637921875 0.9645976843749999 0.0389734625 0.954512453125 0.029278318749999997 0.9504185125 0.028289825 0.8609057203125001 0.036788090625 0.8469748609375 0.0409820421875 0.8443198468750002 0.043792478125 0.8444026171874999 0.0487516765625 0.847401446875 0.0488806640625 0.8514635515624999 0.0538485421875 0.858155209375 0.0898006984375 0.8608038578125001 0.09543893906249999 0.8657891703124999 0.099796609375 0.928790034375 0.145238659375 0.9499983109375 0.164998553125 0.960809371875 0.16814448437500001 0.9777008625000001 0.1765075875 0.9848191 0.1820943609375 1 0.189008440625 1 0.0781650421875
3 0.8886871875000001 0.37914095 0.8778251828125001 0.328792428125 0.8519817765625 0.2991656125 0.8171100499999999 0.273131221875 0.81514903125 0.2733718328125 0.8149452890625 0.2758815046875 0.82326688125 0.29175626875 0.828844321875 0.31393095 0.8277874125 0.3389073890625 0.8170718593749999 0.3620873015625 0.8045735593749999 0.3785288578125 0.790693634375 0.391661390625 0.758642465625 0.410998959375 0.7604443171874999 0.46891929218749995 0.765257728125 0.51007125625 0.76916703125 0.5264873921875 0.7734010453125 0.5329249828125 0.8065191781250001 0.5390625 0.8408322593750001 0.5390625 0.8490912140625 0.5380491515625 0.8688478249999999 0.5326434671875 0.897346240625 0.5211958359375 0.9180642578124999 0.5027518734374999 0.9203125 0.4970038671875 0.9203125 0.47261496562499994 0.9181279218749999 0.45652909375000006 0.90666743125 0.43507624375000004 0.8988742921874999 0.4067132625 0.8886871875000001 0.37914095
3 0.7273156296875 0.4184019265625 0.7051141125 0.41565969531249997 0.6866372546875 0.4064972421875 0.6686824890625 0.393295246875 0.65494263125 0.373612871875 0.6386496312500001 0.3363540953125 0.599505684375 0.27804617187499997 0.5966533 0.3131816125 0.60041616875 0.3708613328125 0.6065348 0.4019144453125 0.599824053125 0.467836340625 0.602778315625 0.48884207343749997 0.61446801875 0.5122545406250001 0.625444621875 0.5253188640625 0.6503004406249999 0.5328125 0.6818232515625 0.5328125 0.687897925 0.53206715625 0.709991203125 0.5253808984375 0.7340773296875 0.5144746421875 0.7431947843750001 0.5073927359375 0.7561833390625 0.4908910265625 0.758437234375 0.4846512578125 0.759375 0.47592537031250004 0.759375 0.44298671250000005 0.7591057578125 0.43934813281249996 0.7535219515625 0.4256221296875 0.7465501515625 0.41703578124999996 0.7273156296875 0.4184019265625
0 0.25442317812500004 0.6 0.19941896875 0.64957825625 0.18147595625 0.66156556875 0.17270963125 0.6638862078125001 0.1483945828125 0.6588476703125 0.11214879062500001 0.6575178359375 0.057763134375000004 0.66170550625 0.036150926562500005 0.66706899375 0.00418154375 0.67148675625 0 0.673077365625 0 0.992942003125 0.01608913125 1 0.1478010875 1 0.1529092671875 0.99717741875 0.1752311234375 0.9820495890625001 0.184527525 0.97141559375 0.197664053125 0.9619940390625 0.2154102125 0.943536921875 0.2236205421875 0.9376484515625 0.2527926671875 0.9074707406249999 0.26319241875 0.9000120109375 0.2696921859375 0.8918245 0.3019096390625 0.8894324843750001 0.325531696875 0.8839497265624999 0.37221117656249997 0.8654559796875001 0.4037868546875 0.84809860625 0.409375 0.843426728125 0.409375 0.6139249875 0.401797309375 0.6062411703125 0.39335617031250003 0.6 0.25442317812500004 0.6
10 0.502391071875 0.6 0.49519368906250005 0.6148310875 0.4960421859375 0.6234400421874999 0.4998861234375 0.6332010578125 0.5152003953125 0.6540469109375 0.537192915625 0.6799288671875 0.542262903125 0.6877367203125 0.5706308578125 0.7199759703125 0.5771129359375 0.7286273265625 0.5890721296875 0.7411876390625001 0.61113159375 0.7691123531249999 0.622840128125 0.7817050046875 0.644318878125 0.8091917984375 0.6528062234374999 0.8175844234374999 0.6612663234375 0.82418559375 0.6757025234375 0.829759275 0.7231633328125 0.8387646906249999 0.75976410625 0.8437864109375 0.7904557249999999 0.8518783781250001 0.8071760874999999 0.8546875 0.8211849203125 0.8546875 0.8235721937499999 0.8542725640625001 0.8436622234375001 0.8470648093750001 0.8554556171875 0.8440046203125 0.8642286578124999 0.8428726796875001 0.8982162015625 0.8459237500000001 0.9048251734375 0.84404533125 0.9065525375 0.8420274875 0.9080915234375 0.8323412140625 0.9121495484375 0.8207913781249999 0.9129241015625 0.81274228125 0.9101598640624999 0.79848274375 0.9039385671875 0.7833871296874999 0.903712821875 0.7803391625 0.9044375515624999 0.7784506828125 0.9099123328125 0.7774878765625 0.9115999968749999 0.7752187296875 0.9140625 0.7670012140625 0.9140625 0.7506242859375 0.9025778890625 0.724585065625 0.8581522734375 0.6344143296875 0.8419041890625 0.6 0.502391071875 0.6
10 0.716061175 1 0.7132968734375 0.9810784703125 0.7079692328125 0.9586876656250001 0.709823490625 0.946140046875 0.716268996875 0.93351289375 0.7194287015625 0.9195147171875 0.7197688828125 0.9135730609374999 0.715345021875 0.877475153125 0.713243234375 0.869027903125 0.7113944375 0.8654200781250001 0.705704034375 0.8569230015624999 0.69966878125 0.8446240515625 0.6892010828125 0.833409846875 0.66631956875 0.82456660625 0.6491884109375 0.811647909375 0.603170859375 0.75835126875 0.5767684703125 0.7256019874999999 0.55930491875 0.7073412625 0.549800153125 0.6957463921875 0.5433328625 0.690426646875 0.5378829921875 0.688309146875 0.524295290625 0.6913444203125 0.4442161984375 0.7009073421875 0.4316560421875 0.7007329437500001 0.4216149234375 0.69869498125 0.41120870781249996 0.70567898125 0.409375 0.7094289843749999 0.409375 0.8119661499999999 0.41168426562500005 0.8171622578125 0.416344790625 0.8239972453125001 0.4372225765625 0.86386995 0.44398255625000005 0.8742804203125001 0.452343009375 0.893202821875 0.4572417390625 0.9015456203125 0.4613238796875 0.9128144453125 0.46212254999999997 0.9275840171875 0.46831660468749997 0.9408881749999999 0.48665589374999996 0.9695493093750001 0.49341354531250003 0.975088015625 0.5028093328125001 0.9795170625 0.5086437515625 0.9856877374999999 0.5146674875 1 0.716061175 1
10 1 0.6 0.8379276687499999 0.6 0.8390932531249999 0.6023955796875 0.8747660765624999 0.6808744234375 0.886558678125 0.70371320625 0.9108086578125001 0.760074828125 0.9124340406249999 0.7655064515625 0.91028709375 0.7729633484375 0.91076583125 0.7808507359375 0.9172331234375001 0.7861704828125 0.9199584234374999 0.7875 0.9300141937500002 0.7875 0.9383156609375 0.78524528125 0.9679953171874999 0.7739795578125 0.9815830234374999 0.77094428125 1 0.7649816484375 1 0.6
10 1 1 1 0.8608230625000001 0.951198309375 0.8012898453125 0.941641384375 0.7909838265625 0.935504153125 0.78613434375 0.9213606453125 0.7856513890625 0.9122155156249999 0.7811899999999999 0.9060012140625 0.7807096765625 0.9044451078125 0.7821925750000001 0.9039188796875 0.785337565625 0.910226575 0.8155510749999999 0.90873974375 0.8239484953125 0.9052476484374999 0.8326046453125 0.9046965078125 0.8388299421875001 0.901611540625 0.8435871953125 0.8955560421875 0.8441120812499999 0.8687060296875 0.8409093671875001 0.8563965296875 0.840702628125 0.8470303171874999 0.8429368 0.8230885578125001 0.8516672203125001 0.8097242671875 0.852878696875 0.801715659375 0.852373459375 0.7858821546874999 0.8492878890625001 0.780933603125 0.847105703125 0.7652316546875 0.8432338843749999 0.7519319796875 0.84161635625 0.7443328296875 0.8420839859375 0.7421438499999999 0.8444178156250001 0.7362121171875 0.8554401359374999 0.7215595 0.8663055421875001 0.717893815625 0.8706248734375001 0.7141759734375001 0.8762330578124999 0.71024950625 0.8869966453125 0.7133461343749999 0.9065982125 0.7120920500000001 0.9326588906250001 0.7088233671874999 0.93949124375 0.7043932515625 0.945447753125 0.7041449265624999 0.9503518578125 0.711988271875 1 1 1