8 0.7 0.1574478015625 0.6993008609375 0.1505435828125 0.68680349375 0.135931028125 0.6706584875 0.12486154375 0.6476592609375 0.11534264999999999 0.6236770671875 0.1109534203125 0.5951876406250001 0.11150967187500001 0.5745763953125 0.1156817078125 0.53863841875 0.1267561296875 0.48376365000000005 0.1288648265625 0.45194047812499993 0.136064003125 0.415606284375 0.153116809375 0.38333073125 0.175630934375 0.34497444375 0.21227962812499998 0.3286571640625 0.2341279796875 0.3107140109375 0.26959383125 0.2994307625 0.3015901359375 0.293125378125 0.353070953125 0.29575247031249996 0.374068728125 0.30024833281249996 0.3838477 0.324110621875 0.41672635312499995 0.3371609953125 0.44174560781250005 0.34761010937500003 0.47569573125 0.3497716734375 0.4890625 0.6605332640625 0.4890625 0.661371084375 0.4881393296875 0.699152 0.435917459375 0.7 0.43436128125 0.7 0.1574478015625
8 0.31565218281249996 0 0.303748559375 0.004476715625000001 0.297282975 0.009865221875 0.29385207343749997 0.0155486671875 0.27073982343749997 0.08898859375 0.2633770609375 0.1151906921875 0.26351901093749996 0.1215380609375 0.28341223125 0.1597311765625 0.299460078125 0.1698411828125 0.31065684375 0.1864466453125 0.31353062187499997 0.20493496718749998 0.307532059375 0.24375 0.30898258125 0.24375 0.3275525875 0.23954901093749997 0.340098909375 0.22002593125 0.353620615625 0.20518949062499997 0.36385715625000004 0.1974757125 0.38428545468749997 0.1766602671875 0.415630409375 0.154847396875 0.44618671875000004 0.140083146875 0.4626869453125 0.1348782046875 0.49397195 0.1273100453125 0.5100759578125 0.128083490625 0.5171875 0.1260975515625 0.5171875 0.12053598750000001 0.5042798171875 0.0906271046875 0.5015479828125 0.0784861515625 0.496951171875 0.072655853125 0.493632590625 0.059666175 0.4834150046875 0.0428392 0.4682858109375 0 0.31565218281249996 0
8 0 0.1798397953125 0.00356516875 0.185660334375 0.0102698609375 0.1875786734375 0.013596020312500002 0.1907520484375 0.022961221875 0.2337805078125 0.03543621875 0.2432265890625 0.043015343750000004 0.2537802390625 0.056697253125 0.285036109375 0.07126875625 0.305294684375 0.07673621093750001 0.324668440625 0.08392669999999999 0.331384175 0.1100358515625 0.334375 0.1119036578125 0.334375 0.187614453125 0.31676060625 0.200242771875 0.31782960781249997 0.21561429375 0.31631511093750003 0.25233712812500003 0.3031002203125 0.2641395921875 0.2960136515625 0.2908353640625 0.27279889218750003 0.3039198515625 0.253644796875 0.308774725 0.242241190625 0.3123627390625 0.2232725109375 0.3125 0.218931525 0.3125 0.19167695 0.294398240625 0.159615878125 0.2859371 0.15024322031249998 0.2799276859375 0.13540863125 0.2689700296875 0.1261100140625 0.2619814421875 0.1114969375 0.2505379890625 0.0974009328125 0.22796151562500003 0.0475466 0.21090107656249998 0.0175457671875 0.1936273640625 0.010166728125 0.180068453125 0.009798979687499999 0.1461897734375 0.016481703125 0.117154596875 0.0264852734375 0.084344671875 0.0437222609375 0.06700721875 0.055496085937499995 0.04334991875 0.074097634375 0.01919924375 0.0977180890625 0.00807689375 0.1115210078125 0 0.124448196875 0 0.1798397953125
8 0 0.4890625 0.3498941265625 0.4890625 0.3479685921875 0.47360630625000005 0.34264687656250004 0.455671765625 0.3363459828125 0.4379587390625 0.3251530109375 0.41644512968749997 0.3111682515625 0.3970352765625 0.29268005 0.3776627515625 0.2599528203125 0.35120612812499996 0.24547468593750002 0.33681517968749997 0.2293782578125 0.3262254359375 0.2221825015625 0.325 0.2191293734375 0.325 0.1921248390625 0.3292550453125 0.17797917968750002 0.328038575 0.139795165625 0.33176943593749997 0.095732315625 0.3417375265625 0.0619955859375 0.35476761875 0.033640525 0.3714875390625 0 0.3999356375 0 0.4890625
1 0.7 0.42776885781249996 0.940625 0.3914190265625 0.940625 0.3913600828125 0.84846384375 0.3834033390625 0.7 0.389098878125 0.7 0.42776885781249996
10 0.7457365671875 0.2655511921875 0.7468274671875 0.38238876875 0.767647828125 0.38838436718749997 0.8965069625 0.385371821875 0.9082032 0.35069802031249997 0.9057919953125 0.28159210625000003 0.9148492781249999 0.19612841875 0.8492029671875001 0.14205955625 0.7774122968749999 0.1437637484375 0.7557271390625 0.1488677609375 0.75993643125 0.1756543203125 0.7457365671875 0.2655511921875
10 1 0.2276985625 0.9510288906250001 0.20894459531249998 0.9198325984375 0.1898911328125 0.9127103859375 0.1927952046875 0.9152585703125 0.22166085937500002 0.9072030718749999 0.255784675 0.9079531671875 0.32696968437499996 0.8908865953125 0.3843926953125 0.9485921046874999 0.390300753125 0.9954665890625 0.383219696875 1 0.379796340625 1 0.2276985625
10 1 0.1696788421875 0.9864584078125 0.1505757609375 0.9689379796875001 0.0983776078125 0.9318027984375 0.0747368140625 0.9078194875 0.0747035078125 0.8259029140624999 0.08707817343749999 0.8213288875 0.1188479015625 0.80883634375 0.14450118437499998 0.8492029671875001 0.14205955625 0.9069307578125001 0.1900119765625 0.9685270359375 0.21909838593750003 1 0.22594799375000002 1 0.1696788421875
10 0.7 0.3880870875 0.74334599375 0.38474285625000004 0.7508552203125001 0.3653268609375 0.7470791515624999 0.2598638890625 0.7589808625 0.1648296984375 0.7413919453125 0.132751675 0.708625315625 0.1377015421875 0.7 0.135298728125 0.7 0.3880870875
10 1 0 0.9957716062499999 0 0.9644563765624999 0.0058183515625 0.9236119671875 0.0028476703125 0.84114911875 0.0299301546875 0.8091103046875 0.064020665625 0.8130010765625 0.0871990171875 0.9265009546874999 0.07736589375 0.969256503125 0.1019858171875 0.9769472718750001 0.1264182828125 0.9939676328125 0.131159765625 1 0.1266044890625 1 0
10 0.7 0 0.7 0.1342205609375 0.7193882625 0.1342474828125 0.7481956328125 0.1262393953125 0.7545215375 0.1143148046875 0.806515909375 0.0973195046875 0.7710880453125 0.0094351203125 0.752406578125 0.006772735937500001 0.745944621875 0 0.7 0