8 0 0.30916044062500003 0.008033657812500001 0.31517551093749996 0.025794578125000002 0.3225008796875 0.0494122375 0.3294686421875 0.0510656484375 0.3296875 0.07822013125 0.3296875 0.0961358015625 0.3276284578125 0.119552621875 0.320342596875 0.1299823625 0.3158310828125 0.1441602515625 0.30768935625 0.1540659234375 0.299368178125 0.16410943125 0.28798947343750003 0.16939937656249998 0.27822192968750004 0.174902475 0.2707419671875 0.1872522796875 0.24328339375 0.191291075 0.22946438281249998 0.1921875 0.2224454421875 0.1921875 0.19644016250000002 0.188559703125 0.171720021875 0.1798192609375 0.14717832343749998 0.1671426171875 0.12576096406249998 0.1525731921875 0.111250884375 0.14461534843749999 0.1062990125 0.138324821875 0.10411832812499999 0.105435640625 0.0965498625 0.08876293125 0.0945517890625 0.059544409374999996 0.0958294859375 0.038023025 0.10410037812499999 0.01242760625 0.1185531375 0 0.12810159062499998 0 0.30916044062500003
7 0.23207218749999997 0.359375 0.231523178125 0.36262126875 0.24596547968750002 0.36556810781250004 0.2529427921875 0.362173084375 0.2782697953125 0.389102684375 0.2947777140625 0.3987663796875 0.3222622625 0.40662829062499994 0.399718246875 0.41559314843750006 0.40989301093749997 0.4203125 0.4286875 0.4203125 0.43853518124999996 0.4195496796875 0.4558235625 0.4056677796875 0.4640625 0.37462478906249996 0.4640625 0.3711846640625 0.45844280312499996 0.359375 0.23207218749999997 0.359375
7 0.288383053125 0.42279037500000005 0.3008227125 0.45019924375000003 0.3157297109375 0.46932910625 0.3484127671875 0.48431395468750005 0.3798506671875 0.5066613765625 0.3981144046875 0.5122532468750001 0.4040014546875 0.5216151375 0.44588234218749995 0.5453161609375 0.4629468796875 0.5453783296875 0.4673479203125 0.5319757015625 0.4847912 0.5234881437500001 0.4858814609375 0.5107312296875 0.4920153359375 0.4997029140625 0.4765976796875 0.477282303125 0.43731605 0.4571427484375 0.42256394999999997 0.443407228125 0.3772173890625 0.4149575796875 0.28394202343749997 0.3985679796875 0.27569656875000004 0.41577171249999995 0.288383053125 0.42279037500000005
7 0.15875795312500002 0.49513005468750004 0.1715993328125 0.5075430578125 0.20954984843750002 0.5103124328125 0.2364777734375 0.5277758671875 0.28744755 0.54190645 0.363526459375 0.546393403125 0.3718868203125 0.49695898593750004 0.3103421375 0.4696343234375 0.2663266921875 0.458554853125 0.21966602812499997 0.45680619062499994 0.191515925 0.44025919062499996 0.1761842203125 0.4425713328125 0.158029421875 0.4552660765625 0.1402763421875 0.45296495312499996 0.134808025 0.47267835781249995 0.1520274640625 0.47813486874999994 0.15875795312500002 0.49513005468750004
7 0.24954820625 0.57038574375 0.246547228125 0.5818201390625 0.24965714218750001 0.5886723593750001 0.2653216234375 0.5907027609375 0.2802516046875 0.603386484375 0.3000702984375 0.6124044671875 0.4203884953125 0.6140268171875001 0.4348537796875 0.6105275203125 0.461231053125 0.58707518125 0.45414480468749996 0.5721835890625 0.456990884375 0.55535485 0.434549953125 0.5492215375 0.3756904828125 0.5501910984375 0.316165453125 0.5424755671875 0.29594503906249997 0.548453453125 0.26819068437500004 0.5674278859375 0.258791996875 0.5662096453125001 0.24954820625 0.57038574375
7 0.11129905 0.5675140640625 0.100965 0.5844470765625001 0.07476560625 0.6068476203125 0.06600949375000001 0.6207606046875 0.0640528125 0.6323303625 0.0680291453125 0.6403697359375 0.0802049703125 0.64409765 0.0794704703125 0.6547509734375 0.0862469203125 0.6588538828124999 0.10748865625 0.6594574921875 0.12284334062499999 0.6506992140625 0.1404874828125 0.6347137234375 0.151601996875 0.594235115625 0.17915548750000002 0.5827586124999999 0.20308840468749997 0.561139146875 0.21133385625 0.5439354125 0.2157808578125 0.5176405109375001 0.21162664375 0.51065293125 0.17663114687499998 0.509341434375 0.1604100453125 0.51691255625 0.11129905 0.5675140640625
7 0 0.6827063453125 0.0015438171875 0.6801203921875001 0.01776491875 0.6725492703125 0.058096817187500004 0.6423068828125 0.084720915625 0.5984643375 0.081278221875 0.587269575 0.0731017125 0.5851348984375 0.06159144531250001 0.590092071875 0.031639559375 0.5905091718750001 0.01730619375 0.6058489484375 0 0.6139872921875 0 0.6827063453125
7 0.206146384375 0.6314009390624999 0.203461175 0.6031067171875 0.188709075 0.589371196875 0.17671113125 0.5845914875 0.15300205625000002 0.592266884375 0.14262204218750002 0.6220921703125001 0.14801544375 0.672234475 0.1549467953125 0.681731725 0.1688554578125 0.687833953125 0.1922087703125 0.6822621468750001 0.206146384375 0.6314009390624999
7 0.1982337109375 0.652947215625 0.18652258125 0.6654023234374999 0.1834526578125 0.6961751312500001 0.17347436562500002 0.711004553125 0.1713398046875 0.72362610625 0.1792465125 0.7525971265625 0.190911678125 0.7530342921875001 0.197556209375 0.745296725 0.21377731406249997 0.737725603125 0.2236236875 0.7110557046875 0.237779175 0.696767725 0.257271059375 0.6509258609374999 0.259428603125 0.631858171875 0.254941609375 0.620528046875 0.24292068437499997 0.622194475 0.234233515625 0.6167690484375 0.20461440937500003 0.6215286921875001 0.1982337109375 0.652947215625
7 0.295801178125 0.6376475734375 0.2463803875 0.6774603984375 0.23149039999999999 0.7024017015625 0.2297116 0.7129196625 0.21782259218750002 0.726426565625 0.21657743125 0.7337891390625 0.221953825 0.73986028125 0.23048609375 0.7398913671875 0.24097504375 0.72835269375 0.2559509875 0.72814414375 0.279837940625 0.71941695 0.32334869843749997 0.6766883703125 0.3437699765625 0.6632125531249999 0.356749246875 0.6369487359375 0.3484178375 0.6294197171875 0.34724162187499996 0.6174438796875 0.32880000468750004 0.6129038031249999 0.313290421875 0.6162677421874999 0.295801178125 0.6376475734375
7 0.22481691406249998 0.76710270625 0.2033743171875 0.7739970265625 0.187107253125 0.7944604234375 0.1738411671875 0.803489421875 0.17781750000000002 0.811528796875 0.1886162484375 0.8107788062499999 0.20234702968749999 0.8179328296874999 0.2275880796875 0.8201296765624999 0.27465046875 0.8068824750000001 0.33022214375000003 0.8001124953125001 0.3438439890625 0.7889799046875 0.34508915 0.78161733125 0.33971275625 0.7755461890625 0.3415145390625 0.7585820906249999 0.334405309375 0.7501366359375 0.32169584375000004 0.7495641109375001 0.26661184531250004 0.7660709765625 0.256834415625 0.7734024625 0.22481691406249998 0.76710270625
7 0.1627266515625 0.84396803125 0.165394853125 0.8281910890624999 0.162663678125 0.8127891421874999 0.0903032375 0.7421433078125 0.0619982359375 0.72020196875 0.068080178125 0.772583225 0.11440209374999999 0.8205066453125 0.12095470156250002 0.8385536218750002 0.13761751718749998 0.853611659375 0.1517270421875 0.8522159546874999 0.1627266515625 0.84396803125
7 0.0073559515625 0.7593379921875 0.018952174999999998 0.7791135687499999 0.036883132812500004 0.780362896875 0.050837757812499995 0.7735728515625 0.056793753125 0.7635963296875 0.060730095312499996 0.734010678125 0.05866447968750001 0.7272938203124999 0.0630884984375 0.7074450546875 0.0587793859375 0.695063134375 0.0473380625 0.6806818984375 0.029074325 0.6750900265625 0.0147409578125 0.6904298046875 0.007780656249999999 0.7378959890625 0.0073559515625 0.7593379921875
7 0.09355701250000001 0.6598014046875 0.089488753125 0.6775465781250001 0.09724055937500001 0.701123259375 0.1190559265625 0.7361965093749999 0.12878739374999998 0.74175729375 0.13740561874999999 0.76652113125 0.1509355375 0.7811730875 0.159289928125 0.7822559671875 0.1647122828125 0.7754348375 0.170978075 0.7762469984375 0.1839113828125 0.762875453125 0.18411224375 0.7553775203124999 0.177691553125 0.74917101875 0.1633871390625 0.7075473578125 0.1421054125 0.669318721875 0.12648689375 0.6543960453125 0.11917680312500001 0.6534485234374999 0.10400000000000001 0.66115500625 0.09355701250000001 0.6598014046875
7 0.327163259375 0.9254737671874999 0.3367398265625 0.9256402125000001 0.3390292890625 0.9184129984375 0.33087575937499997 0.909832184375 0.32676750781249997 0.8899523343750001 0.30190519843749997 0.8792057546875001 0.2866654234375 0.8557333484375 0.2653147515625 0.8368431218750001 0.24320659843749998 0.8350523531250001 0.23144950468749997 0.8603997359375001 0.23871363437499998 0.8742395312500001 0.29219074218749996 0.9177161312500001 0.327163259375 0.9254737671874999
7 0 0.7354903531250001 0.0046707421875 0.7310437734375 0.036361434375 0.6824836859375 0.041296112499999996 0.66592566875 0.039052615624999995 0.6602606062499999 0.0291202875 0.662197753125 0.01078760625 0.6759442921875 0 0.689183078125 0 0.7354903531250001
7 0 0.8055949968749999 0.0294581359375 0.8116460609375 0.062496954687499995 0.824527315625 0.087049465625 0.8244852109374999 0.096694978125 0.8053132453125 0.0668579984375 0.7734996609375 0.0522378171875 0.77160461875 0.03619459375 0.7781239453125 0.023485129687500002 0.77755141875 0.013065123437500001 0.7697516796875 0.0075338328125 0.7582861968750001 0 0.7566541828125001 0 0.8055949968749999
7 0 0.9651223812499999 0.007997628125 0.97009228125 0.0492589171875 0.972215940625 0.05381485312499999 0.9642076515625 0.0455294078125 0.943786359375 0 0.91612924375 0 0.9651223812499999
7 0.39884710156250003 0.8928460484375 0.39991438281249997 0.8865352718749999 0.392805153125 0.87808981875 0.3295506125 0.84194470625 0.278379975 0.8353120562499999 0.2753789984375 0.846746453125 0.287709721875 0.8558687093749999 0.29999448125 0.8778832390625 0.3674262140625 0.914569790625 0.37369200625 0.9153819500000001 0.39884710156250003 0.8928460484375
7 0.023845959375 0.9205535874999999 0.027311632812499997 0.9253022125000001 0.1020764390625 0.9564901500000001 0.128029009375 0.9544798140624999 0.1454263265625 0.958884528125 0.1508716625 0.9456172609374999 0.1397401375 0.94202470625 0.1239667203125 0.9217076890625 0.11145811718750001 0.913637228125 0.06484341406250001 0.898996290625 0.053379110937499995 0.8910611921874999 0.0408475265625 0.88943686875 0.0349145125 0.8929672531249999 0.0254468796875 0.911087421875 0.023845959375 0.9205535874999999
7 0.240441403125 0.7315080828125 0.23675188593750002 0.740703528125 0.19839964999999998 0.7529300187500001 0.1947101296875 0.7621254640624999 0.19799792656249998 0.7679258859375 0.21368538906249998 0.7635101515625 0.254057278125 0.7708927906249999 0.3175186484375 0.74902266875 0.34260480000000004 0.745825178125 0.35464870625 0.7377126140625 0.35033959531250003 0.725330696875 0.3533405734375 0.7138962984375 0.3469198828125 0.7076897953125 0.3453879078125 0.69781755 0.3140359640625 0.70020288125 0.2611724796875 0.7288209453125 0.240441403125 0.7315080828125
7 0.116507703125 0.8648485265625 0.1077515890625 0.8787615109375 0.10304075312500001 0.881375459375 0.0802440609375 0.8773457375 0.0814432578125 0.8828754406249999 0.09239690625 0.8875197906250001 0.1765433875 0.8758548062500001 0.1999426640625 0.8573907265624999 0.2140521890625 0.8559950203125 0.2139202703125 0.84415454375 0.1970336109375 0.8430405765625 0.16677192968750001 0.8326689937499999 0.1548599390625 0.8526220359375 0.13657322031250002 0.8534762984375 0.1252867953125 0.8444894046875 0.11693240625000001 0.8434065234375 0.1141322875 0.8473429875 0.116507703125 0.8648485265625
7 0 0.8428955375000001 0.0021684796874999997 0.8468035171875 0.024965173437499998 0.8508332390625 0.043028046874999996 0.8639230421875 0.0863319734375 0.8792096968750001 0.10095215625000001 0.8811047390625 0.11141812499999999 0.8760122031249999 0.1187741796875 0.8640674515625001 0.123376078125 0.8431668890624999 0.08544854375 0.8339513765625 0.0844272265625 0.8273698812500001 0.045277515625 0.819070803125 0.0233702234375 0.809782103125 0 0.8083384890625 0 0.8428955375000001
7 0 0.9122200484375 0.017092490625 0.910004540625 0.062158203125 0.8707020703125 0.036096698437500005 0.8544257921875001 0.020787976562499998 0.8502917968750001 0 0.87156909375 0 0.9122200484375
7 0.1159547734375 1 0.1163808546875 0.9981138093750002 0.1134717984375 0.983763659375 0.09825500312499999 0.953845115625 0.05721755625 0.9377773875 0.052460759375 0.9532836109375001 0.05450339375 0.9664466031250001 0.070280575 1 0.1159547734375 1
7 0 0.9940579312499999 0.0053064453125 0.9923153593750001 0.0256817625 0.9917318140625 0.031614775 0.98820143125 0.0381044109375 0.9750695234375 0 0.966239565625 0 0.9940579312499999