1 0.3054620453125 0 0.3046164078125 0.00038375000000000003 0.288567990625 0.0034733453125 0.26951310781250004 0.0131227125 0.25968781406249997 0.0144109828125 0.209790315625 0.029343109375 0.19441698125 0.029303639062499998 0.1882584 0.0332643046875 0.185428990625 0.0414619015625 0.185703721875 0.05493945 0.19340955625 0.08560150625 0.20883432968750001 0.117362965625 0.21980306249999998 0.13290118906249998 0.231092765625 0.14203469062500002 0.2391492453125 0.1415695625 0.24365152812500002 0.1379105265625 0.246545478125 0.131872271875 0.2553250125 0.1255972234375 0.2751195171875 0.114978128125 0.28516983906250004 0.112646834375 0.2923410453125 0.10399256406249999 0.31372730937500004 0.0909125 0.3546875 0.055156821875 0.3546875 0.03518268125 0.351494334375 0.0215740421875 0.34481942499999996 0.008259992187499999 0.3367049484375 0 0.3054620453125 0
1 0.43423138593750005 0.0166057484375 0.4316584078125 0.0162392796875 0.418778671875 0.0267681703125 0.3922447171875 0.021913878125 0.33543591250000004 0.07133905 0.3088722828125 0.09120721875 0.2938382234375 0.1068046359375 0.27717926406250004 0.1151826421875 0.27148730625 0.12189745156250001 0.26939751875 0.12912531875 0.2694951953125 0.1409650375 0.273999209375 0.15450742343749999 0.2837137234375 0.170942084375 0.302015878125 0.191825096875 0.31674726875000003 0.20467401562499998 0.3417226015625 0.2216696578125 0.3520790625 0.2252948703125 0.36619817656250003 0.2262307765625 0.3762484953125 0.2238994828125 0.382407078125 0.2199388171875 0.3919890453125 0.19765195625 0.42689525625 0.1440321328125 0.44282942500000005 0.1242626265625 0.46875 0.0826732859375 0.46875 0.074873971875 0.45547893124999994 0.0631724984375 0.44692269375000004 0.0512031046875 0.4348916328125 0.025837910937500003 0.43423138593750005 0.0166057484375
8 0.4390242 0 0.434848896875 0.0098233109375 0.43549430625 0.031416703125 0.44775039687499996 0.055738875 0.46730677031249995 0.075725453125 0.4839674625 0.0845488671875 0.49117180156250007 0.085574978125 0.49455472812499995 0.084645771875 0.5128166640625 0 0.4390242 0
8 0.0847994265625 0.0682227453125 0.05135069531250001 0.0634586578125 0.030287134375000004 0.0873354203125 0.0532869265625 0.1282388390625 0.081450403125 0.15625 0.08304355 0.15625 0.12151229999999999 0.150050721875 0.1504975734375 0.1447721875 0.1640625 0.12178594218750001 0.1640625 0.11722777499999999 0.1557591296875 0.095799446875 0.1361805015625 0.0943547140625 0.10108115625 0.0665102203125 0.0847994265625 0.0682227453125
10 0 0.612254521875 0.0012308281250000002 0.6119099625000001 0.018400793749999998 0.593969346875 0.0484375 0.5297363625 0.0484375 0.47748567187499996 0.02808033125 0.446951409375 0 0.43261411875 0 0.612254521875
10 0.0711415140625 0.35 0.0493479296875 0.3636829734375 0.04342005 0.3746526375 0.0429334953125 0.462238309375 0.052369370312499997 0.47705346562499995 0.08802895468750001 0.50697179375 0.1423983625 0.5170221500000001 0.18355754375 0.506331290625 0.226754484375 0.47711457500000004 0.2765625 0.404188884375 0.2765625 0.40308671250000006 0.2508126671875 0.35 0.0711415140625 0.35
10 0.249181790625 0.35 0.2843295703125 0.4154930859375 0.3218763328125 0.44837444531250004 0.37940641406250003 0.47931924062500003 0.38768456093750003 0.4778331203125 0.3904865734375 0.42285000625 0.35875191875 0.3773688546875 0.318803975 0.35 0.249181790625 0.35
10 0.3577585 0.369351515625 0.38699230625 0.4268380109375 0.383530465625 0.44892134375000003 0.3900024015625 0.46922133437499997 0.40617656406249997 0.484477721875 0.43969122812499994 0.4859375 0.444025546875 0.4859375 0.4640625 0.4823403984375 0.4640625 0.4740081703125 0.436857915625 0.444300553125 0.40785565625000003 0.3900743140625 0.3884860078125 0.3770425046875 0.3577585 0.369351515625
10 0.300969684375 0.5577003765625 0.38683085156249997 0.5389844625 0.39784139218750003 0.528753253125 0.39479648749999996 0.50948894375 0.3686075859375 0.471266759375 0.3251329453125 0.4493550671875 0.2930161625 0.422102546875 0.25813218125000004 0.426714125 0.2202146359375 0.483048565625 0.20466549218750002 0.5238109718749999 0.2048622296875 0.5501902421875 0.2255401875 0.5580344453125 0.300969684375 0.5577003765625
10 0 0.69183825625 0.058575884375 0.7332886843749999 0.0831787765625 0.725570065625 0.10235168750000001 0.7122226078125 0.10816379375 0.6996228171875 0.0722726625 0.6664442328125 0.04750784375 0.6246645703125 0.07125416875 0.5576669 0.069019675 0.5498134875 0.0280920390625 0.5637646046875 0.018470773437499997 0.5935573468750001 0.0029564375 0.6112007375 0 0.612329453125 0 0.69183825625
10 0.2428834265625 0.66057928125 0.2605512921875 0.6260401609375 0.2577379328125 0.6100361078125001 0.26331849531249996 0.5941760593750001 0.248302059375 0.5952209500000001 0.22308549531250002 0.61790794375 0.12783460625 0.6696768578125 0.1103982875 0.7074762328124999 0.13685354375 0.725839659375 0.15175420625 0.7231646406250001 0.2428834265625 0.66057928125
10 0.49903150781249994 0.5370018437499999 0.4936363359375 0.50825399375 0.46671798906250006 0.48337005624999996 0.41138758906249995 0.4833976890625 0.388243590625 0.4644398140625 0.38324189375 0.4884505 0.3963363453125 0.5075615921875001 0.40138419531249997 0.5314190609375 0.4518748265625 0.6049003984375 0.49475925624999995 0.547674284375 0.49903150781249994 0.5370018437499999
10 0.25763350625000003 0.6793931484375 0.328177078125 0.70469989375 0.3443860515625 0.6968372671875 0.356589128125 0.679788325 0.38896091875 0.61619491875 0.415022703125 0.5817998046875 0.4169446859375 0.5616438234375 0.38467732187500003 0.5558801890625 0.3234190453125 0.5668774859375001 0.3152218625 0.5931127484375001 0.2965120421875 0.6129807171875 0.2551213125 0.6204113234374999 0.24584736718750003 0.6550944484375 0.25763350625000003 0.6793931484375
10 0.425789578125 0.7334016921875 0.44226490625 0.705680309375 0.4405631234375 0.658109378125 0.42558149843750004 0.636035253125 0.38041641875 0.6375397968750001 0.3361079046875 0.6983233890625 0.31658767499999996 0.7067804640625 0.35863822968750003 0.7322496390625 0.413818046875 0.7537108921875 0.4270630796875 0.751333096875 0.425789578125 0.7334016921875
10 0.226906 0.6717021625 0.1787421734375 0.70181055 0.1516384328125 0.7215345125 0.14309393125 0.742879390625 0.1559681859375 0.829717396875 0.255607096875 0.768906171875 0.3142025984375 0.720415934375 0.24192243593749999 0.6706572718749999 0.226906 0.6717021625
0 0.033903375 0.7872453312500001 0.0245484640625 0.797179315625 0.025706192187499997 0.8134805937500001 0.0333706640625 0.826962846875 0.0469630171875 0.8294754359375001 0.1537685 0.7987449671875 0.14390434375 0.7542902859375 0.077910721875 0.7694395109375 0.033903375 0.7872453312500001
10 0 0.8246989250000001 0.009265675 0.8180829640624999 0.037098859375 0.78502075625 0.0426794203125 0.7691607078125 0.10208533281250001 0.7320813671874999 0.1049334984375 0.72496640625 0.060231514062500005 0.7329914609375 0.0353161109375 0.7127006828125 0 0.725526021875 0 0.8246989250000001
7 0 0.9048667640625 0.012090376562500001 0.9050741875 0.0311127078125 0.913215615625 0.05063293906250001 0.904758540625 0.0507835203125 0.8832696546874998 0.029642470312500002 0.868904940625 0.012542121875000001 0.8406075281250001 0.0094972203125 0.8213432203125001 0 0.8230481937499998 0 0.9048667640625
10 0.24914650625 0.8195933515625 0.2578529359375 0.8477467546875002 0.279688625 0.8718922359375 0.3141904828125 0.8855092843750001 0.34953755625 0.8874182171874999 0.403710228125 0.8710893046875 0.4306981953125 0.8497352156249999 0.4424381796875 0.826165759375 0.441164678125 0.8082343546875 0.42641460000000003 0.7894204859375 0.418784934375 0.75281921875 0.39067404687499996 0.7347530171875001 0.3478940453125 0.722622090625 0.30862203906249996 0.73627598125 0.3058548359375 0.7681400843749999 0.253302984375 0.807290784375 0.24914650625 0.8195933515625
10 0.7447353703124999 0.8073875078124999 0.762339625 0.8224200875000001 0.7634266375000001 0.8354336796874999 0.7891382328125001 0.8698582937499999 0.8273577984375 0.8800503765624998 0.8445163921875001 0.8711071406249999 0.8634197296874999 0.7059684109375001 0.9062175140625 0.606313925 0.8791163359375 0.5956407968749999 0.862280915625 0.564141265625 0.7855888578125001 0.5547668031249999 0.756832165625 0.6322162625 0.765687740625 0.6388190328125 0.779960271875 0.679205803125 0.7530909765625 0.6961625671875 0.7447353703124999 0.8073875078124999
10 1 0.6181103421875 0.931572234375 0.5836517203125 0.87715609375 0.5659595359375 0.8683468953125001 0.5648827437499999 0.875891503125 0.6191679484374999 0.8842126203125 0.6349059078125 0.8615844812500001 0.705744078125 0.85643560625 0.7621578999999999 0.846724903125 0.7701714265625 0.8418079125 0.8542151406249999 0.8521780624999999 0.8665233562499999 0.9522616562499999 0.8934779125000001 0.9690995765625001 0.8900157875 0.979504215625 0.7753611046875 0.9866133312500001 0.748628540625 0.998266175 0.7390123109375001 1 0.73478473125 1 0.675166334375 0.987859821875 0.6641361625 1 0.6541177734375 1 0.6181103421875
10 0.8440686812500001 1 0.8556890828124999 0.9644779906250001 0.8747898156249999 0.9539320499999999 0.871101215625 0.92219941875 0.907699315625 0.9285130968749999 0.9153609859374999 0.9239293140625 0.9180513640625 0.9095373484374999 0.8949413578125001 0.8938317703124999 0.8898631734375 0.8858506265624999 0.89417501875 0.875337065625 0.8780853390625 0.8660099296875 0.8506634859375 0.8608179125 0.8292999406250001 0.8784476703124999 0.805121021875 0.8810124671875 0.7798912953125 0.9331316015625 0.7700331140625 1 0.8440686812500001 1
10 0.5390625 0.79312811875 0.5810774890625 0.792903071875 0.6453819125 0.736359725 0.63378165625 0.6502970234375001 0.6341730203125 0.5804209421875 0.6214150625 0.545739615625 0.5390625 0.5462105203125 0.5390625 0.79312811875
10 0.681320565625 0.7223516578125 0.7798533796875 0.681032840625 0.78060161875 0.6682435812499999 0.747976590625 0.6256134890625 0.73012235 0.5516670546875 0.723912759375 0.5472278171875 0.6663318046875 0.5401894015625001 0.615802425 0.54689365625 0.6346186859375 0.604396759375 0.6359556828125 0.6763242078125 0.6450431375 0.7105568718749999 0.6433328796875 0.7397894671875 0.6505669859375 0.7425138328124999 0.681320565625 0.7223516578125
10 0.559304478125 0.8491249453125 0.6418907078125 0.8592198843750001 0.6659627312499999 0.8584821250000001 0.70254273125 0.8335118359374999 0.7185962124999999 0.7802710421875 0.7490110140625 0.734306015625 0.7529840859375 0.697989603125 0.698586046875 0.7115813859375001 0.6376133484375 0.7427705453125 0.5810774890625 0.792903071875 0.5404882171875001 0.7916218453125 0.553780628125 0.8171679843749999 0.559304478125 0.8491249453125
10 0.7716273984375001 1 0.7729959609374999 0.9562100890625 0.7643541703125 0.94595324375 0.6452767328125 0.9277175906250001 0.5390625 0.8767736187499999 0.5390625 0.941537278125 0.56163969375 0.9671769906249998 0.5496744687499999 1 0.7716273984375001 1
10 0.7027565140625 0.8298577625 0.660563875 0.8559820921875 0.5463508390625 0.8493816593750001 0.54312600625 0.8729088125000001 0.5762854890625 0.906403715625 0.6598518390625 0.9313392859375 0.7007617828124999 0.9271394015624999 0.753877128125 0.9354720640625 0.78431003125 0.9207910046875 0.7922742765624999 0.8794421437499998 0.78762365625 0.8641528484375 0.7515419125 0.8174200218750001 0.7267035484375001 0.799663075 0.7097587375 0.8049522359375001 0.7027565140625 0.8298577625