7 0.9229378968749999 0.35 0.932483515625 0.33744208750000004 0.9400252874999999 0.31934658437499996 0.941331896875 0.30438309218750004 0.9392783328124998 0.29945330625 0.9136590984375002 0.28561550156250004 0.899166121875 0.2695271578125 0.8909270390625 0.255781809375 0.8885559609375001 0.23741971093749997 0.8858303609375 0.23449666875 0.851219446875 0.23829040781250002 0.8279900203124999 0.24828970468749997 0.80411338125 0.25432195625 0.7288432375 0.2799701109375 0.696261065625 0.294667421875 0.6700821765625 0.315686384375 0.6507172875 0.344012953125 0.6484042328124999 0.35 0.9229378968749999 0.35
7 0.64871960625 0.35 0.6599019109375 0.3298612765625 0.67428250625 0.3130995953125 0.6979287390625 0.2926374640625 0.7137531484374999 0.2877885265625 0.7233236625 0.280596596875 0.7401001578124999 0.2762232265625 0.7429189562499999 0.266699909375 0.743839675 0.2447766734375 0.746048725 0.24223632031250003 0.75260749375 0.24108783437499998 0.7581954468750001 0.2339887765625 0.76439315 0.219906759375 0.7655007234375001 0.21291218750000002 0.7705472999999999 0.2063235234375 0.7715054796875 0.1953502953125 0.7664898171875001 0.18451638125 0.74968195625 0.1664909515625 0.736850559375 0.1598214390625 0.7169625749999999 0.1543120234375 0.70999309375 0.154474553125 0.7021338078125 0.15913774218750001 0.694075484375 0.1717698484375 0.6894208890625 0.17386946406249998 0.6790476796875 0.1845644859375 0.6772493421875 0.1880907953125 0.6773739109375 0.1980432359375 0.6733665265625 0.2041099 0.65325468125 0.2125431921875 0.6347856859375 0.22492031093749998 0.624132425 0.23313302343750003 0.6055515 0.25248149999999997 0.5741209031250001 0.2995068359375 0.5701758031249999 0.31054971875000004 0.5688443703125 0.331486996875 0.554680059375 0.35 0.64871960625 0.35
7 0.758082615625 0.161317371875 0.7612812109375 0.1702025921875 0.7607150140625001 0.17668677187499998 0.7697132375 0.1874278125 0.771959746875 0.1958374703125 0.7689231796875 0.2078547 0.7558121828125 0.2385242625 0.757280821875 0.24446322187499997 0.77192928125 0.253081428125 0.7995023375000001 0.255922790625 0.828444284375 0.248776878125 0.8472804390625001 0.2378845 0.8844675609374999 0.233035146875 0.8891469796875 0.22496174375 0.8907149125 0.207005553125 0.8945541765625 0.19148523281250002 0.9072919171875 0.1707797203125 0.9130789078125 0.155711746875 0.9255366 0.1325239296875 0.9253436546875001 0.12904405624999998 0.9220331265624999 0.1271301890625 0.9092640171875 0.12543690000000002 0.8866878937500001 0.12795445156250002 0.8762959531250001 0.13317446718749998 0.8590216375 0.137559446875 0.8416414859374999 0.137466990625 0.825151134375 0.132873875 0.8012557656249999 0.133431121875 0.7855184640624999 0.1372824921875 0.767852165625 0.146156521875 0.7607707515625 0.1532904046875 0.758082615625 0.161317371875
10 0.5390625 0.6187391109375 0.420053553125 0.660460228125 0.4035781671875 0.6940990906250001 0.3931162734375 0.7823585937499999 0.3920049 0.8163042078124999 0.4120194078125 0.8497843953124999 0.42463704062499996 0.8568805703125001 0.466613875 0.857338425 0.483618725 0.8706059812500001 0.5390625 0.868867065625 0.5390625 0.6187391109375
10 0.5390625 0.8683240093750001 0.4109109484375 0.876632315625 0.40542109843749996 0.883113475 0.4314607515625 0.9428235359375 0.48219746093750004 0.99111260625 0.5038702890625 0.994967446875 0.5390625 0.9923402921874999 0.5390625 0.8683240093750001
10 0.35773774999999997 0.748571659375 0.3742277046875 0.6794443375 0.3695684671875 0.6675639796875 0.309232528125 0.6110982843749999 0.29387725625 0.5894984578125 0.221739734375 0.5430635265625 0.2063728078125 0.5498544671875 0.19950247968749998 0.5774745687499999 0.1866011796875 0.593060178125 0.178900234375 0.6390417968750001 0.236744325 0.750592046875 0.235635865625 0.77743996875 0.24221378593749998 0.7937947296875 0.2455042 0.7984232625 0.2723919515625 0.7971856546875 0.35773774999999997 0.748571659375
10 0 0.7706259296875 0.10368895781250001 0.728543453125 0.11494067968749999 0.7212901140625 0.1316880828125 0.69336023125 0.17202990625 0.6666618984375 0.1747792046875 0.6527747828124999 0.1484500515625 0.6299418906250001 0.132272903125 0.6054105078124999 0.0011536984375 0.545250165625 0 0.5452503046875 0 0.7706259296875
10 0 0.7936608374999999 0.026279895312500003 0.78581531875 0.0990800140625 0.751407284375 0.1331419421875 0.7293477109375 0.1388056859375 0.6924063625000001 0.12411456875 0.70411659375 0.111195553125 0.72354149375 0.0884354078125 0.7343450609375 0.040817857812500004 0.7540464124999999 0 0.7702305171875 0 0.7936608374999999
10 0.1574250578125 0.9400064531249999 0.190184628125 0.9453575578125001 0.203108784375 0.91340731875 0.2357357671875 0.848598396875 0.2547934125 0.8148321546874999 0.273522471875 0.7952250328125 0.2292993953125 0.8019468249999999 0.2060523671875 0.819376171875 0.18360024531250002 0.8661219734374999 0.1574250578125 0.9400064531249999
8 0.16318408281250002 0.8282125859375 0.167854975 0.8117021781249999 0.1677262515625 0.791103459375 0.12067487187499999 0.787946003125 0.066486975 0.7925042875 0.034932703125 0.799605765625 0.040956390625 0.8293844874999999 0.047119 0.8549200062499999 0.06810304687499999 0.8657954703125 0.1277793390625 0.858304875 0.14835681875 0.8570680234375001 0.16001947968750002 0.8512804625000001 0.16318408281250002 0.8282125859375
10 0.791510184375 0.35 0.783958453125 0.35218492968750004 0.7578896140625 0.3619731265625 0.7345338906250001 0.37385939218750003 0.7244085140625 0.3828180625 0.7125573046875 0.389534640625 0.700860684375 0.38774954843750004 0.6817219328124999 0.3715881953125 0.66553738125 0.3649713140625 0.651719253125 0.36199939375 0.6283221921875 0.36341748281249997 0.5805821234375 0.3768658625 0.5390625 0.39062555625 0.5390625 0.9956979046875001 0.5471360109375001 0.9962317625000001 0.61765246875 0.9969177609375001 0.7582449296875 0.9764080578125001 0.7704577374999999 0.96564855625 0.7826632859375 0.9474085375 0.7910590093750001 0.9411960468749999 0.8044852828125 0.9402349578125001 0.8412481703125 0.9523289765625 0.8587705203125001 0.9522666671875001 1 0.932370109375 1 0.8233031375 0.9710014656249999 0.8371375531249999 0.9476495640625 0.8440355453125001 0.922473865625 0.8477081890625 0.8988318953124999 0.846668146875 0.87909389375 0.839572103125 0.8650346750000001 0.8291537765625 0.8557159421874999 0.81604881875 0.8481306859375 0.795209403125 0.8364990421874999 0.7086236390625 0.82524014375 0.6509122578125 0.8246072 0.6395328421875 0.8273769421875 0.6321459859375 0.83981975625 0.6263406484375 0.8656398640624999 0.6190825953125 0.911548490625 0.612385421875 0.9696473781249999 0.607401325 1 0.60721375 1 0.5380764734375 0.9796532687500001 0.49671065312499996 0.9638949734375 0.44913230937500004 0.9606131859375001 0.4161933515625 0.961122115625 0.3961682421875 0.9697560124999999 0.35 0.791510184375 0.35
4 0.5390625 0.5839209656250001 0.5461192687499999 0.5838958703125 0.557171478125 0.5892663718750001 0.56032543125 0.595789075 0.565258021875 0.6000572234374999 0.5888433656250001 0.6105821875 0.5972842484374999 0.6098496015625 0.6058758953125001 0.605603615625 0.609779865625 0.5995476125 0.6085025156249999 0.59175360625 0.6032270515625 0.584044075 0.6040336953125001 0.5619804453125 0.6124294171875 0.5557679562500001 0.619257715625 0.5338234265625 0.6261197109375 0.5323236234375 0.6304721609375 0.5207157078125 0.6238213828125 0.5042289171875 0.6047316125 0.4885591890625 0.5943276328125 0.474615003125 0.5883549578125 0.47498752812500006 0.58430404375 0.479568653125 0.5799102546875 0.48070839374999996 0.5678745843749999 0.470493640625 0.5557333046874999 0.46927218593750003 0.5390625 0.472022540625 0.5390625 0.5839209656250001
4 0.5390625 0.7229900703125001 0.53944796875 0.7230288500000001 0.5503080734375 0.721444571875 0.5562355906249999 0.7155921453125 0.5569817859375 0.7080017140624999 0.5639042265625 0.6920287140625 0.5663838984375 0.676703825 0.5788718734375 0.6763783875 0.5912090796875 0.679566346875 0.60102145625 0.6925992921875 0.6068471843750001 0.6907518875 0.6213173671875001 0.6801618515625 0.6210012500000001 0.64180254375 0.618638653125 0.6331693109375001 0.612865725 0.6305200640624999 0.6073866906250001 0.630820578125 0.591137871875 0.6436651718749999 0.5791925203125 0.6444102218750001 0.5776174546874999 0.6386547312499999 0.5836429328125 0.6337855593749999 0.58024789375 0.61981645 0.5766003015625001 0.61336575625 0.56633944375 0.6058847249999999 0.5576161390625 0.5887027328125 0.5485874734375 0.58353580625 0.5390625 0.583520196875 0.5390625 0.7229900703125001