10 0.7104727953125 0.448517915625 0.6242322375 0.44490695156250004 0.5823786640625 0.4657139375 0.555568871875 0.4679262609375 0.5552815765625 0.476153328125 0.5321543765625 0.4906823203125 0.5419550140625 0.6222316328125 0.5613473765625 0.7146545109375 0.6370167999999999 0.726552371875 0.7195747671875 0.7178466671875 0.8613480265625 0.721134553125 0.8853109890624999 0.7415586296875001 0.9101358375 0.7373015046875 0.9273800328125 0.71458134375 0.9300113921875001 0.6981152453125 0.9040896140625 0.616012096875 0.796928821875 0.4459585828125 0.7518954250000001 0.44005153124999996 0.7104727953125 0.448517915625
10 0.8901493140625 0.5441209875 0.9329822953125 0.5541535359374999 0.9462566078125001 0.5273437734375 0.9953578390625 0.47564938593750006 0.9960042546875 0.45713848593749995 0.9879926593749999 0.45101604999999995 0.7862401718750001 0.39872474062499996 0.7451048359375 0.398964059375 0.7098525046875 0.40739454531249997 0.6982040171875 0.44653294531250004 0.7665800875000001 0.4317407015625 0.7911894671875 0.433653878125 0.8495885703124999 0.527906171875 0.8901493140625 0.5441209875
10 1 0.746114928125 0.9516302921875001 0.726778353125 0.9208506156249999 0.7249010765625 0.8956666453125001 0.739442034375 0.875960865625 0.71488049375 0.85957855625 0.7129194531249999 0.7175898234375 0.7158018687500001 0.6410585125 0.72858520625 0.6316822625 0.7615413390625 0.626824365625 0.8417672078124999 0.7535375109375 0.9171149234374999 1 0.9156810453125 1 0.9138209171874999 0.9987139031250001 0.90951948125 1 0.9089839171874999 1 0.746114928125
10 0.1684135265625 0.6017849953125001 0.2364304765625 0.5972765859375 0.25353102656250004 0.5786699578125 0.25647580468750003 0.49434251875 0.24899310312499998 0.414188446875 0.059914207812499995 0.4111757765625 0.043316426562499996 0.4153850390625 0.040972365625 0.42362407187500006 0.0416317984375 0.6991709875 0.07894089531250001 0.6907285328125 0.07640748750000001 0.645503596875 0.11017764375000001 0.620630940625 0.1684135265625 0.6017849953125001
10 0.1160540921875 0.805668153125 0.11959303437499999 0.82209835625 0.1509473046875 0.8075215 0.210260546875 0.757824053125 0.20650613281250002 0.74756415 0.1270104671875 0.727463153125 0.09914944375 0.7008927078125 0.06425623281250001 0.6990393640625 0.0310606703125 0.707457884375 0.0197713 0.736312446875 0.009343820312499999 0.7404858109375 0.006425165625 0.7651789796874999 0.052797090625 0.79164173125 0.1160540921875 0.805668153125
10 0.4775811703125 0.9084386453125 0.47844305625 0.8837574437500001 0.4538336796875 0.8818442687499999 0.435753721875 0.8696113593750001 0.399476284375 0.789624809375 0.4056270125 0.672377140625 0.344785896875 0.6480549156250001 0.30329144218750004 0.65857806875 0.2584473921875 0.7061349859375 0.2460349671875 0.7082635484375001 0.198846853125 0.764059503125 0.1249207703125 0.8200110109375001 0.1244898265625 0.8323516124999999 0.2867475625 0.9198306281249999 0.4669382171875 0.9187823078124999 0.4775811703125 0.9084386453125
10 0.42948581093750005 0.42753281249999997 0.307947225 0.37477482968750003 0.24899310312499998 0.414188446875 0.25128491406250003 0.5252179531250001 0.2629072765625 0.545713825 0.3167423296875 0.535118878125 0.332073409375 0.5082971484375001 0.40200347968749994 0.5078903078125 0.5059909984375001 0.47438374375 0.4967845234375 0.44359207031250003 0.42948581093750005 0.42753281249999997
10 0.5008980578125 0.44356813749999996 0.50400605625 0.4723389421875 0.5162748328125 0.47432391249999994 0.5290463765625 0.4619115171875 0.5202969687500001 0.35914497343749996 0.487675996875 0.3511093625 0.45852214375000006 0.36156071875 0.4216439875 0.35766257343749996 0.3574532765625 0.370374115625 0.344897203125 0.37661621093750003 0.344538084375 0.3869000453125 0.38892506718750003 0.411317996875 0.5008980578125 0.44356813749999996
10 1 0.48786486875 0.9784009390625 0.4901424828125 0.931069178125 0.5500519703125 0.8554715749999999 0.5360973390625 0.9153528546875 0.646791803125 0.92647245 0.6816850421875 0.9251796203125 0.7187068437499999 1 0.739622859375 1 0.48786486875
10 0.2921525265625 0.650417475 0.414983940625 0.66615365625 0.4422965 0.6495439640625 0.47314800156250003 0.6493644734374999 0.503568559375 0.6615255875 0.5173913359375 0.6778959578125 0.5256184015625001 0.67784809375 0.5386054203125 0.6592653984375 0.541883190625 0.6242883984375001 0.5222492328125 0.5976700890625 0.416302896875 0.5694975828125 0.2809872328125 0.5579467328125001 0.276586403125 0.5661977312500001 0.287849646875 0.5969774375 0.286197696875 0.644283071875 0.2921525265625 0.650417475
10 0.4505627109375 0.883919646875 0.47148949843750004 0.873516153125 0.48567139531250003 0.8796026921875001 0.4804805015625 0.9104781265625 0.468440253125 0.9187735703125 0.591445590625 0.9180579453125001 0.58154936875 0.90166473125 0.5935831031250001 0.7926082265625001 0.60018434375 0.7802317296875 0.633379909375 0.7718132062499999 0.636801328125 0.7327226718750001 0.5718466796875 0.70842438125 0.5503714265624999 0.6756477375000001 0.5317887031249999 0.6778121968749999 0.505481678125 0.665627153125 0.4376083765625 0.6660220296875 0.41051128593749997 0.676461421875 0.40185327812500005 0.6888498843749999 0.3907532546875 0.7711684203125 0.3959180203125 0.7999272546875 0.42468663125 0.859394003125 0.4505627109375 0.883919646875
10 0.1251496015625 0.6040930453125 0.0640668875 0.6455753921875 0.06533359062500001 0.6681878625000001 0.0911378484375 0.6947702734375001 0.11376228125000001 0.694638646875 0.12693864375 0.7295199218749999 0.1742442796875 0.7292447046875 0.1799836359375 0.7415494078125 0.21686179062500002 0.7454475546875 0.3145614875 0.65645615 0.288254465625 0.64427110625 0.2898345890625 0.5990222375 0.276227284375 0.5764815640625 0.2598449734375 0.5745205265625 0.2221049328125 0.5953035796874999 0.16664405468750002 0.59356989375 0.1251496015625 0.6040930453125
10 0.308371615625 0.5392802750000001 0.2817772953125 0.535322296875 0.260347740625 0.560123159375 0.31588044375 0.559800078125 0.4878587890625 0.5814193765625 0.5142376375000001 0.591547653125 0.5369338953125 0.5893592609375 0.5325134953124999 0.4803984859375 0.582665959375 0.45748686875000005 0.6634544546875001 0.44056606406250004 0.663885396875 0.4282254640625 0.6494880296875001 0.428309225 0.437183984375 0.5015165875 0.330088465625 0.5062523484375 0.3121978546875 0.5474834109375 0.308371615625 0.5392802750000001