7 0.41875 0.0181257125 0.40086389687499996 0.026497620312499998 0.3437330453125 0.032864500000000005 0.3380577125 0.05680069375 0.338771421875 0.061899759374999995 0.391160240625 0.06771320625 0.411153846875 0.0765625 0.41875 0.0765625 0.41875 0.0181257125
7 0.3212172734375 0 0.3147777296875 0.006989846875 0.291904803125 0.018601446875 0.24681090781249998 0.0741182609375 0.230045671875 0.1109422125 0.23853466874999998 0.125531975 0.25049611875 0.12808289687500002 0.260461584375 0.1390625 0.263237484375 0.1390625 0.2856667640625 0.1306366 0.3389545609375 0.059965468749999994 0.3464553359375 0.0306472375 0.369280128125 0 0.3212172734375 0
7 0.0903061953125 0.1196754796875 0.0936142328125 0.134375 0.14110398125 0.134375 0.19544069375 0.1338519078125 0.23463965937500003 0.11912621875 0.2292250921875 0.1080777828125 0.240625 0.08471171875 0.240625 0.0833799734375 0.2151431015625 0.0811648171875 0.19975036562499998 0.07252303593750001 0.165115003125 0.0737936328125 0.1414650625 0.06875 0.1409047046875 0.06875 0.09856184999999999 0.077326615625 0.08891995 0.091347653125 0.0954050796875 0.1100446875 0.0903061953125 0.1196754796875
7 0.12139430625 0.6 0.110277715625 0.5451412765625 0.09454871249999999 0.5248851125 0.0728286890625 0.5078859171875 0.0650328140625 0.5074600671875 0.058129078125 0.5134080484375 0.060922154687499994 0.5609988546875 0.07104375156250001 0.6 0.12139430625 0.6
7 0.11296397031250001 0.5521664656249999 0.1732149125 0.59375 0.18127815625000002 0.59375 0.194649090625 0.5922598921875 0.1968519671875 0.5803625375 0.20625 0.5741611828125001 0.20625 0.5738111109374999 0.2048674390625 0.5639334546875 0.1775544234375 0.5346110546875 0.163053821875 0.532343103125 0.1491296765625 0.5157697531250001 0.12246861093750001 0.5187409640625 0.0895539765625 0.503125 0.0887659734375 0.503125 0.07426595312499999 0.505987740625 0.073531659375 0.509953525 0.10411811875000002 0.535027171875 0.11296397031250001 0.5521664656249999
7 0.0033311609375 0 0.031863249999999996 0.012506728125 0.0414228109375 0.0347450875 0.0653251265625 0.0489117828125 0.067843690625 0.057693659375 0.0835932796875 0.0688849734375 0.1000636328125 0.0765625 0.11564081562499999 0.0765625 0.12201678281249999 0.07625476875000001 0.1347125265625 0.0748399046875 0.1390625 0.06919386875 0.1390625 0.0691553234375 0.12479611406249999 0.0500520125 0.11416599218750001 0.0201650578125 0.10022125781249999 0.0126565578125 0.08982100312499999 0 0.0033311609375 0
7 0 0.1697123609375 0.0246412765625 0.15656134531250002 0.07973392812499999 0.0895730265625 0.0828125 0.0744494609375 0.0828125 0.06620780312499999 0.068925378125 0.058411303125 0.0691243921875 0.05062122031250001 0.051926799999999995 0.038296626562500005 0.0390526296875 0.0384367234375 0.032148889062500005 0.04438470625 0.023399125 0.0647795734375 0.0025094828125 0.08134875312499999 0 0.08460593125 0 0.1697123609375
7 0 0.2771530984375 0.016875451562499998 0.284375 0.0187828203125 0.284375 0.0834711609375 0.2669929359375 0.1078125 0.254289290625 0.1078125 0.2179131453125 0.09740214999999999 0.20070787812500002 0.0678450828125 0.20141252812500002 0.026086382812499996 0.2254860375 0 0.233356696875 0 0.2771530984375
7 0 0.34806986875 0.0433781625 0.3413419765625 0.0544680640625 0.328454221875 0.085672146875 0.3210927671875 0.0859375 0.318064196875 0.0859375 0.30247986875 0.0808340296875 0.29573892968750004 0.0599855578125 0.2941784125 0.030092221875000002 0.28326868125 0 0.28712649375 0 0.34806986875
7 0.163517221875 0.26177993125 0.117970384375 0.2772130484375 0.0911308921875 0.2789094921875 0.08148899375 0.29293053125 0.09160441875 0.3099283390625 0.13929238125 0.3097924140625 0.16628971406249998 0.3184355859375 0.20727294999999998 0.3164575578125 0.244090609375 0.31235445781250004 0.2515625 0.3054719640625 0.2515625 0.3012537125 0.2503012234375 0.29224256406250004 0.2387377984375 0.274111475 0.21900105781249998 0.2620698546875 0.163517221875 0.26177993125
7 0.094555734375 0.34349556875 0.1005261671875 0.3493034546875 0.1534296828125 0.36800605000000003 0.172473303125 0.36588375625 0.19187155 0.371875 0.195159003125 0.371875 0.203125 0.367136328125 0.203125 0.357877703125 0.1682322234375 0.31715967031250003 0.1386957421875 0.308799471875 0.08809118906249999 0.3157336859375 0.094555734375 0.34349556875
7 0.0654247390625 0.3689955828125 0.06952856406249999 0.398315203125 0.08238215 0.4072399578125 0.116461646875 0.41120991093750003 0.12326185 0.415625 0.1306934078125 0.415625 0.1563537359375 0.41064813750000007 0.17357191249999998 0.41390787968750004 0.185732375 0.408668721875 0.1859375 0.4058093734375 0.1859375 0.38996136875 0.1665720859375 0.3823217 0.13616405468749998 0.3585228234375 0.083775234375 0.352709375 0.0654247390625 0.3689955828125
7 0.41875 0.1706002734375 0.416697325 0.16949501718749999 0.40146243125 0.1711928515625 0.36133016093750003 0.19767440625 0.3337563765625 0.2033366375 0.3199489 0.2152326 0.29181925 0.226135378125 0.28689879375 0.23704094062499997 0.2640258703125 0.24865254062500003 0.2563878375 0.2585663078125 0.25745840000000003 0.26621490312499996 0.2704904125 0.276414425 0.274971675 0.299218728125 0.2801475578125 0.3015625 0.28456289218749997 0.3015625 0.29673286718749997 0.298088228125 0.3350602828125 0.2679238609375 0.3651938015625 0.2529138109375 0.3822953046875 0.227704240625 0.41875 0.20262169375 0.41875 0.1706002734375
7 0 0.5709667453125 0.0052911046875 0.571875 0.013915407812499999 0.571875 0.042977615625 0.5627786078125 0.046875 0.5436325984375 0.046875 0.539078284375 0.039072804687500004 0.5256689046874999 0.026754499999999997 0.5205684484375 0 0.5209243234375001 0 0.5709667453125
7 0.0213769609375 0.41091823125 0.037696162500000005 0.49066255312499996 0.0465420140625 0.507801846875 0.055076349999999996 0.5125 0.057509868750000005 0.5125 0.064672909375 0.5083705734375 0.0817126578125 0.51035555 0.0921875 0.4981825640625 0.0921875 0.484093325 0.081383228125 0.41588275937499997 0.058970082812500005 0.3847196484375 0.0490742546875 0.35086690625 0.039746346875 0.346875 0.03916273125 0.346875 0.024773912500000002 0.352280378125 0.039253928125 0.36361317656250003 0.0413744671875 0.3879752203125 0.0213769609375 0.41091823125
7 0.26688971875 0.24777026093750001 0.2647897640625 0.21434336874999999 0.23908259062499998 0.19649386093750001 0.21734198437500002 0.1885595125 0.20595698437499999 0.1717031875 0.20615599687500002 0.16391310625 0.2272446515625 0.13955384375 0.225817234375 0.1293557140625 0.21367735625 0.1255300265625 0.20205217343749998 0.1345934859375 0.17737439375 0.14252227343749999 0.175885221875 0.1595186921875 0.2089284890625 0.2205687609375 0.210712759375 0.23331642343749998 0.22898091250000002 0.25328961250000004 0.26153515625 0.3125 0.2669148234375 0.3125 0.275811071875 0.31150856718750003 0.2859375 0.303613596875 0.2859375 0.30212548125 0.275474803125 0.2998941859375 0.255422378125 0.267173334375 0.25453024375 0.260799503125 0.26688971875 0.24777026093750001
7 0.1167000359375 0.4145106796875 0.0940261234375 0.41833219843749997 0.084205796875 0.4310784703125 0.0838077734375 0.44665863593750005 0.0913840484375 0.4639394171875 0.1040592078125 0.47158940312500003 0.123102825 0.46946711093750004 0.133636859375 0.46181990468749995 0.15466375937500002 0.4646551921875 0.183349275 0.4485118578125 0.184375 0.4342137265625 0.184375 0.4301366546875 0.14661395625 0.4163555609375 0.1364573609375 0.41748745 0.1320927703125 0.4231524609375 0.1167000359375 0.4145106796875
7 0.1368138515625 0.46012985312500004 0.1213799484375 0.469617771875 0.107414628125 0.47117411875000004 0.094121846875 0.49595923124999997 0.0961051296875 0.5009168093749999 0.1314336171875 0.513810128125 0.1624386859375 0.514238759375 0.1894360171875 0.5228819296875 0.2090355015625 0.5155190859375 0.2109375 0.508573228125 0.2109375 0.5056564890625 0.200011221875 0.4971050234375 0.185510621875 0.49483707343749994 0.1547457375 0.4684886640625 0.1368138515625 0.46012985312500004
7 0.0640625 0.6 0.0640625 0.5669174328125 0.057967528125 0.5150659875 0.0481883703125 0.5096825593750001 0.0359112359375 0.4864524046875 0.008316865625 0.5011794843749999 0.0137314328125 0.5122279203125 0.03438089375 0.521578521875 0.0454090390625 0.5358853125 0.042808137499999996 0.563362834375 0.0221175046875 0.5721419296875 0.030249646875 0.5841821609375 0.0337379015625 0.6 0.0640625 0.6
7 0.0368524140625 0.280643990625 0.05135605 0.2890625 0.075830275 0.2890625 0.0992399890625 0.2749859328125 0.14349666875 0.2687591484375 0.17979962968750002 0.251766903125 0.18125 0.24749070624999997 0.18125 0.24078946406249999 0.165580384375 0.205449471875 0.12384226875 0.22045813124999997 0.107077034375 0.2572820828125 0.0368524140625 0.280643990625
7 0 0.43241893124999997 0.0337556453125 0.401521859375 0.0421875 0.3878934578125 0.0421875 0.38075006875 0.038202575 0.359597453125 0.0171962609375 0.34769731875 0 0.3526064875 0 0.43241893124999997
7 0 0.5047972765625001 0.0084351875 0.5010908953125 0.034375 0.47323244999999997 0.034375 0.46802153124999996 0.025461190625 0.4292823125 0.019312329687499998 0.42219965937500004 0 0.43123914062499996 0 0.5047972765625001
7 0.41875 0.26110754062499997 0.3948545109375 0.268114540625 0.398999503125 0.2793044640625 0.39080560625 0.29445878125 0.3760854078125 0.3090457625 0.3566643515625 0.317683375 0.3259543828125 0.346998825 0.31682718125 0.37390900781249997 0.3215971296875 0.3828125 0.325671146875 0.3828125 0.3320414890625 0.3812760234375 0.360926015625 0.357342609375 0.407941440625 0.333977921875 0.41875 0.3238447296875 0.41875 0.26110754062499997
7 0.39030125781249997 0.2697067921875 0.3899649875 0.2580924109375 0.372389959375 0.252283134375 0.3502513265625 0.25992895 0.30103302187500003 0.2951909921875 0.28664909375000003 0.3213923546875 0.2759366328125 0.32776479687500004 0.2764101578125 0.35878364218750003 0.28012088125 0.3609375 0.291934525 0.3609375 0.3036065015625 0.35963673125 0.38678763437499997 0.29987533125 0.3997029734375 0.2816055359375 0.39030125781249997 0.2697067921875
7 0.23073022031249998 0.12834444218750002 0.22360688281250002 0.15114735625 0.205256390625 0.16743356250000002 0.2059700984375 0.17253262656249999 0.21826781875 0.1866979296875 0.2857434703125 0.225 0.2906369828125 0.225 0.3070351046875 0.22211814375 0.3295511765625 0.2079570078125 0.3296875 0.206984228125 0.3296875 0.1974216140625 0.303171465625 0.16687874062500002 0.2939275890625 0.1653196109375 0.25483155 0.134721053125 0.23073022031249998 0.12834444218750002
7 0.2743747703125 0.15862497656250002 0.28470979218750003 0.158767853125 0.30875599375 0.1703125 0.37274039999999997 0.1703125 0.389864875 0.16387943124999999 0.390625 0.13869933750000002 0.390625 0.11807658750000001 0.3814582171875 0.113030271875 0.30276518750000003 0.112737565625 0.2696944953125 0.14361075625 0.2743747703125 0.15862497656250002
0 1 0.325661975 0.9822953203125 0.3251084546875 0.9783726390624998 0.32594960781250004 0.9753200875000001 0.33169569375 0.9681572984375 0.33580881875 0.9655696453125 0.3345408078125 0.965269559375 0.3305822296875 0.9622994140625 0.330841978125 0.9563892484375 0.338332278125 0.9534566156250002 0.3390868484375 0.9456260203125 0.3278171921875 0.942618365625 0.327582115625 0.9340830359375001 0.33330958437499997 0.9263428171874999 0.3429523390625 0.9207327375000001 0.35440121874999997 0.9177103109375 0.3671181078125 0.9206134046875001 0.3922674640625 0.9246787453125 0.39988158125 0.933919390625 0.4100317203125 0.9498653125000001 0.4166068453125 0.97712176875 0.42119662656249995 1 0.428064309375 1 0.325661975
0 1 0.43088014843750005 0.9951671031250001 0.43031852343750004 0.9672655812500001 0.4237927453125 0.9177705453125 0.42164589843750006 0.9060400093750001 0.42466418125 0.8981497468749999 0.43232764531249995 0.8871921640625 0.4586891609375 0.8850472515625001 0.4698349984375 0.8852052656249999 0.49821303749999996 0.88759059375 0.5099589 0.8947386125000001 0.5187977359375 0.9263604937500001 0.5349602140624999 0.9608922718749999 0.536921334375 1 0.5446855796875 1 0.43088014843750005
2 0.840562303125 0.6 0.852045365625 0.5925410390625 0.8664834734374999 0.5857992546874999 0.8744413718749999 0.5856014140625 0.882481678125 0.5799172375 0.906137690625 0.5698788046875001 0.9154004921875 0.560601 0.916742909375 0.5520158546875 0.928125 0.5450685125 0.928125 0.538052728125 0.9217528187500001 0.5326498187500001 0.896828825 0.519388309375 0.8715371093750001 0.494702596875 0.86172641875 0.48360610625 0.8454576734374999 0.459625615625 0.816595640625 0.42728249375000005 0.806132496875 0.42072598437500003 0.792196796875 0.4209485 0.780293475 0.40854070625 0.7725680265625 0.40523149687500004 0.7662827546875001 0.4077735734375 0.730611471875 0.43679447656250003 0.7140131000000001 0.434759334375 0.706745165625 0.4309120125 0.7000700140625 0.44145782968749997 0.6865924140624999 0.4740169609375 0.6820923000000001 0.480387740625 0.6369706625 0.516212340625 0.6119648484375 0.5413118984375 0.6136749828125 0.5441509578125 0.6489944859375 0.5565033484375 0.7211502390625 0.6 0.840562303125 0.6
2 0.61197798125 0.4841066109375 0.5900997390625 0.5044497296875 0.5801168484375 0.5108018921874999 0.5760742484375 0.5166345625 0.575534328125 0.5226590125 0.5877900140625 0.52656824375 0.6070868484374999 0.528125 0.622276396875 0.528125 0.631847165625 0.5227153125 0.654865503125 0.5042649 0.6578125 0.49991269374999997 0.6578125 0.49807604375 0.6567779625 0.496626109375 0.64512983125 0.4941580515625 0.6163581765625 0.48272734531249994 0.61197798125 0.4841066109375
2 0.85031498125 0.260395328125 0.8416739203125001 0.22528761562500002 0.8338808359375001 0.21451278125 0.83367054375 0.1985918828125 0.8269726515624999 0.1956909140625 0.823620015625 0.1974784203125 0.8140872546875 0.2097684515625 0.8067221421875 0.2243594296875 0.8050347453125 0.23496715625000003 0.797714528125 0.243576975 0.78817438125 0.26234298749999996 0.7817169109375 0.282333721875 0.7664615390625 0.3045881640625 0.7572964984375 0.3283024015625 0.7420337359375 0.3570328265625 0.7383662453125 0.3678137171875 0.728983525 0.38208303906249996 0.6928405421875 0.45746875156250005 0.687500421875 0.4659054046875 0.6822052 0.46836089843749995 0.6767525484375 0.4753130859375 0.6760176890625 0.4853394046875 0.6949934234375 0.472721659375 0.7230444046875 0.4483519953125 0.7326146781249999 0.4365567875 0.7499177828125 0.42159480625 0.7658858609375001 0.4087419875 0.7731236703125 0.40561850312500003 0.7771963953125001 0.406756640625 0.7927899500000001 0.42183032656249997 0.8067631609374999 0.4221026359375 0.8141061171875 0.42693960468750003 0.8584792953125 0.4798427515625 0.8699626125 0.4932834796875 0.8737031515624999 0.49375 0.8779598734375 0.49375 0.88424329375 0.4910383875 0.884375 0.48945339375 0.884375 0.4664821703125 0.882997471875 0.4483105 0.8777766843750001 0.4188809078125 0.8506088515624999 0.33657934843750004 0.85031498125 0.260395328125
1 0.651725625 0 0.651679 0.0002897546875 0.652931625 0.003666928125 0.6668525515624999 0.016396378125 0.680930909375 0.024629135937499998 0.69638180625 0.031247553125 0.707842384375 0.031241496875000004 0.7170529046875 0.0344208296875 0.736111628125 0.0491914796875 0.7426896015625 0.057083964062500006 0.7485400999999999 0.06852678749999999 0.7484952046875 0.0745079453125 0.7434176609375001 0.08640835625 0.719934428125 0.11187286406250001 0.7037265171875 0.1347087109375 0.6966762609374999 0.1403063046875 0.6724280453125 0.16882633125 0.6304345640625 0.23276921874999998 0.582470665625 0.29026079843749997 0.573897828125 0.29549344375 0.5625122703125001 0.2964891453125 0.5551693140625 0.2916521796875 0.529907140625 0.2410625390625 0.5181987593749999 0.224652875 0.510525590625 0.208886525 0.49892235625000003 0.2004373109375 0.48084629375 0.1920560640625 0.469078246875 0.194579521875 0.45713799999999993 0.2145516375 0.4322447171875 0.24113566406250003 0.424654540625 0.2527577078125 0.41875 0.2635816359375 0.41875 0.40171069218750005 0.485523284375 0.43123447031250006 0.519312815625 0.4496978921875 0.55580991875 0.46443781093750003 0.5674131546875 0.4728870265625 0.5766611859374999 0.47656118281250004 0.5875517203125 0.47560877343749997 0.6057476968750001 0.47899850937500005 0.6521808218749999 0.5 0.6583038328124999 0.5 0.668668634375 0.49391809531249997 0.682281509375 0.4762902203125 0.72231705 0.3930925515625 0.7639428078125 0.31772545625 0.7816505625 0.281807775 0.7891878734375 0.2497681390625 0.7977379703125 0.23108870625 0.8143732703125 0.2007439421875 0.8300486484375 0.17745656406250002 0.8411937859374999 0.153569159375 0.8686144703124998 0.114311534375 0.8703125 0.106795784375 0.8703125 0.09855640156249999 0.867496534375 0.092990884375 0.8557057468749999 0.08206755624999999 0.745523890625 0.0090182328125 0.7344315359375 0 0.651725625 0
5 0.41875 0.4706588703125 0.4220563140625 0.47891110625 0.44107014375000003 0.4996629140625 0.459191684375 0.5349377328125 0.481588275 0.5608728390625 0.4824155796875 0.5609375 0.49194735000000006 0.5609375 0.5084019890625 0.5530487703125 0.5296505171875 0.5506924203125 0.5479737984375 0.5426146578125 0.5589467390625 0.5361759125 0.5812523671875 0.508323875 0.5860900765625 0.50640649375 0.5891727546875 0.5076312125 0.590625 0.5027727093750001 0.590625 0.4999492640625 0.5847396921875 0.488592890625 0.5727988609375 0.475690275 0.5536651171875 0.45992998125 0.4884412546875 0.42777819531250005 0.43173795000000004 0.4028509015625 0.41875 0.39769091093750003 0.41875 0.4706588703125