7 0.156862109375 0.5796875 0.1598672875 0.57493365625 0.161657765625 0.5639256875 0.160341690625 0.5536444078125 0.1596128734375 0.5495130546875 0.1673333578125 0.54108885625 0.16875 0.5367756546875 0.16875 0.5326710640625001 0.15018034062500002 0.5242539546875 0.14570796875 0.5299328875 0.136763225 0.54129075625 0.13271551718750002 0.540913959375 0.12318351093749999 0.5461218999999999 0.099300228125 0.5796875 0.156862109375 0.5796875
7 0.3890625 0.08770165156250001 0.38155528906249997 0.08777685625000001 0.362824240625 0.0875 0.3294417578125 0.0875 0.31640939375 0.1162523265625 0.3059075421875 0.14981453281249998 0.3030343578125 0.16173759062499998 0.30705336875 0.1915721375 0.3130751921875 0.20737085 0.312650525 0.213426578125 0.3128839 0.22462295000000002 0.3085530828125 0.22828330624999998 0.30747792343749997 0.2413896171875 0.3237641625 0.2484375 0.3262723375 0.2484375 0.335167328125 0.2409195515625 0.33978125625 0.23322204218749998 0.3485844453125 0.223882753125 0.35609259843749996 0.21848641406249997 0.3779092796875 0.212390284375 0.3890625 0.2080193125 0.3890625 0.08770165156250001
7 0.333659940625 0.248554246875 0.34919088593750003 0.25 0.35839841093749997 0.25 0.36875 0.2217445140625 0.36875 0.216707628125 0.3573238609375 0.21824903125 0.3483791140625 0.2296068984375 0.3405878515625 0.2390403875 0.333659940625 0.248554246875
7 0.3003312296875 0.23797511249999997 0.29360162968750003 0.23226927968750002 0.28498973125 0.224356475 0.27355377812500004 0.22532367187500002 0.26303149531250003 0.23247118125 0.2590048296875 0.2463186203125 0.256343978125 0.255213815625 0.2555654234375 0.266315984375 0.2722440390625 0.30444013124999997 0.2989916171875 0.321875 0.3002069078125 0.321875 0.3185095578125 0.312810425 0.3265625 0.2967773359375 0.3265625 0.293863890625 0.3244472203125 0.2717122109375 0.3190126578125 0.26206342656250003 0.3090139046875 0.2448786296875 0.3003312296875 0.23797511249999997
7 0.287630009375 0.15588523906250001 0.2763901171875 0.14082643125 0.2693300890625 0.128784065625 0.2640152296875 0.116904153125 0.255454103125 0.1012189265625 0.25287902500000004 0.08784249375 0.23169296562500002 0.0893734421875 0.19262812499999998 0.09537054687499999 0.1599764515625 0.0975857421875 0.1874476640625 0.13167112812499998 0.2111661328125 0.156649365625 0.2331210875 0.1692024953125 0.23738031406250001 0.183611484375 0.2508108359375 0.20500468593750001 0.269702578125 0.2111421984375 0.27471235312500003 0.2273726140625 0.28279482499999997 0.228125 0.3015446421875 0.228125 0.3078125 0.21952894218750002 0.3078125 0.21353909999999998 0.30614966875 0.20490140625 0.302579975 0.193183953125 0.3006150640625 0.1711065015625 0.287630009375 0.15588523906250001
7 0.0345548046875 0.0972436609375 0.03036640625 0.09685376875 0.0040635687500000005 0.47193214687499996 0.0337345890625 0.478125 0.040459846875 0.478125 0.07099944687500001 0.4642607015625 0.0842748296875 0.4402739828125 0.0890625 0.27720050625 0.0890625 0.20469009531250001 0.050861903124999996 0.1502576140625 0.04531150625 0.13923155781250002 0.045047815625 0.1129335671875 0.0345548046875 0.0972436609375
7 0.1511905078125 0.3178723328125 0.13760022656249998 0.3313203640625 0.1385961203125 0.3471771359375 0.13338263749999998 0.36140495 0.1582861921875 0.412066321875 0.1681714265625 0.4213940265625 0.173338271875 0.421875 0.19772375625 0.421875 0.20852495937499999 0.4020298453125 0.209375 0.39739639531250004 0.209375 0.3875727390625 0.2020810828125 0.34362841718750003 0.1817248515625 0.33332598281250003 0.16996507968750002 0.32067096875 0.1511905078125 0.3178723328125
7 0.1833968546875 0.20269504062500002 0.1686862546875 0.21708971875 0.1717763484375 0.2331414359375 0.1640625 0.2396594875 0.1640625 0.240770621875 0.1652961046875 0.25040414218749996 0.17973583906249999 0.25490112656249997 0.1833384734375 0.26364399375 0.1979978703125 0.265008615625 0.2607798171875 0.24142663749999999 0.266893959375 0.229384540625 0.2671875 0.22519865625 0.2671875 0.211196228125 0.2538454125 0.2050492390625 0.2374359046875 0.183553884375 0.1851029390625 0.193395415625 0.1833968546875 0.20269504062500002
7 0.1995990765625 0.27431730625 0.163243471875 0.266729265625 0.159223528125 0.2789663078125 0.14076385 0.2867063640625 0.14010486718749998 0.2961034609375 0.1490382375 0.319004746875 0.1688599109375 0.3219008546875 0.18166678281249998 0.3346533421875 0.2300263421875 0.35 0.2353042109375 0.35 0.2441266578125 0.3457223296875 0.2649222109375 0.3497600328125 0.275 0.3355999015625 0.275 0.33299539375 0.273035315625 0.3242418265625 0.2517052078125 0.3127977984375 0.2456202546875 0.2943654171875 0.1995990765625 0.27431730625
7 0.3890625 0.330172303125 0.36023294375 0.3020929109375 0.341751253125 0.2951177875 0.33739439843749996 0.28210096406249996 0.3278240609375 0.28331195 0.31649643437499997 0.30958185781249997 0.3052932359375 0.319048346875 0.279723521875 0.32297372812499997 0.26988231875 0.3430763796875 0.2621132984375 0.3486588015625 0.24745390312499999 0.3472941796875 0.24589426250000002 0.35450555625 0.2554866140625 0.36800975 0.2636145609375 0.4023963765625 0.27259913281250003 0.4095383640625 0.2904730484375 0.4101512828125 0.29734140937500003 0.4023831453125 0.338083059375 0.3925135328125 0.34306970625 0.426607740625 0.349740421875 0.43668715156250004 0.3507803453125 0.48197427812500004 0.35603785781249997 0.49717682031250005 0.3797038421875 0.5203986078125 0.3890625 0.5229234593750001 0.3890625 0.330172303125
7 0.20165427187499999 0.34403083125 0.199508865625 0.359595184375 0.2097310109375 0.39417675625 0.2085594859375 0.41088270781249997 0.2205609328125 0.4351205359375 0.234452046875 0.4390625 0.239835290625 0.4390625 0.2542877828125 0.435107303125 0.2640625 0.42314644687499997 0.2640625 0.39676752187500003 0.25649156875 0.3585939953125 0.24787309375 0.3462313984375 0.2349418 0.35028233124999997 0.20165427187499999 0.34403083125
7 0.26340646875 0.4861233140625 0.2444854546875 0.4854129203125 0.249889409375 0.49852722343749994 0.2971993609375 0.5302556187499999 0.3137553125 0.549662728125 0.33438602500000003 0.553125 0.3430663859375 0.553125 0.34643505937499997 0.5495520234375 0.34767980781249996 0.5318019546875 0.35 0.530358446875 0.35 0.5198769390625 0.3358980203125 0.504431759375 0.310452734375 0.49155371875 0.2942628859375 0.46692600000000006 0.26340646875 0.4861233140625
7 0.1645059109375 0.4598870125 0.1484553296875 0.478360703125 0.1276085734375 0.49008229999999997 0.13106476875 0.5009134109375 0.13900224375 0.507957925 0.19227989843749999 0.529732465625 0.215089853125 0.5328125 0.2174229671875 0.5328125 0.225 0.5060461390625 0.225 0.49804779374999997 0.2229458421875 0.4831930390625 0.204002815625 0.4677674703125 0.18814988125 0.4683936203125 0.1645059109375 0.4598870125
7 0.27622833125 0.5181593437500001 0.2623743578125 0.5053093828125 0.2539975609375 0.5045295999999999 0.222430953125 0.5488833093750001 0.2661382734375 0.571868840625 0.2911222234375 0.576296434375 0.3115296609375 0.5708395671875001 0.338051128125 0.5765625 0.346854428125 0.5765625 0.3546875 0.5642595015625 0.3546875 0.5627389359375 0.345454153125 0.5529787921875 0.316208584375 0.5492054296875 0.2945635796875 0.5272227093749999 0.27622833125 0.5181593437500001
7 0.09321612812499999 0.5796875 0.13125 0.534717534375 0.13125 0.5246290515625 0.1002105546875 0.49708152187500004 0.0769326859375 0.48335430468749996 0.07050365 0.4848577109375 0.06214886562500001 0.49879310312499997 0.05213920625 0.5062688234375 0.027763034375000002 0.5082034328125 0.0148097234375 0.49753918593749996 0.010965409375 0.477213509375 0.0036997796875000003 0.47561759062500003 0.0019575015625 0.50046246875 0.07232079687500001 0.5796875 0.09321612812499999 0.5796875
7 0.28827764375 0.4228791671875 0.28898065625 0.442912428125 0.29565136875000003 0.45299183281250005 0.309345975 0.45625 0.315477984375 0.45625 0.33446727656249997 0.4555542109375 0.3484375 0.442812159375 0.3484375 0.4385393546875 0.3407350359375 0.39623421406250003 0.308882725 0.39957475625 0.29237080625 0.409598003125 0.28827764375 0.4228791671875
7 0.29795860625000004 0.4722753234375 0.3153419890625 0.4949122734375 0.34171289374999997 0.503125 0.3465223546875 0.503125 0.353125 0.500883140625 0.353125 0.4942562625 0.3484902546875 0.4580623609375 0.3371918171875 0.45385779375 0.29681626875 0.45850679375 0.29795860625000004 0.4722753234375
7 0.086966153125 0.3238566 0.09066402500000001 0.3462705234375 0.11230903125 0.368253240625 0.1344095015625 0.375 0.1371689921875 0.375 0.14375 0.3190627234375 0.14375 0.305954421875 0.13438569375 0.278876740625 0.1167826453125 0.25937215625 0.0893383953125 0.259970225 0.086966153125 0.3238566
7 0.1237990359375 0.22609017968749998 0.11441917187499999 0.2546432796875 0.128199921875 0.2685373609375 0.130484184375 0.26875 0.14100613125 0.26875 0.1452463984375 0.2659204421875 0.1503866609375 0.2527367515625 0.17189239843749998 0.2316180578125 0.183366465625 0.20325990468750002 0.2086945015625 0.1877517109375 0.209375 0.178047825 0.209375 0.168266834375 0.1972788171875 0.155160909375 0.16864102812499998 0.1577497484375 0.12270790937500001 0.1965623515625 0.1237990359375 0.22609017968749998
7 0.3890625 0.5238440375 0.3564207453125 0.5019727125 0.34565686875 0.5051744703125001 0.3519614796875 0.520474484375 0.35892507500000004 0.5263774031249999 0.354224134375 0.5332963656249999 0.347795096875 0.5347997703125 0.3455764703125 0.5514082453125 0.360331103125 0.566443925 0.363400775 0.5796875 0.3890625 0.5796875 0.3890625 0.57393328125 0.38874923125 0.56698745 0.3890625 0.5664836359375001 0.3890625 0.5238440375
7 0.10534549687500001 0.359060765625 0.09187964374999999 0.3557053703125 0.0851577234375 0.361385265625 0.0854142375 0.43287291093749997 0.080369209375 0.4597276578125 0.0978990390625 0.48027636406249996 0.1242069109375 0.4875 0.12870530468750002 0.4875 0.14852592343749998 0.47973445625 0.159048121875 0.4649498859375 0.1625 0.4412121328125 0.1625 0.433831103125 0.160783396875 0.4251757875 0.13371242187500001 0.375363590625 0.118298809375 0.3697250078125 0.10534549687500001 0.359060765625
7 0.16274108437499998 0.43202464531249996 0.1592777125 0.4663831921875 0.1901946078125 0.4734375 0.1905241328125 0.4734375 0.21095169687499998 0.4659387578125 0.2177468375 0.45921474218749997 0.21875 0.44490964375 0.21875 0.42854698124999996 0.20825689687499999 0.4141919515625 0.19398561718750001 0.42232190000000003 0.169682665625 0.4232123875 0.16274108437499998 0.43202464531249996
7 0.003836859375 0.47654594687499996 0.0031534703125 0.4862910828125 0.004224978125 0.48604051562499995 0.004832753125 0.49240271875 0.0228019046875 0.5066866921875001 0.0341012984375 0.509375 0.040584351562499996 0.509375 0.053387453125 0.5063810453124999 0.0645906546875 0.49691455468749995 0.0703125 0.4864974859375 0.0703125 0.4800719375 0.069708903125 0.46901568749999994 0.046160167187500004 0.47418013437499995 0.0052500609375 0.4714228109375 0.003836859375 0.47654594687499996
8 0.635336753125 0.044521445312500005 0.6044473546875 0.046711140625 0.575337078125 0.061559957812499996 0.5516154859375 0.091787896875 0.5414254734374999 0.13409902499999998 0.5461527 0.1753894328125 0.5572608 0.1931920359375 0.5828413546875 0.2068091375 0.5940089109375 0.2078125 0.631989371875 0.2078125 0.662092028125 0.20427729062500002 0.6906092640624999 0.185208765625 0.7075394078125 0.1602383546875 0.7109375 0.1349132984375 0.7109375 0.1300278765625 0.7085658078125 0.1063059296875 0.68995916875 0.07342072656250001 0.6642474578125 0.051215946874999994 0.635336753125 0.044521445312500005
8 0.7961921281250001 0.0443959703125 0.7633411328124999 0.047937112500000004 0.7310660796875 0.0632307125 0.711894925 0.0799099671875 0.6977189875 0.08620531875000001 0.70907229375 0.12871601875 0.6898156171875 0.18305901875 0.6988309703125 0.1936253921875 0.7090666125 0.1975656828125 0.755079390625 0.2046875 0.7829549265625 0.2046875 0.8244642171875001 0.1996355875 0.8490582640625 0.1832699578125 0.8650817406249999 0.159502734375 0.8703125 0.13691330625 0.8703125 0.12017697812499999 0.8676249515624999 0.101054078125 0.8481116468749998 0.0693720640625 0.8276574640625001 0.0539587328125 0.7961921281250001 0.0443959703125
9 0.12964066406250002 0.5796875 0.140048653125 0.5936713499999999 0.1636279984375 0.60864165625 0.1895382 0.6168818890625001 0.207884578125 0.61875 0.2125 0.61875 0.2125 0.6157618484375 0.205639875 0.6059170703125 0.19897127187500002 0.5868216671875001 0.1988010953125 0.5796875 0.18512663125 0.5796875 0.181269734375 0.5835837203125 0.1765598453125 0.583419246875 0.1750183796875 0.5796875 0.12964066406250002 0.5796875