4 0.41875 0 0.3445548328125 0 0.31947964375 0.0031729374999999995 0.3068826796875 0.020640640625 0.27973874374999996 0.0327928859375 0.250353909375 0.072161971875 0.2582751453125 0.1424612796875 0.276746375 0.1891763921875 0.278490334375 0.24737621875000002 0.2654449125 0.34192725625 0.2983535796875 0.36875 0.30027589374999997 0.36875 0.36738280156249997 0.3603854578125 0.38620552343750003 0.346683903125 0.41330097656250003 0.3428649921875 0.41875 0.34476406718749997 0.41875 0
4 0 0.459375 0.049475946874999996 0.459375 0.048329315625 0.39969480156250003 0.0816868890625 0.3933920390625 0.094368696875 0.361341003125 0.1298823265625 0.3424047328125 0.138300503125 0.327287375 0.12181564375000001 0.2971054234375 0.11986563593749999 0.2743222625 0.1286716671875 0.1925382390625 0.10804438281249999 0.1584566328125 0.13730801406249998 0.13992088125 0.15625 0.1053895296875 0.15625 0.10538521875 0.1292413296875 0.094621571875 0.0625746640625 0.09889376562499999 0.0691519171875 0.042243246875 0.056724640625 0.030544284375 0.029253449999999997 0.09894652968749999 0.012586784375000002 0.100014578125 0.01282919375 0.058347910937500004 0 0.06556365 0 0.459375
4 0.1124965609375 0 0.1108256375 0.0352827453125 0.1294423125 0.05699785625 0.13965293125 0.0917469921875 0.1577025953125 0.1046875 0.15993415 0.1046875 0.248010503125 0.080638009375 0.27741958125 0.037102259375 0.3108256359375 0.0224661609375 0.3213392671875 0.005131965625 0.4014224796875 0 0.1124965609375 0
4 0.134748065625 0.1472582859375 0.1102240015625 0.1512799265625 0.119913846875 0.17025950781250002 0.1380823109375 0.2058462171875 0.1737142109375 0.1876373890625 0.16774103437500001 0.2125 0.17335274218750002 0.2125 0.19196823125 0.20851821718750002 0.21410548125 0.19362423125 0.258308684375 0.1760911609375 0.2703125 0.16771414375 0.2703125 0.1639190171875 0.2572899546875 0.14063048125 0.2514833421875 0.085876084375 0.22572665937499997 0.091201746875 0.1876366453125 0.1107931328125 0.16795750468749998 0.1243045625 0.134748065625 0.1472582859375
7 0.41875 0.274694371875 0.43555045468750003 0.276564646875 0.4667236359375 0.2796875 0.47581560625 0.2796875 0.4812740625 0.2719286640625 0.479480965625 0.25537158125000003 0.4859375 0.2242689234375 0.4859375 0.209536278125 0.4849073953125 0.1871564 0.47645699375 0.173910734375 0.47265515156250004 0.1593405015625 0.47501046875 0.127550903125 0.46317365468750005 0.1209280703125 0.467799109375 0.12159035468749999 0.47057755468749995 0.1103315375 0.454769459375 0.1037087046875 0.44194256249999997 0.103125 0.4401871796875 0.103125 0.4361136015625 0.11430523906250001 0.43798371718749995 0.1242394875 0.4385685796875 0.1308623203125 0.4232606296875 0.1381474359375 0.41875 0.1518780515625 0.41875 0.1704115984375 0.4189119703125 0.17059931718750002 0.41875 0.170859565625 0.41875 0.274694371875
8 1 0.21901630781249998 0.9889532515624999 0.221505715625 0.967358009375 0.2705925953125 0.9570448656250001 0.2869548890625 0.9653385453125001 0.31032959375 0.9460798953125 0.2924089875 0.9332947921875 0.3204586328125 0.9179471296875 0.3679871984375 0.9108302609375001 0.37733708125 0.9128944828125001 0.40071178593749995 0.9297989671875001 0.4201907046875 0.9576865453125001 0.43265721562500004 0.986669225 0.4375 0.9947132875000001 0.4375 1 0.436763065625 1 0.21901630781249998
7 0.6890625 0.2801557171875 0.6890625 0.28289294374999996 0.69805785 0.2946412078125 0.7164980609375 0.3025886078125 0.7384704640624999 0.303125 0.7734154796875 0.303125 0.8199053234375 0.28934294375 0.825 0.278165565625 0.825 0.27709968281249997 0.7821324359374999 0.236360278125 0.7266577703125 0.225763746875 0.7147439359375 0.225763746875 0.697427240625 0.2350357125 0.6906390078125 0.24960594375 0.6890625 0.2801557171875
7 0.6455791718749999 0.19190588125000002 0.6252700140625 0.19735997968750002 0.6288825390625 0.22151384062499999 0.6415484921875001 0.2328125 0.64273790625 0.2328125 0.6631354859374999 0.22229299687499998 0.6786728796875 0.2254096265625 0.6910774281250001 0.230084565625 0.716049615625 0.225409625 0.7535713218750001 0.21294311718749998 0.7848998171874999 0.19735997968750002 0.7953125 0.1907117609375 0.7953125 0.1693379921875 0.7870642531250001 0.1451564734375 0.7740622390625 0.1248983953125 0.7600550281249999 0.1241192390625 0.6982673281249999 0.14749394375 0.6559285562499999 0.1724269625 0.6455791718749999 0.19190588125000002
8 0.41875 0 0.41875 0.134375 0.4206589390625 0.134375 0.4419073390625 0.09658754375 0.4825805609375 0.0139969234375 0.48967024531250003 0.0069845125 0.49198515 0 0.41875 0
8 0.6536259546875 0.2804621515625 0.6560526078125 0.272670584375 0.6475958359374999 0.263320703125 0.6390847 0.2586457625 0.6369208078125 0.24384178125 0.617779946875 0.215792134375 0.599526496875 0.178392609375 0.58647011875 0.162809471875 0.5710958171875 0.14566802031249998 0.5472375609375 0.1215141609375 0.5159906140625 0.1300848859375 0.48824746250000006 0.172159353125 0.482715140625 0.17917176562499998 0.48794845468750003 0.1978715296875 0.4861826953125 0.215792134375 0.5076867843749999 0.24150431249999998 0.5400199328124999 0.273449740625 0.5525241484375 0.26955395625 0.570270740625 0.283578778125 0.5842960765624999 0.2827996203125 0.6090145609375 0.299941071875 0.6391022749999999 0.32409493437500003 0.646970640625 0.317082521875 0.6682034515625 0.299161915625 0.6536259546875 0.2804621515625
7 0.41875 0.36445156875 0.46432414375000003 0.35448205 0.473758934375 0.34669048125 0.48630845312500004 0.3388989140625 0.4863900015625 0.331886503125 0.491967625 0.32097830625 0.50126650625 0.324874090625 0.5154821187499999 0.3077326421875 0.517972196875 0.294486975 0.526519578125 0.29604528750000003 0.5503407359375 0.27098226875 0.5267370375 0.277345525 0.5057035625 0.2781246796875 0.4886088015625 0.2750080546875 0.4713871921875 0.282799621875 0.45266258125 0.28591625 0.42997207499999995 0.29526613125 0.41875 0.29787046093749997 0.41875 0.36445156875
8 0.5882699421875 0.40980218281249997 0.6221519421874999 0.37551928437500004 0.6512531203125 0.350586265625 0.6592573984375 0.3318865015625 0.64458023125 0.32175746250000004 0.6422351234375 0.32253661875 0.6414745640625 0.32097830625 0.62368266875 0.31084926875 0.6074753203125 0.2983827578125 0.5835173953125 0.2827996203125 0.570270740625 0.283578778125 0.5587082999999999 0.273449740625 0.5494275421875 0.2679956453125 0.5280588203125001 0.2976036015625 0.5172116375 0.29292866093750003 0.517057603125 0.306174328125 0.50126650625 0.324874090625 0.4966397171875 0.32097830781250003 0.4864171828125 0.32954903125 0.485529771875 0.3388989140625 0.4784310265625 0.34669048125 0.47223781406250004 0.3435738546875 0.46512094687500005 0.3529237375 0.46340049062500005 0.3669485578125 0.46855225625 0.39266073437500004 0.4692040875 0.40356892968749997 0.5009760156249999 0.41681459531250004 0.5381443499999999 0.43473520312499997 0.5630349921875 0.43707267187500004 0.5882699421875 0.40980218281249997
7 1 0.1798969796875 0.9920909359374999 0.1690427265625 0.9549769640625 0.1464471796875 0.9347674796875001 0.143330553125 0.9149742406249999 0.171380196875 0.91138835 0.2118963515625 0.9079927390625 0.23605021406249999 0.8890869140625 0.2547499765625 0.8753600375000001 0.2968244453125 0.8758487734374999 0.32175746250000004 0.8666671390625 0.374740128125 0.8829379124999999 0.3817525390625 0.89706291875 0.37240265625 0.9034735906249999 0.35681951875 0.9137414281249999 0.34435301093750004 0.9294328578125001 0.3342239734375 0.9414755187499999 0.3030577 0.9532916593749998 0.291370346875 0.977974446875 0.2446209375 0.9946710796874999 0.2150129796875 1 0.20459117500000001 1 0.1798969796875
8 0.8442863359375 0.1565762171875 0.8319723968750001 0.14410970781250002 0.785251478125 0.14410970781250002 0.796632703125 0.169821884375 0.7948397578125 0.190079959375 0.770537525 0.2041047828125 0.7826068218750001 0.2376085265625 0.8072437593749999 0.2617623875 0.8226271234375 0.2781246796875 0.834298290625 0.2789038390625 0.8428456703125 0.28046215 0.8340264671875002 0.3022785421875 0.8260856125 0.31552420937500003 0.8494641937499999 0.31396589375 0.86195935 0.31084926875 0.8810192078124999 0.2789038390625 0.8907077015624999 0.2492958796875 0.9112161953125 0.22670033125 0.9131812953124999 0.191638275 0.91188669375 0.1690427265625 0.9111080125000001 0.1690427265625 0.8964580281250001 0.1565762171875 0.8607292671875001 0.1487846484375 0.8442863359375 0.1565762171875
8 0.8276157968749999 0.317861678125 0.839631275 0.289032878125 0.8350316703124999 0.282799621875 0.8241754265625 0.2789038390625 0.8107928609374999 0.291370346875 0.7795187312499999 0.3022785421875 0.7405574500000001 0.30461601250000003 0.7279535640624999 0.317082521875 0.7236705421874999 0.3505862671875 0.717902640625 0.3778567546875 0.706059315625 0.3918815765625 0.7215423484375 0.39967314531250003 0.7433998078125 0.3949982046875 0.7612188859375 0.40278977187500004 0.7860370390625 0.4113604984375 0.8116791796874999 0.4160354375 0.85534879375 0.410581340625 0.8601205578125001 0.40201061562499996 0.8731774781249999 0.350586265625 0.8743910796875 0.3131867390625 0.85648139375 0.3131867390625 0.84477398125 0.3155242109375 0.8276157968749999 0.317861678125
8 0.49841211718749995 0.1551737359375 0.4991206703125 0.094243671875 0.4766475671875 0.09159453906250001 0.46351779843749996 0.0823225734375 0.45965434375 0.0730506078125 0.45435930625000004 0.0730506078125 0.45203432968749996 0.1591474359375 0.48637505625 0.16577026718750001 0.49841211718749995 0.1551737359375
8 0.6681830921875 0.2975646453125 0.6654893640624999 0.3015383453125 0.642746703125 0.32206912656250003 0.6585393953125 0.3300165265625 0.6570770046875 0.341937625 0.6396447859375 0.361143840625 0.612869234375 0.3869728890625 0.5860782796875 0.41412650624999997 0.5693002375 0.433995003125 0.605688215625 0.43531956875000005 0.6724918515625 0.4392932703125 0.691740275 0.4346572875 0.7037388265625 0.4273721703125 0.7136285140625 0.4306835859375 0.713051353125 0.42339847031250005 0.7133286125 0.399556271875 0.7040468953125 0.40088083750000003 0.704185525 0.388959740625 0.71749243125 0.382999190625 0.72307243125 0.3584947078125 0.7268131234374999 0.3214068421875 0.7184012296875 0.3048497609375 0.7039014890624999 0.29955149375 0.690748615625 0.292266378125 0.6681830921875 0.2975646453125
7 0.6620184703125 0.459375 0.6651880703125 0.44128011875000006 0.6440233265625 0.439955553125 0.6295004828125 0.4366441359375 0.599739 0.43465728593749997 0.569284834375 0.4353195703125 0.5613037703125 0.43863098593750005 0.5447490765625 0.43929326875 0.5425708968749999 0.4558503515625 0.546052409375 0.459375 0.6620184703125 0.459375
8 0.41875 0.7903325671875 0.35586204375 0.700504909375 0.2940881453125 0.618542159375 0.27817945625 0.6000872078125 0.26253295 0.5865721515625 0.24179598593749999 0.57642336875 0.2207618734375 0.57262595 0.1988941359375 0.5761028078125 0.1782243890625 0.5856051421874999 0.0847916921875 0.6636780109375 0.074918665625 0.6743733171875 0.0687888640625 0.6894109640625 0.0660258109375 0.706293890625 0.06656093125 0.7264878031249999 0.0747425 0.751946428125 0.085069965625 0.7737134250000001 0.14432149218749998 0.8568707468750001 0.20189501718749997 0.9442624921875 0.21590682499999997 0.9620167546874999 0.305126671875 0.971875 0.318114040625 0.971875 0.3907718078125 0.924371559375 0.41875 0.9011243703125 0.41875 0.7903325671875
8 0.2156522375 0.459375 0.2143367765625 0.46287745312500006 0.2109375 0.49839539374999997 0.2109375 0.5093131765625001 0.212609003125 0.5314394609375 0.22968207343749997 0.5460943281249999 0.2430550078125 0.5515625 0.24819110156250002 0.5515625 0.256297409375 0.5465796984375 0.2718309796875 0.5414207703125 0.2793537359375 0.5176973765625 0.307704890625 0.5021685 0.326766565625 0.47431806875 0.34045290625 0.459375 0.2156522375 0.459375
7 1 1 1 0.679937059375 0.982842615625 0.6811718328125 0.9526724921875 0.6920690671875 0.8300558921875 0.797118840625 0.794841003125 0.8351854234375 0.7795340734374999 0.8484399 0.7701106796875 0.8610377406249998 0.754279434375 0.889410915625 0.7454802796875001 0.9149912499999999 0.7433035078125 0.9383264687499999 0.745391828125 0.9541575999999999 0.7447665171875 0.977821671875 0.74342958125 0.9910230453125 0.7395741984375 0.997979403125 0.7342364 1 1 1
7 0.7357645500000001 1 0.7418198203124999 0.9957707078125001 0.7422237953125 0.9615892046875001 0.74395003125 0.9568784953125 0.7427549156250001 0.9434577109374999 0.7445753406250001 0.9332144171875001 0.74200353125 0.9144252125000001 0.746181240625 0.9094409031249999 0.7625163890625 0.8749874171875 0.776534009375 0.8538447359375001 0.786770025 0.8431642281249999 0.79405066875 0.8388376281250001 0.8026546343750001 0.8273352484375 0.827055828125 0.8025236781249999 0.828125 0.799606028125 0.828125 0.7967992671874999 0.8254441953124999 0.7926634234375 0.7980149171875001 0.7836765265625 0.7842401078125001 0.769651678125 0.7759187093750001 0.7645563171875001 0.76759050625 0.7624737515625 0.7607263843750001 0.7632398265625 0.738548525 0.7802731671875 0.705261859375 0.7965382875 0.6704907046875 0.8189931578125 0.6355447796875 0.8464875968750001 0.621869896875 0.8605639390625001 0.6073687828125001 0.8787485421875001 0.5960511828125 0.8980838640624998 0.591772478125 0.9116135515625 0.5893607640624999 0.9304569359375 0.578304253125 0.9788794796874999 0.566041890625 1 0.6980887375 1 0.6726087749999999 0.9663465718750001 0.6722932500000001 0.9613617250000001 0.6772903859375 0.95528195 0.677303996875 0.9492563593749999 0.6844836421875 0.9534751343749999 0.7148672265625 0.9927546875000001 0.723001315625 1 0.7357645500000001 1
7 0.7643237562499999 0.6924522203125 0.7609586687500001 0.6993538625 0.7576673578124999 0.7097613125000001 0.7639129734375001 0.7296465203125 0.7749877625 0.7454787234375 0.8026383718750001 0.7649830468750001 0.8054300375000001 0.765625 0.817498478125 0.765625 0.8412910609375001 0.7601671953125 0.8484375 0.7560596578125001 0.8484375 0.7498642109375 0.839505721875 0.7186999390625 0.8306406625000001 0.7011151015625 0.814904675 0.6873091312499999 0.7983356546875 0.6806242156250001 0.7788044562499999 0.6833060078125 0.7643237562499999 0.6924522203125
7 0.8604620000000001 0.6949656078124999 0.8655590625 0.7169870234375 0.8637454390624999 0.72421751875 0.8647124203125 0.730133671875 0.8743299312499999 0.7401044421874999 0.8890989359375 0.747994259375 0.9158574109375 0.728441671875 0.9279002468750001 0.7135434609375 0.948110121875 0.6997417921875 0.9521266671875 0.69377145625 0.9625 0.6904173171875 0.9625 0.6839749984375001 0.9260139140625 0.6806215812499999 0.9077322640624998 0.6726217890624999 0.8974428843750001 0.6707581015625 0.8808466453125 0.6761243718750001 0.8651368078124999 0.6869137828125 0.8604620000000001 0.6949656078124999