7 0 0.48162603437499996 0.037053990625 0.50152063125 0.1017390796875 0.524535590625 0.1364912203125 0.5196038140625 0.159010759375 0.49494492812499996 0.16899143125 0.4571346375 0.15997011562500002 0.4390514546875 0.1320639265625 0.4028850890625 0.11749829687499999 0.3979533140625 0.08278670625 0.3667187234375 0.064780090625 0.3650747984375 0.0368739046875 0.3289084328125 0 0.3138788671875 0 0.48162603437499996
7 0.38289545468749997 0.4176804203125 0.3932184125 0.4078168671875 0.36000667656249996 0.23849251875 0.3539669453125 0.22698504062499997 0.341045240625 0.22205326250000001 0.253917178125 0.22205326250000001 0.2360997140625 0.251643925 0.23904074843749998 0.29438599375 0.297028484375 0.4259000484375 0.3398065703125 0.4604224890625 0.3697035 0.45384678593750005 0.38289545468749997 0.4176804203125
7 0.5601331625 0.42425612343749997 0.565560359375 0.448915009375 0.598628025 0.48014959687500003 0.6250074015625 0.478505671875 0.65895785625 0.4554907109375 0.6884359328125 0.42261219843750003 0.7286558203125 0.40617294218750005 0.8157118484374999 0.3371280609375 0.8456493296875 0.29438599375 0.881779675 0.259863553125 0.8838830046874999 0.25 0.8763524781250001 0.23520466875 0.8505856375 0.2236971890625 0.8011912999999999 0.22534111562499998 0.788994715625 0.24013644687500002 0.7249176328125 0.274658884375 0.6834726703125 0.317400953125 0.6414557249999999 0.3371280609375 0.5601331625 0.42425612343749997
7 0.49375453281250004 0.5787851390625 0.522773209375 0.555770178125 0.585053234375 0.524535590625 0.63120026875 0.48672529999999997 0.6297860453124999 0.4817935234375 0.6066179515625 0.48508137500000004 0.5921288875 0.478505671875 0.559520625 0.43740752968749996 0.56372728125 0.4176804203125 0.59500241875 0.3815140546875 0.5905300453125 0.3716505015625 0.52159775 0.4045290140625 0.5280563359375 0.44233930624999995 0.5221291859375 0.46371034062499994 0.4419191140625 0.4916570765625 0.423912496875 0.49001315156249997 0.4226874234375 0.5163159625 0.41565232031250005 0.526179515625 0.387894734375 0.55741410625 0.36247017656249997 0.5738533625 0.371185225 0.598512246875 0.38433663125 0.598512246875 0.40976118906250003 0.5820729906250001 0.49375453281250004 0.5787851390625
7 0.7419873109374999 0.5787851390625 0.789008071875 0.628102909375 0.8180627640625 0.6396103890625 0.8462392031249999 0.6346786125 0.875564146875 0.6050879499999999 0.8783565781249999 0.580429065625 0.8615750343749999 0.552482328125 0.8151262625 0.526179515625 0.78706694375 0.493301003125 0.7331642125 0.45055893437499994 0.7020827578125 0.4472710828125 0.6811711265625 0.43740752968749996 0.63345673125 0.47357389375 0.6313534046875 0.48343744843750003 0.6518056328124999 0.50316455625 0.6588767546875001 0.52782344375 0.695461971875 0.554126253125 0.7028393640624999 0.5722094359375001 0.7419873109374999 0.5787851390625
7 0.9780010890625 0.346991615625 0.914770775 0.29274206875000003 0.8540220906249999 0.29109814218749996 0.8243143109375 0.3289084328125 0.7627594078125 0.3798701296875 0.7072442359375 0.44233930624999995 0.7102258203125 0.448915009375 0.737789721875 0.4571346375 0.786990375 0.49494492812499996 0.8419290265624999 0.48014959687500003 0.8904856609375 0.4259000484375 0.957048909375 0.3732944265625 0.9780010890625 0.346991615625
7 0.20414000468750002 0.23191681718749999 0.1849848828125 0.254931778125 0.171675809375 0.3289084328125 0.1594026609375 0.34534769062500004 0.147624928125 0.3864458328125 0.14922830468749998 0.42261219843750003 0.17495459687499998 0.47028604375 0.1930377796875 0.47028604375 0.208215946875 0.46206641406250004 0.246143353125 0.42425612343749997 0.274513475 0.3798701296875 0.2575427828125 0.3206888046875 0.23361355 0.269727109375 0.22879889062499997 0.23191681718749999 0.20414000468750002 0.23191681718749999
7 0.59988458125 0.55905803125 0.5933403640625 0.664269275 0.5993800968749999 0.6757767546875 0.612531503125 0.6757767546875 0.6235795796875 0.6856403078125 0.6353933281249999 0.67906460625 0.6516028828125 0.6839963828125 0.6620024078125 0.6724889046875 0.679824403125 0.5722094359375001 0.6746269093749999 0.542618775 0.6605206796875 0.52782344375 0.6534495578125 0.50316455625 0.637775971875 0.48672529999999997 0.6279889859375001 0.48508137500000004 0.5970966828125001 0.5130281109375 0.5946870859375 0.52946736875 0.59988458125 0.55905803125
7 1 0.4005063390625 0.9622103859375001 0.36836265 0.9455414281250001 0.3732944265625 0.8737401328125 0.43247575156250007 0.8545850125 0.4554907109375 0.8572603265625001 0.4686421171875 0.8895263046874999 0.4817935234375 0.9261115234374999 0.508096334375 0.9912199968750001 0.48672529999999997 1 0.4768454859375 1 0.4005063390625
8 0.6076674703125 0.21547755937500002 0.6121038296875 0.190818675 0.6158870984375 0.21547755937500002 0.6866524703125 0.21383363437499997 0.687494709375 0.19575045156249998 0.6899403234375 0.21383363437499997 0.7195309859375 0.21383363437499997 0.723201671875 0.20561400624999998 0.7329886578125 0.20725793124999997 0.7324572218750001 0.1480766078125 0.7391860578125 0.14478875468750002 0.7398751625 0.1299934234375 0.7282145484375 0.1332812765625 0.722440534375 0.15136445781250002 0.7136489187499999 0.12834949843750001 0.693998378125 0.1267055734375 0.44710325468749995 0.1332812765625 0.45069284062500004 0.197394378125 0.46025012812500005 0.20397008125 0.4581467984375 0.21383363437499997 0.477797340625 0.21547755937500002 0.566569328125 0.21547755937500002 0.5700868812500001 0.210545784375 0.6076674703125 0.21547755937500002
8 0.49098023281250003 0.3206888046875 0.5199583578125 0.3338402109375 0.5574623796875 0.3404159140625 0.6349565890625 0.3354841359375 0.681752178125 0.3190448796875 0.71123025625 0.28616636562500003 0.7172745234375 0.22698504062499997 0.46410996562499995 0.22698504062499997 0.47458152499999995 0.284522440625 0.49098023281250003 0.3206888046875
7 0.37212669531250003 0.22534111562499998 0.3636773640625 0.230272890625 0.3611912015625 0.248356075 0.37812134375 0.3437037640625 0.40449619062500003 0.41274864375 0.41244556875000005 0.45384678593750005 0.43041163281249994 0.4916570765625 0.45021530781249997 0.49001315156249997 0.5272140984375 0.4604224890625 0.527024946875 0.4291879015625 0.5040910875 0.35685517031249997 0.5069600859375 0.330552359375 0.46964974687499994 0.284522440625 0.44273893124999997 0.22698504062499997 0.37212669531250003 0.22534111562499998