1 0.21761488125 0.0612454625 0.20138074687500002 0.0725694625 0.1788561265625 0.0816776234375 0.1697388765625 0.093457996875 0.141841165625 0.10290631406249999 0.132632921875 0.11037122031249999 0.1266154125 0.12110178125 0.125 0.1278800421875 0.125 0.1294575765625 0.1471396609375 0.124230365625 0.1801341109375 0.20625 0.18274366875 0.20625 0.2275390828125 0.1916944171875 0.2911092234375 0.16665064375 0.3020612625 0.1599822671875 0.3101835546875 0.1451173234375 0.3236416421875 0.1407443234375 0.3402636171875 0.13206319375 0.3444866109375 0.127581315625 0.35625 0.0778165234375 0.35625 0.07424805625 0.318884675 0.015943275 0.31041183906250003 0.017333243749999998 0.2519313640625 0.0474963484375 0.21761488125 0.0612454625
0 0.324457275 0.4890625 0.31486955 0.480721784375 0.3045589578125 0.45480697656249996 0.28453443906250003 0.4218249515625 0.2762167390625 0.4242720703125 0.26914013125 0.43517637656249997 0.2662357890625 0.4486440171875 0.2623096453125 0.45145329843750004 0.25397851875 0.4501135234375 0.2333364328125 0.43509568749999994 0.22313322656249998 0.4394760203125 0.2207957390625 0.4420246828125 0.221261146875 0.4451961296875 0.25198112500000003 0.4845430515625 0.2548747796875 0.4890625 0.324457275 0.4890625
1 0.3463439390625 0.11261110781250001 0.34231635312500003 0.12951081250000002 0.32154895 0.1432023953125 0.3127688171875 0.1646708484375 0.405722353125 0.22899279843749998 0.4238449703125 0.2379283640625 0.449629453125 0.259375 0.4558635390625 0.259375 0.48741808437499995 0.23507737187500002 0.5139837140625 0.2128564 0.5140625 0.2122650796875 0.5140625 0.208429234375 0.49518686093750003 0.1845446703125 0.3708182078125 0.0983114125 0.360355453125 0.093532240625 0.3463439390625 0.11261110781250001
1 0.51717435625 0.291176034375 0.497722634375 0.29166059375 0.4686270828125 0.3262051875 0.4756454984375 0.3629447640625 0.4979911078125 0.36739845 0.5048543875 0.4030808796875 0.5066757484375 0.40440598124999994 0.545745915625 0.40625 0.5790629859374999 0.40625 0.582893971875 0.4027283546875 0.580684771875 0.3987603796875 0.5734127515624999 0.3972468578125 0.5719523843750001 0.390990840625 0.5875 0.3750498125 0.5875 0.366870040625 0.5729861703125 0.2982590734375 0.5561687890625 0.29452237812500004 0.53989438125 0.2944856984375 0.51717435625 0.291176034375
5 0.5638413703125 0.2494057046875 0.564047228125 0.2434176421875 0.5741460171874999 0.230934946875 0.5720009609375001 0.2237086546875 0.5677511187500001 0.220616746875 0.5641218218749999 0.2217534328125 0.559072428125 0.2279947796875 0.5475774125 0.2309631375 0.52451279375 0.2585640609375 0.525224328125 0.267108121875 0.5337240109375 0.2732919359375 0.5266339765625 0.28040935 0.523561078125 0.2890329484375 0.5238713500000001 0.2911472453125 0.5341014015625001 0.2943406984375 0.5553744828125 0.2951812390625 0.570448071875 0.29812140781249996 0.57739856875 0.3171875 0.5781689703125 0.3171875 0.581544796875 0.3109160671875 0.5869044640625 0.30678901718749996 0.5871878890625 0.3013295296875 0.5953125 0.2957991875 0.5953125 0.294522140625 0.5941093656249999 0.28936807343750004 0.5872117625 0.28671053125 0.5763074718750001 0.2641409140625 0.5638413703125 0.2494057046875
1 0.352646884375 0 0.32754205000000003 0.028552546875 0.356170665625 0.0758207484375 0.35751616875000003 0.0923802953125 0.364477915625 0.0917795203125 0.3703298390625 0.0983977 0.3958288859375 0.11694914687499999 0.45064952187499996 0.153125 0.4527070828125 0.153125 0.45612622187499996 0.15090259687500002 0.47157125468750005 0.1305059625 0.50625 0.08147170468750001 0.50625 0.0757659453125 0.47456513749999996 0.014176771874999999 0.46407909375 0 0.352646884375 0
1 0.46289230156250005 0 0.46912839999999995 0.0068851734375 0.506684809375 0.07434073906250001 0.5074604890625001 0.0796264796875 0.5048261515625 0.08384773906250001 0.45805249375 0.1494399875 0.45882256093749996 0.1546875 0.4653508265625 0.1546875 0.47658682187499996 0.146399428125 0.4860784890625 0.1334750328125 0.507426165625 0.11265136875 0.5130692578125 0.1030648296875 0.5329408921875001 0 0.46289230156250005 0
1 0.533136575 0 0.5281836156249999 0.0255245859375 0.53172786875 0.064457996875 0.5288638 0.08928631406250001 0.5367563640624999 0.0950284296875 0.5515196812500001 0.0958543 0.5671526453125 0.128474159375 0.56941256875 0.1253969234375 0.5728225859375 0.12646140625 0.58123425 0.1505225375 0.5864656265625 0.152912125 0.5948370203125 0.16561257812500002 0.59168655625 0.173707603125 0.5922429546875 0.1811945140625 0.6078125 0.1774704171875 0.6078125 0.1764280171875 0.5833418234375001 0.0096766234375 0.578295921875 0 0.533136575 0
1 0.5728855984375001 0.3983574265625 0.5819014109375 0.4006674765625 0.58228925 0.403310346875 0.5784406734374999 0.4066482015625 0.50625 0.40604531875000005 0.50625 0.40620755781250006 0.5080102265625001 0.41820233125 0.5111233937499999 0.42093941093750004 0.5095481625 0.424986921875 0.5127284484375 0.446658465625 0.544295725 0.44743413906249996 0.5638623109374999 0.43664604687499997 0.5768684140625 0.432888496875 0.5772562531250001 0.43553136718749996 0.5661625046875 0.44492948749999994 0.5643766015625 0.4484375 0.5651778546874999 0.4484375 0.6046875 0.42634389375000004 0.6046875 0.42477508750000004 0.58764594375 0.376990515625 0.5811496046875 0.3807627359375 0.5723292 0.3908705125 0.5728855984375001 0.3983574265625
7 0.4833990234375 0.4890625 0.4842567 0.4853309140625 0.48220263750000003 0.4824200890625 0.461846946875 0.48413554531249997 0.46002558593750004 0.4828104421875 0.439353678125 0.43802603749999997 0.42862091874999997 0.44249324375 0.42057619687500003 0.4578867625 0.4284032015625 0.4890625 0.4833990234375 0.4890625
1 0.352145375 0 0.33273986875 0.020504628125 0.3274711921875 0.0289471453125 0.3553375515625 0.07471649375 0.3521632125 0.097430515625 0.3565547671875 0.097792678125 0.36175929687499997 0.0926084828125 0.365091746875 0.09314439218750001 0.372157909375 0.1006459734375 0.3820911125 0.1055120203125 0.42778026562499993 0.13969674999999998 0.4469001421875 0.1515625 0.4553919421875 0.1515625 0.50625 0.08169519374999999 0.50625 0.0740346578125 0.47586365781250006 0.01651191875 0.46275674999999994 0 0.352145375 0
0 1 0.4890625 1 0.31167910625 0.9987811843750001 0.310919265625 0.9751657390625 0.3001423515625 0.94408498125 0.2908972078125 0.9003802375 0.29462433125 0.8774277406250001 0.30269563593750004 0.859391521875 0.3132188625 0.8296453171875001 0.341174 0.80912316875 0.38048592187499997 0.7933528187500001 0.431676759375 0.7771990515625 0.47642043437500003 0.771742471875 0.4890625 1 0.4890625
0 0.71875 0.2961568125 0.7455988171875 0.3015625 0.775483653125 0.3015625 0.7917561078124999 0.299032553125 0.8077132765625 0.29397860625 0.827254678125 0.2824544046875 0.84595999375 0.2620051375 0.856686721875 0.2440828421875 0.8629238765625 0.2276749984375 0.86875 0.203325484375 0.86875 0.1827156546875 0.86548520625 0.16614278437500002 0.854476434375 0.14338592187500002 0.8448083609375001 0.12905507968750002 0.8306593687499999 0.115742534375 0.8129780859375 0.1059232953125 0.78437961875 0.12494182031250001 0.750429515625 0.138038209375 0.71875 0.1421264203125 0.71875 0.2961568125
0 0.71875 0.4890625 0.7744777875000001 0.4890625 0.7797732390625 0.4778090953125 0.802789971875 0.4092123265625 0.80625 0.3367210609375 0.80625 0.326525265625 0.8009284687499999 0.3169472015625 0.7955595203125 0.3120173765625 0.7748938437499999 0.3027116171875 0.75752671875 0.303308803125 0.7198859890625 0.3005512359375 0.71875 0.3006793703125 0.71875 0.4890625
0 1 0.09778664687500001 0.9845100437500001 0.09746885937500001 0.9621227593749999 0.101568015625 0.94112811875 0.11111624687499999 0.911728190625 0.1192250765625 0.8961977234375 0.1282454 0.8810853015625 0.1417282546875 0.8734641609375 0.1521908640625 0.8667570234375 0.1671131203125 0.8683772546874999 0.18794019687500002 0.8666321874999999 0.23111168906250001 0.872349925 0.2444733078125 0.8795988156250001 0.255345478125 0.893269165625 0.267668596875 0.910915821875 0.279472465625 0.9320688 0.289271496875 0.9611657328125001 0.2985281859375 0.9803296265625001 0.3015625 0.9940849546875 0.3015625 1 0.3002466640625 1 0.09778664687500001
7 1 0 0.855839328125 0 0.8533478453125 0.0233630453125 0.8538747921875001 0.078427890625 0.8575221359375 0.09676263125 0.862821828125 0.10566171718749999 0.8730724265625 0.115028096875 0.884365771875 0.11875 0.8937133703125 0.11875 0.9330744703124999 0.11517497968749998 0.9610298125 0.104594021875 0.9849309359374999 0.09899773281249999 1 0.0980960046875 1 0
2 0.16588943750000001 0.4890625 0.157335959375 0.49686387187500003 0.141536371875 0.5207513125000001 0.1284176375 0.5240558125 0.1252528734375 0.528341715625 0.143038634375 0.6097713609375 0.1558847703125 0.6193003171875 0.1650830875 0.6332505140625 0.1855619796875 0.656602728125 0.22189859687500002 0.6868436171875001 0.2288618890625 0.702295659375 0.2344942921875 0.70930748125 0.270892346875 0.7374827296875 0.2845308203125 0.7412516234375 0.29801652343749996 0.7419741734375 0.31101972187500004 0.75 0.31785910624999997 0.75 0.3187112703125 0.7498862125000001 0.32613616562500003 0.7416355296875 0.33333108437500003 0.7370257718750001 0.359354346875 0.7294360671875 0.37815279375 0.7192785 0.40554014218749995 0.6944648828125001 0.488925971875 0.6279739015625 0.5303818484375 0.592469709375 0.5435636671874999 0.5706786921875 0.532360303125 0.5545894140625001 0.49258064375000005 0.5132788703125 0.47400987812500006 0.4890625 0.16588943750000001 0.4890625
7 0.5509284906249999 0.4890625 0.5478364375 0.4910435671875 0.533630909375 0.49406616875 0.5208791484375 0.50139771875 0.5214603265625 0.506405471875 0.5320982859375001 0.5128653671875 0.5361540484375 0.51969951875 0.5279935609375 0.5363169796875 0.522972228125 0.5414905359375 0.523767609375 0.5474789921875 0.5399765359375001 0.56301635 0.548792109375 0.5775611265625 0.5344778296875 0.5965142546875 0.5155108421875 0.60824710625 0.49887020781249997 0.6235900953125 0.496875 0.627752728125 0.496875 0.6308837421875 0.49758333125 0.6341267421875 0.5038583484375 0.644080678125 0.53541938125 0.6712325671875 0.5554698640625 0.6926233671875 0.595251175 0.717513034375 0.642992890625 0.7366037828125 0.673254575 0.746072190625 0.695710271875 0.7479649859374999 0.7151355625 0.7453711671875001 0.71875 0.7512263515625 0.71875 0.6069223734375 0.7157930218749999 0.600525384375 0.7021561984375 0.5803356140625 0.6658353531250001 0.5454730953125 0.6507887796875 0.5399512484375 0.5701678484375 0.4890625 0.5509284906249999 0.4890625
2 0.34727774375 0.7299551078125 0.329030578125 0.737942809375 0.3246676296875 0.7414368484375 0.32290667968750003 0.7474560921875 0.316477246875 0.750876690625 0.2968236296875 0.7406905578125 0.26991365625 0.737179821875 0.26818425 0.7339558078125 0.2369901875 0.7108309687500001 0.230867940625 0.703923375 0.22125698593749998 0.6833901375 0.2007465484375 0.6692811828125 0.17570627968750002 0.643820678125 0.17233879531250001 0.6424846328125 0.161393646875 0.646352928125 0.1554540625 0.6496692984375001 0.15315760312499999 0.653236778125 0.153125 0.65330068125 0.153125 0.65543443125 0.17258876875 0.74454659375 0.1750379953125 0.7440254546875 0.1865485484375 0.74978654375 0.2021165109375 0.7459609046875 0.225766103125 0.7486259484375 0.236864015625 0.747804 0.2472877703125 0.753283190625 0.257834403125 0.7546311046875 0.2648292390625 0.760839890625 0.28368747656250004 0.7650375640625 0.293514284375 0.77013063125 0.3040609140625 0.7714785453124999 0.315341490625 0.780880559375 0.3341822765625 0.784375 0.34338049375 0.784375 0.3628706515625 0.782569721875 0.3944997171875 0.7419724656250001 0.3953125 0.739386053125 0.3953125 0.7377511296874999 0.3899084453125 0.7326865515625001 0.369168034375 0.7222185203125 0.3608248875 0.72861201875 0.34727774375 0.7299551078125
2 1 0.6527444359375 0.9813233546875001 0.650472825 0.9591230734374999 0.6431285046874999 0.936889446875 0.639908246875 0.9301115734375 0.6420767515625 0.9244003281250001 0.6652735812499999 0.9255002296875 0.7127775140624999 0.9222111749999999 0.76268890625 0.9124109984375 0.78177630625 0.9075775593750001 0.7983717140625 0.9093997843749999 0.807520403125 0.925341659375 0.8265625 0.934455884375 0.8265625 0.9588448671875 0.820294125 1 0.8014370140625001 1 0.6527444359375
5 0.9268652968750001 0.4890625 0.9217938328124999 0.4934654625 0.9117936671875 0.50669756875 0.9237270343749999 0.56026649375 0.929560415625 0.5729475421875 0.925260328125 0.5847572796875 0.92508251875 0.5965523906250001 0.9382728921875 0.6 0.9436162046875 0.6 0.96087189375 0.5954356421875 0.9776388468749999 0.57120983125 0.9822277906250001 0.5746576593749999 0.9868500781249999 0.5739814265625001 0.9902723578125 0.5687731140625 0.9936279499999999 0.5718129234375 0.9982502375 0.5711366890625 1 0.5724513453125 1 0.5231806109375 0.9810279312500001 0.5089262515625 0.96532775625 0.4929810609375 0.9584623062500001 0.4890625 0.9268652968750001 0.4890625