7 0.9311197921875 0 0.9302083328125 0.0026041671875 0.9182291671874999 0.0239583328125 0.896875 0.05 0.8890625 0.0640625 0.8890625 0.1552083328125 0.8921875 0.1572916671875 0.9020833328125001 0.1552083328125 0.9234375 0.15677083281249998 0.934375 0.1541666671875 0.9494791671874999 0.128125 0.9572916671874999 0.109375 0.96875 0.1 0.9640625 0.0875 0.9651041671874999 0.0682291671875 0.9744791671874999 0.0640625 0.9932291671875 0.0479166671875 0.99375 0.0328125 0.9885416671874999 0.0109375 0.9776041671875 0.0036458328125000003 0.976953125 0 0.9311197921875 0
7 1 0.038333334375 0.9989583328125 0.0385416671875 0.9963541671874999 0.0442708328125 0.9880208328125001 0.0447916671875 0.9692708328125 0.058854167187499994 0.9666666671874999 0.0625 0.9635416671874999 0.07760416718749999 0.9640625 0.0875 0.9671875 0.0958333328125 1 0.14402669375 1 0.038333334375
1 1 0.145410728125 0.9463541671875 0.1536458328125 0.9223958328125 0.15677083281249998 0.9005208328125001 0.15572916718750002 0.8890625 0.1604166671875 0.8890625 0.26510416718749996 0.9604166671875 0.2854166671875 1 0.2746212125 1 0.145410728125
10 0.6390625 0.51875 0.3228566921875 0.51875 0.31827877031249996 0.5397321421875 0.3100942453125 0.587103175 0.31034226249999997 0.6019841265625 0.3123263890625 0.6106646828125 0.32001488125 0.6270337296874999 0.333159721875 0.646626984375 0.3378720234375 0.65009920625 0.344568453125 0.6525793656250001 0.3812748015625 0.660019840625 0.39541170625 0.6639880953125 0.44154265937500004 0.6736607140624999 0.45220734062499995 0.6768849203125 0.5236359125 0.6922619046875 0.563814484375 0.702678571875 0.61044146875 0.71259920625 0.6390625 0.7200130875 0.6390625 0.51875
0 0.2748925265625 0.51875 0.27313988125 0.52137896875 0.2654513890625 0.537748015625 0.2649553578125 0.5466765875 0.26148313437500004 0.5513888890625 0.2599950390625 0.5615575390624999 0.2597470234375 0.5727182546874999 0.26297122968750003 0.5883432546874999 0.26917162656250004 0.597519840625 0.28479662656250004 0.608928571875 0.2865327375 0.609424603125 0.2875248015625 0.6086805562500001 0.288516865625 0.6106646828125 0.3118303578125 0.612896825 0.313318453125 0.61240079375 0.313318453125 0.6101686515625 0.31133432499999997 0.599255953125 0.311582340625 0.5833829359375 0.31356646875 0.5774305562500001 0.3157986109375 0.5613095234375 0.323487103125 0.521875 0.3237103171875 0.51875 0.2748925265625 0.51875
0 0.6390625 0.7188690484375 0.6349950390625 0.7180555562500001 0.607961309375 0.7103670640625 0.5816716265624999 0.705902778125 0.5759672625000001 0.705902778125 0.5127232140625 0.7269841265625001 0.5032986109375 0.7324404765625 0.49883432499999997 0.7369047625 0.4968501984375 0.740376984375 0.49610615156250004 0.7443452374999999 0.49635416718750003 0.7644345234375 0.49833829375 0.7949404765625 0.5005704359375 0.8606646828125001 0.5015625 0.8671130953125001 0.5060267859375001 0.88125 0.519667659375 0.9134920640624999 0.5405009921875 0.95069444375 0.5531498015625 0.968303571875 0.557862103125 0.9740079359374999 0.5628224203125 0.977976190625 0.5705109125 0.9834325390625 0.5786954359375 0.987648809375 0.5933283734375 0.9918650796874999 0.60399305625 0.9921130953125001 0.6154017859375001 0.989880953125 0.6344990078125 0.9814484125 0.6390625 0.9815396828124999 0.6390625 0.7188690484375
0 0.6390625 1 0.6390625 0.9832454640625 0.63251488125 0.9834325390625 0.6278025796875 0.9856646828125001 0.6188740078125 0.9864087296874999 0.608457340625 0.990376984375 0.5975446421874999 0.9918650796874999 0.596056546875 0.9928571421874999 0.6022569437499999 0.9978174609374999 0.6056827015625 1 0.6390625 1
1 0.2689254828125 1 0.2872767859375 0.9943452374999999 0.30166170625 0.990873015625 0.311582340625 0.987152778125 0.352008928125 0.9762400796874999 0.3844990078125 0.965575396875 0.4001240078125 0.9616071421874999 0.43062996093750006 0.9509424609374999 0.45394345312500006 0.9447420640625002 0.48519345312500006 0.9338293656250001 0.4968501984375 0.92762896875 0.502306546875 0.9199404765625001 0.5035466265624999 0.9139880953125001 0.504042659375 0.88075396875 0.5005704359375 0.852976190625 0.4938740078125 0.702678571875 0.4941220234375 0.6895337296874999 0.49312996093750006 0.687549603125 0.488665675 0.6845734125 0.4725446421875 0.6801091265625 0.4003720234375 0.6632440468749999 0.3619295640625 0.6553075390625 0.3401041671875 0.649603175 0.333159721875 0.644394840625 0.32001488125 0.62529761875 0.314806546875 0.615376984375 0.3091021828125 0.6119047625 0.2743799609375 0.609424603125 0.2349454359375 0.6052083328125 0.21039186562499998 0.6039682546874999 0.2036954359375 0.6049603171875 0.18608630937499998 0.6109126984375 0.16773313437499998 0.61884920625 0.158060515625 0.6262896828125 0.1555803578125 0.6334821421875001 0.15607638906250001 0.6853174609374999 0.16748511875 0.874553571875 0.1754216265625 0.9767361109374999 0.1781498015625 0.984424603125 0.186334325 0.99012896875 0.1972470234375 0.9943452374999999 0.2080305234375 1 0.2689254828125 1
0 1 1 1 0.775709553125 0.9916015625 0.775390625 0.97890625 0.77734375 0.96669921875 0.78271484375 0.95546875 0.7939453125 0.95302734375 0.798828125 0.9466796875 1 1 1
7 0.947520171875 1 0.94912109375 0.90234375 0.9125 0.83447265625 0.87734375 0.78125 0.851953125 0.75732421875 0.80263671875 0.72705078125 0.797265625 0.72119140625 0.7875 0.69873046875 0.7796875 0.69091796875 0.7796875 0.89697265625 0.80458984375 0.93212890625 0.83876953125 0.98974609375 0.8511985078125001 1 0.947520171875 1
7 1 0.7013476562500001 0.969140625 0.6689453125 0.94814453125 0.650390625 0.94130859375 0.640625 0.93251953125 0.6357421875 0.926171875 0.62890625 0.92080078125 0.6201171875 0.9154296875 0.60009765625 0.90029296875 0.5771484375 0.89736328125 0.5625 0.8939453125 0.5615234375 0.86171875 0.57763671875 0.84609375 0.587890625 0.8392578125 0.595703125 0.8392578125 0.6123046875 0.85 0.6259765625 0.8578125 0.64501953125 0.8646484375 0.6474609375 0.86708984375 0.65185546875 0.894921875 0.77783203125 0.93642578125 0.853515625 0.94814453125 0.87060546875 0.95107421875 0.87158203125 0.95302734375 0.8017578125 0.95546875 0.79541015625 0.9662109375 0.78466796875 0.97646484375 0.77978515625 0.99306640625 0.77685546875 1 0.7770403640625 1 0.7013476562500001