10 0.36875 0.1068622234375 0.35460251875000004 0.110350653125 0.2951608421875 0.112251928125 0.278501671875 0.118360565625 0.27454593125 0.1809881375 0.2676575609375 0.21882757812500003 0.24742177656250003 0.27946677656249996 0.21907106718749997 0.31672072500000004 0.209651490625 0.3430539546875 0.2059800953125 0.39960876875 0.19375 0.4303202296875 0.19375 0.43245476875 0.20753838593750001 0.45374857031250004 0.26134614843750004 0.48475037499999996 0.31121667343750004 0.4890625 0.3273506859375 0.4890625 0.3502480109375 0.48746515781250005 0.35637812343749997 0.46581974375 0.36875 0.4420653828125 0.36875 0.1068622234375
10 0.8601396203124999 0.3894371671875 0.8876984312499999 0.3828591640625 0.8620239656249999 0.27931997656249996 0.8692364125 0.1151499171875 0.854192996875 0.1039619140625 0.8160724312500001 0.10848653593749999 0.7862047765625 0.1384874484375 0.783171659375 0.15105785 0.764029503125 0.163250821875 0.7549855875 0.27320026249999996 0.778090453125 0.29360676093750004 0.7582517421875 0.33106634218750003 0.7487694671874999 0.336261946875 0.76476949375 0.4179033828125 0.8379025625000001 0.41961686093750006 0.8601396203124999 0.3894371671875
10 1 0.2832175640625 0.9960744828125 0.266207415625 0.9864007453125 0.255145221875 0.98369511875 0.2279929765625 0.9913043484374999 0.1143980734375 0.975728121875 0.10861535625 0.8758631765625001 0.12072295 0.8640581968750001 0.13128190625 0.8558884375 0.2141629765625 0.8639498859374999 0.22338147031250002 0.860234071875 0.279278040625 0.871028865625 0.351767903125 0.8606585703124999 0.36597231875 0.8445911109375001 0.419773571875 0.9084805906250001 0.4086290109375 0.9882876484375 0.38160408281249997 0.9891618078125 0.354535709375 0.9746511999999999 0.3379424203125 0.9977283468749999 0.3222297953125 1 0.3081108984375 1 0.2832175640625
10 0.8174698796875 0 0.8169188734375 0.045299043750000004 0.8330694859375001 0.0998551515625 0.8558052859374999 0.10580561250000001 0.8735404718750001 0.1260863015625 0.9005664734375 0.12491358593749999 0.917385921875 0.11808396406249999 0.9148717578125 0.1071895171875 0.9209518515624999 0.10010827656250001 0.9454636843750001 0.088041115625 0.9450946203124999 0.0735850796875 0.9384678578125001 0.0680120453125 0.9024923921875001 0.068975078125 0.91088133125 0.038470928125 0.8942256234375 0.0254392265625 0.8902585421874999 0 0.8174698796875 0
10 0.48380985781249997 0.25781710625 0.4634937703125 0.3729202171875 0.48229457812500004 0.38239032968750003 0.6059886609375 0.401541746875 0.6235046671875001 0.36944551406250004 0.6338333859375 0.3010624171875 0.65811218125 0.2185587734375 0.60526183125 0.1541131859375 0.53634401875 0.1434688515625 0.5146876984375 0.1447673765625 0.5138135390625 0.1718357484375 0.48380985781249997 0.25781710625
10 0.7770248328125 0.30441733437499996 0.7782680562500001 0.2918049984375 0.6903441156250001 0.237373190625 0.6640146703124999 0.213279296875 0.656677496875 0.2149133140625 0.653835840625 0.2437415109375 0.6398996203125 0.275921615625 0.6276034046875 0.3460645390625 0.6007965859375 0.3996141734375 0.65486244375 0.4153283046875 0.700952190625 0.41640816875000003 0.7108819390625 0.4112230484375 0.739287190625 0.3414575515625 0.7770248328125 0.30441733437499996
10 0.5828673796875 0.1264996390625 0.5662393890625 0.149587059375 0.60526183125 0.1541131859375 0.6516630234375 0.2111839796875 0.7052099296875 0.25036295625 0.755163190625 0.2713985015625 0.756925365625 0.23532131562499997 0.7348722625 0.1860446859375 0.7276711140625001 0.1316982578125 0.696504803125 0.102073265625 0.6735914000000001 0.0979245671875 0.5930462109375 0.096037425 0.5828673796875 0.1264996390625
10 0.36875 0.3656558875 0.45973638125000005 0.37463810625 0.47046188281249995 0.3568301640625 0.4861325609375 0.2524537546875 0.514879159375 0.1610251734375 0.50393448125 0.126456196875 0.47171640625 0.1257013390625 0.4563177828125 0.1181168625 0.44412987968749995 0.096160221875 0.3990134875 0.0806557734375 0.38290445 0.0802783453125 0.3703890546875 0.09804435156249999 0.36875 0.1030173421875 0.36875 0.3656558875
10 0.591098075 0 0.570254978125 0.017848721875 0.563478328125 0.050196571875 0.570651759375 0.068423878125 0.6873222999999999 0.031427103125 0.8040205578125 0.030549451562500003 0.8138580375 0.021750321875 0.816587703125 0 0.591098075 0
10 0.701819046875 0.029960834375000002 0.6180631375 0.0424458546875 0.581213515625 0.070477259375 0.5806945625 0.0939421078125 0.69095751875 0.10374921875000001 0.7273159078125 0.1353017828125 0.7301991390625 0.16065226562499998 0.7455977640625 0.1682367421875 0.77207709375 0.1544097546875 0.8137497281249999 0.1138498859375 0.820540234375 0.099561596875 0.819255434375 0.057995253125 0.79239318125 0.039306643749999995 0.740308678125 0.039892246874999995 0.701819046875 0.029960834375000002
10 0.4089448359375 0 0.402593271875 0.080739646875 0.44448508750000004 0.092556696875 0.4597199640625 0.1200024984375 0.4826333671875 0.1241511953125 0.5116268640625 0.1212186546875 0.51985205625 0.11057582656250001 0.572646971875 0.102783175 0.5548563515625 0.0102642453125 0.5374902328125 0.0044395921875 0.5346693359375 0 0.4089448359375 0
4 0.3916112 0.5890625 0.3813761328125 0.61964760625 0.394094009375 0.65703488125 0.4398715875 0.680850096875 0.469794665625 0.6828125 0.47793427812499995 0.6828125 0.5656750328125 0.6594217390625 0.5702765640624999 0.64237140625 0.5791909687500001 0.6333791796875 0.5834314015625 0.5890625 0.3916112 0.5890625
4 0.7834650625 0.5890625 0.7409257 0.629024903125 0.6273307296875 0.726161928125 0.5835397828125 0.7870092734374999 0.562943265625 0.80623451875 0.5592756203125 0.837853603125 0.582869209375 0.8421875 0.58558244375 0.8421875 0.5991102671874999 0.8337337828125 0.6258364984375 0.7842835828125 0.646433015625 0.7650583359375001 0.65719821875 0.7627300859374999 0.6747044125 0.7249070375000001 0.6944519390625 0.70169106875 0.81619721875 0.6021491265625001 0.8383388984375 0.592222778125 0.8411183171874999 0.5890625 0.7834650625 0.5890625
4 1 0.6454483515625 0.988736396875 0.6532376765625 0.97898998125 0.6807127000000001 0.9665437734375001 0.6975330296875 0.9360310453124999 0.723077246875 0.9278128140625 0.7373776546874999 0.9232961796874999 0.7650060171875 0.913838421875 0.767372603125 0.90039040625 0.7815196734375001 0.8589426812500001 0.7882360828125 0.8637309859375 0.814815321875 0.8910515046875 0.839411321875 0.9172004156250001 0.84017800625 0.9355725781250002 0.828819196875 0.949173409375 0.8133546640624999 0.9684455046875 0.7716175625 0.9886514859375 0.7444492109375 1 0.7347449 1 0.6454483515625
4 0.5318435546875 0.667602396875 0.5056267203125 0.6787312015625 0.48630368125 0.7548373125 0.4413132984375 0.8592735890625001 0.480179615625 0.8604131468749999 0.4854546796875 0.85263615625 0.5338641484375 0.6954224328125 0.5380751453125 0.6704289921875 0.5318435546875 0.667602396875
4 0.592650740625 0.5890625 0.5918502265625 0.5913671890625001 0.5839885625 0.6704532265625 0.5595546062500001 0.7001415015625 0.5408258640625 0.74850424375 0.521451896875 0.757189796875 0.5153052046875001 0.7649412328125 0.50178926875 0.7909837921875 0.486371590625 0.8447313859375001 0.4772160718749999 0.8603262546874999 0.515636296875 0.8614527328125 0.5499609953125 0.8280886296875 0.5927501359375 0.7645680265625 0.607047140625 0.754411675 0.6434688468750001 0.7118554578125 0.72040439375 0.6480140828125001 0.7510529625 0.5986788859375001 0.754464253125 0.5890625 0.592650740625 0.5890625
4 0.9447203156249999 0.5890625 0.9376271625000001 0.596217575 0.9293410093750001 0.622413475 0.8761941921874999 0.6168893859375 0.8505207109375 0.6346438359375 0.8442891203125 0.6318172390625 0.8381933687500001 0.6051996640625 0.8131990828125 0.6057887765625 0.8007528781249998 0.62260910625 0.780767634375 0.6365645046874999 0.7583372953125 0.6715992953125001 0.70605644375 0.69253944375 0.70047008125 0.7293900390625 0.75062845 0.7493678734375 0.7894952390625 0.78752183125 0.8271055281249999 0.791268446875 0.8649365546875 0.7818021109375 0.9005432265625 0.7802022125 0.9376441265625001 0.7204806578125 0.9678512203124999 0.6975713640625 0.9949510109374999 0.633590753125 0.9887873390624999 0.6188686671875 0.974948790625 0.6250726328125 0.9733187296875 0.6051957031249999 0.9591575671874999 0.591561075 0.951887265625 0.5890625 0.9447203156249999 0.5890625
4 0.6882446140624999 0.7329974171875 0.650804121875 0.7504068578125 0.6096959843749999 0.79943538125 0.5972667578124999 0.838729228125 0.60000899375 0.8639265359374999 0.6603892140625 0.8656968796875001 0.663810646875 0.8644752515625 0.6649652734375 0.8658310499999999 0.704711621875 0.866996409375 0.7071091734375 0.8644228203125 0.7291489765625 0.8214449281249999 0.73487118125 0.7608033515625 0.7320185734375 0.75146611875 0.7153953375000001 0.7364373578125 0.6882446140624999 0.7329974171875
4 0.7542960828125 0.8195383546875 0.7527848734375 0.855186490625 0.7477928078125 0.8642937203125 0.7492955218749999 0.8683036078124999 0.8240378328125001 0.8704950468749999 0.8371575703125 0.8629480609375 0.8538317484375 0.8436078124999999 0.8559712078124999 0.825163346875 0.8511149828125 0.810479596875 0.8550203421875 0.78812108125 0.8002604421874999 0.7851935812499999 0.77496051875 0.7884176171874999 0.7542960828125 0.8195383546875