10 0.46875 0.6796875 0.7238523 0.6796875 0.74560546875 0.53759765625 0.7822265625 0.3232421875 0.78173828125 0.31689453125 0.77880859375 0.31103515625 0.77587890625 0.30810546875 0.763671875 0.30322265625 0.68896484375 0.28564453125 0.58251953125 0.26708984375 0.5 0.24658203125 0.46875 0.2404091921875 0.46875 0.6796875
10 0.46875 0 0.46875 0.06015249375 0.4794921875 0.0888671875 0.49658203125 0.126953125 0.50732421875 0.14794921875 0.5283203125 0.166015625 0.5576171875 0.15966796875 0.60986328125 0.13818359375 0.65478515625 0.1171875 0.69775390625 0.10302734375 0.7587890625 0.078125 0.78125 0.06689453125 0.7958984375 0.06298828125 0.814453125 0.0517578125 0.85498046875 0.0380859375 0.90625 0.01708984375 0.90625 0 0.46875 0
10 0.46875 0.23583984375 0.4755859375 0.23681640625 0.49365234375 0.232421875 0.515625 0.23193359375 0.587890625 0.2216796875 0.63916015625 0.2197265625 0.66552734375 0.2138671875 0.6982421875 0.21337890625 0.7421875 0.208984375 0.75 0.20654296875 0.78466796875 0.20556640625 0.82421875 0.201171875 0.90625 0.18603515625 0.90625 0.01513671875 0.90478515625 0.01513671875 0.81982421875 0.05029296875 0.7939453125 0.0654296875 0.77294921875 0.06884765625 0.75537109375 0.0791015625 0.73583984375 0.08642578125 0.72998046875 0.0908203125 0.6962890625 0.10498046875 0.681640625 0.10888671875 0.6572265625 0.12255859375 0.59765625 0.14453125 0.57080078125 0.15673828125 0.5380859375 0.16650390625 0.52783203125 0.16650390625 0.52197265625 0.16357421875 0.51806640625 0.15673828125 0.50439453125 0.14404296875 0.50146484375 0.13427734375 0.48876953125 0.11181640625 0.46875 0.05810546875 0.46875 0.23583984375
10 0.77392578125 0.55029296875 0.85107421875 0.5810546875 0.90625 0.6005859375 0.90625 0.18896484375 0.90283203125 0.18798828125 0.89892578125 0.1904296875 0.8828125 0.19189453125 0.86328125 0.1982421875 0.84375 0.19970703125 0.83984375 0.203125 0.767578125 0.46240234375 0.751953125 0.52783203125 0.755859375 0.53759765625 0.77392578125 0.55029296875
3 0.46875 1 0.46875 0.9690890765625 0.34821497031250004 0.951211365625 0.25093954687500003 0.932386221875 0.19952591875 0.9101311375 0.1526077671875 0.9054594359374999 0.1462144640625 0.9226037343750001 0.147357559375 0.935626884375 0.14254093125 0.9558841593749999 0.144255575 0.9754188859375 0.1584612140625 0.9869969421875 0.180970134375 1 0.46875 1
3 0.46875 0.8120546984375 0.32141451249999997 0.7585758140625 0.26312277968750003 0.7518749578125 0.1736035453125 0.7650657828125 0.1108224828125 0.85748365625 0.1907902796875 0.9045227468749999 0.24959250000000002 0.9358226484374998 0.3531134265625 0.9506694546875 0.46875 0.9724870046875 0.46875 0.8120546984375
3 0.7781246390625001 1 0.7825246187499999 0.9559072890625 0.7848123984375001 0.9050487734375 0.7739305015625 0.8978676859375 0.7610513156250001 0.8978217031250001 0.7562143499999999 0.926895996875 0.746321075 0.9369643296875001 0.73881070625 0.978397346875 0.7271202984375 1 0.7781246390625001 1
3 0.8208283921875001 1 0.8204239515625 0.978340321875 0.8060042468749999 0.9321255828125 0.793697009375 0.9193649734375 0.7871221921875 0.9203867062500001 0.782753003125 0.9292553578125 0.7767008453124999 1 0.8208283921875001 1
3 0.46875 0.9224696796874999 0.48270345312499996 0.9328875437499999 0.5009715015625 0.9327785625 0.5439051312500001 0.90802110625 0.5542040765625 0.894818603125 0.5799934984374999 0.8863748296875 0.583311959375 0.877328225 0.5802218828125 0.8597228953125 0.6023492859374999 0.846388421875 0.6165075828125 0.8199604218750001 0.635108184375 0.8006905218749999 0.6351392375 0.7921547859375 0.6279504171875 0.781328659375 0.6216460484375 0.780260946875 0.61398945 0.7896404625 0.5943691734375001 0.8001966734374999 0.57688140625 0.8025730515625 0.5711910437500001 0.8133531968750001 0.5605174843749999 0.821154134375 0.5290687515625 0.8318423140625001 0.5165331265625001 0.8457336375000001 0.50284260625 0.8519559937500001 0.48820552343749996 0.8654914125 0.47466325 0.86227260625 0.46875 0.9079580187499999 0.46875 0.9224696796874999
3 0.7558795109374999 0.89579558125 0.74995793125 0.9055349734375 0.7202779328125001 0.9133337640625001 0.69818588125 0.911817321875 0.6385052515625 0.9303037515625 0.6021969406250001 0.9417912749999999 0.5998713265625 0.9568553046874999 0.6117829734375 0.9856966281249999 0.6456768234375 0.9839848015625 0.6767123015625 0.9833537078125 0.7165093359375 0.9622963999999999 0.726103071875 0.950026184375 0.7467279437500001 0.9394423484375001 0.7558653328125 0.9203993171875 0.7558795109374999 0.89579558125
3 0.4978684484375 0.774244603125 0.48436530937500005 0.7873150671875 0.4758441953125 0.8531486906250001 0.4789152453125 0.8543093828125 0.48748735 0.8461525390625001 0.51707401875 0.84155474375 0.5302547015625 0.8309755437499999 0.5538074468749999 0.8232205890625 0.576236346875 0.7992609296875 0.591757878125 0.795483925 0.616121959375 0.7814606312500001 0.6220827703125 0.7685910421875 0.620147590625 0.7586546765625 0.5778169609375 0.76216176875 0.5586023515624999 0.769583809375 0.5269452796875 0.7652899625 0.4978684484375 0.774244603125
3 0.6059181453125 0.87688633125 0.5916556796875 0.895823315625 0.5943090343749999 0.9250985515625001 0.602038746875 0.9317457875 0.6252899921875 0.9346160140625 0.704489271875 0.9117300421875001 0.7453214453125 0.8866166812499999 0.751417478125 0.8727023703124999 0.7459244453125 0.865366315625 0.6810186828125 0.8607795656249999 0.6059181453125 0.87688633125
3 0.5563126031250001 0.7126119171874999 0.5410304625 0.7228352140625 0.4914988765625 0.7322015609375 0.48664098125 0.7697333609375 0.5136604265625 0.7683781515625 0.56469838125 0.755669496875 0.6028261 0.7514505953125 0.6121784859374999 0.7455611531249999 0.614716665625 0.7342471515625 0.6228830984375 0.7292244796875 0.6417962078125 0.7324276203125 0.689307365625 0.7137835421875 0.6935723859375 0.6974238765624999 0.6834707718749999 0.6925101859375 0.65032625 0.69970829375 0.595792546875 0.6979457874999999 0.582882309375 0.7064355421874999 0.5563126031250001 0.7126119171874999
3 0.49829598593749996 0.6796875 0.492125015625 0.7273640375 0.5036830265625001 0.7293215125 0.5343204234375001 0.7249016687500001 0.560005678125 0.7089668828125 0.579459678125 0.70799113125 0.5851500406250001 0.6972109875 0.60145185625 0.695701378125 0.6333476703125 0.6796875 0.49829598593749996 0.6796875
3 0.6786878953125 0.6796875 0.67838340625 0.6820399640625 0.6895467562500001 0.72022983125 0.7002934296875 0.7284556453125 0.7090628640625 0.7021826078125 0.7169899078124999 0.6907136453125 0.7309508734375 0.682401840625 0.7314586703125 0.6796875 0.6786878953125 0.6796875