9 0 0.270057296875 0.0122734609375 0.271875 0.0427296375 0.271875 0.0746865890625 0.26168805 0.144850546875 0.25338603437499996 0.2059396125 0.24276820781250003 0.2388811375 0.23204134999999998 0.2703871875 0.22618386875000002 0.294056153125 0.21959961093749997 0.31134589687499997 0.213583290625 0.31446676562500003 0.2117690078125 0.3168549703125 0.208280021875 0.3181955765625 0.194688896875 0.3185584140625 0.1815205953125 0.3146877765625 0.1595614796875 0.3138927484375 0.1494165046875 0.312752459375 0.1485819203125 0.307611040625 0.150738890625 0.2913139953125 0.1604417765625 0.2864501859375 0.1607526984375 0.285024821875 0.159709465625 0.2807338046875 0.152470375 0.2747749671875 0.138318284375 0.2678207828125 0.12844693125 0.24983134843750002 0.1070834203125 0.24721826249999998 0.100844728125 0.22947393593749998 0.0773836859375 0.21252510781249997 0.0381110125 0.2090243 0.030994896875 0.2063286296875 0.02811115 0.070464365625 0.047299078125 0.056158009375 0.048440487500000004 0.02177619375 0.05401471875 0 0.05942949843749999 0 0.270057296875
9 0.3890625 0 0.1878829859375 0 0.19078782656249998 0.0056513921875 0.208319553125 0.0314614484375 0.21576876562499997 0.0471597375 0.22670867343749998 0.07588675 0.2413097390625 0.0949979828125 0.2515446671875 0.112279771875 0.2687438890625 0.13352030625 0.2785386890625 0.15139073125 0.28344993125 0.155440684375 0.28865044375000004 0.15625 0.2902399640625 0.15625 0.29863654375 0.1531220015625 0.32533897500000003 0.138056403125 0.36356469062499996 0.11229859843750001 0.381712296875 0.0989409125 0.3890625 0.09254328125 0.3890625 0
9 0 0.4890625 0.2216709328125 0.4890625 0.21924052968750002 0.4827175453125 0.2184604328125 0.476681965625 0.2200536078125 0.46304800312500005 0.2245577 0.44198147343749994 0.2274936546875 0.43274568750000003 0.23249012656249998 0.4254733921875 0.23373803906249999 0.42114982031250003 0.2354441296875 0.3864230921875 0.23486434687500002 0.3659617984375 0.2375 0.3565716296875 0.2375 0.344417875 0.23587774062500003 0.3318665453125 0.23556545624999997 0.3154718109375 0.23445020468750002 0.3128340125 0.22806351875000003 0.311347253125 0.221244171875 0.312503828125 0.2140646296875 0.31886139999999996 0.20939584687499999 0.3206812171875 0.19764767968750002 0.3216457484375 0.18042559062500002 0.3201977296875 0.1739238171875 0.321814434375 0.13533309531249998 0.34275123750000003 0.130899303125 0.3483861265625 0.12061646875000001 0.352700071875 0.0814881015625 0.37347106406249997 0.070650053125 0.38147710625000003 0.0436599015625 0.4043013578125 0.015677053125 0.42343904375 0 0.43639294843750004 0 0.4890625
9 0 0.43901624687499996 0.014127232812500001 0.42645978749999996 0.052475499999999994 0.39965321249999997 0.06566924843750001 0.38790669843750003 0.08750040625 0.37109732968750003 0.1274189828125 0.3504493109375 0.1416304703125 0.34058615 0.177320390625 0.3211693109375 0.18540258125 0.3197985546875 0.1972232203125 0.32139168281249997 0.2157331921875 0.3208223078125 0.2184714765625 0.31804493125 0.2231754109375 0.30850929531250004 0.232620603125 0.299711503125 0.234375 0.2953244859375 0.234375 0.28976261875 0.23223319999999997 0.2887264078125 0.21856199687500003 0.2907880765625 0.19487064062499998 0.29120824375 0.1871561046875 0.289432703125 0.17611074531249998 0.2838531546875 0.171874625 0.2830296375 0.1720872265625 0.280680621875 0.1795342640625 0.27838960625000003 0.18498579375 0.27463806874999996 0.1878791328125 0.2710634078125 0.19519398125 0.24977716249999998 0.194868940625 0.2472623359375 0.1910729484375 0.24585018125000002 0.1702323171875 0.24835681406250001 0.13537786875 0.2542682 0.0753166515625 0.2608567703125 0.042725206249999995 0.2722952390625 0.03511565 0.27332884218750003 0 0.2708611515625 0 0.43901624687499996
9 0.3890625 0.0928998015625 0.3778198109375 0.10224478125 0.34000918593749996 0.12921716562500002 0.320338703125 0.14077716875 0.3154248140625 0.14469451875 0.3133291484375 0.1504468484375 0.3191148828125 0.195210740625 0.31850694218750003 0.210476571875 0.3157036484375 0.212750984375 0.30790653125 0.2143303875 0.29086935468749997 0.22030387031249998 0.2882536234375 0.2220324796875 0.28800851875 0.2241300109375 0.300018890625 0.24316664375000002 0.3143199546875 0.25795983906250003 0.3419917453125 0.2923299328125 0.347538140625 0.29730014374999997 0.358310709375 0.31474774375000003 0.3656400140625 0.32352749531249997 0.3690758140625 0.3301406453125 0.3890625 0.35376979531249997 0.3890625 0.0928998015625
9 1 0 0.702099071875 0 0.6659173921875 0.1754532671875 1 0.280464484375 1 0
9 0.3890625 0 0.3890625 0.0756282 0.6646330031250001 0.174730721875 0.7011436265625 0 0.3890625 0
9 0.3890625 0.3933950046875 0.56489849375 0.434375 0.5734055296875 0.434375 0.6203125 0.16714948125 0.6203125 0.1607964046875 0.3890625 0.0768876265625 0.3890625 0.3933950046875
9 0.9041867578125 0.4890625 0.9140625 0.2746321453125 0.9140625 0.25332714375 0.6195522609375 0.15862000781250002 0.5688414843749999 0.43619911250000004 0.5701982875 0.4363253109375 0.8026326984375001 0.4890625 0.9041867578125 0.4890625
9 0.76874405 0.4890625 0.428161303125 0.40564319062500004 0.422821340625 0.4890625 0.76874405 0.4890625
0 0.3175275671875 0.6913635234375001 0.3314475796875 0.6935417734375 0.3523101984375 0.698304665625 0.3503862609375 0.6924387218750001 0.346584790625 0.6767188 0.33870341875 0.6692071687500001 0.3248762140625 0.6590528484375 0.30805869375 0.6490726890625 0.2702277359375 0.6472907609374999 0.246235584375 0.6546661421875 0.2281892640625 0.664684221875 0.2220694140625 0.6769966593750001 0.14823544375 0.7819266609375 0.14005468906250002 0.7913701359375 0.1379335296875 0.8024533437500001 0.1377943140625 0.814417453125 0.1465680484375 0.83084410625 0.1543798109375 0.8443377890624999 0.17016575625000002 0.8573670281249999 0.1829961875 0.86757940625 0.1998369125 0.87556554375 0.21969115781249998 0.8813835000000001 0.2455028359375 0.888847140625 0.2592226046875 0.890625 0.2621154390625 0.890625 0.2814330578125 0.8827691109375 0.2974626296875 0.8748611609375001 0.307569571875 0.8623165 0.3097603375 0.8452512359375 0.31299428125 0.82413988125 0.3171901953125 0.8059614984374999 0.3243416234375 0.7905999765624999 0.3313654375 0.7862055531250001 0.34344272187499997 0.7755387984375 0.359375 0.7340463734375 0.359375 0.73274088125 0.3389577109375 0.7329576906249999 0.311117684375 0.7286011859375 0.3022395390625 0.7211476125 0.29741809531249996 0.7074797640625 0.3035379453125 0.695167325 0.3175275671875 0.6913635234375001
0 0.3890625 1 0.3890625 0.9423469437499999 0.3762382578125 0.9389765875 0.20321707656250002 0.9231492578125 0.2011194984375 0.9222750953125001 0.196969990625 0.9364654421874998 0.188903 0.9449059578125001 0.1867586390625 0.957983184375 0.1785756359375 0.976393790625 0.172339771875 0.99867631875 0.172137003125 1 0.3890625 1