7 0.509375 0.0864912890625 0.4577955453125 0.0922395 0.4521202125 0.11617569375 0.45283392187500004 0.12127475937500001 0.505222740625 0.12708820625 0.509375 0.128926021875 0.509375 0.0864912890625
7 0.405967303125 0.07797644687500001 0.3608734078125 0.1334932609375 0.344108171875 0.1703172125 0.35259716874999997 0.184906975 0.36455861875 0.187457896875 0.374524084375 0.1984375 0.377299984375 0.1984375 0.3997292640625 0.1900116 0.45301706093750005 0.11934046875 0.46051783593750006 0.0900222375 0.49375 0.0454008453125 0.49375 0.043250884375 0.48859256875 0.0234555984375 0.47645268906249993 0.0196299078125 0.4615746515625 0.023877275 0.45010731093749995 0.0432803484375 0.42884022968749996 0.06636484687500001 0.405967303125 0.07797644687500001
7 0.25516648124999997 0.19375 0.30950319375 0.19322690781250002 0.34870215937500004 0.17850121875 0.3432875921875 0.1674527828125 0.3546875 0.14408671875 0.3546875 0.14275497343750002 0.3292056015625 0.1405398171875 0.313812865625 0.1318980359375 0.279177503125 0.1331686328125 0.2555275625 0.128125 0.2549672046875 0.128125 0.21262435000000002 0.136701615625 0.20298245 0.150722653125 0.2094675796875 0.1694196875 0.2043686953125 0.1790504796875 0.2076767328125 0.19375 0.25516648124999997 0.19375
7 0.0812346390625 0.5 0.0768734484375 0.47780671874999997 0.053032885937499996 0.4364454765625 0.040776337499999996 0.40415047499999995 0.025562029687499998 0.39678345937500004 0 0.3557019609375 0 0.4541925359375 0.0206141484375 0.49961227812500003 0.0209076875 0.5 0.0812346390625 0.5
7 0 0.22101497656250002 0.007868799999999999 0.20908731406249997 0.0132490359375 0.155407040625 0.022890934374999998 0.1413860015625 0.03596411875 0.133455821875 0.0405277203125 0.12000073124999999 0.031524028125 0.092521821875 0.023192871875 0.0882716734375 0.01212355625 0.09209458125 0.0038129859375 0.078779584375 0 0.080211990625 0 0.22101497656250002
7 0.12323229218750001 0 0.119566625 0.0217386109375 0.10685029531250001 0.0322183203125 0.11295798593749999 0.0574306703125 0.14592575000000002 0.071881728125 0.1554853109375 0.0941200875 0.1793876265625 0.1082867828125 0.181906190625 0.117068659375 0.1976557796875 0.1282599734375 0.2141261328125 0.1359375 0.229703315625 0.1359375 0.2360792828125 0.13562976875 0.2487750265625 0.1342149046875 0.253125 0.12856886875 0.253125 0.12853032343749998 0.23885861406250003 0.1094270125 0.22822849218750002 0.0795400578125 0.2142837578125 0.07203155781250001 0.1567823078125 0.00205534375 0.1522433765625 0 0.12323229218750001 0
7 0.137461625 0.1241545734375 0.1165719828125 0.14072375312500002 0.08601985625 0.18037881875 0.08034452187499999 0.2043150140625 0.05233154375 0.24368710624999998 0.0717215125 0.2640625 0.0754843125 0.2640625 0.11110940625000001 0.23066342343750001 0.1387037765625 0.2159363453125 0.193796428125 0.1489480265625 0.196875 0.1338244609375 0.196875 0.125582803125 0.182987878125 0.117786303125 0.1831868921875 0.1099962203125 0.1659893 0.0976716265625 0.15311512968750002 0.0978117234375 0.1462113890625 0.10375970625 0.137461625 0.1241545734375
7 0.1124721734375 0.3358475125 0.13093795156250002 0.34375 0.13284532031250001 0.34375 0.1975336609375 0.3263679359375 0.221875 0.313664290625 0.221875 0.2772881453125 0.21146465 0.260082878125 0.1819075828125 0.260787528125 0.1401488828125 0.28486103749999997 0.112931953125 0.2930728 0.10600763124999998 0.3080856296875 0.1124721734375 0.3358475125
7 0.0599441984375 0.3766267859375 0.0610147609375 0.3842753828125 0.07224191875 0.39079208906249996 0.07565261875 0.40594779687500004 0.0950616578125 0.409375 0.101617959375 0.409375 0.1574406625 0.4007169765625 0.1685305640625 0.387829221875 0.199734646875 0.3804677671875 0.2 0.377439196875 0.2 0.36185486875 0.1948965296875 0.3551139296875 0.1740480578125 0.3535534125 0.144154721875 0.34264368125 0.0668891078125 0.3525491046875 0.06885180625000001 0.366571534375 0.0599441984375 0.3766267859375
7 0.2051933921875 0.3382844921875 0.19555149375 0.35230553124999997 0.20566691874999998 0.3693033390625 0.25335488125 0.3691674140625 0.2803522140625 0.3778105859375 0.32133544999999997 0.3758325578125 0.358153109375 0.3717294578125 0.365625 0.3648469640625 0.365625 0.3606287125 0.3643637234375 0.3516175640625 0.3528002984375 0.333486475 0.33306355781249997 0.3214448546875 0.277579721875 0.32115493125 0.232032884375 0.3365880484375 0.2051933921875 0.3382844921875
7 0.2674921828125 0.42738105 0.286535803125 0.42525875625 0.30593404999999996 0.43125 0.30922150312499996 0.43125 0.3171875 0.426511328125 0.3171875 0.41725270312499996 0.2822947234375 0.3765346703125 0.2527582421875 0.368174471875 0.20215368906250003 0.3751086859375 0.208618234375 0.40287056874999994 0.2145886671875 0.4086784546875 0.2674921828125 0.42738105
7 0.19644465 0.4666149578125 0.23052414687499997 0.47058491093750004 0.23732435000000002 0.475 0.24475590781249998 0.475 0.2704162359375 0.4700231375 0.2876344125 0.47328287968750005 0.299794875 0.468043721875 0.3 0.4651843734375 0.3 0.44933636874999994 0.2806345859375 0.44169669999999994 0.2502265546875 0.41789782343750004 0.19783773437500002 0.41208437499999995 0.1794872390625 0.4283705828125 0.1835910640625 0.45769020312500003 0.19644465 0.4666149578125
7 0.509375 0.2346259265625 0.4753926609375 0.25704940625 0.4478188765625 0.2627116375 0.4340114 0.2746076 0.40588175 0.285510378125 0.40096129375 0.296415940625 0.37808837031250003 0.30802754062500004 0.3704503375 0.3179413078125 0.37152090000000004 0.32558990312499997 0.3845529125 0.33578942500000003 0.38903417500000004 0.358593728125 0.39421005781249996 0.3609375 0.3986253921875 0.3609375 0.41079536718750004 0.357463228125 0.4491227828125 0.3272988609375 0.47925630156250004 0.3122888109375 0.4963578046875 0.287079240625 0.509375 0.278122796875 0.509375 0.2346259265625
7 0.199364796875 0.5 0.195445728125 0.475257759375 0.1730325828125 0.4440946484375 0.1631367546875 0.41024190625 0.15380884687500002 0.40625 0.15322523125 0.40625 0.1388364125 0.411655378125 0.153316428125 0.4229881765625 0.1554369671875 0.44735022031250005 0.13543946093749998 0.47029323125 0.141518775 0.5 0.199364796875 0.5
7 0.0671211046875 0.35 0.0772703984375 0.35 0.1108366953125 0.34625924375 0.11052101249999999 0.3255800140625 0.099156596875 0.2996588390625 0.0891990140625 0.2930006484375 0.06734173593750001 0.2565969828125 0.05014414375 0.2442723921875 0.0368139796875 0.2421875 0.0355609484375 0.2421875 0.030723089062499997 0.25291 0.0167577703125 0.25446635 0.01003245625 0.2616890953125 0.0119745703125 0.2847763734375 0.05227843125 0.34242799218750003 0.0671211046875 0.35
7 0 0.267045725 0.0050548015625 0.29463538125 0.0009853125 0.330044471875 0.0193495515625 0.38755182499999996 0.0314688453125 0.40044236250000004 0.0367212453125 0.4015625 0.0415788609375 0.4015625 0.055590759375 0.39775412499999996 0.060868068750000004 0.38939809687500004 0.059996518750000005 0.3739594171875 0.065625 0.3679146265625 0.065625 0.3629121796875 0.06420326562499999 0.35795479218750004 0.04827525 0.3454887140625 0.050834984375 0.33614089062499997 0.022808259375 0.30171942500000004 0.021916125 0.29534559531250004 0.03116 0.296904725 0.030624718750000002 0.293080425 0.017750545312499998 0.2932205203125 0.0099958421875 0.2746649734375 0.0125761609375 0.256252303125 0.033980500000000004 0.252572271875 0.0370961015625 0.2379838984375 0.0202553640625 0.22820883749999998 0.007202765625 0.2270741671875 0 0.2314433578125 0 0.267045725
7 0.353145090625 0.2558688609375 0.33140448437500003 0.2479345125 0.320019484375 0.2310781875 0.32021849687500004 0.22328810625 0.3413071515625 0.19892884375 0.339879734375 0.1887307140625 0.32773985625 0.18490502656250002 0.3161146734375 0.1939684859375 0.29143689375 0.20189727343750002 0.289947721875 0.2188936921875 0.3229909890625 0.2799437609375 0.324775259375 0.2926914234375 0.34304341250000003 0.3126646125 0.37559765624999997 0.371875 0.3809773234375 0.371875 0.389873571875 0.37088356718750004 0.4 0.362988596875 0.4 0.36150048125 0.389537303125 0.3592691859375 0.369484878125 0.326548334375 0.36859274375 0.320174503125 0.38095221874999996 0.3071452609375 0.3788522640625 0.27371836875 0.353145090625 0.2558688609375
7 0.297977565625 0.5 0.2984375 0.4935887265625 0.2984375 0.4895116546875 0.26067645625 0.4757305609375 0.2505198609375 0.47686244999999994 0.2461552703125 0.4825274609375 0.23076253593749999 0.4738856796875 0.20808862343749998 0.4777071984375 0.198268296875 0.4904534703125 0.1980244140625 0.5 0.297977565625 0.5
7 0.18989277499999999 0.3484375 0.2133024890625 0.3343609328125 0.25755916874999996 0.3281341484375 0.29386212968750003 0.311141903125 0.2953125 0.30686570625 0.2953125 0.30016446406249997 0.27964288437499996 0.264824471875 0.23790476875 0.27983313125 0.221139534375 0.3166570828125 0.1509149140625 0.340018990625 0.16541855 0.3484375 0.18989277499999999 0.3484375
7 0.0902724578125 0.5 0.11238673437499999 0.4933277859375 0.14781814531249998 0.460896859375 0.15625 0.4472684578125 0.15625 0.44012506875 0.152265075 0.41897245312500003 0.1312587609375 0.40707231874999994 0.108941703125 0.41344336718749997 0.077099415625 0.46230477031249995 0.084853128125 0.5 0.0902724578125 0.5
7 0.509375 0.34549844375 0.50486810625 0.35383378125 0.4901479078125 0.3684207625 0.47072685156249994 0.377058375 0.44001688281250007 0.406373825 0.43088968124999993 0.4332840078125 0.4356596296875 0.4421875 0.439733646875 0.4421875 0.4461039890625 0.4406510234375 0.47498851562500005 0.416717609375 0.509375 0.3996289734375 0.509375 0.34549844375
7 0.509375 0.335423984375 0.5043637578125 0.3290817921875 0.5040274874999999 0.3174674109375 0.486452459375 0.311658134375 0.4643138265625 0.31930395 0.415095521875 0.3545659921875 0.40071159375 0.3807673546875 0.3899991328125 0.387139796875 0.3904726578125 0.4181586421875 0.39418338125 0.4203125 0.405997025 0.4203125 0.4176690015625 0.41901173125 0.500850134375 0.35925033125 0.509375 0.3471912171875 0.509375 0.335423984375
7 0.361555725 0 0.3615661234375 0.019604601562499997 0.3685453640625 0.06025563125 0.376763209375 0.06875 0.380876734375 0.06875 0.39500741562499997 0.0650745046875 0.4022121328125 0.06875 0.408495009375 0.06875 0.412225590625 0.06833425 0.42131162499999997 0.059553762499999996 0.42498309062499995 0.0397248375 0.425500653125 0 0.361555725 0
7 0.0218842421875 0.1425290296875 0.011864903125 0.1630653859375 0.0079944265625 0.190684390625 0.015172678125 0.2235453375 0.04021795625 0.2375 0.0405254109375 0.2375 0.0635743484375 0.22850847812500003 0.0706976859375 0.20570556406249998 0.078125 0.20142378437500003 0.078125 0.1985800921875 0.0750828609375 0.19097570625 0.078125 0.1711819875 0.078125 0.16384351875 0.0646517484375 0.153298665625 0.0619547609375 0.1432420234375 0.050906028125 0.1380000796875 0.04037199375 0.1456472890625 0.030592837499999997 0.14026385937500002 0.0218842421875 0.1425290296875
7 0.319318890625 0.22680856249999998 0.3200325984375 0.23190762656250002 0.33233031875 0.2460729296875 0.3998059703125 0.284375 0.4046994828125 0.284375 0.4210976046875 0.28149314375 0.4436136765625 0.2673320078125 0.44375 0.266359228125 0.44375 0.2567966140625 0.41723396562500004 0.22625374062499998 0.4079900890625 0.2246946109375 0.36889405000000003 0.194096053125 0.34479272031249997 0.1877194421875 0.33766938281250003 0.21052235625 0.319318890625 0.22680856249999998
7 0.42281849375 0.2296875 0.4868029 0.2296875 0.5039273750000001 0.22325443125 0.5046875 0.1980743375 0.5046875 0.1774515875 0.4955207171875 0.17240527187500002 0.4168276875 0.172112565625 0.3837569953125 0.20298575625 0.38843727031249997 0.21799997656249998 0.3987722921875 0.21814285312499998 0.42281849375 0.2296875
10 0.576633875 0.2985445625 0.5876410296875 0.313954578125 0.603051046875 0.324411375 0.6668925437500001 0.3921053765625 0.6759018343750001 0.396875 0.6924662046875 0.396875 0.7120218781250001 0.3893535875 0.7235793906250001 0.37999750625 0.73125 0.367395790625 0.73125 0.3541162046875 0.7109211609375 0.2770806109375 0.705967940625 0.2484620078125 0.70156508125 0.23745485312499998 0.693860071875 0.2291994875 0.68560470625 0.22479662500000003 0.6670299828124999 0.2234375 0.6618931046875 0.2234375 0.6327703640625 0.2308505609375 0.6013999734375 0.24791164999999998 0.580486378125 0.26882524375 0.5738820875 0.28258418750000003 0.5733317296875 0.2902891953125 0.576633875 0.2985445625
1 0.9125 0.5 0.9125 0.4840532765625 0.9118752578125001 0.48295997812499997 0.879954509375 0.49066498750000004 0.8529869812499999 0.494517490625 0.8546380546875 0.47415425468750005 0.8238180203125001 0.4394817171875 0.8128108656249999 0.4312263515625 0.7522715156249999 0.42297098593750004 0.6878796609375 0.41746740937500004 0.6366963921875 0.49066498750000004 0.6374932828125 0.5 0.9125 0.5
8 0.736269865625 0.20328494687499998 0.7104030515625 0.20658709375 0.68178445 0.221446753125 0.68178445 0.223648184375 0.6889391 0.2275006875 0.7021476859375 0.24236034687500002 0.7076512625 0.25281714375000003 0.7093023359374999 0.270428590625 0.725787025 0.328125 0.7259013734374999 0.328125 0.7428741578125 0.3106047046875 0.7472770203125 0.30179898125000004 0.766539540625 0.279784671875 0.76764025625 0.274831453125 0.8203125 0.214557028125 0.8203125 0.2122150515625 0.8171724515625 0.20548637812499998 0.8122192328125 0.20548637812499998 0.7984602890625 0.21098995625 0.7891042078125 0.21154031406249998 0.7786474109375 0.2049360203125 0.736269865625 0.20328494687499998
1 0.720452240625 0.38322741875 0.70999544375 0.39038206875000003 0.7022904359375 0.4057920859375 0.70284079375 0.40964458906249995 0.7077940125 0.4129467359375 0.720452240625 0.4112956625 0.7270565328125 0.419551028125 0.732009753125 0.4212021015625 0.7997037546875 0.4278063953125 0.8129123390625 0.43110854062500004 0.83547700625 0.45092141874999997 0.8536388125000001 0.4723853703125 0.8552898843750001 0.47843930625000003 0.8536388125000001 0.48944646093750005 0.8679481125 0.49219825000000006 0.910876015625 0.483392525 0.9136278046874999 0.48559395624999996 0.9152788781249999 0.4943996796875 0.9175609281250001 0.4953125 0.9182603171875 0.4953125 0.928125 0.4872413953125 0.928125 0.47939232656249997 0.920232096875 0.470183940625 0.9180306671875 0.4421156953125 0.9141781625000001 0.4272560375 0.8932645687499999 0.4074431578125 0.882807771875 0.403040296875 0.87455240625 0.39533528906250004 0.8640956093749999 0.39038206875000003 0.85859203125 0.38487849218750003 0.8547395281250001 0.369468475 0.8371280796875 0.3540584578125 0.8277719984375 0.33534629531250004 0.8173152015625 0.3331448640625 0.8068584046874999 0.3226880671875 0.796951965625 0.3166341328125 0.7881462421875 0.3061773359375 0.7815419484375 0.30177447343749997 0.7716596203125 0.2875 0.771602134375 0.2875 0.75897728125 0.3006737578125 0.7309090375 0.3375477265625 0.729808321875 0.3458030921875 0.732009753125 0.363414540625 0.729808321875 0.3711195484375 0.720452240625 0.38322741875
1 0.8214557828124999 0.33565888125 0.8126500578125 0.34336388906250004 0.813200415625 0.34501496249999997 0.8368657984375 0.350518540625 0.8555779609374999 0.369230703125 0.8621822546875 0.37253284999999997 0.8742901249999999 0.38684215 0.8786929859375 0.38904358125 0.8968547921875001 0.40775574375 0.8971953296875 0.4078125 0.9046770375 0.4078125 0.9073115890625001 0.4055543140625 0.90951301875 0.3917953703125 0.92107053125 0.38188893125 0.9216208890625002 0.36978106093749996 0.9309769703124999 0.36262641093750003 0.9227216046875 0.3213495796875 0.9188691015625 0.320799221875 0.8913512140625001 0.341162459375 0.8836462062500001 0.34281353124999997 0.8836462062500001 0.33951138593749997 0.9419841250000001 0.26576345 0.9421875 0.2650516375 0.9421875 0.2613988265625 0.8341140093749999 0.199720521875 0.767520725 0.2729181 0.766420009375 0.27787131875000004 0.780729309375 0.3015367015625 0.7939378953125 0.3081409953125 0.8214557828124999 0.33565888125
6 1 0.2684387890625 0.9864749578125 0.270805671875 0.968313153125 0.2713560296875 0.9518024203125 0.2785106796875 0.9286873968750001 0.2840142578125 0.9237341765625 0.28731640468749997 0.880255915625 0.3434528921875 0.8907127125000001 0.34290253437499996 0.9209823874999999 0.3225392984375 0.9303384687499999 0.35776219375 0.9303384687499999 0.36216505625 0.9270363234375001 0.3654672015625 0.9204320296875 0.366017559375 0.91162630625 0.359963625 0.9017198671875001 0.3654672015625 0.8786048421875 0.3720714953125 0.8615437531250001 0.37097077968750003 0.8400798015625 0.3550104046875 0.8389790859375001 0.35115790156250004 0.8433819484375 0.3445536078125 0.8428315906249999 0.340150746875 0.8180654921875 0.3396003890625 0.8048569062500001 0.34785575468749996 0.8037561906249999 0.351708259375 0.805957621875 0.35831255156249997 0.8153137031250001 0.3759239984375 0.8318244359375001 0.3896829421875 0.8472344515625 0.40674403124999997 0.8554898171875 0.410046178125 0.8653962578125001 0.410046178125 0.873101265625 0.4089454625 0.8791551999999999 0.40399224375 0.8912630703125 0.40674403124999997 0.9132773796875 0.42050297499999995 0.9187809578125 0.4282079828125 0.9325399000000001 0.4304094140625 0.9418959812499998 0.435362634375 0.94629884375 0.444718715625 0.9617088609375 0.458477659375 0.98097138125 0.466733025 0.9991331859375 0.4711358859375 1 0.47185823125 1 0.3442448921875 0.9969317546875001 0.34290253437499996 0.9864749578125 0.34290253437499996 0.9765685187500001 0.347305396875 0.975467803125 0.331345021875 0.9837231703124999 0.319237153125 1 0.3110987375 1 0.2684387890625
8 0.509375 0.5 0.3673974640625 0.5 0.2743741671875 0.6281158921875 0.24240384062500003 0.6653657875000001 0.2110742703125 0.691499534375 0.2019266390625 0.7135162328125 0.1977027109375 0.7327894140625 0.19474343125 0.7581257578124999 0.19723057187499998 0.7649827765625 0.21821530781249998 0.7936366390625 0.2380871546875 0.8149280390625 0.2482127734375 0.8239496171875 0.2711703640625 0.8357125828124999 0.3203146109375 0.88789450625 0.3339138015625 0.8953276578124999 0.361429775 0.903125 0.373520309375 0.903125 0.380427584375 0.9024681375 0.3958478671875 0.894309690625 0.4060746625 0.8855744078125 0.42171415625 0.864278753125 0.43694052812499995 0.852150303125 0.439393953125 0.8142543 0.4432806421875 0.803498671875 0.45022777812500003 0.80032181875 0.4696274921875 0.8031346062499999 0.4750486171875 0.8017624937499999 0.4865316328125 0.7879021171874999 0.49594905312500004 0.7692057734375 0.509375 0.7611755140625001 0.509375 0.5
8 0.02836694375 0.7586225875 0.025702751562499997 0.770172075 0.027388946874999997 0.778256290625 0.058507735937500006 0.8271199843750001 0.097222846875 0.8728789328125 0.11659726249999999 0.892798928125 0.126857078125 0.8984375 0.1511351875 0.8984375 0.160396265625 0.8950313375000001 0.199937621875 0.8717839015625 0.2195143859375 0.8561901781250001 0.2625 0.8316501546874999 0.2625 0.8278561796874999 0.244495421875 0.816847834375 0.22806341875 0.799886959375 0.1993221734375 0.764448890625 0.1963376015625 0.7562204640625 0.1989174875 0.7341323703125 0.21142065156249998 0.705907590625 0.23625836093750002 0.6790528015625 0.2489217109375 0.6607169796875001 0.2594435921875 0.6381948421875 0.2598904359375 0.6231086875 0.2556074921875 0.6147360515625 0.2454818734375 0.605714475 0.237725934375 0.603125 0.23510978749999997 0.603125 0.20142150625 0.61134996875 0.1681022234375 0.6319980968750001 0.0551859359375 0.72606515625 0.0460720296875 0.7421629015625 0.0330967328125 0.751909065625 0.02836694375 0.7586225875
8 0.1164871390625 1 0.1330352390625 0.9797584109375 0.1459936765625 0.9476357328125001 0.1645250015625 0.91284164375 0.1703125 0.8934855234375 0.1703125 0.8911787046875 0.1644322625 0.8911147828124999 0.1510354171875 0.8988398921874999 0.128735440625 0.898337284375 0.11952880156250001 0.8927081671874999 0.0643479625 0.8359073 0.06358074375 0.8312155421874999 0.0430175578125 0.8045827328125 0.0244356546875 0.7722472843749999 0.015355474999999999 0.7824260781250001 0 0.8076313453124999 0 0.94813653125 0.0011239390625 0.9493132687500001 0.0082818484375 0.9724829312499998 0.0232637203125 0.9905988953125 0.0403373015625 1 0.1164871390625 1
8 0.2206444 1 0.2252048125 0.982163128125 0.24107194375000002 0.958918528125 0.260193434375 0.947222703125 0.304295953125 0.9468565124999999 0.318384140625 0.9444728109374999 0.3438963234375 0.95125489375 0.358414490625 0.9620805000000001 0.36227588125 0.9684320812500001 0.3605981171875 0.9715361203124999 0.37007455 0.9804855921875 0.377721459375 0.9938384031249999 0.3826873125 0.9963641890625 0.3842892 0.9939098000000002 0.406572321875 0.9213639171875 0.421875 0.9064141203125 0.421875 0.897752771875 0.415104490625 0.8933561624999999 0.4060158796875 0.892346696875 0.365850634375 0.8984148187500001 0.330524778125 0.8912008171875 0.3147841171875 0.8795813499999999 0.2715247 0.8333176718749999 0.262815484375 0.8290599578125001 0.1810264265625 0.8818350125000001 0.1668707890625 0.8960566218749999 0.158751740625 0.9148971750000001 0.1437614328125 0.9362649328125 0.1338212921875 0.9706970796875 0.13432715 0.9832567421875 0.14128271718750002 0.9912681453125 0.15495778437500002 0.99805164375 0.1562345953125 1 0.2206444 1