3 0.6079565328125 0.309375 0.61875 0.2832790046875 0.61875 0.269840359375 0.5979817125 0.231635828125 0.578819909375 0.21407202656250002 0.44823443437500005 0.15245896875 0.436883534375 0.1562712609375 0.3728197390625 0.20810271406249997 0.3346251046875 0.2297725984375 0.3285770234375 0.23433015625000003 0.32897115 0.24114499375 0.3447147859375 0.2541727359375 0.46293393437499997 0.309375 0.6079565328125 0.309375
0 1 0 0.8665351984375 0 0.8702333750000001 0.027956115625 0.8808768015625 0.0685339296875 0.8875200359375001 0.0840518453125 0.9004995453125 0.0985612578125 0.9300515125000001 0.11249259687499999 0.94277321875 0.1140625 0.9481870796875 0.1140625 0.976589253125 0.11165676093750002 1 0.1029839171875 1 0
9 0.9229808171875 0.309375 0.92448774375 0.2576431640625 0.93125 0.2291025 0.93125 0.2139157109375 0.9299720421875 0.20469055468750003 0.9151616140625001 0.1989073109375 0.830698053125 0.20264103125 0.803215071875 0.19887479218749998 0.7258080640625 0.203937334375 0.7139246734375 0.2059268125 0.7098410765625001 0.2107941484375 0.7053610499999999 0.28339878125 0.7003538015624999 0.309375 0.9229808171875 0.309375
9 0.9625 0.309375 0.9625 0.301273934375 0.96247305 0.2991337125 0.9577887921875 0.26667284375 0.953629390625 0.21619407656249998 0.947916434375 0.18039416875 0.9493576562499999 0.122970190625 0.8397676234375 0.1436675046875 0.7809282468750001 0.15359474687500002 0.7222200843750001 0.159017515625 0.7264778984375 0.20611793125000002 0.8244709140625 0.20494971093749997 0.9192466187499999 0.198268840625 0.9419200453125001 0.192978053125 0.9284721218750001 0.22944632343750002 0.9260656796875001 0.273404275 0.92501786875 0.309375 0.9625 0.309375
9 1 0.10558769531250001 0.99159135 0.10890093906250001 0.957646815625 0.11458488281250001 0.9295018546874999 0.1144416546875 0.912857621875 0.1060224359375 0.89293046875 0.0943428125 0.8743069515624999 0.06799304375000001 0.8265625 0.1411825671875 0.8265625 0.1416647328125 0.8712975374999999 0.141221365625 0.91896421875 0.12830892031250002 0.9517160328125 0.12491653124999999 0.9509287546875 0.15194338125 0.9486535249999999 0.1913968546875 0.9567965171875 0.2597362640625 0.9636709734375 0.309375 0.9679369906249999 0.309375 0.9854991375000001 0.24073547187500002 0.9953033031249999 0.21339409374999999 1 0.2063273515625 1 0.10558769531250001
3 0.2905502015625 0.309375 0.28219965 0.3368855140625 0.25578746875 0.4037938875 0.2500767875 0.44459230625 0.25178285625 0.49765566875000006 0.2478124953125 0.5267113171875 0.210827384375 0.6816703609375001 0.194560265625 0.72175915 0.1993619328125 0.731560396875 0.20809050624999997 0.7369564234375 0.244622696875 0.7481902890625001 0.2589836125 0.7458872265625 0.2724434390625 0.7216250640624999 0.2782067734375 0.696331915625 0.3248044203125 0.6011310640625 0.3494499546875 0.538212821875 0.356726515625 0.5279161296874999 0.3860690515625 0.500145828125 0.395112259375 0.48585900156249995 0.41899689999999995 0.42354329843750005 0.44923068749999995 0.3212191671875 0.45426058906250005 0.309375 0.2905502015625 0.309375
3 0.4588015296875 0.309375 0.44289615781249997 0.3584913515625 0.42687389531250003 0.395795084375 0.42280743281250005 0.43399589687500006 0.427985584375 0.47977525781249997 0.4267000859375 0.49439680625 0.41191130625000005 0.5579309484375 0.401320615625 0.62202745 0.3851936875 0.684677878125 0.387196628125 0.69410421875 0.397079709375 0.7024727546875 0.4230554625 0.7129969953125 0.4310096296875 0.7140625 0.4365300703125 0.7140625 0.44319747343750004 0.7093549484375 0.45297525156249996 0.6867129484375 0.45843251250000006 0.6649011218750001 0.4909930765625 0.5924761765625 0.5194167640625 0.5187926078125 0.5479108640625 0.48456847812500004 0.5648427765624999 0.4530223125 0.6100924015625 0.309375 0.4588015296875 0.309375
3 0.2882963265625 0.8600438046875001 0.28520009218750003 0.8469486890625 0.292029759375 0.76121445 0.2937167953125 0.67760918125 0.27294551875 0.7206169375 0.26490806093749997 0.73151616875 0.2625904859375 0.7417726796874999 0.2547978875 0.7498868562500001 0.2102019125 0.7417995859375 0.2308704296875 0.8932102203125 0.2394153609375 0.9006950406249998 0.2530746390625 0.903125 0.25779838593750004 0.903125 0.2734285703125 0.900320046875 0.2833202171875 0.8924870515624999 0.2861538296875 0.88441305625 0.2882963265625 0.8600438046875001
3 0.1776902078125 0.3905581546875 0.1749731015625 0.3892548984375 0.1687088484375 0.4605059484374999 0.1705281453125 0.47202108125 0.17687 0.5609286499999999 0.177946165625 0.5970004890625 0.1751566359375 0.63678128125 0.1858795890625 0.6678051828125 0.1964274640625 0.6847163421875 0.20427271406249997 0.6921074359375 0.213412025 0.6686754453124999 0.24472990625 0.5298643921874999 0.24992391875000003 0.430526221875 0.25625 0.393491165625 0.25625 0.38685881875 0.2539640546875 0.3845727765625 0.2170909015625 0.38526912968750004 0.2004473 0.3893798046875 0.1776902078125 0.3905581546875
3 0.3880119859375 0.682413728125 0.390670521875 0.6602269984375 0.40350044687500003 0.6189733125 0.4190672484375 0.5224335640625 0.42516297812500004 0.501411728125 0.4274279015625 0.4756499484375 0.425153778125 0.46125603125000003 0.4072681328125 0.45533782812499995 0.3990121453125 0.47677475 0.3890856125 0.49305664374999997 0.3588597515625 0.5228220109375 0.34911686406250003 0.5370151125 0.3126557171875 0.6215979125000001 0.31097660781249997 0.6326444140625 0.3150792296875 0.698709165625 0.32337074062500004 0.725180575 0.34078443593749996 0.7606230593750001 0.34346993124999997 0.8025461921874999 0.3563011265625 0.8740069687500001 0.359467771875 0.92656151875 0.3636836234375 0.9510780406249999 0.36535416875000004 0.9562330703124999 0.3731994171875 0.9636241625 0.38684151718750004 0.9671875 0.393416715625 0.9671875 0.4100113546875 0.9636240734375001 0.4207863234375 0.9537960125 0.425542 0.7628187640624999 0.43125 0.727712925 0.43125 0.7249870375 0.429547246875 0.725314215625 0.4247455828125 0.7155129703124999 0.39326847656249997 0.695093759375 0.3880119859375 0.682413728125
3 0.5641444078125 0.718345153125 0.5262128515625 0.7069238312499999 0.50790726875 0.68967795 0.4921904421875 0.667143128125 0.48577944375 0.6514905890625 0.48362774843749995 0.6357041406249999 0.478642440625 0.6279916875 0.4697216609375 0.6408859875 0.44031854375 0.72570978125 0.43609476249999996 0.7737520250000001 0.437652078125 0.8204552796875 0.4471593109375 0.8492029343749999 0.4559754234375 0.8616553296875 0.4684735875 0.8724875640625 0.4847150171875 0.8810033703125001 0.5088273156249999 0.8859375 0.5270218718749999 0.8859375 0.5453161234375 0.8841899734374999 0.5616885453125 0.87511171875 0.5785506781249999 0.8604633515625 0.59054993125 0.8367100031250001 0.59375 0.8134946921874999 0.59375 0.8019102953124999 0.59327824375 0.7976254703125 0.582738934375 0.7645127796875 0.5665409593749999 0.7313465406249999 0.5641444078125 0.718345153125
3 0.6296875 0.5666746671875 0.622707728125 0.5402914062499999 0.6073581875 0.5135789984375 0.5766419796875 0.4925572515625 0.547132928125 0.49001327968749997 0.5251281671875 0.5067906234375 0.5123068046875 0.5318427734375 0.4864718734375 0.6002374046875 0.4822217703125 0.640527009375 0.48513435937500005 0.6557109171875 0.4923062546875 0.67076091875 0.504891959375 0.6886495234375 0.5198827765625 0.703337984375 0.5408383328124999 0.71459866875 0.5624672453125 0.71820044375 0.5957807749999999 0.7177317249999999 0.60892596875 0.7131524171875 0.623960240625 0.703190446875 0.6296875 0.697293328125 0.6296875 0.5666746671875
3 0.665389071875 0.309375 0.67311173125 0.3226996875 0.66661325625 0.4048446171875 0.679513071875 0.41527284062500003 0.6828433515625 0.42693348125 0.687263075 0.44070578906249996 0.6937873296875 0.4523106671875 0.7088164640625 0.462701715625 0.761542346875 0.5097216671875 0.7702578765625 0.5266150078124999 0.7802115453125 0.5584015453125 0.7847923531250001 0.586020509375 0.7979399984375 0.6177512843749999 0.803041075 0.621875 0.8042602015625 0.621875 0.8008489718749999 0.593197590625 0.8070386624999999 0.5760440250000001 0.8122008671875 0.5621044312500001 0.8216093140625 0.547025359375 0.8105538156250001 0.512062025 0.8071615765625 0.4950757484375 0.8069633156249999 0.4780337109375 0.8078792781249999 0.465233590625 0.812979525 0.445968359375 0.7836265671875 0.39427897500000003 0.7728684593749999 0.384878703125 0.764252059375 0.37650638281250004 0.749148578125 0.3597245671875 0.7393807812500001 0.34391494218749996 0.7199071421875 0.3176213296875 0.719811209375 0.309375 0.665389071875 0.309375
3 0.6296875 0.49722164687500003 0.6300433546875001 0.5027558375 0.6327550671875 0.5527796546875 0.6362836093750001 0.5814823328125 0.6471904125 0.6036641359375 0.6638408609375 0.621875 0.6641475890625 0.621875 0.6567971218750001 0.6056271046875 0.6470417171875 0.59088260625 0.6500498203125 0.57484993125 0.655199634375 0.5598452093749999 0.6646824312499999 0.551156903125 0.676306934375 0.543496546875 0.6933414734375 0.5431991484375001 0.7190048015625 0.552339196875 0.726581325 0.5628603578125 0.7385775703124999 0.5871538296875001 0.74292294375 0.5945353718749999 0.796875 0.61571726875 0.796875 0.6144152328125 0.78541015625 0.5852708546875001 0.7788239421875 0.5683403375 0.7699844984374999 0.5407957234375 0.7622344953125 0.515362775 0.751426821875 0.50170199375 0.7116503234375 0.46937077812499994 0.6998151671875 0.45892396562500004 0.68801718125 0.4516725359375 0.6825947578125 0.443244453125 0.6803663109375 0.43476060781250003 0.6803043546875001 0.42943497031250005 0.6791529546875 0.421997665625 0.669135484375 0.4072577421875 0.6533161484375001 0.39794583125000005 0.6310202765625 0.40366180625 0.6296875 0.40464565624999993 0.6296875 0.49722164687500003
3 0.794612915625 0.309375 0.7822807359375 0.368488778125 0.778282321875 0.3909308046875 0.7935221078125 0.4194290234375 0.810841646875 0.4436295546875 0.8191234796875 0.42324343437500006 0.8274548781250001 0.407117821875 0.83161438125 0.398522453125 0.82613 0.3847687328125 0.823765246875 0.364568484375 0.8235917687500001 0.3496567 0.82666183125 0.3389496625 0.831947946875 0.33566134375 0.8457265546875 0.3300940671875 0.8542562125 0.331010496875 0.8671312468749999 0.3393084671875 0.8800434562499999 0.3508018203125 0.8877562828125001 0.373039384375 0.8868279296875 0.384774375 0.885825228125 0.3901185984375 0.8984375 0.41556844843749996 0.8984375 0.4079372078125 0.8975612546875 0.3920443921875 0.889736903125 0.360220678125 0.884178175 0.3400761953125 0.8733333281250001 0.32322002968749997 0.86679668125 0.310550025 0.8663574296875 0.309375 0.794612915625 0.309375
3 0.9089524390625 0.43529521875 0.8959287093749999 0.41421571718750005 0.8807632703125 0.3921082640625 0.883796159375 0.3782058453125 0.8782622124999999 0.3601916140625 0.8780515578125 0.34208444843749997 0.8640623015625 0.329544553125 0.8481048140624999 0.33088849531250003 0.8374830109375001 0.333204625 0.8288037453125 0.3386828703125 0.8216866109375 0.348395221875 0.8206591265625001 0.35160919062499996 0.8228751843750001 0.3590279078125 0.8230114890625 0.37074431093750004 0.8231230125 0.3803304578125 0.8286073921874999 0.3940841765625 0.8213406515624999 0.41019120156250005 0.8204122999999999 0.4219261921875 0.8173174546875 0.4305029734375 0.81106580625 0.4423309015625 0.8069558703125 0.45518678125 0.8049380734374999 0.46481010312500004 0.805074378125 0.4765265046875 0.8073771765625001 0.4914011140625 0.8075506562499999 0.5063129 0.8110172406249999 0.5296899406250001 0.8161904968750001 0.5484375 0.817570946875 0.5484375 0.82810134375 0.533653053125 0.832223671875 0.5218623 0.8321121515625001 0.512276153125 0.8330652859375001 0.50267141875 0.8329661546875 0.494150396875 0.8381407515625 0.4812759328125 0.8465464984375 0.471541084375 0.865673178125 0.468011128125 0.875292278125 0.471039221875 0.8849361625000001 0.47619757187499995 0.8903709781250001 0.4856907828125 0.8958925343749999 0.5026398859375 0.89505091875 0.5218307671875 0.9005229078125 0.5345193609375001 0.91556443125 0.5459755375 0.9196743703125 0.533119659375 0.92265769375 0.5149567296875001 0.9265625 0.501690534375 0.9265625 0.4993893015625 0.9243904875 0.48083547499999996 0.9199955484375 0.46919342343750003 0.9144739921875 0.45224432031250006 0.9089524390625 0.43529521875
3 0.7965707375 0.620404215625 0.7847975359375 0.6152830390625 0.765534553125 0.6070965953125 0.751594859375 0.5988172109375001 0.7387446078125001 0.5926494953125 0.7310565625 0.5725421859375001 0.72130115625 0.5577976875 0.70737385625 0.550583434375 0.6860063359375 0.5445644171875 0.6751482625 0.549015359375 0.6616183203125 0.5535129484375 0.6552675406249999 0.5568198578125 0.6522098703125 0.568592021875 0.649139809375 0.579299059375 0.6492761140625001 0.5910154609375 0.6558375453124999 0.6058157203125 0.6613095343750001 0.6185043140625 0.6720676421875 0.6279045859375 0.666955003125 0.646104690625 0.6671780468749999 0.6652769843749999 0.666348825 0.6855329953125 0.667661309375 0.70681695625 0.68382945 0.723580184375 0.6967292656249999 0.734008409375 0.711807965625 0.74865996875 0.7310957328125001 0.7589766703125 0.7461496515625 0.7714979765625001 0.75496056875 0.775 0.789644015625 0.775 0.7898502171875 0.7749964 0.7896395640625 0.75688923125 0.7895652171875 0.75049846875 0.7904811765625 0.7376983515625 0.7978470484375 0.7301123453125 0.8062404046875 0.719312371875 0.813556709375 0.70746585625 0.8229775484375 0.6934519109374999 0.8296875 0.6804646468750001 0.8296875 0.675355578125 0.818347171875 0.6615724375 0.8116866109374999 0.6382511578125 0.8040853046875001 0.6255997390625 0.7965707375 0.620404215625
3 0.8064644984375 0.6300005796875 0.816393384375 0.6596568625 0.8304322078125 0.676457265625 0.8442232031250001 0.67195511875 0.87086445 0.6736206875 0.8996845812500001 0.6795095890624999 0.9103931218750001 0.684649353125 0.9222530625 0.6972264203125 0.929680890625 0.694966053125 0.92841796875 0.6779426 0.9303366343749999 0.659798259375 0.9376157640624999 0.6447563609375 0.9413787453125 0.6020769125000001 0.9281691437500001 0.5650205015624999 0.913078053125 0.5493038125 0.8957337328125 0.522973025 0.894384071875 0.49849368125 0.8910290078124999 0.48470278593750005 0.88455431875 0.4773584171875 0.8727439421875001 0.46904186093749994 0.8618807234375 0.4692315171875 0.8525526031249999 0.47259040468749997 0.8462142187499999 0.4769624390625 0.8399501812500001 0.48772523906250004 0.8368925109375001 0.4994974046875 0.8370783812500001 0.5154743171874999 0.8340578828125 0.5304418625 0.81932614375 0.545613871875 0.8099424765625001 0.5628231984375001 0.8037775703125 0.58210701875 0.8030350859375 0.6098189203125 0.8064644984375 0.6300005796875
3 0.8203814046875 0.8193888093750001 0.8375398562499999 0.829742684375 0.8631784 0.8367524781250001 0.8845087453125 0.8395761125 0.9045266078124999 0.82111578125 0.9139598375 0.808166965625 0.9276764843749999 0.7972740546875 0.9349680062499999 0.783297284375 0.9389540328124999 0.7597901296875 0.9408726953125001 0.7416457875 0.9396221671875 0.7256874625 0.9330111703125 0.70662669375 0.906122096875 0.6836585749999999 0.88045876875 0.6745185265625 0.865553546875 0.67477875 0.847208896875 0.6729683359375 0.834666059375 0.674252659375 0.8199095359375 0.687294415625 0.8136083234375 0.69486183125 0.7999660234375 0.7121455078125 0.7947914265625 0.725019975 0.7917461484375 0.73785726875 0.7887008671875 0.7506945593750001 0.793182546875 0.7697925062500001 0.8008210281249999 0.7856393046875 0.8063673640625 0.8047186609375 0.8203814046875 0.8193888093750001
3 0.9375917250000001 0.309375 0.9369684187499999 0.31451108125 0.932908046875 0.3316274703125 0.93194251875 0.3401670765625 0.9235491640625 0.350967053125 0.9099564296875 0.37251123750000004 0.8973416140625 0.38658094374999996 0.8964628265625001 0.40257644375 0.89871605625 0.41319054375000003 0.9020215546875001 0.42272092968749997 0.9172241671875 0.448023765625 0.9226837640625 0.45964722968749994 0.9260760015624999 0.47663350624999995 0.9272769640625 0.48833132187499995 0.935571190625 0.469010328125 0.9491887078125 0.4495963953125 0.9597237703125 0.43982437343749997 0.963883275 0.4312290046875 0.9647372781250001 0.41310325 0.9656532421874999 0.40030313125 0.9687604765625 0.3927914765625 0.9750121234375 0.3809635515625 0.9802734609374999 0.375544975 0.9898429953125 0.37431255937499996 0.9786511906250001 0.327632825 0.9817832078125001 0.3222514265625 0.9859179296875 0.3115258015625 0.9863214703125 0.309375 0.9375917250000001 0.309375
3 1 0.375682128125 0.9949814546875 0.37422285 0.9845320953125001 0.375470625 0.9781813171875001 0.3787775328125 0.972907590625 0.38313098125 0.966755075 0.4034799265625 0.96374696875 0.41951260156250003 0.9607388640625001 0.4355452765625 0.9555146999999999 0.4441592328125 0.9408573078125 0.46572200781250006 0.9261875234375001 0.48621965468749995 0.9241697296875 0.4958429750000001 0.9232909406250001 0.511838475 0.924566253125 0.52992705625 0.926844265625 0.542671409375 0.9356341453125001 0.565955515625 0.9371077187499999 0.6010861343749999 0.9465657328124999 0.590267571875 0.9592177218749999 0.5793932500000001 0.9708422265625 0.5717328937499999 0.9803745875000001 0.5673050984375 0.9877652421875001 0.5618493453125 1 0.5624512890625001 1 0.375682128125
3 1 0.560963209375 0.9676482500000001 0.5717886562500001 0.9549714796875 0.5805327265625 0.9424310109375 0.6009931984375 0.9382839000000001 0.61065369375 0.938531728125 0.6319562453125 0.9323792109374999 0.652305190625 0.9314136843749999 0.6608447984375 0.9263382171875 0.6822402859375 0.9296684984375 0.693900925 0.9384088109375 0.7129245203125001 0.9512714531249999 0.7201573625 0.9587364546874999 0.7210923796875 0.9830872968750001 0.7089484640625 0.9936719265624999 0.703436953125 1 0.7033264734375 1 0.560963209375
3 1 0.7043918171875 0.989425684375 0.7045764296874999 0.9786762078125001 0.7122215062499999 0.9555920453125001 0.72540865 0.9504298406250001 0.7393482453125 0.9421232234375001 0.7576041109375 0.945527853125 0.7756555171875 0.9426312703124999 0.8012743390625001 0.9588365843750001 0.82123295 0.965398015625 0.8360332093749999 0.9814670234375 0.8442754156250001 0.9996281765624999 0.8492850687499999 1 0.8493198640624999 1 0.7043918171875