0 0.45 0.35 0.45 0.23650005468750002 0.44882419531249995 0.23700064531249998 0.3944619984375 0.269992425 0.3713693046875 0.2805865796875 0.3306551640625 0.2952181015625 0.2833431140625 0.32590461249999997 0.2831915 0.331837840625 0.29216821875 0.3327574265625 0.30851138906250003 0.344151490625 0.3107368265625 0.35 0.45 0.35
7 0.45 0.077019425 0.27420118125 0.0976262015625 0.260032921875 0.1017517515625 0.2509882390625 0.10034717500000001 0.0962352828125 0.1184870015625 0.093529721875 0.1237336875 0.07608865000000001 0.13958082656249998 0.0494277546875 0.17031142500000002 0.0150292125 0.20194901718749997 0 0.2185358078125 0 0.35 0.2441651328125 0.35 0.32125973124999996 0.3001369796875 0.41487741875 0.2561353421875 0.4411592765625 0.24023781562500002 0.45 0.23567641875 0.45 0.077019425
8 0.8653185296875 0.35 0.8748343375000001 0.34279277812500003 0.8828398546875 0.33145209375 0.8891141093750001 0.307349728125 0.8905585828125 0.22592272812499997 0.885945728125 0.19364779062499998 0.8752517015624999 0.1624604671875 0.8758548015625 0.14148066406249998 0.872494990625 0.1258478296875 0.860343325 0.0957645171875 0.8418146859375 0.0798930359375 0.8177858015625 0.0711192765625 0.7867875234375 0.0652786125 0.7468955046875 0.0726241109375 0.7302123421875001 0.084673478125 0.7126639671875 0.10910559375 0.70769945 0.1386660609375 0.70677754375 0.162232815625 0.7121430625 0.2420201953125 0.7159358906250001 0.270225240625 0.7288623968750001 0.320831090625 0.7339189515625 0.3334196984375 0.7435193328125 0.3466714390625 0.7496757546875 0.35 0.8653185296875 0.35
8 0.681827175 0.15234653125 0.6577070828125 0.1389508765625 0.6283258468749999 0.1307127265625 0.6088638 0.1331393671875 0.5788794609375 0.14588102187500002 0.5651682734375 0.144538365625 0.557629465625 0.1467299890625 0.5472780828125 0.1610201625 0.54576375 0.173308178125 0.547973221875 0.18218943125 0.5606482859375 0.1919396796875 0.5655569421875 0.2110904 0.5974787890625001 0.268418665625 0.6230113328125 0.297162953125 0.639262303125 0.31006855 0.6492496890625 0.3148179671875 0.6937200515624999 0.3239415046875 0.71702604375 0.3328125 0.7292334953124999 0.3328125 0.729672171875 0.3324802484375 0.7296875 0.33228144375 0.7296875 0.3136714203125 0.7171893640625 0.2621880703125 0.70577635625 0.1617670296875 0.6971669109375 0.156560340625 0.681827175 0.15234653125
8 0.45 0 0.45 0.0621385078125 0.466132125 0.07072074843750001 0.4765977203125 0.071589740625 0.48566236875 0.062378734375 0.4902061984375 0.0630418671875 0.4937024 0.06684395625 0.500729315625 0.09025403125 0.5156138515625 0.108885534375 0.5544360671875 0.1316689 0.5712391 0.1375 0.588665575 0.1375 0.60463428125 0.12648586875 0.625507946875 0.10188068125000001 0.6386603921875 0.070223325 0.6574042953125 0.0360901421875 0.6625 0.019563178125 0.6625 0.0146004359375 0.657437978125 0.01436886875 0.6439889046875 0.021623265625 0.6216797749999999 0.0203425546875 0.6125009109375 0.014394392187499999 0.599044084375 0 0.45 0
8 0.936492046875 0 0.922623959375 0.018237478125 0.905769890625 0.026311685937500003 0.8999508328125 0.035996354687499996 0.8769835718749999 0.1419338109375 0.8763007703125 0.163560353125 0.8877918156250001 0.1882803 0.9059104375 0.202116834375 0.9143719859375 0.21388563437500002 0.9447441578125 0.2301688328125 0.9578859296874999 0.2307700203125 0.9710958968749999 0.2254558359375 0.9938150406249999 0.22877149375 1 0.23185440468750002 1 0.028045109375 0.9889934390625001 0.02660678125 0.9782772328124999 0.022409365625 0.9734597843749999 0.00788054375 0.9686651609375 0 0.936492046875 0
8 0.684543496875 0 0.6748517859375001 0.005887553125 0.66060569375 0.0196093265625 0.6523725796875001 0.0381588578125 0.6372497687500001 0.0589947484375 0.6271038093750001 0.093065984375 0.6275368312499999 0.1056381984375 0.6344495359375 0.11388911093750001 0.648092525 0.1211471390625 0.6563946703125 0.1342094140625 0.6716662109375 0.14433859531249998 0.6975627484375 0.154043290625 0.70197691875 0.1546875 0.7075509343749999 0.1546875 0.7095656874999999 0.15316153593749998 0.71191155 0.1502120484375 0.7122755453125 0.13117245625 0.7184701015625 0.10771682812500001 0.7344811328125 0.0850354609375 0.7536810671875 0.0740117625 0.7978096140625001 0.07518498125 0.8119193124999999 0.07329395 0.8374058375000001 0.0809637015625 0.8518688531249999 0.0922916234375 0.8556953671875001 0.09877539375 0.8539986234375 0.101819615625 0.8634280953125 0.1110961984375 0.8710014203124998 0.1247104765625 0.8759552640624999 0.127408553125 0.8775723062499999 0.1250110703125 0.9002897890625 0.053272371875 0.915625 0.038921487500000004 0.915625 0.030127228125 0.9089896109375001 0.0255737796875 0.8999019546875001 0.024247515625 0.859679621875 0.028911332812500003 0.8243766203125 0.020467321875 0.8086950671875 0.008303196875 0.8012162265624999 0 0.684543496875 0
9 0 1 0.1524904734375 1 0.154878040625 0.9920727109375 0.1763499640625 0.973841709375 0.19172358125 0.9530093578125001 0.0864746125 0.9538839390625 0.057922975 0.8011493578125 0.0254270921875 0.786927209375 0.0014816625 0.7839207859374999 0 0.7855194984375 0 1
9 0.45 0.742110325 0.44931325468749994 0.7426723890625 0.3747918875 0.7906805890624999 0.32551671875 0.8422521515625 0.2500206390625 0.9022010796875 0.201476503125 0.944817096875 0.1532874828125 1 0.3962550421875 1 0.39677625625 0.99982523125 0.4084403109375 0.9857519921875 0.45 0.932560196875 0.45 0.742110325
9 0 0.7796189499999999 0.12419136093750001 0.8160422578125001 0.176175990625 0.8232908 0.22954341875 0.840625 0.23197311874999998 0.840625 0.2405557109375 0.8075105546875001 0.20708712343750002 0.79426078125 0.2270350703125 0.7523155515625 0.248992778125 0.7225546703125 0.26875 0.643063478125 0.26875 0.6414779203125001 0 0.5836209640625001 0 0.7796189499999999
9 0.45 0.6401393609375 0.3307475625 0.6227301656249999 0.2125 0.7912119421875 0.2125 0.7920896765625 0.22473486718750002 0.7988884515625 0.24340291875000003 0.8094275312499999 0.26307585 0.8260587859375 0.26701270625 0.884375 0.26976445781249997 0.884375 0.45 0.7380245453125001 0.45 0.6401393609375
9 0.39175776562500003 0.35 0.35014238125 0.40148762031250007 0.3072318484375 0.46710155468750003 0.312865446875 0.49009947499999995 0.29897812031250004 0.51300645 0.2719345046875 0.5498648562499999 0.30561660156250003 0.5420965437499999 0.34706389843749996 0.5680179078125001 0.3724319359375 0.5700886828125 0.426883515625 0.5655183078125 0.45 0.566118015625 0.45 0.3856020578125 0.4116233171875 0.35 0.39175776562500003 0.35
9 0.45 0.5691635609375 0.352809553125 0.5733390453125 0.307129221875 0.5440670671875 0.2750612 0.5504645984375001 0.3113935921875 0.49182637656249995 0.298176965625 0.469711996875 0.139786290625 0.4778181953125 0.18080539843750001 0.6193999390625 0.2708571671875 0.6387710953125 0.2558847859375 0.7140625 0.2567738703125 0.7140625 0.3262834609375 0.6222599875 0.45 0.6421411781249999 0.45 0.5691635609375
9 0 0.35 0 0.47209087656249993 0.0025581984375 0.47158381250000003 0.026068478125 0.4780105499999999 0.17565890312500002 0.412089596875 0.1939011015625 0.3910406421875 0.182937915625 0.37812543125 0.202672353125 0.3571982890625 0.2051088 0.35 0 0.35
9 0.2778089125 0.35 0.2461223484375 0.370948978125 0.19666500468749998 0.38794732656250003 0.18003688125 0.40762549843749996 0.1457455890625 0.422856765625 0.091567853125 0.44247486562500005 0.06766071875 0.49611720468750004 0.06397537656249999 0.5228620359375 0.07171040937499999 0.53851880625 0.09747413125 0.5541447125 0.115259140625 0.5570990265625 0.173151215625 0.602393209375 0.139867140625 0.47646823749999995 0.304226765625 0.46884928124999997 0.391099475 0.35 0.2778089125 0.35