5 0.14600593906249998 0 0.2105225328125 0.06021709374999999 0.2581580796875 0.0638252296875 0.25647387187500004 0.090096209375 0.319330209375 0.1484375 0.3222767078125 0.1484375 0.3407951046875 0.1393807265625 0.3389835765625 0.116144784375 0.3599163890625 0.12432996874999999 0.372256728125 0.11206540937500001 0.40321409687500004 0.1441086296875 0.42635743125000003 0.1178131546875 0.44375 0.0659964171875 0.44375 0.062409559375 0.4242080546875 0.0483541625 0.405591025 0.004046384375 0.4026380484375 0 0.14600593906249998 0
1 0 0.36817795000000003 0.06422106875 0.3475292015625 0.14835131875000002 0.3225533390625 0.1546875 0.2705332453125 0.1546875 0.264852384375 0.1144024671875 0.2341866171875 0.0927107546875 0.186346128125 0.05979499218749999 0.1591042984375 0.0152341296875 0.159028871875 0 0.161064575 0 0.36817795000000003
5 0.1973271625 0.08521773437499999 0.198717640625 0.115021421875 0.17110914375 0.10798049843749999 0.1810479765625 0.0559362140625 0.12159840625 0.056382959375 0.043238075 0.0685965890625 0.0057323453125 0.08720455 0.02578145625 0.1349206234375 0.0830205046875 0.1689545375 0.117326746875 0.22600005312500002 0.184802821875 0.253125 0.1891829578125 0.253125 0.21148154687499998 0.22488222656249998 0.2207888046875 0.18268956249999999 0.24424792812499999 0.1514682796875 0.2382038234375 0.14276092499999998 0.259375 0.1287750640625 0.259375 0.12674006875 0.24974365937499998 0.1172364578125 0.2578930234375 0.09310508906250001 0.25597623125 0.0715110828125 0.2247667359375 0.0691471328125 0.206592815625 0.06942046562500001 0.1973271625 0.08521773437499999
5 0.1424317390625 0.41875 0.1494823359375 0.39087307656250003 0.1765625 0.34187525937499996 0.1765625 0.3402567203125 0.0830192328125 0.34624103281249996 0.0207691640625 0.3646246546875 0.031741084375 0.373705265625 0.032822237500000004 0.41875 0.1424317390625 0.41875
5 0.47633621249999997 0.1671875 0.4777323546875 0.1671875 0.4942514 0.1543197828125 0.48915466093750004 0.1308350046875 0.4725596859375 0.1064792953125 0.492417809375 0.0799349828125 0.496875 0.050631267187499995 0.496875 0.042932514062499996 0.47778123125 0.050777884375000006 0.4481090765625 0.05018028906250001 0.444992790625 0.073042975 0.44107600312499995 0.08264575468749999 0.4325055875 0.1133448671875 0.47633621249999997 0.1671875
3 0.559375 0.41875 0.6109375 0.41875 0.6109375 0.40371412968750003 0.60874565625 0.3805375921875 0.5857448265625 0.3217785140625 0.5826646984375 0.2984552484375 0.5763906171875 0.2925046203125 0.5688671546874999 0.29253727343749997 0.5634350546875 0.2945534671875 0.5595401375 0.299130403125 0.559375 0.32302300625 0.559375 0.41875
3 0.6509926578125 0.41875 0.6738914796875 0.3948999515625 0.6890423218749999 0.3728770671875 0.6953125 0.3706373625 0.6953125 0.3668067953125 0.6696172671875 0.30207011875 0.6659829609375001 0.2793240515625 0.655291121875 0.2774544765625 0.6471351359375 0.28074703749999996 0.6443172374999999 0.28524265937500004 0.6448145015625 0.3050134140625 0.627098084375 0.3780891359375 0.632439696875 0.41875 0.6509926578125 0.41875
3 0.6884923140625 0.41875 0.6937443 0.404686615625 0.70625 0.384636575 0.70625 0.38289885 0.7026680671875 0.3751034765625 0.6909305453125001 0.3722421296875 0.684881590625 0.3769816921875 0.6731028265625 0.39393175468749997 0.648286421875 0.41875 0.6884923140625 0.41875
3 0.8026151734375 0.41875 0.8036477109375 0.4147895453125 0.80697278125 0.41132635000000006 0.8162214515624999 0.40741593125 0.817386721875 0.3859135796875 0.8256993984375001 0.3772555921875 0.8271681421875 0.3637607203125 0.8230423312500001 0.3394456828125 0.8055519499999999 0.2759877 0.8056245328125 0.25510320468750003 0.8009033000000001 0.251176778125 0.7912258031249999 0.2513720578125 0.7863322125 0.2533475953125 0.7829601343749999 0.25842041718750003 0.78231770625 0.28041865312500003 0.7586620156249999 0.354478140625 0.75706791875 0.37226535312500003 0.7590652656250001 0.37746815 0.76174214375 0.3778014078125 0.7679477875 0.3676964203125 0.7756749468749999 0.36068871874999997 0.7831827390624999 0.3611926078125 0.7910410125 0.36809435 0.7919456703125001 0.373915003125 0.7873868921875 0.382824934375 0.7739925984375 0.3998969671875 0.7739142546875 0.4025796796875 0.7820075624999999 0.4014332859375 0.7878684874999999 0.40313223125000003 0.7914656921875001 0.4087495984375 0.79117364375 0.41875 0.8026151734375 0.41875
3 0.8392790625 0.41875 0.8384302250000001 0.40597989375 0.8386018828124999 0.40010195781249996 0.8390497968750001 0.3986524578125 0.840967753125 0.3954740484375 0.8410447031249999 0.3928391140625 0.8405001109375 0.3906555890625 0.838968875 0.38753534375 0.8362832812500001 0.38227761875 0.8329287953125 0.3790927890625 0.825408834375 0.3796605359375 0.8177704718750001 0.384282028125 0.8149329968749999 0.3911701875 0.8144033609375001 0.40743062500000005 0.8197555953125001 0.40658083906250003 0.8251721015625 0.408598803125 0.8271098359375 0.4116883359375 0.8280135812499999 0.4154626890625 0.828376021875 0.41875 0.8392790625 0.41875
3 0.8795515671875 0.41875 0.8782396609375 0.410808859375 0.8781232250000001 0.40090786562499997 0.8785513796875 0.39319040781250003 0.8786875203125 0.3885286 0.875996040625 0.383473546875 0.868337934375 0.381827084375 0.8611948578125 0.383377578125 0.8551765375 0.3880789984375 0.85648429375 0.39190715468750004 0.855708821875 0.39762843124999997 0.8548919187500001 0.404768521875 0.8535560671875 0.4157903625 0.8521118937499998 0.41875 0.8795515671875 0.41875
3 0.8845174984374999 0.41875 0.8845007234375 0.41862801093749996 0.8824110000000001 0.38602283125 0.8825649015625 0.380752965625 0.8832989359375001 0.3764505 0.8838001234374999 0.3731768109375 0.8836797687499999 0.3703545359375 0.8834271593749999 0.36511535156249997 0.88230835 0.3617617328125 0.8805383421874999 0.3598729609375 0.8779258125 0.359059 0.8745121015624999 0.357901059375 0.8704413359375 0.35841063125 0.8645236421875 0.35966637343749996 0.85993393125 0.3640576984375 0.8595590218750001 0.3699509703125 0.8587657906249999 0.376280315625 0.8590415 0.3810695546875 0.8610439828124999 0.3816002734375 0.8653002171875 0.38168341250000004 0.87016029375 0.38192320625 0.8739982109375 0.3824424171875 0.8765811750000001 0.3842698109375 0.8779150765624999 0.3872027078125 0.8784182640625 0.390805040625 0.8782466078125001 0.39668296875000003 0.8780157578125 0.40458777812499996 0.878215065625 0.41165114531249997 0.8787613875 0.41875 0.8845174984374999 0.41875
3 0.9261402984375 0.41875 0.9259370359375 0.41604396250000003 0.925060353125 0.41238265468749996 0.924589459375 0.40829833437499996 0.9237529703125 0.40326069999999997 0.9225164328125001 0.3984494515625 0.9212683937499999 0.394031440625 0.92044913125 0.388403946875 0.91983851875 0.3823683375 0.9205218500000001 0.37917780156249997 0.9218368484375 0.3745662796875 0.922137371875 0.3710122765625 0.9216664781249999 0.366927965625 0.9202155484375 0.3627214515625 0.9183301140625 0.35992103124999997 0.9136213468750001 0.3594918015625 0.90772963125 0.3591518828125 0.9017690078125 0.361171371875 0.8994452453124999 0.3666437984375 0.89824126875 0.3741896921875 0.8982719218749999 0.37987671875 0.8980824375 0.38636511093750003 0.8953414000000001 0.3926537609375 0.8888735593749999 0.40530549843749997 0.8841055499999999 0.41464458281249994 0.8835769671874999 0.41875 0.9261402984375 0.41875
3 0.9695633046874998 0.3173739640625 0.970300821875 0.312556690625 0.9716480781249999 0.307296578125 0.971588075 0.30253950625 0.9708892437500001 0.2992194734375 0.9675578109374999 0.29748699218749997 0.9626196953124999 0.29627261250000003 0.957435746875 0.2966639921875 0.9526331375 0.2976217859375 0.9485525703125 0.3011042625 0.9474046796875001 0.3063493203125 0.9477821765625001 0.3138600171875 0.9475847453125 0.3206205203125 0.9447198406249999 0.33016160625 0.9411793640624999 0.33558730937500003 0.937644678125 0.34081416875000003 0.9368839484375 0.3464267984375 0.9366865171875001 0.353187303125 0.9368820359375001 0.3601165375 0.9362858453125 0.3669071390625 0.93537798125 0.3707452828125 0.9337500343749999 0.3788041859375 0.9307844703124999 0.384980078125 0.9269633015625001 0.3932045671875 0.9284480390625 0.396862071875 0.9321201796875 0.4005528265625 0.9381674859375 0.40465945156250005 0.9474049125 0.40852523906249993 0.9527882578125 0.4081188046875 0.9612204125 0.4054981890625 0.9663269234375 0.40094625937500006 0.970471365625 0.3952765546875 0.9704577859375 0.38892879062499996 0.9695886218750001 0.38462962031250003 0.9689304671875 0.379917709375 0.96932145625 0.3733409890625 0.9712843187499999 0.367439203125 0.9731890796875 0.363525809375 0.974894478125 0.3596274390625 0.9760481750000001 0.354183546875 0.975947496875 0.35081835 0.975283534375 0.3463052828125 0.9736865031249999 0.33968025625 0.9705118531250001 0.3325791421875 0.9692729625000001 0.32731587812499996 0.9692071265625 0.322757653125 0.9695633046874998 0.3173739640625
1 0.559375 0.44525617031250003 0.21673265156250002 0.49701717500000003 0.23020401562499998 0.5260608875 0.160574515625 0.5731426578125001 0.1527467671875 0.5889504484375 0.1688338390625 0.62491166875 0.1802338328125 0.6286740234374999 0.1946375171875 0.6246699812500001 0.20760784999999998 0.60442900625 0.21732445625 0.5682260953125 0.2317281421875 0.5642220515625 0.2778743953125 0.5645636515625 0.30392810625 0.5880502984375 0.3059985078125 0.61150364375 0.3358299359375 0.59420004375 0.3936039359375 0.5799879765625 0.422183553125 0.5902959140624999 0.4374743171875 0.6172366203124999 0.46484833124999997 0.5929916000000001 0.48139090937500006 0.592320771875 0.5098335453125 0.64286896875 0.512540990625 0.6735387265625 0.5287873234375 0.7113040546875 0.53654658125 0.7156163937500001 0.559375 0.70750094375 0.559375 0.44525617031250003
10 0 0.6046555671875 0.0114287234375 0.603806090625 0.07955637812500001 0.560607521875 0.11209525625000001 0.57397368125 0.1325286 0.596481203125 0.145589703125 0.5981644609375 0.15491929531249998 0.578473471875 0.23125 0.5268605140625 0.23125 0.5260522125 0.219385871875 0.4974365578125 0.1173661 0.512848096875 0 0.59671906875 0 0.6046555671875
10 0.559375 1 0.559375 0.9740039812500001 0.5363373671875 0.9247057 0.512742721875 0.7619072578124999 0.4954038359375 0.7535575718749999 0.4576538890625 0.7647447234375 0.433055809375 0.79953936875 0.432350271875 0.8124430859375 0.41526142187500004 0.8278217343750001 0.4267967453125 0.9375970484374999 0.45403377968749997 0.9535922875 0.44099495781250003 0.9939533921875 0.43331200625 1 0.559375 1
10 0.559375 0.7060128578125 0.537284921875 0.710463984375 0.5400385796875 0.67896925 0.5207200656250001 0.6690904515625 0.4987625953125 0.60842176875 0.478010728125 0.5823060375 0.43156822968749997 0.62040059375 0.44617573750000006 0.7022893781249999 0.47279800312500003 0.7531125703124999 0.496940575 0.7549499765625 0.5187165046875 0.7717701953125 0.54586276875 0.765841203125 0.559375 0.7575248390625 0.559375 0.7511558703125 0.5570127281249999 0.7458752234375 0.559375 0.7419374703124999 0.559375 0.7060128578125
10 0.3093957203125 1 0.3089169953125 0.9862796062499999 0.317974278125 0.90081591875 0.2523279671875 0.8467470562500001 0.180537296875 0.8484512484375 0.1588521390625 0.8535552609374999 0.16306143125 0.8803418203125 0.14886156718750002 0.9702386921875 0.1491394453125 1 0.3093957203125 1
10 0.42866037031250004 1 0.4545464578125 0.9642802046875001 0.453431628125 0.9516514812499999 0.354153890625 0.9136320953125001 0.3229575984375 0.8945786328124999 0.3158353859375 0.8974827046874999 0.31838357031250003 0.9263483593749999 0.310328071875 0.9604721749999999 0.3107445875 1 0.42866037031250004 1
10 0.2244538875 0.8235354015624999 0.21196134375 0.8491886843749998 0.2523279671875 0.8467470562500001 0.3100557578125 0.8946994765625 0.3716520359375 0.9237858859374999 0.42619459375 0.9356562374999999 0.4211889953125 0.8998491625 0.3895834078125 0.8552632609374999 0.3720629796875 0.8030651078125001 0.3349277984375 0.7794243140624999 0.3109444875 0.7793910078125 0.2290279140625 0.7917656734375 0.2244538875 0.8235354015624999
10 0 1 0.151473378125 1 0.1502041515625 0.9645513890625 0.1621058625 0.8695171984375001 0.14451694531249998 0.8374391750000001 0.111750315625 0.8423890421875001 0.09472995468749999 0.8376475609374999 0.0782558703125 0.8181982624999999 0.0296522015625 0.8109152406250001 0.013268885937499999 0.8133901734375 0.0039392937500000004 0.8330811609375001 0 0.861287521875 0 1
10 0.389040434375 0.577464646875 0.3493108546875 0.587122690625 0.3314256953125 0.593480821875 0.3129942609375 0.614546771875 0.30143500156249997 0.6089803140625 0.3018220171875 0.5924683921875 0.2879646078125 0.5817646171875 0.2766331046875 0.5578821328125001 0.22170353281250002 0.5625237015625 0.2127609546875 0.5657027671875 0.19917585468750001 0.6207716921875 0.21137215937499998 0.6335545640625 0.22793701406250003 0.6749280953125 0.19123340625000002 0.7188641015625 0.1904593765625 0.7518879484375001 0.20115383437499998 0.76855401875 0.3123332828125 0.7115392140625 0.430338696875 0.6900564921875001 0.43864423124999996 0.6796610125 0.43457192187500004 0.6126341953125001 0.42078300156250004 0.581810290625 0.40637931875 0.585814334375 0.389040434375 0.577464646875
10 0.3267369671875 0.7075351703124999 0.24427411875 0.7346176546875001 0.2122353046875 0.768708165625 0.2161260765625 0.7918865171875 0.3296259546875 0.78205339375 0.372381503125 0.8066733171875 0.380072271875 0.8311057828124999 0.3970926328125 0.8358472656250001 0.421303696875 0.81756454375 0.4558684140625 0.770295321875 0.4600554265625 0.7550375171875 0.4509313046875 0.7143681171875 0.420212796875 0.7007269640625 0.3675813765625 0.7105058515625 0.3267369671875 0.7075351703124999
10 0.103037140625 0.680998865625 0.028015025 0.7087854828125 0.023509490625 0.7204350796875 0.0332929390625 0.8103652546875001 0.07793734687500001 0.814590053125 0.098529953125 0.8389016796875 0.12251326250000001 0.8389349828124999 0.15132063281250002 0.8309268953124999 0.1576465375 0.8190023046875 0.20964090937500002 0.8020070046875001 0.17421304531249998 0.7141226203125 0.15553157812500001 0.7114602359375001 0.14333527343750002 0.6986773640624999 0.1266334359375 0.6975440921875 0.103037140625 0.680998865625
10 0 0.721460959375 0.0248058625 0.77691226875 0.0526576625 0.7580795625000001 0.048926156250000005 0.7367053140625 0.0595298421875 0.7314471515625 0.0554798125 0.706464696875 0.08317234999999999 0.6858278859375 0.11823713281249999 0.6860153375 0.1264741734375 0.6957399875 0.1449963828125 0.6965982687500001 0.16115194375 0.7124393625 0.19462410937500002 0.69458578125 0.19121112499999998 0.6768197390624999 0.164520365625 0.6461166781250001 0.160788859375 0.62474243125 0.14613514375 0.6050181375 0.14438326562499998 0.5851730015625 0.1568758109375 0.5595197171875 0.14238135624999998 0.541599528125 0.10415362187499999 0.5473743718749999 0.09450550468749999 0.5634571546875 0.06269444375 0.5792316390625001 0.0407815359375 0.6026516796875 0 0.60535244375 0 0.721460959375