1 0.51875 0.5796875 0.51875 0.2542256796875 0.4322262765625 0.2432536984375 0.4082895578125 0.24200152031250002 0.4009449375 0.242593425 0.39156103125 0.24795923125 0.37484955625 0.2529417171875 0.3239683484375 0.254672540625 0.2974953125 0.258656321875 0.21283908281250002 0.2625247703125 0.205948859375 0.265092675 0.20144147031249998 0.2712016421875 0.1984361734375 0.303256265625 0.200074696875 0.32140013125 0.2015124109375 0.4908315140625 0.200614615625 0.5142113390625 0.195834365625 0.5359238890625 0.2009862171875 0.5488829046875 0.1991014609375 0.5796875 0.51875 0.5796875
1 0 0.5713983765624999 0.0159181828125 0.5711894203125001 0.132412471875 0.5641059046875 0.1554489234375 0.5609184640625 0.19503483906250002 0.56201316875 0.20060450625 0.5510791921875 0.196444246875 0.50937661875 0.20088453125 0.42322260937499995 0.1998769953125 0.36899545 0.20159089843750003 0.27098542187499997 0.20658679375000003 0.2649020125 0.21591953749999998 0.262461878125 0.270203221875 0.26188516093750003 0.2995902328125 0.2590299328125 0.30625 0.25629835624999997 0.30625 0.25269595312500004 0.3042596328125 0.2436563390625 0.30091684375 0.239088946875 0.2921663984375 0.23619090312500002 0.2814193 0.2356287 0.20954092656249998 0.2357730609375 0.180170971875 0.237653065625 0 0.237258015625 0 0.5713983765624999
1 0 0.2350165765625 0.125863090625 0.23416978593749999 0.2867004359375 0.235750703125 0.2875 0.19002745625 0.2875 0.15428682031250002 0.11665935937500001 0.1453497984375 0.1116634625 0.1514332078125 0.104807346875 0.1520506671875 0.0980961890625 0.14437872031250001 0 0.1392471078125 0 0.2350165765625
1 0.51875 0.1662773640625 0.29099774375 0.154363178125 0.2817442109375 0.1802342453125 0.2828942296875 0.19835255624999998 0.2856461921875 0.2087457375 0.293240565625 0.2218325265625 0.29551255 0.2317125421875 0.3002526375 0.24025749375 0.303458996875 0.2526266765625 0.30682736718750003 0.2557312328125 0.326376071875 0.2562658078125 0.3836589984375 0.2519415234375 0.39005219062499996 0.24983567343750002 0.394054021875 0.244676378125 0.4161049375 0.2419254390625 0.49514886562499993 0.2514290296875 0.51875 0.25357116875 0.51875 0.1662773640625
3 0.7339744406250001 0.5796875 0.7366358828124999 0.5625173734375 0.7375 0.53590763125 0.7375 0.502755703125 0.7356826359374999 0.499735603125 0.6960594609374999 0.4876562640625 0.6768159625 0.4844184359375 0.636989903125 0.483257940625 0.631354009375 0.4855853296875 0.62803474375 0.4906696765625 0.5942577515625 0.519560059375 0.5808855171875 0.54137851875 0.57919159375 0.5755007187500001 0.576977634375 0.5796875 0.7339744406250001 0.5796875
3 0.8930686375000001 0.5796875 0.89375 0.56908423125 0.89375 0.52775130625 0.8891753890625 0.5238496406250001 0.8348276140625 0.50806443125 0.8175325921875001 0.5055511046875 0.7691955109374999 0.5048907125000001 0.7651082171875 0.506403834375 0.7623157234375 0.5110521984374999 0.7488616125 0.565191215625 0.7487238515625 0.5796875 0.8930686375000001 0.5796875
3 1 0.5796875 1 0.5352070734375001 0.9856728296874999 0.5315103765625 0.9653757859375001 0.5291445171875 0.9244714640625 0.528125 0.9107795 0.528125 0.9089592859375 0.5300293015624999 0.907988371875 0.5373769234375 0.904476215625 0.5796875 1 0.5796875
3 1 0.3783433828125 0.9894963593749999 0.37468515468749997 0.9281419 0.36703618437499996 0.9256541109375 0.37470438281249996 0.9203111437499999 0.42680453125 0.9218221281249999 0.44986041875 0.9264303078125 0.4712877765625 0.9462898609374999 0.4959850171875 0.9694686828125001 0.5155979125 0.9851199328125 0.5204065671875 1 0.5279788796875 1 0.3783433828125
7 0.3057126015625 1 0.3067422875 0.99837115625 0.308532765625 0.9873631875000001 0.307216690625 0.9770819078125002 0.3064878734375 0.9729505546875 0.3142083578125 0.96452635625 0.315625 0.9602131546875 0.315625 0.9561085640625 0.297055340625 0.9476914546874999 0.29258296875 0.9533703875 0.283638225 0.9647282562499999 0.2795905171875 0.964351459375 0.2700585109375 0.9695594 0.2483987921875 1 0.3057126015625 1
7 0.51875 0.5796875 0.4512317421875 0.5796875 0.44990935781249997 0.5851750906250001 0.45392836875000003 0.6150096375 0.45995019218750005 0.63080835 0.459525525 0.636864078125 0.4597589 0.64806045 0.4554280828125 0.65172080625 0.4543529234375 0.6648271171875 0.47063916250000004 0.671875 0.47314733750000004 0.671875 0.48204232812500003 0.6643570515625 0.48665625625000003 0.6566595421875 0.49545944531249997 0.647320253125 0.5029675984375 0.6419239140624999 0.51875 0.6375139140625 0.51875 0.5796875
7 0.480534940625 0.6719917468750001 0.4960658859375 0.6734375 0.5052734109375 0.6734375 0.515625 0.6451820140625 0.515625 0.640145128125 0.5041988609375 0.64168653125 0.4952541140625 0.6530443984375001 0.4874628515625 0.6624778874999999 0.480534940625 0.6719917468750001
7 0.47104429843749995 0.6948344625 0.4656097359375 0.685185678125 0.4556109828125 0.66800088125 0.4469283078125 0.6610973640625 0.4401987078125 0.65539153125 0.431586809375 0.6474787265625 0.42015085625 0.6484459234375001 0.4096285734375 0.6555934328124999 0.4056019078125 0.669440871875 0.40294105625 0.6783360671875001 0.4021625015625 0.6894382359375 0.4188411171875 0.7275623828125 0.4461134015625 0.7453392703125 0.4651066359375 0.7359326765625 0.4733933421875 0.7194341718749999 0.47104429843749995 0.6948344625
7 0.3575778078125 0.5796875 0.3580533328125 0.58018828125 0.38000828750000004 0.5927414125 0.3842675140625 0.6071504015625 0.3976980359375 0.628543603125 0.416589778125 0.6346811140625 0.42159955312499997 0.65091153125 0.4355608828125 0.652211171875 0.44783806249999997 0.65247825625 0.4556119484375 0.64181675625 0.45303686875000004 0.6284403234375 0.449467175 0.6167228687499999 0.44750226406250004 0.59464541875 0.43474186406250004 0.5796875 0.3575778078125 0.5796875
7 0.1731228484375 0.5796875 0.1509743390625 0.8955251828125 0.1852524828125 0.9026796218750001 0.21791021718749998 0.8878537390625001 0.23118560000000002 0.86386701875 0.23801662031249998 0.6311947250000001 0.2018689625 0.5796875 0.1731228484375 0.5796875
7 0.2799010921875 0.7853777890625 0.304804646875 0.8360391609375 0.31468988124999997 0.8453668656250001 0.323066678125 0.8461466484375 0.3441551125 0.846007865625 0.3550434140625 0.8260026843749999 0.35674949843750003 0.8167030625 0.3485995375 0.7676012562500001 0.32824330625 0.757298821875 0.316483534375 0.7446438078125001 0.2977089625 0.741845171875 0.28411868125 0.755293203125 0.28511457500000004 0.7711499749999999 0.2799010921875 0.7853777890625
7 0.3184456453125 0.6565476859375 0.31060340468750003 0.6631742265625 0.3119654015625 0.6738103921875 0.3264051359375 0.6783073765625 0.3300077703125 0.68705024375 0.344667165625 0.688414865625 0.40744911406249995 0.6648328875 0.41356325624999996 0.652790790625 0.414808003125 0.63504071875 0.400514709375 0.6284554890625 0.3841052015625 0.606960134375 0.3317722359375 0.6168016656249999 0.33006615156249997 0.6261012906250001 0.3153555515625 0.64049596875 0.3184456453125 0.6565476859375
7 0.3097467765625 0.6904188671875 0.3057268328125 0.702655909375 0.28726715468749997 0.710395965625 0.286608171875 0.7197930625 0.2955415421875 0.7426943484375 0.315363215625 0.74559045625 0.3281700875 0.75834294375 0.3797196453125 0.77470193125 0.3906299625 0.76941193125 0.41142551562499996 0.773449634375 0.42194771875 0.7586650640625 0.41953862031250005 0.747931428125 0.3982085125 0.7364874 0.392123559375 0.71805501875 0.34610238125000004 0.6980069078125 0.3097467765625 0.6904188671875
7 0.51875 0.7365783921875 0.50752418125 0.7256446765625 0.489042490625 0.7186695546874999 0.48468563593749997 0.7056527296875 0.47511529843750006 0.706863715625 0.46378767187500003 0.733133625 0.4525844734375 0.7426001125 0.427014759375 0.74652549375 0.41717355625 0.7666281453125 0.40940453593750004 0.7722105671875 0.394745140625 0.7708459453125001 0.3931855 0.7780573234375 0.4027778515625 0.791561515625 0.4109057984375 0.8259481421875 0.4198903703125 0.8330901296875 0.43776428593750005 0.8337030484374999 0.444632646875 0.8259349109375 0.485374296875 0.8160652984375 0.49036094375 0.8501595078124999 0.497031659375 0.8602389171875 0.49807158281249997 0.9055260437499999 0.5033290953125 0.9207285859375001 0.51875 0.9358600484374999 0.51875 0.7365783921875
7 0.3675062 0.8586909609375001 0.3840401328125 0.8633828937500001 0.4012330484375 0.8586777281250001 0.4116088109375 0.8459814015625 0.4127803359375 0.8292754546874999 0.403436834375 0.7821644203125 0.3948183609375 0.7698018234375 0.381887065625 0.7738527562499999 0.3485995375 0.7676012562500001 0.34645413125 0.783165609375 0.356676278125 0.81774718125 0.3555047515625 0.8344531328125001 0.3675062 0.8586909609375001
7 0.3968398296875 0.9213250374999999 0.44414978125 0.9530534328125 0.46070573125000003 0.9724605421875001 0.4888309796875 0.9771805562499999 0.4933854796875 0.9723498375 0.49463022656250005 0.95459976875 0.4990382859375 0.95185729375 0.49752984843750003 0.9433093734375 0.4828484390625 0.9272295749999999 0.457403153125 0.9143515328125 0.44121330625 0.8897238140624999 0.41035688906249995 0.9089211296874999 0.391435875 0.9082107359375 0.3968398296875 0.9213250374999999
7 0.3721707734375 0.9274361328125 0.3693735609375 0.9072079265624999 0.35043053281250003 0.8917823578125 0.3345775984375 0.8924085078124999 0.31093362812500003 0.8839018984375 0.294883046875 0.902375590625 0.274036290625 0.9140971875 0.2774924859375 0.924928296875 0.2854299609375 0.9319728109375 0.338707615625 0.953747353125 0.3637647859375 0.9571308281249999 0.3721707734375 0.9274361328125
7 0.4934537671875 1 0.5018575125 0.9868006781249999 0.49204549843749995 0.9764288515625001 0.4627999296875 0.9726554890625 0.44115492500000003 0.95067276875 0.42281967500000006 0.9416094031250001 0.40896570312499997 0.9287594421875 0.40058890625 0.9279796593749999 0.3690222984375 0.97233336875 0.41272961874999997 0.9953189 0.43771356875 0.99974649375 0.45812100468750006 0.9942896265625001 0.48458426875000005 1 0.4934537671875 1
7 0.24330378437500003 1 0.2782907328125 0.9586326125 0.278949715625 0.9492355187499999 0.247199815625 0.9210574593749999 0.223921946875 0.9073302421874999 0.21749291093749998 0.9088336484375 0.2091381265625 0.922769040625 0.1991284671875 0.9302447609375001 0.1747522953125 0.9321793703125 0.161798984375 0.9215151234375 0.1579546703125 0.901189446875 0.150689040625 0.899593528125 0.1489467625 0.92443840625 0.2160563953125 1 0.24330378437500003 1
7 0.43888460625 0.8327564000000001 0.43479144375 0.8460375640625 0.43549445625 0.8660708249999999 0.44216516875 0.8761502296874999 0.456678125 0.8796030953124999 0.48098107656250005 0.8787126078125 0.49561845625 0.8653620515625 0.48724883593749996 0.8193926109374999 0.455396525 0.822733153125 0.43888460625 0.8327564000000001
7 0.49556725312500005 0.8811213515624999 0.484268815625 0.8769167843750001 0.44389326718750005 0.881565784375 0.44503560468750003 0.8953343140625 0.4624189890625 0.9179712640625001 0.49129845625 0.9269652359375 0.501015234375 0.9236660062500001 0.49556725312500005 0.8811213515624999
7 0.2594204375 0.7918787765624999 0.2841847265625 0.7994387375 0.29201212656250003 0.7329073609375 0.28149710156249996 0.7025022765625 0.26389405312499997 0.6829976921875 0.2364498015625 0.683595759375 0.23407755937500002 0.747482134375 0.23777543125 0.7698960593749999 0.2594204375 0.7918787765624999
7 0.33681359375 0.5796875 0.3152674921875 0.5816352546875 0.2693343734375 0.6204478578125 0.2704255015625 0.6499756859375 0.2610456359375 0.6785287859375 0.27482638593750003 0.6924228671874999 0.2863444828125 0.6934950718749999 0.2918728625 0.6898059484375001 0.297013125 0.6766222578125001 0.31851886406249996 0.6555035640625 0.32999293125 0.6271454109375 0.3553209671875 0.6116372171875 0.356638934375 0.592843025 0.344496975 0.5796875 0.33681359375 0.5796875
7 0.51875 1 0.51875 0.93652714375 0.50296299375 0.925949196875 0.4921991171875 0.9291509546875 0.49850372812500005 0.94445096875 0.5054673234375 0.9503538875 0.5007663828125 0.9572728500000001 0.4943373453125 0.9587762546875 0.49211871875 0.9753847312499999 0.5068733515625 0.990420409375 0.5090937640625001 1 0.51875 1
7 0.23274524218749998 0.8566556390625 0.22770021406250002 0.8835103859375 0.24523004375 0.9040590921874999 0.27418273125 0.9120089437499999 0.295856928125 0.903517184375 0.3063791265625 0.8887326140624999 0.3104502765625 0.8607362734375 0.30811440156250003 0.8489585156249999 0.28104342656250003 0.79914631875 0.2656298140625 0.7935077359375 0.2526765015625 0.78284349375 0.2392106484375 0.7794880984375 0.23248872812500002 0.78516799375 0.23274524218749998 0.8566556390625
7 0.3410138125 0.8457154453125 0.3167108609375 0.8466059328125001 0.3097692796875 0.8554181906250001 0.3063059078125 0.8897767375000001 0.3374260171875 0.8968774125 0.35797989218750004 0.889332303125 0.3647750328125 0.8826082875000001 0.3668252015625 0.853372878125 0.35528509218750004 0.837585496875 0.3410138125 0.8457154453125
7 0.21649701562499998 0.8929768765624999 0.19294828125000002 0.8981413234375001 0.152038175 0.895384 0.15062497187499999 0.9005071359375 0.1499415828125 0.910252271875 0.15101309062499998 0.9100017046875 0.1516208671875 0.9163639078125 0.1695900171875 0.93064788125 0.184102971875 0.934100746875 0.2001755671875 0.9303422343750001 0.21137876718749998 0.9208757437500001 0.21741969062500002 0.90987776875 0.21649701562499998 0.8929768765624999
1 0.8798795296874999 0.6455457328125 0.8500705046875 0.6557969531250001 0.8367394031250001 0.657826159375 0.8152896765625 0.6659939671874999 0.8029345515624999 0.6681326578125 0.732878271875 0.69652758125 0.714872896875 0.7075993875 0.697532703125 0.7257951453125 0.68164984375 0.7522107609375001 0.66526573125 0.794682903125 0.66379513125 0.8025743140625 0.6657120265625001 0.8083281078125001 0.664029175 0.8146851343750001 0.6448156734375 0.8482799812499999 0.6440168875 0.8552397046875001 0.6683528546875 0.8609908109375001 0.6901503328125 0.8750170546875001 0.717683340625 0.887672603125 0.7273161515625001 0.8947954796875 0.7303009390625 0.9001655421875 0.7342484390624999 0.9217563609375 0.7172541 0.9274028218750001 0.7026494875 0.92022574375 0.69279779375 0.9196241234375 0.6902943640625 0.9223644343749999 0.6887318515625 0.930749059375 0.6909529109375 0.9375440218750001 0.73604689375 0.96022590625 0.7668053671875 0.982306709375 0.7686402109375 0.9828125 0.7804920859375001 0.9828125 0.802739365625 0.979288384375 0.818757725 0.9735324390625 0.8387150578125 0.9626796000000001 0.857851809375 0.94821004375 0.8750583984375 0.9440979609374999 0.8911184500000001 0.924751553125 0.9131262828125 0.9055688328125001 0.9139129859375 0.9040206328125 0.9406693687499998 0.7604427796875 0.940726559375 0.7253823671874999 0.9368577046875 0.7194096078125 0.9276209718749999 0.7128346859375 0.9095786406249999 0.694697975 0.9148896687500001 0.6902585203125 0.918099971875 0.681051696875 0.92435855 0.6742009171875 0.9337070953125 0.65611571875 0.9452416390625 0.6503603124999999 0.95232743125 0.6390706140625 0.9628992625 0.6170944546875 0.9640625 0.612518309375 0.9640625 0.608777821875 0.961993403125 0.605915315625 0.9511941578125 0.60772501875 0.9403314265624999 0.61254874375 0.8798795296874999 0.6455457328125
8 0.7984651625 0.5796875 0.7844596890625001 0.5873251515625 0.7774089578125001 0.593080021875 0.772246696875 0.602067878125 0.7691851578125 0.615823103125 0.770062590625 0.624481434375 0.7774895015625 0.6434414234375 0.7769948796875 0.6514423171875 0.7859843015625 0.6620176828125001 0.80115464375 0.66875 0.801205146875 0.66875 0.8135239421874999 0.6666175984375 0.88345325 0.6442507140625 0.9401215718749999 0.6128433859375 0.9511397015625 0.604512428125 0.9527306421875 0.5986486125 0.9557220609375001 0.5959630421875 0.96569409375 0.5985922578125 0.968897765625 0.5974410671875 0.9714799781250001 0.594278003125 0.974198984375 0.5796875 0.7984651625 0.5796875
8 0.51875 0.9281378921875 0.5201143218750001 0.9276027171875001 0.5316204390625 0.9193265015625001 0.541634165625 0.9083652546875 0.54603933125 0.8927466609374999 0.5444048046875001 0.8774575921875 0.547996025 0.8501666484375001 0.5454992265625 0.8448513249999999 0.5391904265624999 0.8386048546874999 0.51875 0.8367891859375 0.51875 0.9281378921875