5 0.5840278953125 0.45 0.6161008812500001 0.4413821140625 0.6339406890625 0.42114861406250004 0.652623503125 0.36820342500000003 0.6541612 0.28317592187499996 0.638850403125 0.2052743546875 0.59866300625 0.154388934375 0.557384778125 0.1394920921875 0.5279496734375 0.14052197500000002 0.5035199375 0.1184991953125 0.467568096875 0.141000515625 0.4277768375 0.10644232812500001 0.4084256625 0.1250946 0.41199285 0.1641884234375 0.4403127265625 0.1779045453125 0.458548675 0.17399828125 0.48335015156249994 0.191105725 0.508647290625 0.20165938906249997 0.5246527796875 0.227245140625 0.5336214765625 0.259613534375 0.5440771453125001 0.2723205859375 0.519572290625 0.29442139375 0.53495820625 0.328199371875 0.5746255484375 0.364396 0.5953885765625 0.3702059765625 0.579828021875 0.40343260625 0.5544557640625001 0.43700253125 0.579637178125 0.45 0.5840278953125 0.45
5 0.264323690625 0.149739740625 0.246311175 0.129126540625 0.197203875 0.0883578703125 0.1707671140625 0.071307640625 0.1478731421875 0.0721086609375 0.14482407656250001 0.1555549359375 0.1580790515625 0.195943909375 0.20758249218749997 0.253039815625 0.2541871078125 0.30533482031250003 0.283002640625 0.3124971609375 0.334192090625 0.3041696921875 0.3768089796875 0.2798010640625 0.4125 0.2513490125 0.4125 0.246258509375 0.403123759375 0.19063843281249998 0.3701458625 0.173817065625 0.3213107890625 0.151014078125 0.264323690625 0.149739740625
5 0.48758668906249997 0.45 0.501469309375 0.4371915171875 0.5130056671875 0.42698322187500004 0.5032536765625 0.41359790781249994 0.4818166296875 0.41238702031249996 0.47677672031249996 0.42727034531249997 0.445215940625 0.41758947968750004 0.460751328125 0.4062607984375 0.4925948625 0.399263853125 0.5137198781250001 0.3916614640625 0.5207964765625 0.37572641406249996 0.4995678375 0.358820784375 0.48068792031249996 0.3496767015625 0.4964463546875 0.3353988203125 0.511564925 0.3554596296875 0.520915896875 0.3482691953125 0.517348321875 0.33074563281249997 0.511595359375 0.31623993281249996 0.49907783281249996 0.3264825578125 0.486917409375 0.3190643015625 0.48281475625 0.29567666875 0.5010559671875 0.2744486578125 0.5127703 0.287765315625 0.54375 0.27448051093750003 0.54375 0.27266730156249996 0.538712178125 0.268228803125 0.5313686203125 0.2488764265625 0.5228208453125001 0.23250757812499998 0.5187925390625 0.20813687656250002 0.49313341718750003 0.210995578125 0.47356972500000005 0.1979535546875 0.444045634375 0.1872209640625 0.407667990625 0.18947422187500002 0.4323898546875 0.2248864796875 0.41625967968750005 0.244079696875 0.419440871875 0.25377305 0.4591923234375 0.2974836421875 0.4499303390625 0.316436553125 0.4397761703125 0.3471862703125 0.42342294843749995 0.3693286890625 0.41456198125 0.40885735 0.4219945265625 0.4399722046875 0.4379309328125 0.44921927500000003 0.4384567796875 0.45 0.48758668906249997 0.45
5 0.4329051921875 0.45 0.4145835671875 0.43846115 0.385000925 0.37674638437499997 0.43129505312500005 0.33394706875 0.448228428125 0.29119456875 0.4342354234375 0.2734375 0.432759509375 0.2734375 0.41289166406250005 0.27968488593749996 0.3856419453125 0.277696909375 0.3612760265625 0.28933455625 0.3339665984375 0.301075190625 0.3265625 0.334537325 0.3265625 0.3352445515625 0.3293119109375 0.38849950624999996 0.3403863796875 0.43615485156249995 0.34706774375 0.45 0.4329051921875 0.45
10 0.7207902109375001 0 0.7296723359375 0.0242947484375 0.733232196875 0.05625 0.739438509375 0.05625 0.778171753125 0.0541532 0.78142405625 0 0.7207902109375001 0
10 0.8474849499999999 0.280764825 0.8363941875 0.25680956093749996 0.7974268375 0.2506604078125 0.7852570562500001 0.25825645937499997 0.780850828125 0.2908688109375 0.7865460953125 0.3076283328125 0.7862764390625 0.3567542375 0.8042314375 0.377034459375 0.8184695046874999 0.377695184375 0.829919871875 0.363641290625 0.8503027624999999 0.35416913125 0.8579462484375 0.30937899375 0.8444575125 0.2913896421875 0.8474849499999999 0.280764825
10 0.8363638734375 0.11564371874999999 0.8208668859374999 0.1243008078125 0.812743725 0.13729366406250001 0.8135530890625 0.15486825625 0.836393990625 0.17433340625 0.8358544796875 0.19010906249999998 0.8580958375 0.1904466515625 0.8931964687499999 0.2134324984375 0.9054861187500001 0.193166728125 0.906145496875 0.1647213515625 0.853719328125 0.11679637812500002 0.8363638734375 0.11564371874999999
10 0.6858604453125 0.2869816265625 0.7274355921875 0.28561190000000003 0.7728774578125 0.2674054796875 0.7747658390625001 0.253428759375 0.749257109375 0.2065792703125 0.7233588546874999 0.22152540781250002 0.71793344375 0.238116134375 0.6900867703125 0.23213577500000002 0.6858604453125 0.2869816265625
1 1 0.32737228281249997 0.9787750515625 0.34589297812500003 0.9313847703124999 0.3431729015625 0.8289906374999999 0.358736415625 0.8169108109375 0.3774492171875 0.8168808921874999 0.4012356875 0.8251839546875 0.41047632968750003 0.8579165281250001 0.41564161874999994 0.917476590625 0.41076564375 1 0.391649771875 1 0.32737228281249997
6 0.6796875 0.2556878828125 0.69278451875 0.23573364687499998 0.7066029453125 0.23950031093750002 0.7232389875 0.234195125 0.728454578125 0.2191573671875 0.761426890625 0.19898321875 0.7670621234375 0.18083952187500002 0.80710849375 0.1554373625 0.8167003953125 0.131573721875 0.833036665625 0.11670475625000001 0.837023253125 0.0871983421875 0.81604081875 0.077542940625 0.8087868578125 0.060537453124999994 0.7982956421875 0.0557097515625 0.7493466640625 0.0527437078125 0.697460203125 0.07151923437499999 0.6796875 0.06949638125 0.6796875 0.2556878828125
6 0.6796875 0 0.6796875 0.0739309703125 0.6908057859375 0.07364130625000001 0.7043244421875 0.067844190625 0.7141560796875 0.0186411125 0.71098480625 0 0.6796875 0
6 1 0.0697531328125 0.98818645625 0.052367371875 0.9370792437500001 0.0300278015625 0.90569554375 0.026661448437500002 0.888639859375 0.0350725703125 0.8418792375 0.1101697421875 0.884653471875 0.1470551390625 0.9402269453125001 0.1716855765625 0.9575524812499999 0.196624703125 0.9812326640624999 0.20987797656249998 1 0.20074554687499999 1 0.0697531328125
6 0.7820153640624999 0 0.7798011328125 0.0512051890625 0.7881941453125 0.07156258125 0.7855863515625 0.079081459375 0.8265920687499999 0.1172738609375 0.8381323890625 0.1143367171875 0.8406502343750001 0.0957010875 0.88342426875 0.050110328125000006 0.89436504375 0.028045621875 0.8924166265625001 0.0071191265625 0.887501375 0 0.7820153640624999 0
6 0.6796875 0.45 0.8285263265625 0.45 0.8270125015625001 0.4440725453125 0.8213770703125001 0.3797400859375 0.7983263515625 0.36182790625 0.7911023078125 0.3210359484375 0.7320817546875 0.3101362671875 0.6796875 0.282748540625 0.6796875 0.45
6 0.9308149453125001 0.21778271718750003 0.91762598125 0.2093571453125 0.8797976843749999 0.2065598953125 0.85590768125 0.19485959218749999 0.8357346124999999 0.2027787828125 0.828540684375 0.2206765140625 0.8331569312500001 0.2689873484375 0.8472452109375 0.3061042625 0.8611535890625 0.3209876765625 0.8914881874999999 0.33211887500000004 0.8871118765624999 0.3409447578125 0.8942758843749999 0.34683349531249996 0.981262978125 0.35104381875 0.988876546875 0.33004015 0.9836009203125 0.3101746890625 0.9308149453125001 0.21778271718750003
6 1 0.7764313609375 0.9503266609375001 0.7839420984375 0.9488872015625001 0.7489828109375 0.9321795421875001 0.7410887796875001 0.92668023125 0.7354501843750001 0.9218613265625001 0.7489828109375 0.9118052703125 0.7455996546874999 0.8984496312499999 0.7388333421875 0.89402396875 0.7354501843750001 0.8938416625000001 0.6948523015625 0.875170225 0.6745533625 0.8632028203125 0.6565098578125 0.8590655328124999 0.6407217953125001 0.8537497343749999 0.62718916875 0.8595636359375 0.6192951328125 0.8676559109375 0.6102733812500001 0.8812212796875001 0.6080179453125 0.8892086890625001 0.60350706875 0.865928075 0.5877190046875 0.84225421875 0.5888467234375 0.8287674953125 0.5877190062500001 0.812033621875 0.5809526890625 0.8054082328125001 0.5753140968749999 0.80669160625 0.5685477828125001 0.7845620765625 0.6001239125 0.7703413078125 0.6305723234375 0.7564351312500001 0.64748810625 0.747792321875 0.6801919562500001 0.7414541015625 0.7106403671875 0.720554303125 0.7861975359375 0.7132473 0.8098796328125001 0.7039240828125 0.8234122609375 0.7026301171875 0.8358171703125 0.7538897640625 0.8538606734374999 0.761667446875 0.8583715484375001 0.768135540625 0.8707764578125001 0.7904211578125 0.8809259265625 0.8514641093750001 0.9192683718750001 0.9508985781250001 0.9530999390625 0.9742316265625 0.9666325656249999 0.99581485625 0.9765625 1 0.9765625 1 0.7764313609375
2 1 0.5254681953125 0.9891805515625001 0.52546819375 0.9671501750000001 0.5294617031250001 0.9377571375 0.5284633249999999 0.9151237421874999 0.53694953125 0.8850348468749999 0.5444373609375 0.8834462671875001 0.5484308703125 0.8854633828124999 0.5688976015625 0.8892547484375001 0.577383809375 0.9163977437499999 0.610829446875 0.94212665 0.6193156515625 0.9670324609375001 0.6203140296875 0.9765635125 0.6178180875 0.9801580171875 0.6133253890625 0.9901876484375001 0.610829446875 0.9917414125 0.6083335015625 0.99844428125 0.5559187 1 0.550132109375 1 0.5254681953125