9 0.331680428125 0.5296875 0.321306484375 0.5094208828125 0.3034117953125 0.4979900828125 0.2770094296875 0.470090421875 0.2602791828125 0.4673099265625 0.20063010937499998 0.4728231625 0.1603491484375 0.482019953125 0.1595411234375 0.49471022812500004 0.121581734375 0.5296875 0.331680428125 0.5296875
9 0.098373715625 0.221069059375 0.004242178125 0.26016154375 0.013106270312500001 0.2979709890625 0.032355471875 0.338156915625 0.0398174578125 0.37489695156249997 0.047992434375 0.38889429999999997 0.15669168125 0.3365174578125 0.176939134375 0.3186940828125 0.1828125 0.303096434375 0.1828125 0.300766825 0.1685740890625 0.2845919125 0.1597337171875 0.2656515328125 0.1592109515625 0.24307519375000003 0.13064605 0.19911068125 0.1113729703125 0.20547953593749999 0.098373715625 0.221069059375
9 0.1549114359375 0.22623509999999997 0.15080015156249998 0.2330792859375 0.158642428125 0.24460511875000002 0.1633002015625 0.2792063375 0.18152759062499998 0.2931086515625 0.195073328125 0.31896453125 0.173899096875 0.3205567046875 0.1580956296875 0.3340074125 0.162800996875 0.3409229109375 0.192641234375 0.3484375 0.195880328125 0.3484375 0.2103301546875 0.3294922703125 0.30013661875 0.2582700828125 0.3015625 0.253139621875 0.3015625 0.248822425 0.271357771875 0.2407555296875 0.22832019374999998 0.22012778281249998 0.2017038828125 0.21867808125 0.1934575921875 0.2134973859375 0.1761569828125 0.215826271875 0.1549114359375 0.22623509999999997
9 0 0.4900809953125 0.286213009375 0.47125874999999995 0.28304385781249997 0.4269511203125 0.3117924609375 0.4328668015625 0.32581059843750004 0.44356128437500003 0.3296875 0.4475023109375 0.3296875 0.44498026093750004 0.3036328359375 0.3514864359375 0.2961087265625 0.3371218828125 0.29737554843749997 0.3257677921875 0.29571205625 0.3134102140625 0.2836730609375 0.27588835624999997 0.2555059625 0.29505740937499997 0.27047526718750003 0.3335827515625 0.20046558750000001 0.3430069609375 0.1904078375 0.35135059062499996 0.1795048421875 0.343032659375 0.1731956453125 0.34807579375 0.1853945703125 0.4386980328125 0.067523865625 0.4559629 0.05788768749999999 0.43629087968749997 0.030326993749999996 0.42881734375 0.01100273125 0.42023507968749996 0 0.414665578125 0 0.4900809953125
9 0 0.2967777671875 0.0106161890625 0.286331940625 0.00562571875 0.24925920625 0.0206211625 0.24849877656250002 0.02439975 0.23918307656249999 0.0557927421875 0.238731625 0.098450184375 0.2191497234375 0.11729552968750001 0.2002569421875 0.140625 0.19958179375 0.140625 0.191855996875 0.1323626015625 0.059832160937500004 0.1350480625 0.0330495015625 0.1296772984375 0.021190970312499998 0.1044630953125 0.020810676562499998 0.016510346875 0.059071417187499996 0 0.0681121328125 0 0.2967777671875
6 0.3796875 0.5296875 0.3796875 0.37348333437500003 0.357747384375 0.37643675781249997 0.3336714953125 0.3740859015625 0.310862428125 0.360380959375 0.329740215625 0.448706190625 0.3157220765625 0.438011709375 0.2995399609375 0.45277153437499995 0.294154925 0.4646799921875 0.31796706874999997 0.47545401875 0.32694283125 0.4798375453125 0.34544885000000003 0.4927237921875 0.340433478125 0.5073783734374999 0.34009081874999997 0.5255977859375001 0.33809461875 0.5296875 0.3796875 0.5296875
5 0.143498534375 0.157411790625 0.1390625 0.189073728125 0.1390625 0.189749603125 0.14290429531249998 0.2090759546875 0.154049834375 0.22644787812499997 0.1927623390625 0.21494592343750002 0.20875587499999998 0.221600040625 0.232567971875 0.220910925 0.24238271875 0.2283967875 0.2590969140625 0.23125 0.267919184375 0.23125 0.27163689375 0.2307495484375 0.28125 0.220952946875 0.28125 0.2180446203125 0.2795980828125 0.205773009375 0.25540585 0.16625248125 0.21961646875000002 0.1433908796875 0.18584699531249999 0.1542274421875 0.1641737171875 0.15211234375 0.143498534375 0.157411790625
5 0.2983307359375 0.3316447578125 0.30677900625 0.35287463125 0.33001096093750004 0.3640625 0.33497898125000003 0.3640625 0.349227990625 0.3359768890625 0.3640625 0.3195536109375 0.3640625 0.3172554875 0.321401446875 0.26423366875 0.3054560734375 0.249604784375 0.29120119375 0.2682990140625 0.2908585359375 0.2865184265625 0.300046134375 0.31324055781250004 0.2983307359375 0.3316447578125
10 0.3796875 0.5296875 0.6589561671874999 0.5296875 0.6599552109375 0.5228970015625001 0.7049067843750001 0.2361647890625 0.715625 0.146897446875 0.715625 0.13381060625000002 0.714208378125 0.1282933359375 0.71158010625 0.1249554125 0.7026299593750001 0.12066092343749998 0.6461748671875001 0.11750911875 0.604943546875 0.12009110781250001 0.5009835125000001 0.1180819890625 0.4060181125 0.114983653125 0.385203790625 0.11085415000000001 0.38199648124999996 0.11330909062500001 0.3796875 0.1168426390625 0.3796875 0.5296875
10 0.42880144531250003 0 0.3796875 0.032111181249999995 0.3796875 0.1128714703125 0.6064660390625 0.1198732328125 0.6662694359375 0.1142209125 0.6671875 0.11187260937500002 0.6671875 0.09284083125 0.6603072265625001 0.07509566250000001 0.585706296875 0 0.42880144531250003 0
10 0.8869108921875 0.5296875 0.893664321875 0.34085570781249996 0.8939606781249999 0.283565890625 0.901312615625 0.10630381874999999 0.8991148625000001 0.09372027968749999 0.8931307562499999 0.08938454375 0.8239429328125001 0.095087021875 0.7066266359375 0.11310875312499999 0.7059028359375 0.1203498328125 0.7156325671875 0.126722440625 0.715306090625 0.1448045140625 0.6672888968749999 0.49183780468749994 0.6612204765625 0.5296875 0.8869108921875 0.5296875
0 0.04609570625 0.5296875 0 0.5842931828125 0 0.8396003140625 0.18309821875 0.9859375 0.1866451796875 0.9859375 0.203545403125 0.9746706843750002 0.2582539234375 0.9065092484375 0.3165498875 0.8464195625000001 0.3796875 0.7725023578125001 0.3796875 0.6797952281249999 0.17264235781249998 0.5296875 0.04609570625 0.5296875
0 0 1 0.21678354687499998 1 0.2003538390625 0.98011140625 0.1851072046875 0.9863894343750002 0.0541655 0.87697239375 0.040712584375 0.8706943671874999 0.031743975 0.8706943671874999 0.0102193109375 0.882353559375 0 0.8917553265624999 0 1
0 0.3796875 1 0.3796875 0.8343079953125001 0.3786645171875 0.833082259375 0.368799046875 0.82680423125 0.3293371640625 0.82680423125 0.30512191718750004 0.8537100609374999 0.2925658625 0.875234725 0.280009809375 0.8859970578125 0.2620725890625 0.9290463843750001 0.2674537546875 0.991826653125 0.2695859328125 1 0.3796875 1