6 0.39754464375 0.16328125 0.3805803578125 0.17488839375 0.37611607187499996 0.184709821875 0.3582589296875 0.190959821875 0.35379464375 0.196316965625 0.30915178593750003 0.2052455359375 0.2966517859375 0.2114955359375 0.2680803578125 0.23828125 0.26004464375 0.253459821875 0.24308035781249998 0.2677455359375 0.24308035781249998 0.2731026796875 0.2555803578125 0.2864955359375 0.2645089296875 0.30703125 0.27879464375 0.32220982187499997 0.27254464375 0.33381696562499996 0.2743303578125 0.3731026796875 0.2859375 0.37220982187499996 0.34129464375 0.3543526796875 0.3895089296875 0.346316965625 0.39575892968750004 0.3427455359375 0.4091517859375 0.3239955359375 0.42879464375 0.3079241078125 0.44486607187500005 0.2543526796875 0.457366071875 0.2266741078125 0.4578125 0.211049134375 0.4578125 0.1945312484375 0.4529017859375 0.184709821875 0.4296875 0.16863839375 0.4171875 0.1641741078125 0.39754464375 0.16328125
2 0.15412946562500002 0.21875 0.1371651796875 0.22142857187499998 0.1282366078125 0.23303571406249998 0.111272321875 0.2732142859375 0.1657366078125 0.2875 0.21752232187499998 0.2053571421875 0.2203125 0.1976841546875 0.2203125 0.19534040156250002 0.21752232187499998 0.19464285625 0.18091517968749998 0.2 0.16395089375 0.2080357140625 0.15412946562500002 0.21875
1 0.55 0.2108361453125 0.605322384375 0.3319191 0.6041058390625 0.325836375 0.6625 0.25770985468749996 0.7111618 0.2078315078125 0.7707725062499999 0.1518704375 0.74765815 0.11172445312499998 0.7038625296875 0.0800942828125 0.6819647203125 0.06184610625 0.629653284375 0.033865571875 0.605322384375 0.0898266421875 0.5615267640625 0.1616027984375 0.55 0.17787587656249998 0.55 0.2108361453125
1 0.6071597875 0 0.57247566875 0.03143248125 0.55 0.0516605828125 0.55 0.1919959265625 0.6041058390625 0.0849604625 0.62722019375 0.0350821171875 0.6637165453125 0.0545468375 0.6576338203125001 0.0204835765625 0.6705708171875 0 0.6071597875 0
5 0.8048357671874999 0.1433546234375 0.786587590625 0.1032086375 0.7695559609375 0.136055353125 0.780504865625 0.1676855234375 0.7452250609375 0.18593369843750002 0.7111618 0.221213503125 0.7087287109375 0.21756386874999997 0.7111618 0.2674422140625 0.69777980625 0.26014294375 0.69899635 0.29663929375000003 0.7099452562499999 0.3246198296875 0.717244525 0.34895072968749996 0.707512165625 0.3635492703125 0.7148114359375001 0.374498175 0.8109184921875 0.28812347968749996 0.8121350359375 0.21634732343750002 0.8048357671874999 0.20296532812499998 0.8145681265625001 0.1798509734375 0.8048357671874999 0.1433546234375
6 0.6971715328125 0.296031021875 0.6980839421875 0.296031021875 0.6962591234375 0.2951186125 0.6141423359375 0.3544251828125 0.6506386859375001 0.4192062046875 0.7008211671875 0.46665145937499997 0.7756386859375001 0.535994525 0.8221715328125001 0.5724908765625 0.8604927 0.582527371875 0.90994525625 0.507898971875 0.90994525625 0.4744373484375 0.90793795625 0.38544707968749997 0.87600365 0.369023721875 0.82399635 0.34256386875 0.777463503125 0.3179288328125 0.7099452562499999 0.374498175 0.7053832109375 0.36628649687500003 0.718156934375 0.3443886859375 0.709032846875 0.31975365 0.698249834375 0.29639045625 0.6971715328125 0.296031021875
8 0.74644160625 0.143658759375 0.763777371875 0.15734489062499998 0.7719890515625 0.1500456203125 0.7674270078125 0.129972628125 0.768339415625 0.13270985468750002 0.782025546875 0.105337590625 0.78293795625 0.0670164234375 0.7573905109375 0.041468978125 0.7382299265625 0.03143248125 0.7154197078125 0.015009123437499999 0.6916970796874999 0.00406021875 0.6643248171875 0.015009123437499999 0.634215328125 0.0341697078125 0.62600365 0.036906934375 0.6241788328125 0.056979926562500005 0.6916970796874999 0.0953010953125 0.74644160625 0.143658759375
6 0.794531246875 0.6390625 0.81943430625 0.634534671875 0.829470803125 0.6098996343749999 0.8376824812500001 0.573403284375 0.8285583937500001 0.5752281015625 0.7947992703125 0.5478558390625 0.7354927 0.499498175 0.6561131390625 0.421031021875 0.709032846875 0.504972628125 0.6834854015625 0.5305200734375 0.654288321875 0.49858576718750003 0.62600365 0.45752737187500003 0.625091240625 0.577965328125 0.625091240625 0.5770529203125 0.6225288609375 0.6390625 0.6907944484375 0.6390625 0.6926094890625001 0.6327098546875 0.7026459859375 0.6290602187500001 0.704127034375 0.6172118281250001 0.71906934375 0.6263229921875 0.7583029203125 0.6363594890625001 0.7812785171875 0.6390625 0.794531246875 0.6390625
6 0.2959228515625 1 0.297021484375 0.994873046875 0.297021484375 0.973876953125 0.330224609375 0.950927734375 0.3671875 0.9159102593749999 0.3671875 0.9154994421874999 0.363916015625 0.909423828125 0.360009765625 0.906494140625 0.310205078125 0.887451171875 0.272119140625 0.881103515625 0.253076171875 0.884033203125 0.248681640625 0.883056640625 0.246240234375 0.881103515625 0.248193359375 0.864990234375 0.239404296875 0.860595703125 0.225732421875 0.858154296875 0.220849609375 0.859619140625 0.216455078125 0.864013671875 0.212060546875 0.881103515625 0.202294921875 0.898681640625 0.176416015625 0.921630859375 0.139794921875 0.974365234375 0.138330078125 0.993408203125 0.1412139890625 1 0.2959228515625 1
5 0.13864453125 1 0.13955078125 0.97734375 0.1556640625 0.9607421875 0.16884765625 0.9431640625 0.17568359375 0.93046875 0.17568359375 0.920703125 0.1703125 0.9138671875 0.16201171875 0.90947265625 0.11708984375 0.893359375 0.08779296875 0.87822265625 0.07802734375 0.877734375 0.070703125 0.8787109375 0.04677734375 0.88798828125 0.07607421875 0.92607421875 0.08291015625 0.9294921875 0.0853515625 0.93388671875 0.0833984375 0.9666015625 0.07412109375 0.996875 0.0743366109375 1 0.13864453125 1
5 0.137109375 0.7830078125 0.1556640625 0.80498046875 0.17177734375 0.82060546875 0.1859375 0.8240234375 0.21328125 0.825 0.2494140625 0.8318359375 0.266015625 0.82890625 0.26943359375 0.8259765625 0.26650390625 0.81669921875 0.26650390625 0.8083984375 0.271875 0.7908203125 0.271875 0.77958984375 0.26748046875 0.76884765625 0.25478515625 0.7478515625 0.24111328125 0.7322265625 0.22890625 0.7263671875 0.2142578125 0.72587890625 0.1908203125 0.729296875 0.15078125 0.7439453125 0.1478515625 0.748828125 0.1478515625 0.752734375 0.152734375 0.7595703125 0.1517578125 0.76201171875 0.1439453125 0.76201171875 0.13662109375 0.75908203125 0.13271484375 0.7615234375 0.13173828125 0.76982421875 0.137109375 0.7830078125
2 0.55 0.89190388125 0.553466796875 0.890576171875 0.559326171875 0.895947265625 0.572509765625 0.914990234375 0.5818196609374999 0.915625 0.5968401234375 0.915625 0.605712890625 0.913037109375 0.615478515625 0.904248046875 0.6234375 0.8925436578125 0.6234375 0.8914784749999999 0.600341796875 0.853466796875 0.602783203125 0.835400390625 0.610107421875 0.815380859375 0.610107421875 0.796826171875 0.605224609375 0.783154296875 0.585693359375 0.781689453125 0.568603515625 0.785107421875 0.558349609375 0.776806640625 0.55 0.77314453125 0.55 0.89190388125
2 0.55 1 0.55185546875 1 0.558349609375 0.99814453125 0.561767578125 0.9908203125 0.581298828125 0.97763671875 0.603759765625 0.95908203125 0.628125 0.9433162906250001 0.628125 0.9427539062499999 0.623779296875 0.941015625 0.593505859375 0.9400390625 0.590087890625 0.9380859375 0.591064453125 0.93173828125 0.588134765625 0.92783203125 0.575927734375 0.929296875 0.562744140625 0.93515625 0.553955078125 0.93369140625 0.55 0.9349083531249999 0.55 1
5 0.59541015625 0.93837890625 0.6134765625 0.9408203125 0.6310546875 0.941796875 0.64765625 0.94033203125 0.6583984375 0.949609375 0.67255859375 0.9486328125 0.67841796875 0.9447265625 0.67939453125 0.93544921875 0.6701171875 0.902734375 0.6544921875 0.87734375 0.64619140625 0.86953125 0.6505859375 0.86171875 0.65791015625 0.8578125 0.67353515625 0.8548828125 0.6828125 0.85048828125 0.69111328125 0.84462890625 0.696484375 0.8373046875 0.68818359375 0.83388671875 0.669140625 0.8314453125 0.65546875 0.82314453125 0.63935546875 0.81923828125 0.63740234375 0.81484375 0.61689453125 0.8119140625 0.61494140625 0.81923828125 0.60908203125 0.82265625 0.60419921875 0.83046875 0.6046875 0.83583984375 0.60078125 0.8421875 0.5998046875 0.8509765625 0.6232421875 0.89248046875 0.61201171875 0.90712890625 0.598828125 0.9173828125 0.59296875 0.9359375 0.59541015625 0.93837890625
4 0.6875893109375 1 0.6873120640625 0.997641184375 0.6803713015625 0.99603798125 0.67022709375 0.99603798125 0.66595585625 0.9896252000000001 0.6654219390625 0.9805404109375001 0.6627524140625 0.9671804359374999 0.66462109375 0.9586300484375 0.6654219390625 0.9511484640625 0.660883753125 0.9503468671874999 0.65581165 0.9551564578124999 0.6488708875 0.96130204375 0.639260596875 0.964508440625 0.6294993890625 0.9728061203125 0.630718103125 0.9813420078125 0.630985071875 0.9861516078125 0.6317859171875 0.9971067843749999 0.6305815265625 1 0.6875893109375 1
5 0.7801317828125001 1 0.786558825 0.9963240062500001 0.7963292125000001 0.9855666453125 0.8060995999999999 0.9777431015625 0.814160178125 0.9701640515625 0.818556859375 0.9620960171874999 0.8200224328125 0.95305005625 0.82148796875 0.9476713703125 0.8119618546874999 0.9471823968749999 0.8026799796875 0.9452265140625 0.7894899703125 0.9454709953125 0.763842703125 0.942292684375 0.753828040625 0.9359360609374999 0.747721546875 0.93398016875 0.7543165515625001 0.9452265140625 0.7567591484375 0.9513386546875001 0.7577362093750001 0.9574507953125 0.7584689593749999 0.9618515359375 0.7523624671875 0.9581842515625001 0.7513854421875 0.9535390203125 0.7496756328125 0.9476713703125 0.7474772734374999 0.944982021875 0.74014948125 0.9430261390625001 0.7340429890625 0.9408257734374998 0.732577453125 0.9391143718749999 0.7298905828125 0.93398016875 0.728669284375 0.9327577453125 0.7196316828125 0.9337356874999999 0.71572353125 0.9361805437499999 0.7118153609375 0.9366695171874999 0.70522035625 0.9361805437499999 0.703266271875 0.9361805437499999 0.7020449734375 0.93300223125 0.69593848125 0.9337356874999999 0.6866566234375 0.9337356874999999 0.682504196875 0.934224659375 0.6793288328125 0.934224659375 0.6799890203125 0.9405522171874999 0.6804121750000001 0.9430935328124999 0.67857848125 0.9446465578125001 0.6756163421875 0.9473290640625001 0.671102621875 0.9484585375 0.663908875 0.9487409078125 0.6581256671875 0.949305640625 0.6545993203125 0.94704669375 0.6526245640624999 0.9445053765625 0.6499445374999999 0.94422300625 0.64684135625 0.94422300625 0.6451487031250001 0.9454936671875 0.6417634078125001 0.9467643234375 0.638519175 0.9497291984375 0.6335822890625 0.9490232765625001 0.629773828125 0.9484585375 0.6262474796874999 0.94563485 0.6242727343750001 0.9452112984374998 0.6163737140625 0.9502939328125001 0.6107315578125 0.952270515625 0.6163737140625 0.9562236765625001 0.6227211328125 0.9539647296875 0.62511905625 0.9545294640625 0.6272348640625001 0.9573531515625 0.62695275 0.9604592078125 0.6265295953125001 0.9624357921875 0.631748584375 0.9618710515625001 0.6335822890625 0.9569295984374999 0.6390833921875 0.9552353859375 0.6434560609375 0.9550942031249999 0.6445844859375 0.959329734375 0.64850011875 0.9601882312499999 0.6542462375 0.955321628125 0.6575613078125 0.9513398656250001 0.66463346875 0.9508974468750001 0.6679485390625001 0.9513398656250001 0.665296471875 0.9568700937500001 0.6648544703125 0.96416999375 0.6641914484375 0.9685941765624999 0.6690535625 0.969700221875 0.6717056125 0.9741244046875 0.6728106359374999 0.9785485875 0.668169540625 0.9834152062499999 0.668169540625 0.9904938828125001 0.67214763125 0.9929271796875 0.68098781875 0.9944756625 0.6880599625 0.9953604859375 0.6900490078125 0.999121034375 0.6896912421875 1 0.7127759859375 1 0.7137694453125001 0.9987688640625001 0.7188988953125 0.9921677578124999 0.7213414921875 0.9897229015625 0.7219119218750001 1 0.7801317828125001 1
5 0.72236328125 0.8470703125 0.719921875 0.83681640625 0.723828125 0.834375 0.72626953125 0.82900390625 0.7267578125 0.82265625 0.72431640625 0.8177734375 0.7267578125 0.81484375 0.7267578125 0.80654296875 0.72041015625 0.7923828125 0.71748046875 0.78798828125 0.70234375 0.78896484375 0.690625 0.781640625 0.68427734375 0.78115234375 0.6798828125 0.78310546875 0.67646484375 0.78798828125 0.67158203125 0.81435546875 0.659375 0.82314453125 0.65986328125 0.8255859375 0.67060546875 0.8314453125 0.6779296875 0.828515625 0.68818359375 0.82998046875 0.71259765625 0.8490234375 0.7208984375 0.85146484375 0.72236328125 0.8470703125