0 0 0 0 0.0321720203125 0.039125065625 0.0278500859375 0.12305421875 0.007503996875 0.135208271875 0 0 0
0 0.0264352578125 0.02887083125 0.0203738828125 0.07624855625 0.03523434375 0.098877265625 0.049312334375 0.1046875 0.060057465624999994 0.1046875 0.08144089843749999 0.09988098125 0.0965781640625 0.100237134375 0.10125418281250001 0.0958829953125 0.11032874374999999 0.075277671875 0.115625 0.0482283890625 0.115625 0.0431600671875 0.11407985937500001 0.031266721875 0.1048566484375 0.011357353125 0.0722903484375 0.014804959375000001 0.0264352578125 0.02887083125
7 0 0.203004534375 0.0107398671875 0.1987492890625 0.0970896046875 0.14562564375 0.1046875 0.132828009375 0.1046875 0.11872036875 0.104278696875 0.1124596265625 0.09612770625 0.104382559375 0.100671246875 0.0953125 0.073050865625 0.0953125 0.06335793281249999 0.0991056671875 0.0323441390625 0.10083751406250001 0.0032713125000000003 0.11750945937499999 0 0.11834216718749999 0 0.203004534375
10 0.7427967203125 0.1106938328125 0.7626053500000001 0.1234692640625 0.7729025625 0.139522903125 0.7833912640625 0.140625 0.7879115703124999 0.140625 0.8076031390625001 0.12320683437499999 0.8120014281250001 0.0732287328125 0.81875 0.0584553390625 0.81875 0.0415257078125 0.8180067796875001 0.02324125625 0.8068756671875 0.0140625 0.766075784375 0.0140625 0.7526410203125 0.0365134265625 0.754706465625 0.047780965625 0.7392906546875 0.0639845671875 0.7427967203125 0.1106938328125
10 0.5423986562499999 0 0.5427806265624999 0.00564881875 0.546518615625 0.018517975 0.5873877671875001 0.0515625 0.588295965625 0.0515625 0.60853928125 0.0020425734375 0.6100078859375 0 0.5423986562499999 0
10 0.43563122656250003 0 0.392515190625 0.0758974671875 0.3914319921875 0.0887947390625 0.40663714687499997 0.1125 0.40772440000000004 0.1125 0.42898380625000004 0.10307806093750001 0.46099412031250003 0.0996686375 0.5003849234375 0.0801024734375 0.53738286875 0.041213834375 0.5347935625 0.01705839375 0.5204198015625 0 0.43563122656250003 0
10 0.4244495375 0.1016857953125 0.4138549171875 0.117861278125 0.4136884765625 0.153312375 0.4807567875 0.1819258828125 0.49118952656250003 0.1828125 0.4991828734375 0.1828125 0.5341527859375 0.150998453125 0.5453125 0.13305630156249998 0.5453125 0.128455215625 0.5387475234375 0.10585331406250001 0.5287777265625 0.0978546109375 0.511034540625 0.0963467203125 0.4244495375 0.1016857953125
10 0.625664878125 0.19793140781250002 0.6294383437500001 0.1721274890625 0.61868275 0.1447969359375 0.5823451046875 0.1208383171875 0.5613877890625 0.119349171875 0.531770334375 0.1420810734375 0.47184512187500005 0.2101080765625 0.467744240625 0.22785705625000002 0.47853535625 0.2609375 0.48402742656250003 0.2609375 0.5171348484375 0.2565736578125 0.5563946875 0.233785521875 0.5995234828125 0.227088515625 0.625664878125 0.19793140781250002
10 0.5465549218750001 0.23934378750000002 0.5118543437499999 0.2556598578125 0.512116275 0.2621038078125 0.538588359375 0.284375 0.5389591828125 0.284375 0.5544237984375 0.27474802187499997 0.5943384671875 0.26806976250000003 0.6359375 0.2473424453125 0.6359375 0.24543281718749999 0.6180215203125 0.217979190625 0.606575625 0.21321183437500002 0.5753511078125 0.23595310937499997 0.5465549218750001 0.23934378750000002
10 0.568557190625 0.33083745468750003 0.6068902609375 0.353125 0.6251413859375 0.353125 0.6257211874999999 0.3530632453125 0.6381848031249999 0.3433223390625 0.671875 0.284971396875 0.671875 0.282175984375 0.657278590625 0.2594197734375 0.63271425 0.2482834484375 0.5580635296875001 0.30995085 0.568557190625 0.33083745468750003
10 0.8423925656249999 0 0.8284135359375 0.020105246875 0.8290028828124999 0.034604134375 0.8734413312499999 0.060126878125000005 0.9115056890624998 0.0671875 0.9155646812499999 0.0671875 0.915625 0.063498415625 0.915625 0.011587215625 0.8876129687500001 0.013314515625 0.8846537109374999 0 0.8423925656249999 0
1 0.5485853468749999 0.12310406874999999 0.5758399515624999 0.1213337484375 0.6689487015625 0.1578522328125 0.7289994109375 0.172004340625 0.7627477515625001 0.1718075171875 0.772062721875 0.163696346875 0.77429460625 0.1395127875 0.763800946875 0.11862618437500001 0.6612462625 0.0869968984375 0.612837896875 0.082445109375 0.5640066265625 0.027943334375 0.5395732546875001 0.020028984375 0.5325856609375 0.045851646875 0.5032956203125 0.0766384859375 0.5036885171875 0.08630441093749999 0.5333359765625 0.1038565703125 0.5485853468749999 0.12310406874999999
10 0.4287294515625 0.3381152078125 0.4170456296875 0.35913115 0.511942753125 0.3585777078125 0.4913394609375 0.33613869531249996 0.45096641562500006 0.33154004375 0.4287294515625 0.3381152078125
10 0.2890625 0.3338313 0.29032550625 0.334088275 0.37008935625 0.319120765625 0.38143976406249996 0.281993071875 0.38085041875000003 0.267494184375 0.3742911953125 0.2643096984375 0.37845755937500003 0.24817170625 0.3508100578125 0.2402761 0.32027584375 0.24045417656249998 0.2890625 0.2461180109375 0.2890625 0.3338313
10 0.2890625 0.199752340625 0.2946637796875 0.20354204999999997 0.33310234843750003 0.20009513750000002 0.369213540625 0.1789367328125 0.37105252968749997 0.1450872484375 0.34724397812499996 0.1129987125 0.2995259171875 0.085883725 0.2890625 0.0871157671875 0.2890625 0.199752340625
10 0.4738991515625 0.22344454531250002 0.44959674375 0.2187521703125 0.4260801328125 0.2333916453125 0.426865925 0.2527234953125 0.4189615703125 0.2559923328125 0.3933440375 0.2980373390625 0.396391725 0.33346969375 0.41787290312500003 0.3478467390625 0.444800090625 0.3380214828125 0.488190815625 0.3377684265625 0.4931484421875 0.26200515 0.4738991515625 0.22344454531250002
10 0.40877078749999995 0.123919471875 0.390831153125 0.11757861875 0.37817108906249997 0.122486559375 0.37065963437500005 0.1354213234375 0.370362225 0.167650446875 0.40342026249999996 0.19001682343749998 0.40499185156250006 0.2286805234375 0.4312287375 0.24141846406249998 0.4466445484375 0.225214865625 0.44681098906249994 0.18976376718750002 0.4163122515625 0.1512687703125 0.40877078749999995 0.123919471875
10 0.3523271015625 0.1194145453125 0.3675109890625 0.1370510546875 0.386337375 0.1256616734375 0.4119849140625 0.1239007265625 0.40503279687500005 0.1110503171875 0.366135846875 0.1032203171875 0.3166797578125 0.072892728125 0.302871009375 0.0890869546875 0.3212035421875 0.10509373281250001 0.3523271015625 0.1194145453125
6 0.9915041921875 0.29092414375 0.9985010562500001 0.05045755625 0.9271021140624999 0.062887246875 0.8668849625 0.08418623593749999 0.8058820156250001 0.086153378125 0.794662575 0.126503046875 0.7695388984375 0.1411518921875 0.7576946375 0.20567574687499998 0.73601154375 0.26542287343750004 0.7367973359375 0.28475472343749997 0.7810393390625 0.3054445046875 0.8198708046875 0.311663515625 0.8806118203125 0.3032524265625 0.909866384375 0.31113865937499996 0.9593579515624999 0.302793175 0.9915041921875 0.29092414375
6 0.64436736875 0 0.6113317921875 0.045392396875000005 0.6040822671875 0.0647711109375 0.60982021875 0.0872968171875 0.6986016312500001 0.09644725781249999 0.7064405015624999 0.0915674328125 0.702833475 0.0819202515625 0.734712825 0.075288853125 0.7502595999999999 0.062307228125 0.7681037453124999 0.0267530328125 0.7732365015625 0 0.64436736875 0
9 0.2890625 0.56484765 0.2733702796875 0.54256654375 0.2264738953125 0.4938898796875 0.21557120156249998 0.4857395828125 0.20636631875 0.48387255937500007 0.1874617984375 0.4936815921875001 0.18121466875 0.500440034375 0.125376846875 0.537749290625 0.117321365625 0.5462275875 0.10658125781250001 0.5530377921875 0.099621515625 0.5623803859375001 0.0874567296875 0.5698646843749999 0.06729065625 0.5908141171875 0.052824381249999997 0.6000787578125 0.03731655625 0.613465940625 0.0347955953125 0.6177699437499999 0.0374190328125 0.6728757890624999 0.034896996875 0.6861681890625 0.028046184374999998 0.70099025 0.022346925 0.7081808421875 0.02174378125 0.7117502578125 0.0246468015625 0.71988309375 0.0488062578125 0.7528727734375 0.0649681921875 0.7678681968750001 0.08304687031249999 0.7911174296875 0.095757378125 0.802042071875 0.10791947500000001 0.8170287640625 0.11997264218749999 0.8265359906249999 0.1283005625 0.8375 0.1373420640625 0.8375 0.1396418140625 0.837106434375 0.14857356875 0.8320160874999999 0.1549307046875 0.8217487125 0.16758863125 0.814203928125 0.174109965625 0.80541445625 0.1873704953125 0.7987944484375 0.1912066703125 0.7928310781250001 0.1990426796875 0.7868764390625 0.20359146562500002 0.7783289203125 0.214769978125 0.7709655953125 0.220414503125 0.76328236875 0.2330176953125 0.755244946875 0.23729227343749998 0.7487284546874999 0.24945706093750003 0.74124415625 0.254224778125 0.7346671734375001 0.26534855625 0.7268112171875 0.27088361562499996 0.7181427203125 0.284034678125 0.7105374453125 0.288802396875 0.7039604640625 0.2890625 0.7038200609375 0.2890625 0.56484765
9 0.2890625 0.7909609171875001 0.26910301875 0.7678334171875 0.2586398046875 0.7501415984375 0.2385316890625 0.7446184765625 0.231901425 0.7479284796875 0.2072423765625 0.76892966875 0.170582203125 0.8033872593750001 0.155841721875 0.8146829296875 0.13562091406250001 0.835139725 0.128936453125 0.8334628937499999 0.112390846875 0.8195132296875001 0.1098704234375 0.8193230343749999 0.1071852640625 0.8221491359375002 0.083236134375 0.86303716875 0.0799467546875 0.8784210828125001 0.0630695234375 0.8884807984374999 0.069971840625 0.9011165640625001 0.0651493890625 0.9072009109374999 0.0535872078125 0.9156099890625 0.047065871875 0.9243994609375001 0.017964815624999998 0.9774044296875001 0.0143481109375 0.9808441406250001 0.0087577828125 0.9935141984375001 0.009469315624999999 0.9999184484375 0.0095979484375 1 0.2666539765625 1 0.27800895625 0.9784645937499998 0.2872170671875 0.953366428125 0.2890625 0.950497684375 0.2890625 0.7909609171875001
1 0 0.5619460859375 0.019163320312500003 0.5618710234375 0.0833238375 0.5724770218749999 0.0902277703125 0.571630190625 0.1155988890625 0.5525390515625 0.129572565625 0.5388406984375 0.1359375 0.5355381109375 0.1359375 0.5241444796875 0.1357660390625 0.5226012250000001 0.1328072109375 0.5229641515625 0.13571130468749998 0.5221085890625 0.13549237187500002 0.52013805 0.1289721125 0.5199391265625 0.1279316421875 0.5150732703124999 0.12223345625 0.5132754625 0.1163158 0.5140013203125 0.1123154265625 0.5184867859375 0.098014425 0.5202409328125001 0.07708477500000001 0.5118224921875 0.06700469375 0.49757911718750003 0.053362107812500004 0.491762284375 0 0.48942457343749995 0 0.5619460859375
3 1 0.7917443484375 0.9911593421875 0.7892492953125 0.982043571875 0.77687861875 0.9707438484375001 0.7478395718749999 0.9413906531249999 0.724684684375 0.9323234453125 0.7206664187499999 0.9155357359374999 0.7049492171875 0.9113620796875 0.7050221125 0.900442765625 0.7414102781249999 0.9005075187500001 0.7525468265624999 0.9111642437499998 0.790646465625 0.9188887921875001 0.8030414390625001 0.9293715015625 0.811211609375 0.9476273187500001 0.8401291609375001 0.968641296875 0.8648219140624999 0.9905046656250001 0.9159518125 0.9995961515625 0.92414628125 1 0.9242323656250001 1 0.7917443484375
3 0.89452969375 0.8017507046875 0.8932963046874999 0.8289203390625 0.8850096953125 0.8395066421875 0.8766907093749999 0.8445246718749999 0.8551308578124999 0.8455973374999999 0.840458309375 0.8347159265624999 0.835508103125 0.8208802875 0.8332634437500002 0.7937714015624999 0.8142958265625001 0.7620818609375 0.8052002937499999 0.7531913578125 0.8048486734375 0.8123664125000001 0.80699215625 0.8220744437499998 0.8499059265625 0.9041614031249999 0.8520332234375001 0.9110852968749998 0.8507310374999999 0.926422346875 0.855018009375 0.9458384093750001 0.863426028125 0.9561331296875 0.8719150515624999 0.959375 0.8791569078125001 0.959375 0.8961277703124999 0.9569541781249999 0.9037430546875 0.9505562281250001 0.9078641015625 0.941434890625 0.90702685 0.9170858421875 0.902096878125 0.9067303734374998 0.90128390625 0.8865575312499999 0.9125 0.821256759375 0.9125 0.7867329140625 0.8983876890625 0.7473871437499999 0.8888434078125 0.7809668765625 0.8889000671874999 0.7907113531250001 0.89452969375 0.8017507046875
3 0.750619740625 0.7972548515625 0.7493823046875 0.8237284484374999 0.7425354765625001 0.8426428640625 0.7342407718749999 0.8518371 0.7252221296875 0.8561712468749999 0.7036501390625001 0.8551558078125 0.717170240625 0.9071275359375001 0.7172349921875 0.91826408125 0.7138055078125001 0.9266772375000001 0.7146549 0.9531143875 0.7237706687500001 0.9654850625 0.733101953125 0.9671875 0.73589745625 0.9671875 0.754377490625 0.9649504906249999 0.7613093046875 0.9606527921874999 0.7675212265625 0.9521910390624999 0.7702065390625 0.9354376203125 0.7700163328125 0.902724015625 0.7796415515625 0.8830649671875002 0.8015625 0.8230408640625001 0.8015625 0.7495821890625 0.7898405078125 0.7227827171875 0.7856870875 0.7263357828125001 0.774711115625 0.752979471875 0.750619740625 0.7972548515625
3 0.6706460796875 0.7552642781250001 0.6533772499999999 0.7764490359375 0.615325115625 0.8126149921875001 0.6056796625 0.8287938687499998 0.586473740625 0.8757683406249999 0.5840231515625 0.9328917406249999 0.5716681046875 0.961647828125 0.569658165625 0.974908925 0.5780661859375 0.9852036468750001 0.59549689375 0.9918602562500001 0.6121834296875 0.9901766046875 0.6267426671875 0.9815690578125 0.6336137765625001 0.966830846875 0.6383171171875001 0.9382083999999999 0.6451841828125 0.92277415625 0.667969325 0.8931397921875 0.6890625 0.8561252374999999 0.6890625 0.7914692484375 0.6867462718749999 0.772385696875 0.68321156875 0.7627019640625 0.6748197375 0.7551913812500001 0.6706460796875 0.7552642781250001
3 0.4777185390625 1 0.480128715625 0.998248371875 0.5007420437500001 0.9540337375 0.5650169 0.8812123281249999 0.5650047578125 0.879124225 0.553155115625 0.8751545593750001 0.543372065625 0.8676682734375 0.53980903125 0.8531123015625 0.5555935625 0.8159430562499999 0.5596660468750001 0.7984693046875 0.5588975921875 0.7859528390625 0.5511649484375 0.7721658015624999 0.5428216796875001 0.773007625 0.533115521875 0.7787459921875 0.5130521140625 0.79789124375 0.47286054218749995 0.825045203125 0.46249519687500007 0.8370600234375001 0.4618238703125 0.841248378125 0.4653261984375 0.8453638343750001 0.46262874531250003 0.8600291500000001 0.461253715625 0.862837584375 0.4563804 0.862226596875 0.4522714953125 0.8734360406250001 0.45381649687500003 0.899861040625 0.4518510765625 0.9207785125000001 0.4443410140625 0.9452733515624999 0.434687465625 0.9600601609375001 0.42577404375 0.9824911968750001 0.42933303125 0.996351134375 0.4334444921875 1 0.4777185390625 1
3 0.46525152812500004 0.8358308734375001 0.52690986875 0.7915954671875001 0.5511388421875 0.7709852500000001 0.5515268843750001 0.7180744984375 0.530784053125 0.7400160421875001 0.517591753125 0.7444230828125 0.5064620015625 0.744617471875 0.4883275875 0.7365809437499999 0.476417240625 0.722170765625 0.4756123625 0.703389990625 0.48524567812499997 0.6851230140625 0.44774751406249996 0.6969156234375 0.44151130937499994 0.701201171875 0.42777313437500003 0.731373625 0.4087614640625 0.8117577390624999 0.4025616828125 0.8223075953125001 0.391484540625 0.831550428125 0.379800821875 0.8561181671875 0.381264884375 0.8686224812500001 0.3924796234375 0.8830448093750001 0.410515278125 0.8875 0.41861013125 0.8875 0.436274696875 0.8774071640625 0.44731946562499997 0.8625960562500001 0.4528074484375 0.8492742124999999 0.46525152812500004 0.8358308734375001
3 0.6663758046874999 0.6467780765625 0.6522653140625 0.6129153875 0.6488074984375001 0.6164563046875 0.642033515625 0.6478993359375 0.6282224984375 0.6655431765625 0.611596665625 0.6776673421874999 0.5602712984375 0.70431965625 0.5540593734374999 0.7127814109375 0.550694640625 0.7323311140625 0.5511438500000001 0.8095909109375 0.5491055859375 0.8179797656249999 0.5380810515625 0.8362710437499998 0.534036896875 0.858617034375 0.5361641968749999 0.8655409281249999 0.5452637765625 0.8751274656250001 0.559212390625 0.8811487859374999 0.5772901453125 0.8794408359375 0.587695959375 0.8743863578125 0.6145212125 0.8217099687499999 0.6629144078125 0.7693529875 0.6725477203125 0.7510860078125 0.6734375 0.7442497687499999 0.6734375 0.7230769234375 0.6715647796875001 0.7016797312499999 0.6589507265625001 0.6858896343750001 0.660224584375 0.6656803421874999 0.6663758046874999 0.6467780765625
3 0.762309634375 0.634780815625 0.7284068796875001 0.6666976703125 0.7229836453125 0.6911560609375 0.7140095203125 0.7031465828125001 0.7008172187499999 0.7075536234375 0.6715854312499999 0.7052797609375 0.6738219953125 0.730996575 0.693000053125 0.79887989375 0.68958675625 0.8100771874999999 0.689057071875 0.8386267390625001 0.6995721546875 0.8523651812499999 0.711270878125 0.85625 0.7167190812500001 0.85625 0.732965459375 0.85247805 0.7454135859375 0.8397307453125 0.7501735843749999 0.8208527765625 0.75073969375 0.7985675359375 0.7875 0.72485545625 0.7875 0.6324625671874999 0.78520809375 0.6246354078125 0.7810182484375 0.6219241671875 0.7712797140625 0.6220942578124999 0.762309634375 0.634780815625
3 0.8323433968749999 0.7934769562499999 0.8345759140624999 0.8184977390625001 0.8388305109375 0.8323455265625 0.8451355140625001 0.8398925578124998 0.8557483625 0.8453125 0.8713097484375 0.8453125 0.882014959375 0.8413367468749999 0.8903218062499999 0.8342306140625 0.8944388062499999 0.824413240625 0.8942971625 0.800052040625 0.8886311140625001 0.7827483828124999 0.9046875 0.7187691171875 0.9046875 0.70789705625 0.904059515625 0.6843281296875 0.8941833859375 0.66083305625 0.889985446875 0.65672975 0.8872637125 0.667218859375 0.8803278500000001 0.670820521875 0.8810598828125 0.67707268125 0.8880240734375 0.67834325625 0.8880604953125001 0.684607565625 0.8818728531249999 0.6972455234374999 0.8742656656250001 0.7050355406250001 0.8659143046875 0.7044852984375 0.868721021875 0.7086129078125 0.8506392218750001 0.709624825 0.8422676265625 0.7055944078125 0.8436264687499999 0.7000018375 0.8387005453124999 0.69034240625 0.8393273578125001 0.6784976734375 0.8434605453125 0.6714644375000001 0.8413413406250001 0.665932609375 0.8350849015625 0.6667379890625 0.829548353125 0.6717074234375 0.8268347140625 0.6835886 0.823943009375 0.6648442765625 0.7895739890625 0.63125 0.7890625 0.63125 0.7890625 0.635477334375 0.7908775046875001 0.721110178125 0.797934771875 0.7383895390624999 0.8323433968749999 0.7934769562499999
3 1 0.63610848125 0.9970185984375 0.6351679703124999 0.9886186718750001 0.62626531875 0.9759682 0.6042109124999999 0.9313358749999999 0.5854995125 0.9110822578125 0.5719311593749999 0.9076365859374999 0.5775601796875 0.9043204171875001 0.6054622921874999 0.8988364781249999 0.619480171875 0.89752215 0.6327291203125001 0.899018590625 0.650801709375 0.9118268953124999 0.7000014484375 0.9489208296874999 0.7383354484375 0.9649967421875001 0.7512806624999999 0.9713786359375 0.77205234375 0.9790991390624999 0.7837512828125 0.9895818437500001 0.7919214546875 0.9985178125 0.79375 1 0.79375 1 0.63610848125
3 1 0.47664246875 0.88125 0.47871652343750004 0.88125 0.48239452499999996 0.88707946875 0.5155082640625 0.89549558125 0.527195053125 0.9012061484375 0.5521550890625 0.9110660906250001 0.5728660234375 0.9299406265624999 0.5885467796875 0.968304371875 0.605975453125 0.991429459375 0.6348079625 0.9991135406249999 0.6402425921875 1 0.6404633000000001 1 0.47664246875
3 0.8641371546875 0.4826915484375 0.8515999953125 0.4801261 0.845347603125 0.48162751249999997 0.8384279296875 0.48801331093750006 0.8316377593750002 0.5166722078125 0.8233592421874999 0.52865058125 0.8115945828125 0.5392976328125 0.78379853125 0.54465584375 0.778338875 0.562849925 0.7807413640624999 0.6171041453124999 0.7940834015625 0.6384503671875 0.8192791296875 0.664462290625 0.8228785843749999 0.68528256875 0.8306071812500001 0.698373578125 0.8369040906249999 0.704528540625 0.8476222734375 0.709375 0.8584451031250001 0.709375 0.8682348484375 0.708854059375 0.8917965390625 0.69312823125 0.8952057890624999 0.681234903125 0.8935879421875 0.6422812875 0.9078125 0.5938698015625 0.9078125 0.567821640625 0.893449884375 0.498886096875 0.8850499578125 0.4899834453125 0.8746158156250001 0.4901656843750001 0.8641371546875 0.4826915484375
3 0.734997025 0.48313174375 0.7210807875 0.48267869843749994 0.69691251875 0.5137294265625 0.6753809984375 0.5196743296874999 0.6581283546875 0.5436432250000001 0.64852336875 0.56678244375 0.6487459515625 0.6050643234375 0.6656793484375 0.6458387562500001 0.6602237421874999 0.6647288734375 0.6610488531250001 0.6869898203125 0.6701727156249999 0.7007525609374999 0.68546925 0.7078125 0.698402715625 0.7078125 0.70638488125 0.7070811375 0.7202444625 0.69778970625 0.7284865578125 0.679547028125 0.729101228125 0.66561419375 0.7630080296874999 0.6343933734375 0.771278453125 0.6210229328125 0.777429671875 0.602120665625 0.78125 0.5508354515625 0.78125 0.5406274203125 0.767933490625 0.5243227781249999 0.7622553 0.5049310171875 0.74475579375 0.4864418265625 0.734997025 0.48313174375
3 0.5806182640625 0.5411669 0.5507718031250001 0.5528258703125 0.52583508125 0.5713601328125 0.5121090484374999 0.6036206921874999 0.49788975312500006 0.670695109375 0.48335884531249995 0.6841748953125 0.471654890625 0.7052624578125 0.47103212812499995 0.7178032234374999 0.4780610671875 0.7302103437499999 0.4913424 0.7411160546875 0.5033175625 0.7453125 0.5203034171875001 0.7453125 0.531687753125 0.7404113953125 0.5738852140625 0.699300303125 0.616875409375 0.6748818828125 0.6397212578125 0.6556880312500001 0.6527516796875 0.6234396234374999 0.648428284375 0.5977592546875 0.648990346875 0.5747779765625 0.654458096875 0.5579759624999999 0.665625 0.537184740625 0.665625 0.531640071875 0.665425971875 0.52994020625 0.6549918296875 0.5301224437500001 0.633492684375 0.541635621875 0.5806182640625 0.5411669
3 0.4815684078125 0.5667975765625 0.46347446562499994 0.565721390625 0.4439164578125 0.5521408875 0.43974280312499997 0.552213784375 0.40509991875000007 0.5764864109375 0.3926679796875 0.5920178515625001 0.35139680625 0.6727907421875 0.3465599140625 0.6784440609375 0.3292141921875 0.6864041703125 0.31677011093749996 0.6998475078124999 0.311961546875 0.7103730640625 0.3120263 0.7215096125 0.321162303125 0.73736045625 0.3365264171875 0.747533684375 0.3482893453125 0.75 0.355744965625 0.75 0.36783289375 0.747683 0.374744471875 0.7399051296875 0.3851502890625 0.7348506515625 0.3920375859375 0.7228965765625001 0.40242721249999996 0.7150579609375 0.4697677921875 0.6909103484375001 0.49820684531250004 0.67649154375 0.503711015625 0.6659538359375 0.513825453125 0.61078489375 0.520656090625 0.58908634375 0.530993109375 0.57219928125 0.5559176921875 0.551576915625 0.5625 0.5424078531250001 0.5625 0.5409082921875 0.5384505625 0.538656 0.5079165859375 0.551719184375 0.49685158281249997 0.563050121875 0.4815684078125 0.5667975765625
3 0.592106840625 0.5220051734375 0.5899714484375 0.5136892125 0.5857896984375 0.5123700375 0.585773509375 0.5095859015624999 0.59257986875 0.4837111453125 0.4645877125 0.48594661875 0.45976700781249996 0.49438407343749996 0.4486696312499999 0.5001467374999999 0.4424496140625 0.5072164234375001 0.43625387968750007 0.5184623140625 0.4335604734375 0.5338236640625 0.44132549218749995 0.5531789796875 0.45460682500000005 0.5640846875000001 0.46924295625 0.5687017921875 0.49218188124999995 0.5655167265625 0.5455940828125 0.5388279640625 0.5636880234375 0.5399041515625 0.5886733109375 0.5297222968749999 0.5921351703125 0.5268774140625 0.592106840625 0.5220051734375
3 0.592114934375 0.5233972421875001 0.602625971875 0.5364396515625 0.620056678125 0.5430962609375001 0.6423040421875 0.5406193796875 0.6624038750000001 0.527738434375 0.6665411109375 0.5214012296874999 0.6818526140625 0.5225260140625 0.6887925218750001 0.519620384375 0.71510023125 0.49758165000000004 0.72265885625 0.481439221875 0.5946666984375 0.483674696875 0.589235371875 0.50674101875 0.592114934375 0.5233972421875001
3 0.7814421406250001 0.5409736515625 0.792596175 0.54495546875 0.812061103125 0.542527184375 0.82729166875 0.529731284375 0.8369330749999999 0.512856371875 0.8375275125 0.49544336875 0.8451306531250001 0.4869573171875 0.847868575 0.47925234375 0.7435271421875 0.4810747421875 0.7596597109375 0.5037644343750001 0.7709553890625 0.532107446875 0.7814421406250001 0.5409736515625