10 0.5904981609375 0.4109375 0.6328125 0.3044170578125 0.6328125 0.3015907203125 0.599333103125 0.2852408265625 0.5483931906249999 0.2748830265625 0.540424196875 0.30470385312500003 0.5400426171875 0.39545637031249997 0.5865963296875 0.4109375 0.5904981609375 0.4109375
10 0.5626104093750001 0.550075084375 0.6032572609375 0.58125 0.6052240765625 0.58125 0.6218285125 0.5337376953125 0.6375 0.509906365625 0.6375 0.488089540625 0.61191005 0.4650101015625 0.5756110171875 0.460739903125 0.558936221875 0.46562839062499994 0.5509792921875001 0.47980285624999996 0.558257509375 0.5376089140625 0.5626104093750001 0.550075084375
10 0.5300525734375 0.6 0.5546875 0.5722485671875 0.5546875 0.571436740625 0.5509237125 0.5486969125 0.5229028734375001 0.5177315250000001 0.5048366890625 0.5085546546875 0.481311284375 0.5072646140625 0.4554307046875 0.5294713875 0.419613628125 0.6 0.5300525734375 0.6
10 0.0797284765625 0.24013204375 0.093807228125 0.275 0.10119127812499999 0.275 0.157297834375 0.267389875 0.20625 0.227827778125 0.20625 0.22680971875 0.2028388453125 0.207402709375 0.1910048734375 0.1981531 0.13460574375 0.1956821265625 0.0898859828125 0.20089794374999997 0.07694569375 0.21200133124999998 0.0797284765625 0.24013204375
10 0.1669170109375 0.30149515312499997 0.190597015625 0.3043480140625 0.19855394531249998 0.2901735484375 0.215074140625 0.283722240625 0.2625 0.2785150703125 0.2625 0.26001342968749996 0.2624582765625 0.25813524375 0.249078315625 0.233257459375 0.2137189421875 0.22271780937500002 0.160090528125 0.2640239078125 0.1594480046875 0.28906535624999996 0.1669170109375 0.30149515312499997
10 0.2125 0.22607403124999997 0.24098721250000002 0.2304318546875 0.264968221875 0.25625 0.26589986875 0.25625 0.2875 0.2335766921875 0.2875 0.2275731640625 0.28633743125 0.2158209484375 0.2687471078125 0.19568617187499998 0.2273101171875 0.186782078125 0.21498822343750001 0.2041367359375 0.2125 0.2258823859375 0.2125 0.22607403124999997
10 0.203125 0.17562640937500001 0.203125 0.17610153125 0.21975967500000002 0.189709153125 0.23814712187499998 0.1863652984375 0.2654070296875 0.193870240625 0.2806663046875 0.20620911406250003 0.288444509375 0.22176454843750001 0.2981020296875 0.224781071875 0.3125 0.20355125156249998 0.3125 0.190289078125 0.3116969078125 0.172989878125 0.29503417656250003 0.16223200625 0.25717709218749996 0.157979996875 0.235376403125 0.142588228125 0.235209740625 0.15667176875 0.203125 0.17562640937500001
10 0.2275739421875 0.3875 0.235381265625 0.3875 0.274104915625 0.380457896875 0.275 0.3671193734375 0.275 0.3441524921875 0.26794508281249996 0.28665248593750003 0.2533042015625 0.28056488125 0.2252592359375 0.2808922109375 0.19814186250000002 0.290596446875 0.1915883875 0.3031899109375 0.2275739421875 0.3875
10 0.02054361875 0.3718737390625 0.020550425 0.371875 0.0285627984375 0.371875 0.0300706671875 0.34203472968750004 0.03662414375 0.3294412640625 0.0671875 0.31534652812499997 0.0671875 0.3142745125 0.031831573437499996 0.2809939265625 0.015941839062499998 0.2780501421875 0.002460184375 0.2847559234375 0.006044271875 0.3406848359375 0.011207359375 0.356336490625 0.02054361875 0.3718737390625
10 0.02897483125 0.3872093171875 0.0336169828125 0.4046875 0.05994595312499999 0.4046875 0.0774170296875 0.403854759375 0.09083318124999999 0.3817934640625 0.1171875 0.3675623734375 0.1171875 0.3656982265625 0.113918915625 0.3471023390625 0.0946159375 0.32542292968750003 0.05800770937500001 0.31802709687499997 0.0399294609375 0.3244965890625 0.030414475000000003 0.3386892390625 0.02897483125 0.3872093171875
10 0.1269417671875 0.353306890625 0.1325314578125 0.3782755984375 0.1561993984375 0.39677481718749996 0.1806424703125 0.403125 0.1871221609375 0.403125 0.2146324453125 0.3882697 0.228125 0.38811221875 0.228125 0.3848217046875 0.224623290625 0.363119140625 0.21295598125 0.339785990625 0.1844592828125 0.31977850937499996 0.1578177703125 0.3185248390625 0.13162799218750001 0.337605978125 0.1269417671875 0.353306890625
10 0.1300093671875 0.3711443546875 0.11100352499999999 0.368236940625 0.0929252765625 0.3747064296875 0.080448784375 0.3904982703125 0.0808884546875 0.4264794390625 0.0987879765625 0.44973985 0.12410650625 0.4546875 0.1307075078125 0.4546875 0.16298943906250002 0.43647354062500004 0.174062478125 0.422262703125 0.1743837390625 0.409741978125 0.1684727875 0.3972939953125 0.152273853125 0.3912245765625 0.1300093671875 0.3711443546875
10 0.0153773 0.473472171875 0.023214021874999997 0.490625 0.028361709375 0.490625 0.0616269515625 0.4791964359375 0.0606993578125 0.46981953125000003 0.0860920140625 0.47421702187500003 0.10625 0.4547871984375 0.10625 0.452459915625 0.0867466015625 0.43352921406249995 0.078980459375 0.4023274234375 0.07119018906249999 0.40241835000000004 0.018680160937500002 0.40772509062499995 0.0115234515625 0.4133337 0.0153773 0.473472171875
10 0.1744147515625 0.4229862640625 0.142765753125 0.4499542296875 0.140625 0.4743325921875 0.140625 0.4750767140625 0.159713553125 0.495130453125 0.168154653125 0.496875 0.17777029687499998 0.496875 0.24355131874999997 0.47537646875000006 0.2671875 0.4570839859375 0.2671875 0.43486878906250004 0.266803715625 0.4266017984375 0.2535783546875 0.4032868328125 0.24158978437499998 0.3924744078125 0.21744598593750003 0.3849330953125 0.1978096828125 0.3914207703125 0.1744147515625 0.4229862640625
10 0.286730153125 0.47529727812499994 0.312110746875 0.49534112812500003 0.32874935 0.53739171875 0.3380976703125 0.5372826078124999 0.3387522578125 0.4965948015625 0.3611834046875 0.5025914796875 0.396875 0.408992790625 0.396875 0.3977844953125 0.395235834375 0.3895412625 0.37544493125 0.3944661203125 0.3589126734375 0.41656378437499997 0.32010386875 0.4342275875 0.2851841640625 0.4596691046875 0.286730153125 0.47529727812499994
10 0.133205303125 0.4507935515625 0.097833865625 0.4559002578125 0.078803896875 0.48428556250000004 0.0870458984375 0.504529446875 0.133003734375 0.5515625 0.1347947265625 0.5515625 0.15370888124999998 0.5319145734374999 0.18534581562500002 0.5205929671875 0.1809929171875 0.508126796875 0.1486071140625 0.48034160156250005 0.145669734375 0.45064806874999996 0.133205303125 0.4507935515625
10 0.0673420453125 0.5683024640625 0.07069102499999999 0.575 0.0779488765625 0.575 0.1341837546875 0.565957690625 0.1375 0.54806145 0.1375 0.5432949375 0.0728615828125 0.48218384218750004 0.052297685937500005 0.4792946140625 0.037490143749999996 0.48729055 0.019863629687500002 0.51409485 0.02372860625 0.5531652859375 0.0673420453125 0.5683024640625
10 0.2009858125 0.6 0.23049802812500003 0.569770371875 0.24375 0.5696157015625001 0.24375 0.56782690625 0.2404768109375 0.560266171875 0.1979696890625 0.5247759984375 0.17398048906250002 0.5187975046875 0.15574764218749998 0.5237041765625 0.1376573296875 0.545820025 0.13559928906250002 0.5880888343749999 0.1427566515625 0.6 0.2009858125 0.6
10 0.14375 0.6 0.14375 0.5951739468749999 0.14036784375 0.5724531796875 0.1226108578125 0.5664019453125 0.0841233109375 0.5715450234375 0.060431243749999995 0.5843385234375 0.061980528125 0.6 0.14375 0.6
10 0.060309062499999996 0.6 0.062629671875 0.598435878125 0.0613928796875 0.585933340625 0.06875 0.5791357078125 0.06875 0.5700174578125 0.0464548671875 0.561073740625 0.0230840609375 0.5613465171875001 0.028994515625 0.6 0.060309062499999996 0.6
10 0.2674721640625 0.588628546875 0.27844585781250003 0.59375 0.2844363515625 0.59375 0.33125 0.5818777703125 0.33125 0.5400214484375 0.33123395625 0.5393810671875 0.2743951546875 0.5009289234375001 0.2539858578125 0.4996025125 0.23823865781250003 0.5138679046875 0.23713233749999998 0.5342208984375 0.2674721640625 0.588628546875
6 0.35922650312500004 0.30812173125000003 0.3654225265625 0.3549880671875 0.4060623953125 0.3873707921875 0.43518955468750004 0.3979831828125 0.47804850312499997 0.4 0.490295340625 0.4 0.524938271875 0.390677184375 0.5380331625 0.3811366140625 0.5390625 0.376709209375 0.5390625 0.314697225 0.5076111203125 0.23128799375 0.505292134375 0.2078457328125 0.412760634375 0.1870210203125 0.3856311984375 0.212371615625 0.374391496875 0.24066599531250002 0.35922650312500004 0.30812173125000003
6 0.65 0.1945720203125 0.5569581015625 0.1410288921875 0.47049215312500003 0.13421498125 0.4223350234375 0.15198789375 0.408918871875 0.1740491875 0.409846465625 0.1834260921875 0.49972565625 0.20897562656250002 0.5034480968749999 0.230836884375 0.5373557625000001 0.30554297343750003 0.543433378125 0.3039074140625 0.5506173140625 0.2819188625 0.565888653125 0.27861137812500003 0.62212111875 0.2951658921875 0.6322424375 0.30287086875 0.6365232468750001 0.3171875 0.65 0.3171875 0.65 0.23008639843749998 0.6486683515625 0.21662495312500002 0.65 0.215124840625 0.65 0.1945720203125
6 0.65 0.31556242968750003 0.63216194375 0.3206402765625 0.6182819953124999 0.3380131171875 0.590807171875 0.40717715156249995 0.5906284453125 0.4369070546875 0.6119532734375001 0.4632567296875 0.6327804453125 0.4765625 0.6348981953124999 0.4765625 0.65 0.47047939687499996 0.65 0.31556242968750003
7 0 1 0.16496433125 1 0.1890625 0.863720703125 0.19638671875 0.803662109375 0.196875 0.79267578125 0.196875 0.7792887375 0.19150390625 0.752880859375 0.18076171875 0.734326171875 0.1802734375 0.725048828125 0.18369140625 0.697705078125 0.1802734375 0.683544921875 0.175390625 0.675244140625 0.16171875 0.664013671875 0.14951171875 0.658642578125 0.13779296875 0.657177734375 0.12412109375 0.660107421875 0.1138671875 0.666455078125 0.10458984375 0.678173828125 0.09091796875 0.706005859375 0.0640625 0.724072265625 0.0484375 0.742626953125 0.01572265625 0.820751953125 0 0.871643709375 0 1
7 0.410199334375 1 0.4109375 0.9916341140625 0.4109375 0.97732421875 0.4091796875 0.96044921875 0.39990234375 0.93359375 0.38720703125 0.919921875 0.37060546875 0.90625 0.35205078125 0.9013671875 0.3408203125 0.8916015625 0.33154296875 0.888671875 0.32080078125 0.900390625 0.30712890625 0.92919921875 0.298828125 0.9423828125 0.26953125 0.9775390625 0.2451760171875 1 0.410199334375 1
7 0.346826171875 0.826953125 0.338037109375 0.83818359375 0.329736328125 0.87041015625 0.328759765625 0.88115234375 0.332666015625 0.89091796875 0.371728515625 0.9060546875 0.392724609375 0.9275390625 0.3972819015625 0.934375 0.405419921875 0.934375 0.421044921875 0.9333984375 0.4421875 0.9266712531250001 0.4421875 0.779931640625 0.44204124375 0.7171875 0.44195312500000006 0.7171875 0.428857421875 0.73173828125 0.420068359375 0.74541015625 0.397119140625 0.7654296875 0.352685546875 0.81279296875 0.347802734375 0.82060546875 0.346826171875 0.826953125
3 1 0.6 0.8439202968749999 0.6 0.857732575 0.670703125 0.8760876 0.6890625 0.87777990625 0.6890625 0.8987384796875 0.686328125 0.911430784375 0.6853515625 1 0.6446872031249999 1 0.6
0 1 0.7388781718749999 0.9630402671875 0.745703125 0.9347266640624999 0.759375 0.8439278765625 0.75546875 0.8302592421874999 0.7388671875 0.7697267171875 0.71640625 0.7589870765625 0.7212890625 0.739460453125 0.7466796875 0.7328125 0.7789774015625 0.7328125 0.7809213734375 0.739460453125 0.81796875 0.7589870765625 0.831640625 0.8107326203125 0.81796875 0.9454663062499999 0.8296875 1 0.85176589375 1 0.7388781718749999