10 0.0447989578125 0 0.0531098359375 0.022732248437499998 0.056669696874999995 0.0546875 0.062876009375 0.0546875 0.101609253125 0.052590700000000004 0.1047677171875 0 0.0447989578125 0
10 0.3540832296875 0.1484375 0.4013866390625 0.1396007703125 0.403125 0.0831151796875 0.403125 0.0431862671875 0.3973602546875 0.0171875 0.39106810468750003 0.0171875 0.345932834375 0.019824457812499998 0.3108922375 0.031741828124999996 0.35054807499999996 0.1484375 0.3540832296875 0.1484375
10 0.12073162500000001 0.249213203125 0.10856184375 0.2568092546875 0.104155615625 0.28942160625 0.1098508828125 0.306181128125 0.1095812265625 0.3553070328125 0.12753622656250002 0.3755872546875 0.14177429218749998 0.3762479796875 0.1532246609375 0.3621940859375 0.17360755156250002 0.3527219265625 0.1796875 0.317093978125 0.1796875 0.30584656718750003 0.1677623015625 0.28994243750000004 0.17078973749999998 0.27931762031249996 0.1596989765625 0.25536235625 0.12073162500000001 0.249213203125
10 0.314393421875 0.2671356609375 0.32971070625 0.318721228125 0.373084284375 0.29225803125 0.37788023593750003 0.2803262109375 0.387202284375 0.2231123203125 0.379738503125 0.20765980156250002 0.3632223296875 0.20029526718750001 0.32674290625 0.199296953125 0.2984466765625 0.22020900000000002 0.297697346875 0.2375376265625 0.314393421875 0.2671356609375
10 0.4390625 0.2591878546875 0.43126164375 0.2584813453125 0.41285708593750003 0.26509353281250003 0.383721575 0.29221745625 0.379015575 0.315266025 0.4113885421875 0.358440471875 0.4390625 0.3772580921875 0.4390625 0.2591878546875
10 0.4390625 0.41875 0.4390625 0.380757475 0.40073908437499994 0.3725271265625 0.3909200921875 0.371875 0.38255581250000004 0.371875 0.37298236406249996 0.3776635171875 0.3633904609375 0.4015271578125 0.37170933281249996 0.41875 0.4390625 0.41875
10 0.159870984375 0.1137755765625 0.14437399687500002 0.12243266562499999 0.1362508359375 0.135425521875 0.13706020000000002 0.1530001140625 0.15990110156249998 0.1724652640625 0.159361590625 0.1882409203125 0.1816029484375 0.188578509375 0.21574633593749998 0.2109375 0.2170837203125 0.2109375 0.2289932296875 0.1912985859375 0.2296526078125 0.162853209375 0.1772264390625 0.11492823593749998 0.159870984375 0.1137755765625
10 0.0133686625 0.2304787234375 0.009215509375 0.284375 0.0379646734375 0.284375 0.050717484374999997 0.28395484843749996 0.09615935 0.265748428125 0.096875 0.2604515953125 0.096875 0.2496178625 0.07253900156250001 0.20492221875 0.046640746875 0.21986835624999998 0.0412153359375 0.2364590828125 0.0133686625 0.2304787234375
1 0.3018932609375 0.34397613437499996 0.2545029796875 0.3412560578125 0.15210884687499998 0.356819571875 0.1400290203125 0.3755323734375 0.1399991015625 0.39931884375000004 0.14830216406250002 0.4085594859375 0.17327330624999998 0.4125 0.195995371875 0.4125 0.2405948 0.4088488 0.3342662265625 0.38715058125 0.36055420625 0.39288497499999997 0.377100296875 0.3764630390625 0.4074648140625 0.3638077703125 0.4078125 0.3612344 0.4078125 0.35327467968750004 0.3830951359375 0.3203101859375 0.3786587921875 0.29423285 0.3542292796875 0.29830820468749997 0.3018932609375 0.34397613437499996
6 0 0.2578125 0.0001560625 0.2578125 0.016051321875 0.2335949453125 0.0298697484375 0.237361609375 0.046505790625 0.23205642499999998 0.05172138125 0.2170186671875 0.08469369375 0.19684451875 0.0903289265625 0.178700821875 0.130375296875 0.1532986625 0.1399671984375 0.129435021875 0.15630346875 0.11456605625 0.159375 0.09183235937499999 0.159375 0.0846385640625 0.139307621875 0.0754042390625 0.13205366093749998 0.058398753125 0.1215624453125 0.053571051562500006 0.0726134671875 0.050605007812500005 0.02072700625 0.069380534375 0 0.067021428125 0 0.2578125
6 0 0 0 0.072338496875 0.014212064062499998 0.07196823125 0.027730720312500002 0.066171115625 0.0359375 0.025099745312499998 0.0359375 0.007416935937499999 0.0346757125 0 0 0
6 0.2289599328125 0.0253999109375 0.2119042484375 0.0338110328125 0.165143628125 0.1089082046875 0.2079178609375 0.1457936015625 0.2634913359375 0.1704240390625 0.2808168703125 0.195363165625 0.303060621875 0.2078125 0.306149165625 0.2078125 0.326648459375 0.1978372765625 0.3484375 0.174896128125 0.3484375 0.140413178125 0.3247297609375 0.07064815468749999 0.3114508453125 0.051105834375000006 0.2603436328125 0.0287662640625 0.2289599328125 0.0253999109375
6 0.105782825 0 0.1036421375 0.0495044328125 0.11203515 0.069861825 0.10942735625 0.077380703125 0.1488111953125 0.1140625 0.156368384375 0.1140625 0.16197339375 0.11263596093749999 0.164491240625 0.09400033125 0.207265275 0.048409571875 0.2182060484375 0.026344865625 0.21625763125000003 0.0054183703125 0.21251663125000003 0 0.105782825 0
6 0 0.41875 0.1488934984375 0.41875 0.1453742484375 0.378575259375 0.1223235296875 0.3606630796875 0.1150994859375 0.319871121875 0.056078934375 0.30897144062500004 0 0.27965764531250004 0 0.41875
6 0.241178346875 0.20730885 0.20335005 0.2045116015625 0.179460046875 0.1928112984375 0.15928697812499998 0.2007304875 0.15209305 0.2186282203125 0.156709296875 0.2669390546875 0.1707975765625 0.30405596875 0.1847059546875 0.3189393828125 0.215040553125 0.33007058125 0.21066424218750002 0.33889646406249996 0.21782825 0.34478520156250003 0.2932863078125 0.3484375 0.3050176203125 0.3484375 0.3124289125 0.32799185625 0.3071532859375 0.3081263953125 0.2543673109375 0.2157344234375 0.241178346875 0.20730885
6 1 0.41875 1 0.20045558749999998 0.9215290390625 0.1714925859375 0.9122541125 0.16975318749999999 0.9035090468749999 0.17111318281250001 0.8923322265625 0.17851718125 0.8867483203125002 0.18547004843749998 0.8765060953125001 0.1900492984375 0.8590903765625001 0.1922832375 0.8417817609375 0.19053723281249998 0.8300750750000001 0.194841840625 0.822859871875 0.189488690625 0.81916885 0.1807964265625 0.809090115625 0.1679062015625 0.7931208359374999 0.15741130781249998 0.7822653296875 0.1528754765625 0.7554912640625 0.14735433125 0.7489964453125 0.147136315625 0.741567028125 0.1497430515625 0.7359087171875001 0.1571819703125 0.7301105999999999 0.172094725 0.7081470140625 0.1974759515625 0.6848170609374999 0.21210085312500002 0.6630913734374999 0.21952655625 0.629328671875 0.23669496093750003 0.6038645890625001 0.25541966875 0.5859877499999999 0.2770672796875 0.5849460453125 0.283871971875 0.5882233203125 0.291986640625 0.5932153125 0.31842301562499997 0.6171291984375 0.3459079359375 0.6476303296875 0.386128303125 0.6706750125000001 0.4094501859375 0.7019912796875 0.41482315625000005 0.7153612375 0.41875 0.7550973125 0.41875 0.754661196875 0.41520066875 0.7559317875 0.383938715625 0.7617862890625 0.355536434375 0.7956797828125 0.324392453125 0.8125983375000001 0.315565228125 0.8604938203125 0.3110473234375 0.8717957703125 0.3126668578125 0.9084907421875 0.32554858750000004 0.9200249265625 0.3322117140625 0.9267192796875001 0.3409672125 0.9362861718750001 0.36376151874999996 0.94487109375 0.4093718421875 0.948018165625 0.41875 1 0.41875
1 0.5620438625 0 0.4979390453125 0.41875 0.6366121265625 0.41875 0.639932090625 0.41625804375 0.6531776484374999 0.41174202812500005 0.6586871453125 0.40527521093749996 0.659207996875 0.40187286406249995 0.6463818531250001 0.3839673640625 0.6006972234375001 0.3313994546875 0.5905767796875 0.3155013875 0.587189053125 0.281865815625 0.590853040625 0.2710528640625 0.611054534375 0.24734119531249998 0.6475139265625 0.22567848437500002 0.660196921875 0.22155697187499998 0.6702486203125 0.21494197812500002 0.6822202390625 0.21218706874999999 0.6884828234375 0.2073614921875 0.7018027859375 0.202359428125 0.724933203125 0.17919704218750002 0.7395417796875 0.15593650312500001 0.746366925 0.150716425 0.7525968109375001 0.1493847421875 0.777078921875 0.15347605312499998 0.7954472625 0.161420840625 0.8064188859375001 0.16847846718749998 0.8286360734375 0.1906451578125 0.8426764234374999 0.19077823124999999 0.878484171875 0.18649344375000002 0.9027160249999999 0.17253768593750002 0.9155151359375001 0.1709379671875 0.9518290609375001 0.17974820625000001 0.9923548578125001 0.1938483609375 1 0.19573537968750002 1 0.0332808984375 0.9101879562499999 0.0164377734375 0.653680059375 0 0.5620438625 0
1 0 0.6436877515624999 0.027063656250000002 0.7015618296875 0.038271714062500004 0.7319289921875 0.0572230171875 0.7551250703125 0.0567624828125 0.7645867875000001 0.06123698125 0.7843596609375 0.0640190234375 0.7897554359375001 0.070370715625 0.79375 0.07592373125 0.79375 0.0970302140625 0.787706409375 0.1015625 0.7820232703125 0.1015625 0.7646605 0.08870084843750001 0.717558021875 0.052188571875 0.6351547015625 0.044825965625000005 0.624080009375 0.03530164375 0.6157159453125 0.0169786953125 0.5542912156249999 0 0.5139271859375001 0 0.6436877515624999
5 0.0914255484375 0.47075390937500006 0.079597859375 0.47098939531250006 0.059132021874999996 0.47444139375 0.0467108703125 0.4824015109375 0.0396409796875 0.49063203125 0.035220203125 0.5025212375 0.0381264453125 0.5172801046875 0.026467267187499997 0.5274577109375 0.01992908125 0.5426365765625001 0.01743975625 0.5565460140624999 0.0288250484375 0.58922929375 0.03423875625 0.6135357671875 0.047041240625 0.6260389203125 0.053145751562499996 0.6361528140624999 0.0860253984375 0.7097848093750001 0.0985714421875 0.7498968390625 0.1067490546875 0.7561420437499999 0.10814345781250001 0.75625 0.11741578125 0.75625 0.1299170375 0.7493017578125001 0.14265707656249998 0.7377688359375 0.157434628125 0.7141621921875 0.1688635390625 0.7087154484375 0.1734375 0.7046333125 0.1734375 0.6910880468749999 0.15876938125 0.4994046140625 0.14990878125 0.491974103125 0.1099867984375 0.48111271875000006 0.0914255484375 0.47075390937500006
5 0 0.8237840859375 0.013801271875000002 0.828125 0.018195065625 0.828125 0.029704171875 0.8252156453125 0.03125 0.8189349296875001 0.03125 0.7934082171875 0.029216084375 0.7801372734375001 0.0210559203125 0.75864005625 0 0.7355835328125 0 0.8237840859375
1 0.7613553296875001 1 0.7617709578125 0.9864764484374999 0.744591665625 0.8994532921874999 0.739019665625 0.8969685609375 0.7298084203125 0.9057804359375 0.715014403125 0.9102571359375 0.673334846875 0.9105886906249999 0.6611732937499999 0.8899389687500001 0.6407911140625 0.8891552828125 0.6259378390625 0.8834545578124999 0.612893409375 0.870255090625 0.602567640625 0.846732734375 0.5859378375000001 0.854082075 0.54338079375 0.8627891015625 0.5249960125 0.8868893921875 0.5241239125 0.8961900859374999 0.5263475718749999 0.9599333281250001 0.5314132593750001 1 0.7613553296875001 1