3 1 0 0.9086713734374999 0 0.90859375 0.00302734375 0.91591796875 0.026953125 0.933984375 0.04501953125 0.92958984375 0.10263671875 0.92177734375 0.14462890625 0.92177734375 0.1744140625 0.928125 0.1861328125 0.94521484375 0.19541015625 0.96181640625 0.19736328125 0.97158203125 0.19638671875 0.98671875 0.19248046875 0.99013671875 0.18955078125 0.99404296875 0.17734375 0.9974609375 0.14072265625 1 0.1261603859375 1 0
7 0.83291015625 0.19541015625 0.84951171875 0.20517578125 0.865625 0.210546875 0.9134765625 0.21201171875 0.93544921875 0.21005859375 0.93740234375 0.20859375 0.9388671875 0.1958984375 0.92666015625 0.18515625 0.92275390625 0.17197265625 0.92373046875 0.14609375 0.93203125 0.1158203125 0.93056640625 0.0982421875 0.93251953125 0.08310546875 0.92958984375 0.05771484375 0.92666015625 0.05673828125 0.91982421875 0.0591796875 0.9017578125 0.05234375 0.8900390625 0.05234375 0.8841796875 0.054296875 0.8802734375 0.06357421875 0.86904296875 0.0708984375 0.8490234375 0.07578125 0.8294921875 0.07626953125 0.8216796875 0.08603515625 0.82265625 0.11435546875 0.82802734375 0.15 0.8255859375 0.16806640625 0.8275390625 0.183203125 0.83291015625 0.19541015625
6 0.36845238125 0.6672619046875 0.27048611093749997 0.7354662703124999 0.300248015625 0.7515873015625 0.287847221875 0.771428571875 0.268005953125 0.7726686515625 0.246924603125 0.75282738125 0.1960813484375 0.7863095234374999 0.203521825 0.7987103171875 0.18368055625 0.8098710312499999 0.2270833328125 0.8334325390625 0.2568452375 0.822271825 0.29652777812500003 0.83095238125 0.3114087296875 0.8111111109374999 0.341170634375 0.7949900796875 0.387053571875 0.78506944375 0.415575396875 0.7429067453125 0.444097221875 0.725545634375 0.4614583328125 0.693303571875 0.45525793593749997 0.6734623015625 0.4230158734375 0.672222221875 0.39325396874999996 0.6672619046875 0.36845238125 0.6672619046875
5 0.251677425 0.46875 0.14895833281249998 0.55069444375 0.11299603124999999 0.581696428125 0.2791666671875 0.7354662703124999 0.2742063484375 0.7267857140625 0.4949404765625 0.577976190625 0.40683135000000004 0.46875 0.251677425 0.46875
5 1.5625e-9 0.46875 0.015029762499999998 0.47876984062499994 0.074553571875 0.5420138890625 0.115476190625 0.577976190625 0.175 0.5283730156249999 0.24926726562499998 0.46875 1.5625e-9 0.46875
5 0 1 0.088958103125 1 0.08075396875 0.9748015875 0.05595238125 0.8917162703125001 0.037351190625 0.8321924609375 0 0.8372399187500001 0 0.9275748562499999 0.000148809375 0.927678571875 0 0.928005953125 0 1
5 0.29878186093750003 1 0.2952876984375 0.9834821421874999 0.27172619062500003 0.9177579359374999 0.2742063484375 0.8607142859374999 0.1762400796875 0.849553571875 0.1787202375 0.8185515875 0.1365575390625 0.8098710312499999 0.1365575390625 0.8383928578125 0.0751412859375 0.8211963062500001 0.0894345234375 0.8855158734374999 0.1043154765625 0.94131944375 0.12291666718750001 0.9996031750000001 0.123040675 1 0.29878186093750003 1
5 0.51875 0.830373675 0.5135416671875 0.8049107140625 0.4875 0.7131448406249999 0.4478174609375 0.72430555625 0.4168154765625 0.7404265875 0.390773809375 0.7701884921875 0.387053571875 0.787549603125 0.35357142812500003 0.787549603125 0.3176091265625 0.808630953125 0.29652777812500003 0.828472221875 0.2729662703125 0.8259920640624999 0.255605159375 0.8185515875 0.2295634921875 0.83467261875 0.2146825390625 0.8259920640624999 0.1923611109375 0.8185515875 0.18740079375000002 0.8197916671875 0.1737599203125 0.8173115078125001 0.1762400796875 0.8458333328125001 0.2766865078125 0.861954365625 0.2729662703125 0.9140376984374999 0.2977678578125 0.9859623015625001 0.30244709062499997 1 0.51875 1 0.51875 0.972704725 0.5185019843750001 0.972321428125 0.50362103125 0.9549603171874999 0.5147817453125 0.8743551593750001 0.51875 0.868402778125 0.51875 0.830373675
5 0.6541666671875 0.7791666671874999 0.665625 0.7729166671875 0.6729166671875 0.7640625 0.6770833328125 0.7640625 0.6901041671875 0.7744791671875 0.690625 0.7786458328125001 0.6984375 0.7901041671875 0.7119791671875 0.803125 0.7151041671875 0.8036458328125 0.7609375 0.7635416671874999 0.7692708328125001 0.7625 0.7682291671874999 0.759375 0.771875 0.7552083328125001 0.7744791671875 0.7453125 0.7744791671875 0.7364583328125001 0.7661458328125 0.7026041671875 0.7494791671875 0.6817708328125001 0.7255208328125 0.66875 0.715625 0.6666666671875 0.6880208328124999 0.6708333328125 0.6479166671875001 0.6807291671875 0.65 0.6880208328125 0.6489583328124999 0.6916666671874999 0.6307291671875 0.6885416671875 0.6328125 0.7442708328125001 0.6416666671875 0.7510416671875 0.6421875 0.7572916671875 0.63125 0.7671875 0.6307291671875 0.7838541671874999 0.6541666671875 0.7791666671874999
2 0.7151041671875 0.6140625 0.7140625 0.6078125 0.7072916671875 0.6057291671875 0.64375 0.6083333328125 0.6161458328125 0.6078125 0.6067708328125 0.6052083328125 0.6057291671875 0.6109375 0.6088541671875001 0.6197916671875 0.6072916671875 0.6401041671875001 0.6114583328125 0.6510416671875 0.6260416671875 0.6494791671875 0.634375 0.6458333328125 0.6494791671875 0.634375 0.659375 0.6302083328125 0.6890625 0.6223958328125 0.7125 0.6208333328125 0.7151041671875 0.6140625
5 0.51875 0.7553819453124999 0.5223958328125 0.7541666671874999 0.525 0.7510416671875 0.5229166671875001 0.7354166671875 0.534375 0.7088541671874999 0.5338541671875 0.6890625 0.5536458328125 0.678125 0.5578125 0.6619791671875 0.5567708328125 0.6588541671875 0.53125 0.6734375 0.51875 0.6849506578125 0.51875 0.7553819453124999
6 0.7427083328125 0.7973958328125 0.7380208328125001 0.8078125 0.7296875 0.8119791671875 0.7260416671875 0.8171875 0.7296875 0.8322916671874999 0.7390625 0.8458333328125001 0.7411458328125 0.8552083328125001 0.7479166671874999 0.8609375 0.759375 0.8651041671874999 0.7671875 0.865625 0.7713541671874999 0.8734375 0.7875 0.8703125 0.8130208328125 0.859375 0.8359375 0.8427083328125 0.8463541671874999 0.8270833328125 0.85625 0.7505208328125 0.8572916671874999 0.6953125 0.8541666671874999 0.6796875 0.8505208328125 0.6786458328125 0.8234375 0.7083333328125001 0.7963541671875 0.7229166671874999 0.7947916671874999 0.7276041671875 0.7885416671875 0.7265625 0.7770833328125001 0.7328125 0.7739583328125 0.7322916671874999 0.771875 0.7291666671874999 0.7682291671874999 0.73125 0.7604166671874999 0.7880208328125 0.7541666671874999 0.7963541671875 0.7427083328125 0.7973958328125