3 0 0.5177805671875 0.0068082140625 0.501899925 0.0180694015625 0.4865855984375 0.024936159375 0.48260148125 0.02718170625 0.476592234375 0.0406140796875 0.465778215625 0.06646759375 0.4313904671875 0.1109375 0.3034304046875 0.1109375 0.281854934375 0.10904375625 0.2779296953125 0.08456211875 0.2676187421875 0.0550837703125 0.26294643125 0.048785840625 0.2578902109375 0.038082323437499996 0.2592535671875 0.02579875 0.25689755000000003 0.02118869375 0.25978305625 0.010079928125 0.298962278125 0 0.3263613890625 0 0.5177805671875
3 0.049254778124999996 0 0.060876792187499994 0.0211457921875 0.0730228 0.049431553125 0.102311525 0.1003644390625 0.1204320234375 0.1210393609375 0.1651941921875 0.151614909375 0.1794779328125 0.169669071875 0.1857015046875 0.18523484375 0.1955973015625 0.19375 0.198737584375 0.19375 0.20869974687499998 0.191138140625 0.2140625 0.1828551921875 0.2140625 0.1795257671875 0.2031193546875 0.15602247656249998 0.198066884375 0.13710793906250002 0.19702964218750002 0.06964295625 0.18685034375 0.042323434375 0.1645441046875 0 0.049254778124999996 0
3 0.294752075 0.059627557812499996 0.2879596765625 0.053102121875 0.2807917796875 0.0542404515625 0.27276506875 0.06648396875 0.2646193921875 0.0695945 0.25558144843749997 0.0690783109375 0.248487909375 0.0597070859375 0.24176987031250002 0.04267209375 0.2330219140625 0.0400910546875 0.2177194921875 0.04925055 0.20812387187499998 0.062685334375 0.20452504999999999 0.07833054687499999 0.2056441015625 0.09531260625 0.21393104687500003 0.1111563359375 0.21731794375 0.13195041875 0.2361187890625 0.1926913640625 0.25118698125 0.2101498953125 0.275185303125 0.2239022640625 0.281892190625 0.23602661875000003 0.2848701375 0.2497525671875 0.2915656015625 0.2546875 0.30183541875 0.2546875 0.30805055000000003 0.24936866093750001 0.30531798593750004 0.21393532187500003 0.3171702984375 0.19940192968749998 0.321875 0.1819701578125 0.321875 0.1746736015625 0.3158988296875 0.158554975 0.3156720484375 0.14519963593750002 0.304232428125 0.0819437953125 0.294752075 0.059627557812499996
3 0.1745182125 0 0.176104096875 0.0088725703125 0.178084059375 0.015671903125 0.1872194390625 0.03421395 0.1988799171875 0.057995615625 0.2033399625 0.0703551375 0.20407242499999997 0.071875 0.2045145015625 0.071875 0.2088413015625 0.0567244640625 0.21243710781249997 0.0496963453125 0.2173629921875 0.0448071828125 0.223113921875 0.041009065625 0.22877970625000002 0.0401391453125 0.23125 0.0332480421875 0.23125 0.031669696875 0.2298905375 0.0252637625 0.226900528125 0.0163685859375 0.22565424374999998 0.0098484328125 0.220155971875 0.004003309375 0.2149801546875 0 0.1745182125 0
3 0.31702778593750003 0 0.32263684062500003 0.0465957671875 0.3214991921875 0.06467643906250001 0.3250682640625 0.0791833203125 0.33087173281250004 0.082770321875 0.33143245 0.0828125 0.34401025625 0.0828125 0.3518809578125 0.07788610781250001 0.3600340828125 0.0348022109375 0.36874858125 0.0226513453125 0.3764700671875 0 0.31702778593750003 0
3 0.44320419843750003 0 0.4421816953125 0.0072806921875 0.45106347500000005 0.068789359375 0.473355325 0.1096627375 0.47941903124999996 0.1413369828125 0.48567845312499996 0.146875 0.4988492765625 0.146875 0.5044694921875 0.1426076 0.5069269609375 0.100159053125 0.514544715625 0.0808473984375 0.5171875 0.06202955156249999 0.5171875 0.0491333265625 0.5145930671875 0.01563256875 0.515802003125 0 0.44320419843750003 0
3 0.3708998171875 0.020065575 0.35605095625 0.055935753125 0.352173296875 0.07855645 0.3398153640625 0.0867099890625 0.336636646875 0.1143339765625 0.34057377187500004 0.161150459375 0.3348372171875 0.18702727187499998 0.337610684375 0.19721915 0.34449974375000003 0.20305630312499998 0.3455971203125 0.203125 0.3546703484375 0.203125 0.360984421875 0.1954586765625 0.365549875 0.1729306296875 0.3962588265625 0.113949984375 0.399169859375 0.09821211875 0.413814240625 0.058807871874999994 0.4140625 0.054001734375 0.4140625 0.0341798765625 0.40332265156249997 0.023731928125000003 0.391329065625 0.0193110609375 0.37678879374999996 0.01805365625 0.3708998171875 0.020065575
3 0.42343834375 0.07160886093749999 0.4104892828125 0.07898146406249999 0.3993470625 0.103428778125 0.3939004953125 0.1272407421875 0.37804040156249996 0.15035121093749998 0.3721105203125 0.177604590625 0.374099534375 0.1883921 0.37096171875 0.1907746265625 0.3645596765625 0.2263800578125 0.3658497484375 0.23216428125 0.3716097296875 0.2375 0.382037875 0.2375 0.3863868125 0.23563212031249997 0.3905879171875 0.225678478125 0.422534884375 0.1928128796875 0.42889602499999996 0.1824489078125 0.440800396875 0.1475846921875 0.46361275625 0.1148911859375 0.465625 0.10413091249999999 0.465625 0.09606745312500001 0.46473925468750005 0.091899878125 0.45577566718750007 0.0808741328125 0.44407207031249996 0.07438841562500001 0.42343834375 0.07160886093749999
3 0.48008901562500006 0.1529425890625 0.44539832968750004 0.1454642125 0.4286905765625 0.1845905015625 0.4201693984375 0.1953648015625 0.42872403124999997 0.199322409375 0.4678202984375 0.2003812109375 0.5113556015625 0.209752346875 0.5302874156249999 0.2109375 0.530853653125 0.2109375 0.540908309375 0.20391510624999998 0.5450127499999999 0.1946497453125 0.5453125 0.1898858140625 0.5453125 0.16504118750000002 0.5394212078125 0.1546234453125 0.5281154124999999 0.15029523125 0.50365608125 0.1498055515625 0.48008901562500006 0.1529425890625
3 0.394989990625 0 0.39602067343749997 0.0030624953125 0.41356119375 0.027867117187500002 0.41495907968749995 0.0378736921875 0.427276109375 0.054961615625 0.4318341125 0.0724069359375 0.43966654062500005 0.075 0.4482892140625 0.075 0.44979103593750003 0.064306328125 0.44169370937499997 0.0022020296875 0.44210101875 0 0.394989990625 0
3 0.56592081875 0 0.5679118953125 0.0142528546875 0.5724475953125 0.0218769046875 0.57572668125 0.0384486375 0.5791358843750001 0.069063990625 0.5828871312499999 0.0772836734375 0.5914417624999999 0.08124128124999999 0.5916970140625 0.08125 0.598838884375 0.08125 0.6097964874999999 0.0752981765625 0.61533971875 0.0507979296875 0.6361925937499999 0 0.56592081875 0
3 0.5229915515625 0 0.5171358921875 0.0055593578125000005 0.5145148453124999 0.0192323734375 0.5172585625 0.0595763515625 0.51484199375 0.076783434375 0.5222478265625 0.093911078125 0.5462052453124999 0.132904909375 0.552536634375 0.15269303437499998 0.560031459375 0.1578125 0.5731378421875 0.1578125 0.5796875 0.1501699546875 0.5796875 0.13418582968749998 0.5776279984375 0.1287221875 0.579460884375 0.0707608 0.5764717874999999 0.05212421874999999 0.5617456375 0.0122700125 0.5608667859375001 0 0.5229915515625 0
3 0.659375 0 0.6356895734375 0 0.6144176796874999 0.0518186640625 0.612763259375 0.05860884843750001 0.614148621875 0.0609375 0.6268003281250001 0.0609375 0.6545772359375001 0.045306353125 0.659375 0.0411701140625 0.659375 0