10 0.7532314109375 0.39903860625 0.7392907359375 0.339229703125 0.733412896875 0.26833253125 0.6381026656250001 0.25301293281250004 0.5965827140625 0.274212240625 0.5741901421875 0.3077994578125 0.5723441390625 0.3594018234375 0.6070825515625 0.433689325 0.6257075984375 0.4531503328125 0.6613751625 0.46313513593750005 0.709953278125 0.444993753125 0.7532314109375 0.39903860625
10 0.5808337953125 0.29108395625 0.5803060062500001 0.1960757671875 0.5738757640625 0.184176471875 0.5059691640625 0.1415417140625 0.43977067343750004 0.12607589375 0.3654215234375 0.14854486875 0.327066625 0.2276186046875 0.38143475625 0.3072209203125 0.4282924546875 0.338913628125 0.4729397015625 0.3505104953125 0.5319166859375 0.33960841249999996 0.57059826875 0.3071546328125 0.5808337953125 0.29108395625
10 0.20676431874999998 0.308098234375 0.21574400312500003 0.30971029843750003 0.278149515625 0.2761430625 0.31887820625 0.240475146875 0.36709187656250003 0.150635559375 0.3127114390625 0.1480362734375 0.23814887968749998 0.1991200484375 0.203724846875 0.24845553593749997 0.20676431874999998 0.308098234375
10 0.2038003640625 0.2986120390625 0.21082076875000003 0.2765917109375 0.207065553125 0.25263690781250003 0.23877679999999998 0.1902786765625 0.205445265625 0.19862144375 0.184434121875 0.21275764531250002 0.15297404375 0.2715793265625 0.12339772499999999 0.30387689687499997 0.12276980468750001 0.312718265625 0.14611698125 0.31690963125 0.18625551093749998 0.315161340625 0.2038003640625 0.2986120390625
10 0.40510861875000004 0.358032240625 0.38824175156249996 0.31381539375 0.3471108546875 0.252706846875 0.309270603125 0.2477044578125 0.274432059375 0.2772665140625 0.2272731265625 0.301035128125 0.19886482656249999 0.34249648125 0.1955618796875 0.363393359375 0.2075055171875 0.3744916203125 0.30064305468749997 0.394793628125 0.38246488125 0.3951560078125 0.4048952078125 0.3866470421875 0.40510861875000004 0.358032240625
10 0.6070825515625 0.433689325 0.5966459234375 0.401371775 0.5522498437500001 0.386238359375 0.5498259859375 0.394757315625 0.5755847125 0.4674327546875 0.5487211796875 0.512753065625 0.5097884265625 0.5487433953124999 0.516093084375 0.5624109640625 0.53689081875 0.5768895625 0.5635787015625 0.5852623015625 0.6382668453125 0.532410253125 0.6490925328125 0.48241995156249995 0.6416198609375 0.45958859687500003 0.6239116609375001 0.45282791875 0.6070825515625 0.433689325
10 0.50736456875 0.5572623546875 0.48845059687500003 0.5162596421875 0.3851275984375 0.46010353281249994 0.3577740375 0.43549391249999997 0.34148502187499996 0.434360471875 0.34753851406249997 0.45156459218749995 0.344486734375 0.4689249203125 0.3636518765625 0.5063910843749999 0.4625039125 0.5742802874999999 0.4786673421875 0.577182003125 0.50736456875 0.5572623546875
10 0.1917188390625 0.3662850828125 0.19719447343750002 0.34040579531250004 0.2113986234375 0.31967511875 0.2059730546875 0.29362962812500004 0.18086770000000002 0.314194103125 0.1208482828125 0.314164128125 0.0916487203125 0.34115687499999997 0.08579633125 0.3723409828125 0.0904306375 0.3839178671875 0.136949340625 0.44599365312500006 0.1917188390625 0.3662850828125
10 0.3054784625 0.45475874374999997 0.2851830640625 0.4332070484375 0.2762912046875 0.40474845937500004 0.20984154843749997 0.3928191875 0.1748396625 0.399071265625 0.176924525 0.42093538124999996 0.2051949359375 0.4582453359375 0.2403100984375 0.5272280140625 0.253547334375 0.5457217812499999 0.2711299484375 0.5542507328124999 0.3476517890625 0.5267993468750001 0.36043675468749997 0.5004414359375 0.35037688125 0.46281906250000004 0.3054784625 0.45475874374999997
10 0.23808734375 0.5841352015625 0.2837015046875 0.556507621875 0.26252701875 0.5473338453125 0.21446354531249998 0.4813991015625 0.1654709171875 0.47976705468749997 0.14921966250000002 0.5037118671874999 0.14737366093749998 0.555314234375 0.165245203125 0.5853848859374999 0.163863778125 0.6048359015625 0.178231271875 0.6074152046875 0.23808734375 0.5841352015625
10 0.349849928125 0.6238982203125001 0.457932815625 0.6898629390625 0.4718981078125 0.5956657796875 0.462629496875 0.5725120140625 0.433228828125 0.551116528125 0.380983321875 0.5184565828125 0.36469430625 0.5173231421875 0.28628870625 0.571298640625 0.349849928125 0.6238982203125001
0 0.460318915625 0.6562657265625 0.5761757109375 0.6896004734375001 0.5909199578125001 0.686874953125 0.5992339609374999 0.6722501359375 0.6004898015625 0.6545673937500001 0.5903421015625 0.6437915453125 0.54260531875 0.6244767578125 0.47101901718750006 0.6080437 0.460318915625 0.6562657265625
10 0.7417408796875 0.68887936875 0.6668261828125 0.5912619078125 0.5888096421875 0.5629295546875001 0.5617827640625 0.5849398890625 0.5132924765625 0.5762347453125 0.5163820125 0.5839526687500001 0.5808223234375001 0.6241743265624999 0.5868758140625 0.641378446875 0.6170677421875 0.6772425375 0.7209308375 0.7514038015625 0.7436123359375 0.7393582859375 0.7417408796875 0.68887936875
10 0.7384748578125 0.47876715625 0.6515541484375 0.49897924375 0.6319999468749999 0.543820934375 0.6167533640625 0.5536195515625 0.6313720265625 0.552662303125 0.63333130625 0.576294696875 0.6719628234374999 0.59576569375 0.7189838640625 0.65076838125 0.735059471875 0.6805166218750001 0.7422432171875 0.6818062734375 0.7711160968749999 0.6081935734374999 0.7805981156249999 0.6027325390625 0.7817283734375 0.58681806875 0.76812669375 0.49662609375000005 0.7546382875 0.481668871875 0.7384748578125 0.47876715625
7 0.6645032953125 0.752018653125 0.6903999140625 0.745922784375 0.6966668125 0.7345121031249999 0.6275921953125 0.6827135625 0.616816575 0.6807790859375 0.61351363125 0.7016759625 0.5949641 0.7323714609375 0.5720314359375 0.7479535234375 0.572194778125 0.7712635015625 0.593369265625 0.780437278125 0.614003659375 0.7716058984374999 0.6413194609375 0.7711372671875 0.6645032953125 0.752018653125
10 0.2923421953125 0.5885027593750001 0.249742053125 0.573691759375 0.20333662656249998 0.58685073125 0.1728434609375 0.6064479656249999 0.1645672140625 0.6461510359375 0.148567128125 0.6665593000000001 0.14718570312499998 0.686010315625 0.15992060156250001 0.7115771828125 0.189195684375 0.734740940625 0.2479592609375 0.752453659375 0.2863018484375 0.750382953125 0.32372759375000004 0.7356119171875 0.3474137640625 0.7094202078125 0.3568580265625 0.6788809234375 0.35234930468750003 0.6655357656249999 0.29534390625 0.6230672109375 0.2923421953125 0.5885027593750001