8 0.66875 0.24135131875 0.67041015625 0.240625 0.6865234375 0.238671875 0.69775390625 0.24208984375 0.712890625 0.25478515625 0.7177734375 0.25087890625 0.7265625 0.2357421875 0.72607421875 0.215234375 0.73046875 0.19814453125 0.73681640625 0.18642578125 0.73681640625 0.18203125 0.73291015625 0.1751953125 0.72509765625 0.16884765625 0.7080078125 0.16201171875 0.69091796875 0.16298828125 0.66875 0.148125665625 0.66875 0.24135131875
0 0.66875 0.3599660234375 0.69580078125 0.3822265625 0.7353515625 0.42080078125 0.7412109375 0.4349609375 0.74462890625 0.43740234375 0.7568359375 0.4369140625 0.76123046875 0.44228515625 0.7744140625 0.43984375 0.7998046875 0.4193359375 0.82470703125 0.391015625 0.82568359375 0.3861328125 0.82373046875 0.3822265625 0.8359375 0.37001953125 0.8369140625 0.355859375 0.8349609375 0.348046875 0.82958984375 0.34267578125 0.81298828125 0.334375 0.78369140625 0.308984375 0.74755859375 0.2845703125 0.69921875 0.2435546875 0.69091796875 0.240625 0.68212890625 0.240625 0.66875 0.2449253625 0.66875 0.3599660234375
0 0.77880859375 0.29189453125 0.79052734375 0.30361328125 0.79833984375 0.31484375 0.810546875 0.31484375 0.830078125 0.303125 0.841796875 0.29140625 0.84814453125 0.2787109375 0.85009765625 0.25625 0.84716796875 0.24697265625 0.8466796875 0.223046875 0.84375 0.199609375 0.8388671875 0.18544921875 0.82763671875 0.1712890625 0.8115234375 0.1625 0.7900390625 0.15615234375 0.78515625 0.148828125 0.77685546875 0.1478515625 0.76708984375 0.15029296875 0.76025390625 0.1546875 0.7568359375 0.16396484375 0.7421875 0.17861328125 0.732421875 0.19326171875 0.72705078125 0.20595703125 0.72509765625 0.21767578125 0.7275390625 0.2357421875 0.7353515625 0.2533203125 0.75830078125 0.28115234375 0.77880859375 0.29189453125
0 0.775390625 0.5072265625 0.77880859375 0.52529296875 0.76611328125 0.5580078125 0.765625 0.57607421875 0.77001953125 0.5921875 0.78857421875 0.601953125 0.79931640625 0.61318359375 0.80859375 0.62783203125 0.82861328125 0.63515625 0.849609375 0.6361328125 0.86962890625 0.63125 0.86962890625 0.46328125 0.8623046875 0.453515625 0.84326171875 0.4408203125 0.8271484375 0.4359375 0.82373046875 0.43740234375 0.80517578125 0.4583984375 0.791015625 0.4671875 0.77197265625 0.473046875 0.763671875 0.4837890625 0.7646484375 0.49111328125 0.775390625 0.5072265625
0 0.66875 0.635626775 0.67529296875 0.6302734375 0.68408203125 0.629296875 0.71826171875 0.617578125 0.72607421875 0.6126953125 0.7578125 0.56826171875 0.7587890625 0.56435546875 0.765625 0.55703125 0.77880859375 0.5267578125 0.77783203125 0.51455078125 0.7724609375 0.50185546875 0.763671875 0.488671875 0.74169921875 0.4642578125 0.7119140625 0.44033203125 0.69482421875 0.43203125 0.6796875 0.43056640625 0.671875 0.43447265625 0.66875 0.44134765624999994 0.66875 0.635626775
0 0.66875 0.75 0.7176441859375 0.75 0.79541015625 0.71474609375 0.82470703125 0.695703125 0.826171875 0.68935546875 0.8251953125 0.66640625 0.82080078125 0.6517578125 0.81201171875 0.633203125 0.80126953125 0.615625 0.79052734375 0.60244140625 0.77685546875 0.59462890625 0.77001953125 0.59365234375 0.71533203125 0.6185546875 0.673828125 0.63369140625 0.66875 0.636476184375 0.66875 0.75
0 0.66875 0.400135553125 0.69580078125 0.43203125 0.71435546875 0.44228515625 0.72216796875 0.4505859375 0.75048828125 0.47060546875 0.7724609375 0.47060546875 0.79931640625 0.461328125 0.80908203125 0.45400390625 0.82421875 0.43203125 0.82958984375 0.4125 0.8291015625 0.394921875 0.82568359375 0.391015625 0.81494140625 0.398828125 0.7998046875 0.41787109375 0.77294921875 0.44033203125 0.7626953125 0.44228515625 0.75830078125 0.43935546875 0.74755859375 0.4388671875 0.74169921875 0.4349609375 0.73681640625 0.4271484375 0.712890625 0.4056640625 0.705078125 0.39052734375 0.69140625 0.3763671875 0.66875 0.35713074843750003 0.66875 0.400135553125
7 0 0.75 0 0.9748376546875 0.009930346875 0.9762510484375 0.25867376875 1 0.43641804687499997 1 0.44104385468749996 0.9938267609375 0.4509643828125 0.9770139265625 0.45404858125 0.9534052046875001 0.45810368125 0.9317495921875001 0.45722995781250003 0.9130979203124999 0.45447159531250003 0.88071734375 0.444802590625 0.85431036875 0.4340998015625 0.8367552328125001 0.42920527656249996 0.8338655625 0.0936406546875 0.75 0 0.75
9 0.66875 1 0.66875 0.9637261593750001 0.599240665625 0.8161723953125 0.45545393125 0.880705915625 0.46014838124999996 0.9179749812500001 0.5013696828125 1 0.66875 1
7 1 0.8543506359374999 0.981058003125 0.8571397749999999 0.8555650937499999 0.8486152171875 0.8144726562500001 0.852732834375 0.79909125 0.8621863875000001 0.7920991359375 0.8826677234375 0.7958458562499999 0.9126226953125001 0.8119682375 0.9307878734375 0.8475431765625 0.940410265625 0.8730072171875 0.9365399609375 0.9831469796875 0.9624275203125 1 0.9744138421875 1 0.8543506359374999
7 1 0.75 0.66875 0.75 0.66875 0.8319154687499999 0.6741697624999999 0.8338238718750001 0.9812767359375 0.858436571875 1 0.855590803125 1 0.75
7 0.8566201093749999 1 0.8569486968750001 0.996172471875 0.850471484375 0.9809969515624999 0.8556854749999999 0.9422318046875 0.839810084375 0.9332728703125 0.8143177828124999 0.9292337265625001 0.8005732046875 0.9174238515625 0.7940677328125 0.8943388828125001 0.7952953515625 0.8783913125 0.8151005953125001 0.8487137718750001 0.7523400125 0.8404967687499999 0.7500187265625 0.8499603640625001 0.7629448921875001 0.8724019546875 0.7811562515625 0.9958548765625 0.778941721875 1 0.8566201093749999 1
7 0.9009905140625 1 0.9014560859374999 0.989075240625 0.9150311078125 0.9534284234375001 0.9141561765624999 0.9482412421875 0.8740726234375 0.9351144890625 0.8593191578124999 0.9405489812500001 0.8538016546874999 0.954288990625 0.8612385781249999 0.9983800374999999 0.8621641234374999 1 0.9009905140625 1