0 0 0.2681356515625 0.0123332515625 0.291731625 0.06981888750000001 0.41247092500000004 0.077311678125 0.41936686874999995 0.0846953859375 0.421875 0.09716448125 0.421875 0.1086924421875 0.42155390937500004 0.13945754999999999 0.41047955781249995 0.166411853125 0.3939889640625 0.177577653125 0.3835846140625 0.195845290625 0.358876590625 0.1984375 0.350751221875 0.1984375 0.3390394015625 0.198272 0.33680219375 0.09372348281250001 0.1769486515625 0.0843777140625 0.170797203125 0.06713769375 0.167688878125 0.0357853890625 0.1719231421875 0.0115963234375 0.184086340625 0 0.1953605640625 0 0.2681356515625
0 0.03999891875 0 0.0503858234375 0.035945925000000004 0.057715317187500004 0.0730126984375 0.057800690625 0.092276615625 0.0645714453125 0.128924609375 0.0657982640625 0.1460574 0.0745373546875 0.1577274453125 0.0753777078125 0.16305061875 0.093180953125 0.1759677234375 0.1008376125 0.178125 0.11769864062499999 0.178125 0.12882640781250002 0.17708455625 0.1908434578125 0.1642607046875 0.202520059375 0.1602125203125 0.21533810781249998 0.15403320781250002 0.2224923703125 0.1431821453125 0.2380516875 0.13564413125000002 0.2453125 0.127520840625 0.2453125 0.125679021875 0.2415149890625 0.104533378125 0.240866390625 0.0754606796875 0.23734770468750002 0.04381015 0.2316989140625 0.017389718749999998 0.23212434218750003 0.0044819640625 0.230524859375 0 0.03999891875 0
0 0.32478360156249997 0 0.3455209671875 0.018860593749999998 0.371991396875 0.052353815625 0.385977109375 0.059375 0.4101479875 0.059375 0.4203829921875 0.05619740937499999 0.43353059062500005 0.048985104687499996 0.458121115625 0.0268828421875 0.46933485468749997 0.0105411109375 0.47347458124999997 0 0.32478360156249997 0
0 0 0.3915402296875 0.001924928125 0.39408262656250004 0.0070539421875 0.3953668984375 0.045299989062500004 0.3984375 0.0640625 0.3984375 0.0640625 0.39830359375 0.06272862500000001 0.3922959734375 0.0414591171875 0.3511809515625 0.029793021875 0.324090459375 0 0.26765970625 0 0.3915402296875
0 0.8182768843750001 0.0662465515625 0.8019128078125 0.07795094999999999 0.7917005734375 0.0922170453125 0.7878779437500001 0.106632846875 0.789164521875 0.1179449390625 0.856628009375 0.188828984375 0.8672550515624999 0.19471894843749998 0.8845094515625 0.1983466265625 0.9023124265625 0.188287646875 0.9171875 0.17005140000000002 0.9171875 0.162739209375 0.9158594125 0.1483123703125 0.9062564546875 0.1239117703125 0.88674590625 0.0944439203125 0.8467069031250001 0.062077534375 0.8332875015625 0.0601514140625 0.8182768843750001 0.0662465515625
7 0.7824925671875 0 0.774388753125 0.0215365484375 0.7677861312500001 0.0560335546875 0.76971290625 0.068972353125 0.7757916874999999 0.08039672656249999 0.7687804390625 0.10279635625000001 0.771261975 0.11010717968749999 0.78508381875 0.11607199374999999 0.796082384375 0.0857072515625 0.8137206718750001 0.0691975875 0.8256157406250001 0.062223601562499994 0.8336027453125 0.062410734375 0.83495620625 0.056801470312500005 0.8458148203124999 0.0522207609375 0.851320284375 0.0450970703125 0.8644710109375 0.009141778125 0.8635076250000001 0.0026723765625 0.8611706671875 0 0.7824925671875 0
7 1 0.0519106671875 0.9910866500000001 0.0403132046875 0.98006335 0.0384432265625 0.9633030125000002 0.054167609375 0.9366350796875 0.064824740625 0.938811978125 0.09146890937499999 0.9591212296875 0.12095547499999999 0.9699253265625 0.149413484375 0.9818389468750001 0.166615540625 1 0.20523758593750002 1 0.0519106671875
7 1 0.2055628546875 0.9556824890625 0.11523393125 0.9206672578124999 0.0725091546875 0.9097900937500001 0.052913821875 0.9002056906250001 0.0526892640625 0.8724282359375 0.0746023484375 0.8725929234375001 0.08105303593749999 0.89153634375 0.100031503125 0.9052913031250001 0.12291767499999999 0.9224243031249999 0.176505428125 0.9828703593749999 0.2617304234375 0.992381696875 0.270817659375 0.9994907484375 0.271790075 1 0.27158067343750003 1 0.2055628546875
7 1 0.31531132500000003 0.99800351875 0.31124205312500003 0.9940100171874999 0.3111484859375 0.9950279203125 0.28457916875 0.97687083125 0.24950205468750003 0.9312954437500001 0.1839659578125 0.9173881640625 0.170746459375 0.8952016109375001 0.1927905359375 0.870368834375 0.20107310156249997 0.8655828171875001 0.209019503125 0.8646317984374999 0.2186674640625 0.8675157765625 0.2300169828125 0.8798318390625 0.2512577359375 0.917804115625 0.2964693578125 0.9330772249999999 0.3201969515625 0.9631962656249999 0.331378725 0.9730307921874999 0.3453086546875 0.983255390625 0.3471599203125 0.9943517609375 0.340167221875 0.9982598265625 0.3330061046875 1 0.31535227187500003 1 0.31531132500000003
7 0.801545703125 0.12773963906250002 0.7897175171875 0.1177922671875 0.7710242203125001 0.11251916875000001 0.7651286796875001 0.131721525 0.7676164 0.1470910265625 0.785139475 0.1886001171875 0.8088936499999999 0.23186690468750001 0.8127286484375 0.23356846406249998 0.8492063703125 0.2046065421875 0.853199871875 0.2047001078125 0.8595956593749999 0.21290849375 0.86389998125 0.20172739218750002 0.863015846875 0.194453996875 0.8303236484375001 0.16064803593750002 0.8285615609375 0.1541599234375 0.81785526875 0.1490739578125 0.801545703125 0.12773963906250002
7 0.559375 0.951787590625 0.5525575093749999 0.9472208984374999 0.5324678625 0.9380614218750001 0.5107512390625 0.923534446875 0.4784624703125 0.9084914515625 0.46076506093749997 0.8940901421875 0.43987156875 0.8694502109375 0.409267653125 0.8216327890624999 0.384419253125 0.78883243125 0.35613040625000003 0.7608702078125 0.3202082671875 0.7361313078125 0.29490971718750003 0.72093594375 0.2418882296875 0.69980443125 0.22206224375 0.6886130968749999 0.1796064671875 0.6765287437499999 0.125684675 0.6519689093750001 0.0965341125 0.64666815625 0.07510343593749999 0.628125 0.06947478124999999 0.628125 0 0.6346266328125 0 0.8181822249999999 0.0261689296875 0.8374123265625 0.0396220484375 0.8411713109375001 0.048734414062499995 0.8463401062500001 0.061075012500000005 0.857730146875 0.0763801859375 0.8773732890625 0.09075933124999999 0.8890743515625001 0.12298379374999999 0.91215210625 0.14805083593749999 0.9253619484375001 0.17945859375 0.9500215187500001 0.2113679484375 0.9661036140625001 0.21829386093749997 0.9739860046875 0.25710983593750003 0.9849055937500001 0.3257515984375 0.9940376000000001 0.389100859375 0.9921235796874999 0.41828357499999996 0.9934069531249999 0.422592175 0.9960145203125 0.4217091875 1 0.5574308453125 1 0.5585188140625 0.9983480328125001 0.559375 0.9962340171874999 0.559375 0.951787590625
7 0 1 0.020877009374999998 1 0.037056687500000005 0.9743229218749999 0.0629082765625 0.9513300171875001 0.1110038109375 0.9388003703125 0.115625 0.9224867671875 0.115625 0.90791914375 0.10355057187500001 0.8963433890625 0.060438859375 0.8657539578125 0.0441690765625 0.8507172531249999 0.02189940625 0.8357402359374999 0.006793587500000001 0.822099990625 0 0.8225760812499999 0 1
1 0.6360049953125 0.5890625 0.630003459375 0.595931778125 0.6265590078125001 0.6110762796875 0.6101538062499999 0.6546294265625 0.6129542578125 0.6766227609375 0.627101559375 0.7434705671875 0.65242265625 0.850204365625 0.6637560328125 0.8891092374999999 0.6755422578125 0.9493596999999999 0.6827918046875 0.9711454046875 0.685711409375 0.974308821875 0.68862428125 0.9744974421875 0.692581159375 0.971283575 0.6980271015625 0.9468498593750001 0.702070509375 0.9461202312499999 0.7145401015624999 0.9508935031250001 0.72198185625 0.9503839296875001 0.736439465625 0.9399183890625 0.7537099421875 0.9212076312499999 0.7558249109374999 0.9263018531250001 0.7561844953125 0.9421884078125 0.7598289515625 0.9439115828125001 0.7627350828124999 0.9411254031249999 0.7828287296875001 0.8115545671875001 0.7918900625 0.7045685234375 0.803125 0.6047740171875 0.803125 0.5890625 0.6360049953125 0.5890625
1 0.559375 0.5890625 0.559375 0.6493647828125 0.572880165625 0.692640940625 0.587759053125 0.7610233015625 0.6078388328125001 0.8396569812500001 0.614177 0.8519648515625 0.6256958484374999 0.865599646875 0.643845075 0.8776808781250001 0.6461218093750001 0.878125 0.6534396765625 0.878125 0.6573519390625 0.8760768625 0.6581498390625 0.87117125625 0.649184278125 0.8418385265625 0.6484324796875 0.8313795734375 0.643138321875 0.8156692156249999 0.6245082390625 0.7341550453125001 0.6116577921874999 0.66838266875 0.6103205140625 0.6494584437500001 0.6110386250000001 0.6450433984374999 0.6174892109375 0.6355465546875 0.6244915921875 0.6196409890625001 0.6284878359375 0.5980877640625 0.6380697359375 0.5890625 0.559375 0.5890625
1 0.805310071875 0.5890625 0.806781384375 0.602467953125 0.80135776875 0.7082023703125 0.7990708015625 0.734327821875 0.78719554375 0.8133709281249999 0.7862650109375 0.8311568515625 0.7677997984375 0.9296023218749999 0.765871359375 0.9354261749999999 0.7599725671875 0.938514296875 0.754958203125 0.9391810515625 0.748959409375 0.9338353343750001 0.7450823203125 0.9365586421875 0.7439719953124999 0.9464012875 0.74626675625 0.9594387890625 0.7435741015625 0.9850422421874999 0.743369165625 1 1 1 1 0.6761464625 0.9932926343750001 0.6532119765625 0.9751356109374999 0.6019677984375 0.9694789796875 0.5890625 0.805310071875 0.5890625
1 0.966862728125 0.5890625 0.9677986015624999 0.593413384375 1 0.6873366578125 1 0.5928958109375 0.996795996875 0.5890625 0.966862728125 0.5890625