9 0.559375 0.26730952812500003 0.5248250343749999 0.3137496921875 0.4249554984375 0.45726175312499995 0.412431425 0.46714122812500003 0.36603059375 0.4896370890625 0.36581805625 0.537214696875 0.372531153125 0.54441894375 0.41114444531250005 0.6394929687500001 0.42799587499999997 0.659375 0.4522173203125 0.659375 0.456500921875 0.650856115625 0.5187547484375 0.5940694375 0.559375 0.5524286734375 0.559375 0.26730952812500003
9 0.30653056875 0.659375 0.3194100421875 0.5995257078125 0.328125 0.5256799015625 0.328125 0.4924776890625 0.2717990875 0.4877997703125 0.23927632656250003 0.4972052484375 0.19005534531249998 0.49335478281249995 0.1739914578125 0.49593747656250003 0.17854718281249998 0.48100464218749994 0.20052079531250003 0.460278203125 0.216345340625 0.43761678125000003 0.10968064687500001 0.450241325 0.0825487109375 0.29986110625 0.0497866046875 0.289187859375 0.025556876562500004 0.2888372375 0 0.3186381734375 0 0.62346046875 0.120536159375 0.650781846875 0.1985387609375 0.659375 0.30653056875 0.659375
9 0.559375 0.1972650078125 0.549751846875 0.190941425 0.5259443375 0.15539075156249998 0.47983519374999994 0.197510753125 0.40375264218750007 0.25409658749999997 0.353211384375 0.3114478609375 0.27600030625 0.3801482296875 0.226305446875 0.4284136 0.1693724109375 0.4984375 0.17549385 0.4984375 0.191394728125 0.4958805234375 0.21556636093749998 0.49517569687499996 0.250313090625 0.4941625078125 0.28906873437499997 0.4824609984375 0.30621 0.49253259531250004 0.33491381875 0.49169561406250006 0.3471407015625 0.4898288828125 0.359104634375 0.49401063437500004 0.3779195125 0.4828905828125 0.378060578125 0.4813762640625 0.3905695921875 0.47648090156249995 0.423564459375 0.461926965625 0.43555020781250003 0.44647543437500004 0.4786788921875 0.387830103125 0.5160468015624999 0.3263323453125 0.559375 0.2669733296875 0.559375 0.1972650078125
9 0 0.2803193921875 0.15035758125 0.30760790625 0.202950903125 0.3090947328125 0.25562755937500004 0.3203125 0.2592845140625 0.3203125 0.2683763703125 0.2860441265625 0.234617103125 0.2764570984375 0.25532601875 0.2320573421875 0.27792785625 0.1996840171875 0.2984375 0.11931345156249999 0.2984375 0.11591241562500001 0.0038267343750000003 0.0853501203125 0 0.0850915703125 0 0.2803193921875
9 0.559375 0.0969518765625 0.3620294421875 0.09008777500000001 0.239759703125 0.27336727656250004 0.2525239765625 0.2790358953125 0.2713170359375 0.2875491234375 0.2910565609375 0.30207556874999997 0.2943962203125 0.3609375 0.29607265625 0.3609375 0.523231140625 0.1548566109375 0.5463743187500001 0.1813654359375 0.559375 0.19050765 0.559375 0.0969518765625
9 0.17964484218750001 0 0.209615396875 0.103495565625 0.300641234375 0.112922946875 0.2845126796875 0.190625 0.28517546562499996 0.190625 0.3570023375 0.0901366515625 0.559375 0.10013672031250001 0.559375 0.041246621875 0.5189552109375 0.017455071875 0.3844594875 0.03798910625 0.338514334375 0.013655373437500002 0.305942665625 0.0236663578125 0.3200304546875 0 0.17964484218750001 0
4 0.5901478453125 0 0.559375 0.0097445390625 0.559375 0.075079553125 0.5704440749999999 0.0793527796875 0.5849136890625 0.0921875 0.587660246875 0.0921875 0.59417869375 0.0918453625 0.62050196875 0.05955240625 0.64264373125 0.0492313296875 0.6677484171875 0.015857475 0.7308125640625 0.002243609375 0.7317514093749999 0 0.5901478453125 0
4 1 0.3382401203125 0.9772240203125001 0.3458008796875 0.9602751812499999 0.365008296875 0.9249678796874999 0.366861496875 0.8834958 0.41139821093749995 0.8724806171875 0.4337287734375 0.8842521421875 0.5040924312499999 0.903677146875 0.5234375 0.9305795906250001 0.5234375 1 0.5068512468749999 1 0.3382401203125
4 0.9212568484375 0 0.912272171875 0.0078999890625 0.907533159375 0.0218870875 0.8664514890625 0.022898509375 0.8175325421874999 0.0426391015625 0.8038173078125 0.075415153125 0.8133588328125001 0.1138396875 0.8460535328125001 0.1728013671875 0.9082811656249999 0.229068065625 1 0.251439365625 1 0.052267734375 0.9795813328125 0.038712979687499996 0.9457819546875001 0 0.9212568484375 0
4 0.624332103125 0.2616650546875 0.6320418437499999 0.2738538828125 0.6571543375 0.2897087328125 0.6952491359375 0.327779434375 0.7501891859375001 0.36153137812499997 0.7577953374999999 0.388608865625 0.759603178125 0.430873915625 0.7718447562499999 0.45885296249999996 0.7804275171875 0.4609375 0.7839665109375 0.4609375 0.7969254953125 0.4415084453125 0.7980248859375 0.359020590625 0.803767503125 0.3266630046875 0.814384475 0.2986290265625 0.815625 0.2856739703125 0.815625 0.2345349203125 0.8155395593750001 0.23331119843749998 0.7914228671875 0.14985715156249999 0.7584652937499999 0.103502765625 0.7311545546875 0.08890815937499999 0.722465153125 0.07906047656250001 0.693672953125 0.07599226406250001 0.66400468125 0.060376534375 0.6359207125 0.059375 0.6247286390625 0.059375 0.613468928125 0.073332809375 0.6088652578125 0.10563061562500001 0.6119952734374999 0.13408790937499998 0.6190439265625 0.15318061562500002 0.618048125 0.22077981093750002 0.624332103125 0.2616650546875
4 0.559375 0.3897798 0.5769118875 0.3948817390625 0.585919859375 0.40929215 0.5967278671875 0.41673890468749997 0.6039358078125 0.43811297812500005 0.6119148156249999 0.440625 0.614413615625 0.440625 0.64375 0.42938870937500007 0.64375 0.41635509531250003 0.63200341875 0.3816863390625 0.6148635421875001 0.36541302343750004 0.6080538171875001 0.349742365625 0.6005835328125 0.1772601203125 0.5844155125 0.109416953125 0.56176414375 0.079694565625 0.559375 0.078000503125 0.559375 0.3897798
4 1 0.2515994125 0.9171595703125 0.23366228437499997 0.9029347296875001 0.2263948703125 0.8492372140625001 0.1776944875 0.8119867328125 0.1189719328125 0.7950378953125 0.1381793484375 0.796766090625 0.1793037140625 0.8157934484375 0.2389827625 0.8168048593750001 0.26984098125 0.815060521875 0.2939746640625 0.7988841640625 0.340618253125 0.7939140296874999 0.4004120109375 0.795881153125 0.444958425 0.8044112718750001 0.4525247421875 0.8147003078124999 0.453125 0.8147551921874999 0.453125 0.842976121875 0.44821083125000005 0.8638992953125 0.43680885312499995 0.9118068328125 0.38621004062500003 0.9212052125 0.3570951625 0.9356372328125 0.33458525781250004 1 0.2783142328125 1 0.2515994125
4 0.6402400703125 0.2891695828125 0.6142832609375 0.29396658593749997 0.5978122781249999 0.3200181015625 0.6004644359375 0.34163129531249997 0.614243171875 0.3752539765625 0.6520194 0.408761946875 0.7036462046875 0.42780457343749995 0.7121763203125 0.4353708890625 0.724864003125 0.43699466718749996 0.7302162125 0.448162375 0.7316307828124999 0.4484375 0.73560685625 0.4484375 0.7510597421874999 0.43561971406250005 0.7629270515625001 0.4418660046875 0.7695217953125 0.4380852703125 0.7703125 0.41874477031249996 0.7703125 0.41729596718749995 0.75505021875 0.378167103125 0.7536962921875 0.35877549375 0.7314988328125 0.35192654375 0.6873667890624999 0.32562135468750003 0.6587817640625 0.2927758234375 0.6402400703125 0.2891695828125
7 0 1 0.2438864421875 1 0.235631115625 0.988930709375 0.223107490625 0.95210973125 0.20862645 0.9275056078125001 0.189894584375 0.9053360906249999 0.1572854640625 0.8759309296875 0 0.6847800625 0 1
8 0 0.659375 0 0.688594953125 0.1388407875 0.8573205546875 0.1734901109375 0.894706353125 0.18428515625 0.8996193859374999 0.23624938750000002 0.90333945 0.26451029843749996 0.92141395625 0.27732868593750004 0.925 0.2818845046875 0.925 0.30349807812499996 0.9177717734374999 0.318840959375 0.9027551203125 0.328125 0.8823559828124999 0.328125 0.855397753125 0.3198732171875 0.8447384578125 0.2932873125 0.8255099484375 0.3059277828125 0.8108730953125001 0.3051973953125 0.7926038109375 0.2647941625 0.659375 0 0.659375
8 0.559375 1 0.559375 0.8508763703125 0.5100304890625 0.8448219265624999 0.40646722031250004 0.8465164406250001 0.4005559953125 0.8436728234374999 0.3918449703125 0.82744374375 0.377208115625 0.8148032734375 0.35470261718749996 0.8115360390624999 0.3010487703125 0.8154022093750001 0.293701134375 0.82194643125 0.295741334375 0.8299270703125 0.3220740390625 0.8473539703125 0.3434255328125 0.848946196875 0.32759085625 0.8539274062500001 0.32314040624999996 0.887622353125 0.3054603046875 0.9121534484375001 0.293608646875 0.919330671875 0.2775207703125 0.9225102703125 0.23769060937500003 0.9005501375 0.216465715625 0.8998587140625001 0.2086116765625 0.9027997203125 0.2109878609375 0.9327794578124999 0.2225132921875 0.9559617718750001 0.23092730156250002 0.989685934375 0.23859955 1 0.559375 1
8 0.559375 0.659375 0.26255936874999997 0.659375 0.290358603125 0.7501926437499999 0.29781823749999997 0.7509814546875 0.31058530625 0.73724540625 0.3258989796875 0.735093209375 0.343223640625 0.753786109375 0.3630949046875 0.7840628625 0.3715287203125 0.7890625 0.3815728484375 0.7890625 0.467179178125 0.7795393328125 0.53255808125 0.767595140625 0.559375 0.7082855828125 0.559375 0.659375
3 0.9422690328125001 0.659375 0.9409729765625 0.6629553640625 0.932678271875 0.6721496 0.9236596296874999 0.676483746875 0.9020876390625 0.6754683078125 0.915607740625 0.7274400359375 0.9156724921875 0.73857658125 0.9122430078124999 0.7469897375000001 0.9130924 0.7734268875 0.9222081687499999 0.7857975625 0.931539453125 0.7875 0.9343349562500001 0.7875 0.9528149906250001 0.7852629906249999 0.9597468046875001 0.7809652921875 0.9659587265624999 0.7725035390625 0.9686440390625 0.7557501203125 0.9684538328125001 0.723036515625 0.9780790515625 0.7033774671875 0.994148859375 0.659375 0.9422690328125001 0.659375
3 0.7999187437499999 0.659375 0.7849112406250001 0.696080840625 0.7824606515625 0.7532042406249999 0.7701056046874999 0.781960328125 0.768095665625 0.795221425 0.7765036859375 0.8055161468750001 0.7939343937500001 0.8121727562500001 0.8106209296875001 0.8104891046875 0.8251801671875001 0.8018815578125 0.8320512765625001 0.787143346875 0.8367546171875 0.7585208999999999 0.8436216828124999 0.74308665625 0.866406825 0.7134522921875 0.8875 0.6764377374999999 0.8875 0.659375 0.7999187437499999 0.659375
3 0.6606117312500001 0.659375 0.6602613703125 0.661560878125 0.6637636984374999 0.665676334375 0.6610662453125 0.68034165 0.659691215625 0.683150084375 0.6548179000000001 0.682539096875 0.6507089953125 0.6937485406249999 0.6522539968750001 0.720173540625 0.6502885765624999 0.7410910125 0.6427785140625 0.7655858515625 0.633124965625 0.7803726609374999 0.62421154375 0.802803696875 0.62777053125 0.816663634375 0.63546270625 0.823490334375 0.648870821875 0.828125 0.6571730453125 0.828125 0.6667894171875 0.82711981875 0.678566215625 0.818560871875 0.69917954375 0.7743462375 0.7634544 0.7015248281249999 0.7634422578125 0.699436725 0.751592615625 0.6954670593750001 0.741809565625 0.6879807734375001 0.73824653125 0.6734248015625 0.7442130109375 0.659375 0.6606117312500001 0.659375