10 0.511386071875 0.459375 0.502944125 0.0799122 0.5017612437500001 0.050328825 0.49955714531249995 0.040583678125 0.49495405937500003 0.0339581828125 0.4879749609375 0.031439504687499994 0.44444771406249994 0.0302743015625 0.429628721875 0.0307296265625 0.4104364125 0.0344311234375 0.3541334359375 0.0365562234375 0.278202009375 0.0448823671875 0.2695817375 0.0568041296875 0.2710399265625 0.0769777890625 0.27870831875 0.109111471875 0.2871464265625 0.1743152421875 0.29861496718749997 0.2422907328125 0.32540880781250003 0.3740400015625 0.3406739609375 0.459375 0.511386071875 0.459375
10 0.0752381171875 0 0.0859301890625 0.459375 0.34211172031250003 0.459375 0.32162994375 0.3492881296875 0.29560540625 0.2293532328125 0.2845959859375 0.1598653625 0.26465569843750003 0.0677167859375 0.2544736484375 0 0.0752381171875 0
7 0.6434937578125 0.181379025 0.6406858109375 0.1703041375 0.61709958125 0.13712877031249998 0.5976635531250001 0.110833628125 0.5860211703125 0.10140951718749999 0.58133693125 0.109940515625 0.5786524265625 0.1183298421875 0.5705027609375 0.1117329640625 0.5668183875 0.120193128125 0.558627790625 0.1320472171875 0.5647640859374999 0.14493609062499999 0.606800115625 0.19832711249999999 0.6167851484375 0.20376907187499999 0.6207846187499999 0.203485725 0.6307560109375 0.2150780078125 0.6352585937499999 0.2203125 0.6369856453125 0.2203125 0.653125 0.21302545 0.653125 0.20884839375 0.6512737609375 0.20440037656249999 0.64279535 0.1957770015625 0.6431377328125001 0.191653175 0.6434937578125 0.181379025
7 0.8328125 0.459375 0.8328125 0.45240500937499994 0.8239743828125 0.4373074640625 0.8041686859375 0.4274367921875 0.7786379578125 0.444618928125 0.773534915625 0.459375 0.8328125 0.459375
7 1 0.459375 1 0.438168453125 0.9989771093750001 0.4334739265625 0.9870059843749999 0.42202331718749997 0.9786919421875 0.41441319062500004 0.9612010812499999 0.41257766875 0.9571879687500001 0.4190113359375 0.9463401546875 0.42695410625 0.9430118078125 0.42514011875 0.9348621390625 0.41854324062500003 0.919699753125 0.4185925390625 0.9151935296874999 0.42198646249999994 0.904469159375 0.4493934484375 0.9060883859375 0.459375 1 0.459375
7 0.55 0.459375 0.597605146875 0.459375 0.57861396875 0.303532946875 0.5631520812499999 0.2791819984375 0.55 0.2731269125 0.55 0.459375
7 0.6929628640625001 0.3242884390625 0.67193035 0.32365797500000004 0.6636533796874999 0.3242443625 0.654667515625 0.33336309218750004 0.63455475625 0.38356018281250004 0.64107385625 0.3979420421875 0.6415552703125 0.413811909375 0.65635134375 0.4276073796875 0.67480448125 0.42523978749999997 0.6853494578125 0.41282980625 0.7046815343749999 0.4029780921875 0.70824035 0.3539537765625 0.705675334375 0.3445931125 0.6929628640625001 0.3242884390625
7 0.73942873125 0.459375 0.7526693812499999 0.4536518640625 0.7570209859375 0.43531906875 0.7772176375 0.42434583750000004 0.7786210640625 0.4136437625 0.7667588140625 0.39858017968750004 0.7464064734375 0.40214258437500006 0.7350399984375 0.3965862625 0.6851794124999999 0.4117815875 0.6735998171875 0.4242648671875 0.6541120546875 0.4267057578125 0.6473367624999999 0.449451321875 0.6488671578125 0.458885284375 0.6500106578125 0.459375 0.73942873125 0.459375
7 0.8482273734374999 0.459375 0.8492148984375 0.4552941453125 0.8669878624999999 0.4487336796875 0.9134762859375 0.3998487796875 0.9310792093749999 0.39224009843749996 0.9592414625 0.36585882812500004 0.98713541875 0.3055680890625 0.9862995578125 0.293964390625 0.9782357046874999 0.276511178125 0.9582808859374999 0.2567195953125 0.9383117078125001 0.2432906171875 0.8892174484375 0.224503175 0.8661013328125 0.2303819140625 0.8446712968749999 0.2531054390625 0.8408441828125 0.2682202828125 0.844017584375 0.3135868515625 0.8383056296875001 0.3235339046875 0.8365046812500001 0.3575899703125 0.7949785 0.34674848125 0.787410421875 0.338802528125 0.7696518140624999 0.33900038593750004 0.7613604859375 0.34594938124999997 0.756455675 0.38022534375 0.7481499875 0.3935369453125 0.7503749171875 0.4008011734375 0.764859615625 0.3997749921875 0.773122228125 0.4055512109375 0.7848000765625001 0.4259291828125 0.8106512531250001 0.43045932656249997 0.822697903125 0.440208521875 0.8325951859374999 0.459375 0.8482273734374999 0.459375
7 0.7311025265625 0.30780296093750004 0.7150587171875 0.31212039375 0.7053496046875 0.336134071875 0.7080703078124999 0.352905559375 0.701096253125 0.38732812031249997 0.7046815343749999 0.4029780921875 0.737279284375 0.3974878828125 0.750544959375 0.40184939062499997 0.7579860703125 0.38965930625 0.762919596875 0.3426581296875 0.7601988953125 0.3258866421875 0.7486767328124999 0.31291949375 0.7311025265625 0.30780296093750004
7 0.8299613749999999 0.20113432968749997 0.8249726703124999 0.19618643281249998 0.79737798125 0.20026192968749998 0.7826801640625 0.21932771093749998 0.7384741 0.2500264125 0.7343068984375 0.2630448203125 0.7531001265625 0.26277366406249997 0.785640446875 0.282733884375 0.7994880453125 0.2584270109375 0.8236531390625 0.2461123671875 0.836791846875 0.23033783593749999 0.8375007374999999 0.22180549374999997 0.832852121875 0.2189540359375 0.8299613749999999 0.20113432968749997
7 0.6775175890625 0.21617538593750002 0.6264379796874999 0.236758396875 0.6191812734375001 0.24363409531250002 0.6167432265625 0.25440946875 0.6386116015625001 0.26664363125 0.656327134375 0.28553359375 0.6791031625 0.2775584203125 0.6949625703125 0.2785553765625 0.7124098062499999 0.263535871875 0.7133174578125 0.24332653437500001 0.7021784578125 0.2133680015625 0.6775175890625 0.21617538593750002
7 1 0.22932548281249998 0.9621941484375001 0.2034291109375 0.928363015625 0.2206696109375 0.921772125 0.2381007875 0.9439949468750001 0.2460687796875 0.9696330046875001 0.2686385234375 0.979950503125 0.28063075 0.9881700390624999 0.30549479062499996 1 0.302815840625 1 0.22932548281249998
7 0.822340371875 0.06383980624999999 0.8121642031249999 0.06562100781249999 0.7966735968750001 0.053995273437500005 0.78527840625 0.061164164062500005 0.7663846703124999 0.10597356718749999 0.765376509375 0.17072115000000002 0.7972653703125 0.173763284375 0.8143438015625 0.1693725546875 0.83658098125 0.1709779421875 0.84454658125 0.1555699015625 0.8496070765624999 0.128704765625 0.858762984375 0.12063425312500001 0.8512666953125001 0.080875265625 0.832487825 0.074783815625 0.822340371875 0.06383980624999999
7 0.7719243265625 0.1723777953125 0.7474335015625 0.176233396875 0.7060055703125 0.19825315937500002 0.7415923234374999 0.243443909375 0.74986929375 0.2428575203125 0.7624835109375001 0.23030094375000001 0.7799163890624999 0.22164404218749997 0.799447225 0.2001153328125 0.828246578125 0.19701475625 0.8370623984375 0.18684780781250002 0.8262347703125 0.17171092500000001 0.7927724390625001 0.17832265 0.7719243265625 0.1723777953125
7 0.55 0.243300165625 0.551250709375 0.2442056296875 0.5608736734375 0.258367590625 0.5674214890625 0.2600242359375 0.5893472953125001 0.24680797031249999 0.6183741281249999 0.21930518437500002 0.6168437328125 0.20987122187499999 0.5685157953125 0.1571010109375 0.5547112734375 0.1623200625 0.55 0.1681570546875 0.55 0.243300165625
7 0.783300653125 0.326370509375 0.7886150875 0.33977745000000004 0.8060048890625 0.35020836875 0.83806379375 0.3542987203125 0.8421327421875 0.3084190625 0.82630205 0.2946968890625 0.801995628125 0.29323810156249996 0.7878510171875 0.29636071875000003 0.7821390625 0.30630776875 0.783300653125 0.326370509375
7 0.84061670625 0.29262249218749997 0.842091921875 0.2501073828125 0.8321001546875 0.246574196875 0.8041510187500001 0.254915865625 0.7889287140625 0.2771995984375 0.7890700390625 0.29097303124999996 0.8297460031250001 0.2965734296875 0.84061670625 0.29262249218749997
7 0.645694975 0.459375 0.6515039640625 0.4364329140625 0.63751729375 0.36956685624999996 0.6135366 0.3765671109375 0.5940057640624999 0.3980958203125 0.592403578125 0.42047489374999997 0.5974436 0.459375 0.645694975 0.459375
7 0.8700002375 0.1834540359375 0.8686829609375 0.155980471875 0.8555873296875 0.1526671828125 0.845581203125 0.15549660468749998 0.8417253734375001 0.1833366609375 0.828416621875 0.19806297343749998 0.8321719453125 0.2147611640625 0.8387197609375001 0.216417809375 0.8440485531249999 0.223462140625 0.8376564234374999 0.2292163203125 0.8327946890625 0.2444044625 0.8438210765624999 0.2478643484375 0.8795657671875 0.22306642656250003 0.8877014109375001 0.20870660624999998 0.8700002375 0.1834540359375
7 0.6394761796874999 0.265522115625 0.6170833140624999 0.25650590625 0.5889641343750001 0.26379935625 0.573401740625 0.2839866546875 0.58092674375 0.3110204265625 0.5873166203125 0.3826657453125 0.5945446109375 0.3885152625 0.6076546015625001 0.38546594375 0.619574284375 0.3750791015625 0.6344134296874999 0.36978675 0.656765475 0.32049128125 0.6579988562500001 0.3087409890625 0.651338428125 0.28058569843750003 0.6394761796874999 0.265522115625
7 0.665552578125 0.3230495484375 0.6898590015625 0.3245083359375 0.7048394734375 0.332989415625 0.714874315625 0.31743478281250004 0.7101130875 0.288084678125 0.7027150515625 0.2811869421875 0.6815268515625 0.27314565156250004 0.6511683859375 0.2795374796875 0.6578144546875 0.3140553765625 0.665552578125 0.3230495484375
10 0.4645037375 1 0.475337909375 0.9925642968750001 0.494578459375 0.9763988453125 0.5010865609375 0.9686758953125001 0.5078125 0.954468125 0.5078125 0.9371547843750001 0.50555241875 0.9274841406250001 0.4990179046875 0.9122481703125 0.4564413 0.8511544624999999 0.430045903125 0.8201729140625 0.4209818 0.804409303125 0.41123926875 0.790774296875 0.40038906250000006 0.778169415625 0.3943717828125 0.7728785125 0.38900999375 0.7624273984375 0.3905431390625 0.7592159046875 0.3994504234375 0.7570381015625001 0.4096953984375 0.7508513265625 0.4213163984375 0.740159109375 0.428073684375 0.7292090765625 0.43706926093750004 0.719230396875 0.449859215625 0.7100431875 0.48090460312500005 0.6907909203125 0.4904865421875 0.6832046671875001 0.4934569953125 0.6780228609375 0.4937944734375 0.666994903125 0.4922537765625 0.6636467078124999 0.48586475937499995 0.65651261875 0.47358102031250005 0.6491578953125 0.449937084375 0.642460384375 0.4442532109375 0.63950914375 0.43601681093750005 0.6329986515625 0.420318278125 0.6166078765625 0.41089375625 0.608840615625 0.40065662656249995 0.6049396140625001 0.3815888890625 0.60222346875 0.36373221093749997 0.6037957031250001 0.349321115625 0.6073478234375 0.33502502968750003 0.6094105187500001 0.321840390625 0.6137229359375 0.300814034375 0.6163996546874999 0.2824360453125 0.621394440625 0.26146719375 0.62332645 0.24279790937499998 0.628764946875 0.2353816640625 0.6249478828124999 0.23271035156250003 0.6195982046874999 0.22984735937499998 0.6167308984375 0.22511781874999998 0.614735428125 0.21494196875 0.6133695625 0.20833048125000003 0.6157740078125 0.203995621875 0.61865333125 0.19583936875000002 0.6310772015625 0.19280763750000002 0.633723871875 0.1869358578125 0.6365348484375 0.11426352656250001 0.6423117203125 0.0910447640625 0.650080303125 0.082451715625 0.65484600625 0.075552709375 0.6609740046875 0.071125784375 0.6683743609375 0.0692859484375 0.675557646875 0.0635402 0.7033661999999999 0.060224423437499994 0.7296637374999999 0.0532141828125 0.74056100625 0.039377828125 0.753313478125 0.0374075890625 0.76551426875 0.040691981249999995 0.7795678265625 0.0492731078125 0.7982575187500001 0.05973618125 0.812547290625 0.0695478375 0.8186296593750001 0.08511626718750001 0.8233904734374999 0.0904705078125 0.8272818984375 0.09154739375 0.8333079359375001 0.09203761875000001 0.853589009375 0.09666724843749999 0.8701932843750001 0.10130442343749999 0.8933572515625 0.1077506484375 0.9163940937499999 0.1145035625 0.9354591437499999 0.12312302500000001 0.9536523625000001 0.14107494375000001 0.9841338687500001 0.15289214843750001 1 0.4645037375 1
10 0 0.8665662218750001 0.02157985 0.8816503234375 0.0813657875 0.9195967734374999 0.09106243750000001 0.9271685640625 0.1095735765625 0.9375 0.1148209828125 0.9375 0.11567987187499999 0.934573609375 0.1069953578125 0.9105654125000001 0.0982153 0.8711509375 0.09278468437500001 0.8516049984375 0.0919224203125 0.8461281984374999 0.09455192031250001 0.8320470406249999 0.094218515625 0.829707378125 0.0901290671875 0.8260797765625 0.0844873046875 0.8259119078125 0.0681024953125 0.8217375109375 0.0627290859375 0.8180943234375 0.0567693125 0.8120587109375 0.050709925 0.8039844359374999 0.0471417875 0.7969342796875 0.0402663203125 0.7727989625 0.03801293125 0.7587082281249999 0.0414893 0.7536319484374999 0.058181096875000005 0.737187090625 0.0611707171875 0.7317570453125001 0.0632826796875 0.7243782859375 0.06967259375 0.681569984375 0.075199646875 0.6665798125 0.08232867187500001 0.6574729671874999 0.0925928140625 0.6510379578125 0.1036771125 0.647296375 0.11882791562499999 0.6441507843750001 0.14259848125000002 0.642550946875 0.1491524640625 0.6408912140625 0.152126690625 0.638989253125 0.15280511875 0.6368606484375 0.1483630984375 0.631141621875 0.147328321875 0.6278989546875 0.1493673859375 0.6247929890625 0.15148689375 0.62397391875 0.1576958515625 0.62678245 0.16526921875 0.6318934656249999 0.1685231203125 0.636355721875 0.17167740468749998 0.6387793171875 0.1769703671875 0.6401356078125 0.18214455000000002 0.6397014734375001 0.1884839109375 0.6374925 0.1890625 0.635373478125 0.1890625 0.62694006875 0.1847281640625 0.619557096875 0.1713024890625 0.60036135625 0.1634915578125 0.591669496875 0.1551326 0.5800887343750001 0.1502267703125 0.5770475515625 0.145071759375 0.5772334484374999 0.1403268234375 0.5787660578125 0.134838403125 0.57661229375 0.112471178125 0.5467232109375 0.0907515953125 0.5217616890625 0.08190966250000001 0.51310700625 0.0758732171875 0.5080643421875 0.0697217640625 0.5045111 0.051470404687500006 0.5012085359375 0.0429310890625 0.50194968125 0.0323718765625 0.5055485562500001 0.021544312500000003 0.5126227484375 0.0160251046875 0.5175251484375 0 0.53887219375 0 0.8665662218750001
10 0.55 1 0.55 0.6890867593750001 0.548600859375 0.6882019421875001 0.5425681875 0.6864391234375 0.535876253125 0.6865566718749999 0.5287971875 0.6883591140625 0.5039111000000001 0.70107685 0.49836895156249994 0.7029476421874999 0.49401492343750003 0.7060752031249999 0.4894041640625 0.7058701562499999 0.48328349687500005 0.6952607484375 0.47952745625000004 0.6939728078125 0.46325358124999994 0.7016766062500001 0.4460483203125 0.7114562453125 0.43322002968750006 0.72113993125 0.42824885 0.72893123125 0.4255772390625 0.74022901875 0.4241015984375 0.7426958031249999 0.4018638796875 0.757731609375 0.39436688750000004 0.7682751109374999 0.3977204015625 0.774776028125 0.4038947984375 0.7813608796875 0.4143578703125 0.7956506515624999 0.4309532296875 0.8137419078124999 0.43684010312500005 0.8240503140625 0.4568502546875 0.8511776187500001 0.47924042031249997 0.8840983109374999 0.5019256578125 0.9198551375000001 0.505397953125 0.9281464765624999 0.508134315625 0.9393111328125 0.507877284375 0.9526259875 0.5064629203125001 0.9576279062499999 0.5018443140625 0.9675106296875 0.4967160171875 0.9740079828125001 0.4846082640625 0.984346434375 0.4669775328125 0.996307440625 0.4610180796875 1 0.55 1
9 0.6049346328125 0.7110352171875001 0.63399518125 0.8834942140625 0.7833450234375 0.8855903312500001 0.87667608125 0.89375 0.884375 0.89375 0.884375 0.8893915953124999 0.8546812875 0.692941953125 0.6639819625 0.7030733437500001 0.6049346328125 0.7110352171875001
9 0.55 0.459375 0.55 0.5891277515625 0.66878935 0.625 0.6716453812500001 0.625 0.707713646875 0.459375 0.55 0.459375
9 0.55 0.7024238890625 0.7924851562499999 0.8828125 0.7951454874999999 0.8828125 0.91875 0.7376284171874999 0.91875 0.737195621875 0.6954287671875 0.5139599984375 0.55 0.7013408484375001 0.55 0.7024238890625
9 1 0.49872229843750004 0.9375772890625 0.4900223171875 0.8795856078125001 0.4827584609375 0.8342313671875001 0.47926185156249995 0.731209965625 0.4805642484375 0.744982596875 0.5628381921875001 0.7901467984374999 0.6016326000000001 0.958899809375 0.5806076578125 0.9782399609375 0.6609375 0.9861629000000001 0.6609375 1 0.66029000625 1 0.49872229843750004