10 0 0.559375 0.136929403125 0.559375 0.130651178125 0.5505459140625 0.12306592031250001 0.5297064984375 0.111434278125 0.443120734375 0.10017537812499999 0.385409353125 0.099542434375 0.3740299375 0.102312178125 0.36664308125 0.1147549921875 0.36083774375 0.1405751 0.353579690625 0.186483725 0.34688251718749996 0.2445826125 0.3418984203125 0.29813694375 0.3415674609375 0.30603520156249997 0.340415259375 0.3092947625 0.337944665625 0.3073768234375 0.32874779374999996 0.300428334375 0.31429951875 0.2790815734375 0.281003259375 0.2545885046875 0.2312077484375 0.23883020937500002 0.1836294046875 0.235548421875 0.150690446875 0.23605735156250002 0.1306653375 0.2448793265625 0.08349138125 0.2489340609375 0.073921984375 0.2538742984375 0.06821358281249999 0.25852446093750003 0.054567149999999995 0.2596211734375 0.040441553125 0.25819305625 0.0361609421875 0.254541640625 0.034698525 0.2465943984375 0.0353591015625 0.2103060421875 0.0481344421875 0.10757205624999999 0.0725979953125 0.0588936875 0.086682025 0.0328248484375 0.096470221875 0.009469126562500001 0.1083564875 0 0.11673452499999999 0 0.559375
7 0.940625 0.4546875 0.940625 0.4530621609375 0.9402241406249999 0.4546875 0.940625 0.4546875
7 0.261572759375 0.559375 0.262429740625 0.560013021875 0.26786728437499996 0.5660697390625 0.2809384453125 0.585321815625 0.2874850078125 0.6016687046875 0.29169553125 0.6215444453125001 0.292352965625 0.6415183359375 0.2893542703125 0.6598249671875 0.2834895984375 0.6725812328125 0.2756643765625 0.6822340671875 0.275276659375 0.684301721875 0.27893029999999996 0.6902814125 0.28213983125 0.693007521875 0.2879209296875 0.6962399828125 0.29150345781250003 0.6966462375 0.325073784375 0.692561340625 0.335512240625 0.6884838921875 0.3470499828125 0.6858195515625 0.35325073281249997 0.683176328125 0.35607753125 0.6793452234374999 0.3625 0.6576027875 0.3625 0.6375776890625 0.35261916718749997 0.559375 0.261572759375 0.559375
7 0.1799784375 0.559375 0.1675486921875 0.5620710734375 0.14928999999999998 0.5671764890625 0.045823328125 0.5888357203125001 0 0.5996086703125 0 0.771424146875 0.00528264375 0.7696494453125 0.03360679375 0.7627864375 0.054289848437499996 0.7556653718749999 0.07463183749999999 0.7470561250000001 0.1006666046875 0.7401661390625 0.1410511921875 0.7265285078125 0.166313015625 0.7194613953125 0.24840477343749998 0.6930698093750001 0.2688056453125 0.685469365625 0.2788588765625 0.679147140625 0.288350240625 0.6675537281249999 0.2908654171875 0.6627388453125 0.2930420234375 0.652123353125 0.29375 0.6443882390625 0.29375 0.6213241546875 0.2919504515625 0.61164615 0.28752885781250004 0.59686446875 0.2824962453125 0.5846798640624999 0.274342425 0.57128235625 0.26533956875000003 0.5607591515625 0.26370996406249997 0.559375 0.1799784375 0.559375
7 0 0.9197196671875 0.0037269140625000004 0.9180791515625 0.060915125 0.8961826203125 0.0998715921875 0.8842083390625 0.11700155781249999 0.8771854187500001 0.16534135625 0.8604771875000001 0.21055745468749998 0.8468684859375 0.23949262343750002 0.8374083999999999 0.2631202390625 0.8284738328125 0.27513402187499997 0.8252550390625 0.2911794234375 0.8170712171875 0.299583728125 0.8086293328125 0.32831031718750003 0.7999508734375 0.3361183234375 0.7943582703125001 0.341013703125 0.7867711359375 0.3449742140625 0.7762326703125 0.345914065625 0.770559134375 0.345651590625 0.7617070921875 0.33954189375 0.7354242875 0.334835625 0.7244756609375 0.33152304843749997 0.7199841484375 0.3286104203125 0.71798961875 0.3234378453125 0.7164725078125 0.3159930984375 0.7108681906250001 0.3084722578125 0.708315303125 0.2950328484375 0.7088850140625 0.2842533296875 0.7114742828125 0.270367321875 0.7131028453125 0.254564925 0.712384578125 0.1345842875 0.7298447828125 0.12051914062499999 0.732759375 0.09256549375 0.7416149609375 0.06901397031249999 0.747498096875 0.038204084375 0.7596803875 0.003173703125 0.7692366671875 0 0.770287765625 0 0.9197196671875
3 0.6757274046875 0.82703785 0.6664683765625 0.8495414406249999 0.667902384375 0.8842727828125 0.6763326390625 0.8907311109375 0.7241443078125 0.909375 0.7296375015625 0.909375 0.7975479390625 0.9002408390625 0.9132582843750001 0.748017446875 0.9201064328124999 0.730393459375 0.9203125 0.7248494703125 0.9203125 0.69184896875 0.9079352390625001 0.6712927468750001 0.880573934375 0.6476409249999999 0.85325678125 0.6361307203125 0.81552713125 0.638168584375 0.7836687578125 0.662193409375 0.6757274046875 0.82703785
3 0.9204337109375 0.8828125 0.9292770484374999 0.8828125 0.9773066328125001 0.8763523750000001 0.9890625 0.858578478125 0.9890625 0.820060046875 0.9581825593750001 0.7923732890625 0.9180135296875 0.74007525625 0.8490307406250001 0.82983120625 0.8499919625000001 0.837294140625 0.89397738125 0.8602284125 0.9204337109375 0.8828125
3 0.5244393078125 0.559375 0.54795741875 0.752968865625 0.5473650390625 0.7955649859375 0.5720790671875 0.8104622078125001 0.6232529765624999 0.80661605 0.6389158703125 0.798435565625 0.642436065625 0.790369865625 0.6377780515625 0.742406159375 0.6536786828125 0.559375 0.5244393078125 0.559375
3 0.4426281796875 0.559375 0.4147594 0.65092729375 0.398444325 0.736636165625 0.37674640937500004 0.7805526015625001 0.36875 0.78187541875 0.36875 0.8370605453125 0.43907049374999996 0.8632764875 0.47699238906249997 0.8627312109374999 0.49655996875 0.8494702000000001 0.5251943328124999 0.8122130140625 0.5481496640625 0.7544614515625 0.5244103359375 0.559375 0.4426281796875 0.559375
3 0.6740253140625001 0.559375 0.665350046875 0.567113421875 0.6501157890625 0.590420696875 0.6360920015625 0.7411144953125 0.6407500171875 0.7890781984374999 0.63443445 0.7990383296875001 0.600845878125 0.8096298718749999 0.62088624375 0.8236372718750001 0.663481803125 0.8239818171875001 0.690326171875 0.8082236109375 0.704643353125 0.78959501875 0.794747325 0.6514448703125 0.8299778 0.630003375 0.84994551875 0.57265365625 0.8627008281249999 0.559375 0.6740253140625001 0.559375
3 0.370991928125 0.8420643734375 0.3860182890625 0.86433839375 0.4126106140625 0.8820198671874999 0.42219433437500004 0.897433715625 0.4264237125 0.9302706296875 0.42092663125000007 0.9507497812500001 0.7187213453125001 0.9106954843749999 0.6906793609375 0.9053565499999999 0.6700622624999999 0.8868713906250001 0.583289040625 0.8620999874999999 0.5430602140625 0.8447342203125 0.5030677796875 0.8410026578125 0.4842691765625 0.8602340156249999 0.45906671093749996 0.86514226875 0.370991928125 0.8420643734375