1 0.46875 0.6029054796875 0.4524542421875 0.6058437984375 0.42593316249999996 0.6138352375 0.3475523828125 0.629752471875 0.2600569015625 0.6439271062499999 0.2213790921875 0.6545323843749999 0.0874118765625 0.6808487453125001 0.018980209375 0.6969159046875 0 0.7027456640625 0 1 0.2111183515625 1 0.46875 0.9655308250000001 0.46875 0.6029054796875
5 0.46875 0.409375 0.3995507671875 0.409375 0.39621865624999997 0.44057977499999995 0.38885486875 0.4563753859375 0.3896816890625 0.464657321875 0.383829428125 0.49061797812499996 0.3790395796875 0.537171040625 0.368072196875 0.586525334375 0.35972429375 0.6073894109375 0.3470698125 0.619943440625 0.36299811875 0.6202807515625001 0.4340713375 0.6107716906249999 0.46875 0.6053330328125 0.46875 0.409375
5 0.38222854375000004 0.409375 0.1969736078125 0.434160715625 0.19372250156249998 0.48198894843750006 0.19255072812500001 0.53990625625 0.19527816874999998 0.5622506140625 0.204733325 0.5674034234375 0.28589397499999997 0.5693804124999999 0.28756279687499997 0.566195059375 0.28796706875 0.5503432171875 0.2916451671875 0.5473827171875 0.3097286609375 0.5494064 0.3121718703125 0.5589531109375 0.31177139375 0.5698676484374999 0.31343641875 0.5716195984375 0.33078657031250003 0.5712729984375 0.3384345875 0.56827503125 0.343822553125 0.5724909625000001 0.35602791875 0.5703642953125 0.3583366046875 0.5636375734375 0.3571206921875 0.551458259375 0.36550964218750004 0.540955965625 0.3670849875 0.5318589593749999 0.371496428125 0.53126874375 0.377180009375 0.5334704015625 0.38085810625 0.5305099 0.381707696875 0.5091680015625 0.3847010890625 0.5043243890625 0.388843484375 0.47118730312499996 0.3990137078125 0.43872477656250003 0.4015820375 0.409375 0.38222854375000004 0.409375
0 0.8258148593750001 0.5163956437499999 0.820997571875 0.5105774046875 0.80105723125 0.49755077812500004 0.7726814546874999 0.4886950453125 0.7299163171874999 0.48692554218749995 0.7032908453125 0.49049031249999997 0.6839813203125 0.4976378421875 0.6684896171875 0.5114978062500001 0.6617959125 0.5285791625 0.6622234578125 0.5884830765625 0.6706027390625 0.7280852640625 0.674748828125 0.74414983125 0.6883641125000001 0.7531894671874999 0.7074335875 0.7597608593749999 0.7477000625000001 0.763765840625 0.7747566796875001 0.7636736671875 0.8225620078125001 0.7585224078125 0.8419058265625001 0.749415028125 0.8479626265625001 0.7406201515624999 0.848642396875 0.7298838609375 0.8295898140624999 0.5255578812499999 0.8258148593750001 0.5163956437499999
0 0.9735910515625001 1 0.9782879156250001 0.9953864140625001 0.9471242171875 0.8366208640625 0.9267906234375001 0.761730478125 0.9248945734374999 0.7576393203125 0.9190778218750001 0.752715271875 0.8866956140625 0.7479262656250001 0.8428709968749999 0.750480684375 0.8151774765625 0.7588593390625 0.786595940625 0.761762684375 0.7707759703124999 0.7662705078125001 0.770019040625 0.7814164515625001 0.7670120734375001 0.7845889875000001 0.7669263421875 0.7894886015625 0.770167271875 0.8010577812499999 0.775449996875 0.8083887703125001 0.7743647984375001 0.8141825781249998 0.77872521875 0.8179981046875 0.777045984375 0.8296285843749999 0.78121779375 0.8442232656249999 0.7804351453124999 0.8608390937500001 0.7941950578125001 0.9459513765625001 0.79848080625 0.982147234375 0.7982321828125001 0.996356121875 0.801915296875 1 0.9735910515625001 1
0 0.6809193 0.409375 0.6800360171875 0.41387284375 0.6729283109375 0.42650168125 0.6729025921874999 0.42797156875000003 0.68126086875 0.42821032812500004 0.688847559375 0.472545634375 0.688236375 0.47936223125 0.677827728125 0.48385162187499997 0.67727655625 0.48723848593749997 0.6816369765625 0.49105401249999997 0.6953122734375 0.4966639171875 0.728382825 0.490226675 0.7627725406250001 0.4927373390625 0.7916309046875 0.5021259015624999 0.8110886578125001 0.5146197 0.8188357515625 0.5216750578125 0.8240498921875 0.5329257390625 0.8262056234375 0.5502887265625 0.8308943124999999 0.5634563890625 0.8963299296875 0.562788078125 0.9072125890624999 0.5593214765625 0.917655528125 0.5528722390625 0.929217959375 0.5386693499999999 0.9409690000000002 0.51368730625 0.9495219765625 0.47468627343750003 0.9501649656249999 0.43793915312500004 0.9444585859375 0.409375 0.6809193 0.409375
0 0.836812115625 0.5904711984375 0.8399793234375 0.6905252828125 0.8562045265625 0.700119840625 0.8805851984374999 0.71206186875 0.9084109546875 0.714490371875 0.941432909375 0.701015378125 0.954841734375 0.6841929437500001 0.961789053125 0.6618994828125 0.9638831015625 0.6359110515624999 0.959401334375 0.6109844109375 0.9482294453125 0.5936523874999999 0.9239630812499999 0.5751775359375 0.88482255 0.5635830375 0.8568253312499999 0.5709537671875 0.836812115625 0.5904711984375
0 0.46875 0.409375 0.46875 0.7667795374999999 0.49108968593749996 0.7680319796875 0.5238830234374999 0.76762263125 0.5634236375 0.7563522578125 0.622720271875 0.7402632984374999 0.6376341890624999 0.7137580265625 0.6111349546875 0.409375 0.46875 0.409375
0 0.6695669296875 0.8735721140624999 0.625287353125 0.8746146953124999 0.6012417109375 0.749838646875 0.5880615062500001 0.7535954375 0.5518802421875 0.7602519015625 0.5074863546875 0.7678273062500001 0.55852900625 0.9423948124999999 0.576448175 0.9488658140624999 0.6142948265625 0.940718996875 0.653835440625 0.9294486234375 0.678409225 0.913600615625 0.6695669296875 0.8735721140624999
0 0.5996334796875 0.7480625875 0.6253445078125 0.8713482859374999 0.6695669296875 0.8735721140624999 0.77953565625 0.8504556843749999 0.7648368890625 0.7690235703124999 0.748497375 0.765961834375 0.6962052171875 0.7564909203125 0.676677815625 0.7482438625000001 0.6687509671875 0.7328307484375 0.662795959375 0.604726465625 0.6281657703125 0.6164254 0.6378802125 0.717050896875 0.6293818171875 0.7343018906250001 0.5996334796875 0.7480625875
0 0.610534734375 0.409375 0.6239126234375 0.5784331171874999 0.660665434375 0.5391125453125 0.66267375 0.5180237296875 0.6859891609375 0.4971587984375 0.6794620218749999 0.478596446875 0.6110714765624999 0.409375 0.610534734375 0.409375