10 0 0.515688878125 0.014469815624999998 0.521852134375 0.0234959734375 0.5331903984374999 0.031834299999999996 0.5379971140625 0.07901865625 0.5536280953125 0.105432728125 0.559375 0.1211312921875 0.559375 0.1310079015625 0.5543249328125001 0.1398616328125 0.54277650625 0.1466866015625 0.5275461328125 0.1501933578125 0.5070140609375 0.156216971875 0.4051974578125 0.171259940625 0.39575615937499997 0.17460358125 0.384653978125 0.175 0.364423040625 0.175 0.3507793984375 0.161717125 0.3440962296875 0.16005801718749998 0.3414453796875 0.1655662296875 0.2559839171875 0.1652647921875 0.2301014125 0.15959963906250002 0.2156173140625 0.1535822015625 0.20805847187499998 0.1457940140625 0.20280931562500001 0.1379813609375 0.2015625 0.137319225 0.2015625 0.06752701875 0.22634551093750002 0.0077675828125 0.256694271875 0.0006157515625 0.26244601875 0 0.263499884375 0 0.515688878125
8 0.3686793234375 0.5796875 0.3757958484375 0.5739641484375 0.3842197625 0.561875803125 0.43520049062500005 0.4371870203125 0.46853454531249994 0.363442315625 0.46875 0.36264078125 0.46875 0.34986627656249997 0.46806999375 0.34698969687500003 0.45412667500000004 0.32720770625 0.44897755312500004 0.324706875 0.4203094421875 0.3198666328125 0.3629645375 0.3062079765625 0.31947673593750003 0.300887965625 0.29839895625 0.2948140703125 0.2525214234375 0.2887591921875 0.2198646359375 0.2800420546875 0.1758180078125 0.271186309375 0.1668780640625 0.2712913921875 0.1645571765625 0.27404351718750003 0.1634141015625 0.2833759328125 0.15980501875 0.34118511875 0.16177361875000001 0.34535824375 0.1739716140625 0.3510460390625 0.17557924375 0.35816624531249996 0.1749435125 0.37550374531249997 0.1722275453125 0.39362865625 0.15749406875 0.4045922296875 0.15542251406250002 0.40935781562500007 0.1530259765625 0.4896599859375 0.177550978125 0.5040313953125 0.2026348015625 0.5219385359375 0.3039066375 0.5737737015625 0.3172929859375 0.5796875 0.3686793234375 0.5796875
7 0.4890625 0 0.4890625 0.048433737500000004 0.4926324453125 0.05 0.49657417031250006 0.05 0.5173742328125 0.045037367187499996 0.5297159265625 0 0.4890625 0
7 0.5263708421875 0 0.5232337109375 0.015447215625 0.51152258125 0.027902323437499998 0.5084526578124999 0.05867513125 0.498474365625 0.07350455312500001 0.49633980468749994 0.08612610625 0.5042465125 0.1150971265625 0.5159116781249999 0.1155342921875 0.522556209375 0.107796725 0.5387773140625 0.10022560312499999 0.5486236875 0.0735557046875 0.562779175 0.05926772500000001 0.582271059375 0.0134258609375 0.5837902203125 0 0.5263708421875 0
7 0.620921896875 0 0.620801178125 0.0001475734375 0.5713803875 0.0399603984375 0.5564904 0.0649017015625 0.5547116 0.0754196625 0.5428225921875 0.088926565625 0.54157743125 0.0962891390625 0.546953825 0.10236028125 0.55548609375 0.1023913671875 0.56597504375 0.09085269375 0.5809509875 0.09064414374999999 0.604837940625 0.08191695 0.6483486984375 0.0391883703125 0.6687699765625 0.025712553125 0.68147681875 0 0.620921896875 0
7 0.5498169140625 0.12960270625 0.5283743171874999 0.1364970265625 0.512107253125 0.1569604234375 0.49884116718750005 0.16598942187500001 0.5028175 0.174028796875 0.5136162484375 0.17327880625 0.5273470296875 0.18043282968750002 0.5525880796875 0.1826296765625 0.5996504687499999 0.169382475 0.65522214375 0.1626124953125 0.6688439890625 0.1514799046875 0.67008915 0.14411733124999998 0.6647127562499999 0.1380461890625 0.6665145390625 0.121082090625 0.6594053093750001 0.1126366359375 0.64669584375 0.11206411093749999 0.5916118453125 0.1285709765625 0.581834415625 0.1359024625 0.5498169140625 0.12960270625
7 0.652163259375 0.2879737671875 0.6617398265625 0.2881402125 0.6640292890625 0.2809129984375 0.655875759375 0.272332184375 0.6517675078125 0.252452334375 0.6269051984375 0.24170575468750002 0.6116654234375 0.2182333484375 0.5903147515625 0.199343121875 0.5682065984375 0.197552353125 0.5564495046875 0.2228997359375 0.563713634375 0.23673953124999997 0.6171907421875 0.28021613125 0.652163259375 0.2879737671875
7 0.7238471015625001 0.2553460484375 0.7249143828125 0.24903527187500002 0.717805153125 0.24058981875000002 0.6545506125 0.20444470625000002 0.603379975 0.19781205625 0.6003789984375001 0.209246453125 0.6127097218750001 0.21836870937500003 0.62499448125 0.24038323906249998 0.6924262140625 0.27706979062500003 0.6986920062499999 0.27788195 0.7238471015625001 0.2553460484375
7 0.565441403125 0.0940080828125 0.5617518859375 0.103203528125 0.52339965 0.11543001875 0.5197101296875 0.1246254640625 0.5229979265625 0.13042588593749999 0.5386853890625 0.1260101515625 0.579057278125 0.133392790625 0.6425186484375 0.11152266875000001 0.6676048 0.108325178125 0.67964870625 0.1002126140625 0.6753395953125001 0.087830696875 0.6783405734375 0.0763962984375 0.6719198828125 0.0701897953125 0.6703879078125 0.06031755 0.6390359640625001 0.06270288125 0.5861724796875001 0.0913209453125 0.565441403125 0.0940080828125
7 0.4890625 0.2400849953125 0.5015433875 0.23835480625 0.5249426640625 0.2198907265625 0.5390521890625 0.2184950203125 0.5389202703125 0.20665454374999997 0.5220336109375 0.20554057656250002 0.4917719296875 0.19516899375000002 0.4890625 0.1997073921875 0.4890625 0.2400849953125
0 0.4890625 0.5796875 0.06280976875 0.5796875 0.0628455921875 0.5912993078125 0.069675565625 0.6295520671875 0.0711663765625 0.6719186328125 0.0740014328125 0.6958157734375 0.07342465468750001 0.707759978125 0.0629496203125 0.75010035 0.059038234375 0.808957075 0.052677889062500004 0.8265534796875 0.0442105546875 0.8409433953125 0.042502275 0.8490674968749999 0.04233523125 0.8584880406250001 0.0467052140625 0.8693347296875 0.0497876828125 0.871927609375 0.0599065671875 0.8761368328125 0.06447480312500001 0.8765625 0.074798765625 0.8765625 0.11449431875 0.8689905265625001 0.220726034375 0.8560461125 0.4890625 0.8285157734374999 0.4890625 0.5796875
0 0 0.7484375 0.0014458390625 0.7484375 0.0210529703125 0.7466680343750001 0.0343866953125 0.7430643234375001 0.0500637921875 0.7352170953125 0.05625 0.7224557328125 0.05625 0.6864133359375 0.047537603125 0.6350913140625 0.0480560734375 0.6073223203125 0.0402458890625 0.5978843140625 0.023587003125 0.5919982625 0.0096008515625 0.59122875 0 0.5925727078125 0 0.7484375
0 0 1 0.052851460937500004 1 0.069829278125 0.9813781468750001 0.0887842515625 0.9533416375 0.090625 0.94809218125 0.090625 0.931254921875 0.089164040625 0.9216315640625 0.0774282765625 0.899808478125 0.070131840625 0.8908026171875001 0.035249190624999996 0.8628945546875 0.0306948265625 0.860975771875 0.026244471874999998 0.8620127984374999 0.0016556390625 0.8857883296875 0 0.886948403125 0 1
7 0.4890625 0.8281837937500001 0.40423175312500004 0.8385204828124999 0.2934283375 0.8490534796875 0.267753703125 0.8561399265624999 0.2048782734375 0.8969493796875 0.18271948437500002 0.9189445703124999 0.17684924062500001 0.9221335953124999 0.1638622125 0.9355899984375 0.147844721875 0.9479314234375 0.118424165625 0.9619060234375001 0.09167634062499999 0.9809971624999999 0.060287478125 0.9957063484375 0.056568625 1 0.40667750625 1 0.4554250265625 0.9757591124999999 0.4743169671875 0.960098953125 0.4890625 0.9454883828125 0.4890625 0.8281837937500001
2 0.4890625 0.9102720546875 0.49718374374999996 0.9055645765625 0.51430488125 0.8978567765625 0.5411329390625 0.871871871875 0.589602925 0.8243011703124999 0.6071556328125001 0.8022384312499999 0.619888421875 0.795383546875 0.63033855 0.794529978125 0.6404342296875 0.7973248625 0.6469174046875 0.8058143187500001 0.6515722109375 0.8162134156249999 0.6519936734375 0.824703540625 0.659375 0.8185607328125 0.659375 0.81834298125 0.6523918 0.80427934375 0.6480914359375001 0.79023180625 0.6503849546875 0.7800365328125001 0.6354023328125 0.7803109375 0.5957293531250001 0.780485740625 0.5588492640625 0.786899996875 0.556999015625 0.7971975234374999 0.552067646875 0.79839145625 0.5354887515625 0.7871071328125 0.529083421875 0.7865622609375 0.4890625 0.7940802640625 0.4890625 0.9102720546875
9 0.4890625 0.7904229515625 0.49255711875 0.791482690625 0.50184018125 0.7899796640625001 0.5349410984375 0.78568803125 0.5483187296875001 0.79375 0.553107596875 0.79375 0.5583338765625 0.7847891109375 0.5673728390624999 0.7828985109375 0.6078125 0.777145515625 0.6078125 0.7747099125 0.5639128390625 0.6996092 0.5505824593749999 0.6955406484375001 0.536323259375 0.698546246875 0.5236228203125 0.69462299375 0.5144028484375001 0.6987908875000001 0.4890625 0.7093772375 0.4890625 0.7904229515625
6 0.7725255921875 0.71462138125 0.776924546875 0.704752215625 0.7692329421874999 0.6953594734374999 0.7686863546875 0.683261228125 0.7544669640625 0.65930228125 0.726166759375 0.649509634375 0.7058955265625 0.652452684375 0.6876720671875 0.6656634734375 0.68384325 0.677840903125 0.6862048484375001 0.7012415796875 0.6773833953125 0.7307698968749999 0.653202284375 0.7317227453124999 0.6443233187499999 0.7372934453125 0.636223703125 0.753927703125 0.6323713375000001 0.775895115625 0.63478003125 0.779715825 0.649512040625 0.7820254156249999 0.6508379765625 0.8051872171875001 0.658401425 0.8199922984375 0.6709339609375 0.8272364734375 0.6611003953125 0.846735928125 0.6603785578125001 0.8596299890625 0.6871540312500001 0.8810431265625001 0.6967077390625 0.8821583343749999 0.709962109375 0.8765084484375001 0.746793490625 0.8338498546875 0.7620145765624999 0.8243000796875 0.774908028125 0.8250972265625001 0.76297959375 0.8539089109375 0.7267418937500001 0.8890857796875 0.771719890625 0.8984375 0.77566229375 0.8984375 0.80839695625 0.8796218421875001 0.8125 0.8685265453125 0.8125 0.8604098640625001 0.800694934375 0.8266915171875 0.790921590625 0.7732834375 0.7776332531250001 0.745185721875 0.7725255921875 0.71462138125