10 0.039607371875000005 0 0.0375 0.01369791875 0.0375 0.015617557812499998 0.0489583328125 0.046718749999999996 0.08679924375 0.0640625 0.20971955000000003 0.0640625 0.22562500000000002 0.043385417187500004 0.2422916671875 0.0333854171875 0.29375 0.0234257390625 0.29375 0.0229389890625 0.2830451390625 0 0.039607371875000005 0
10 0.24255208437500003 0.0309375 0.22088541718750002 0.0459375 0.202552084375 0.0826041671875 0.23088541718750002 0.1242708328125 0.2608854171875 0.13427083281250002 0.267552084375 0.1526041671875 0.27380208437500003 0.1546875 0.2865905453125 0.1546875 0.43421875 0.13427083281250002 0.447552084375 0.12927083281250001 0.48255208437499997 0.0926041671875 0.5125 0.0842853 0.5125 0.0837499890625 0.5108854171874999 0.0676041671875 0.47421875 0.037604167187499996 0.41921875000000003 0.037604167187499996 0.3858854171875 0.0226041671875 0.34421875 0.0209375 0.24255208437500003 0.0309375
10 0 0.178628471875 0.025520832812499998 0.174375 0.0705208328125 0.1643749984375 0.1221875 0.1427083328125 0.12052083281249999 0.13104166718750002 0.1578125 0.10672101406250001 0.1578125 0.071517859375 0.1471875 0.059375 0.10885416562500001 0.0643749984375 0.0855208328125 0.0493749984375 0.0521875 0.0460416671875 0 0.058363715625 0 0.178628471875
10 0.1526488078125 0.2671875 0.161781253125 0.2671875 0.2258333328125 0.2597395828125 0.3325 0.2297395828125 0.349166665625 0.2097395828125 0.3734375 0.19517708281249999 0.3734375 0.19311921406250002 0.359166665625 0.16140625 0.34249999999999997 0.14807291718749999 0.27749999999999997 0.1547395828125 0.254166665625 0.13140625 0.22373698125 0.125 0.2211762125 0.125 0.1208333328125 0.1447395828125 0.099166665625 0.1580729171875 0.089166665625 0.2197395828125 0.1008333328125 0.25140625 0.134166665625 0.25640625 0.1526488078125 0.2671875
10 0.121631940625 0.4296875 0.18203125 0.411197915625 0.2053645828125 0.3978645828125 0.2328125 0.34942708125 0.2328125 0.3460937515625 0.1953645828125 0.271197915625 0.163697915625 0.26953125 0.1503645828125 0.256197915625 0.10536458281250001 0.251197915625 0.078697915625 0.2245312484375 0.02703125 0.24453125 0 0.279512865625 0 0.3773372390625 0.01203125 0.38786458281249997 0.023697915625 0.41953125 0.04203125 0.42953124843749996 0.0433984515625 0.4296875 0.121631940625 0.4296875
10 0.51875 0.24189031875000003 0.48354166562499995 0.2180729171875 0.47191550937500004 0.203125 0.45674851250000004 0.203125 0.42854166562499996 0.2147395828125 0.3002083328125 0.2380729171875 0.26687500000000003 0.2680729171875 0.263541665625 0.2997395828125 0.31354166562499997 0.3997395828125 0.34537037187499997 0.4140625 0.355677078125 0.4140625 0.3902083328125 0.41140625000000003 0.4302083328125 0.3947395828125 0.51875 0.371933396875 0.51875 0.24189031875000003
10 0.4906722 0.4296875 0.4558854171875 0.391302084375 0.4208854171875 0.39296875 0.3708854171875 0.4096354171875 0.332552084375 0.40296875156249995 0.30421875 0.381302084375 0.28421875 0.3329687515625 0.267552084375 0.33130208437499997 0.2358854171875 0.351302084375 0.21588541718749998 0.3779687515625 0.212552084375 0.39296875 0.2258854171875 0.421302084375 0.22483724062500002 0.4296875 0.4906722 0.4296875
3 0.51875 0.3601400125 0.5245691921875 0.364114909375 0.5388529328125 0.38216907187500004 0.5450765046875 0.39773484375 0.5549723015625 0.40625 0.558112584375 0.40625 0.568074746875 0.40363814062500003 0.5734375 0.3953551921875 0.5734375 0.3920257671875 0.5624943546875001 0.36852247656250003 0.557441884375 0.3496079390625 0.5564046421875 0.28214295625 0.54622534375 0.254823434375 0.51875 0.20269223749999998 0.51875 0.3601400125
3 0.6649437890625001 0.4296875 0.6646929859374999 0.426435321875 0.6765452984375 0.4119019296875 0.68125 0.3944701578125 0.68125 0.38717360156249997 0.6752738296875 0.371054975 0.6750470484375001 0.3576996359375 0.663607428125 0.2944437953125 0.654127075 0.27212755781250003 0.6473346765625 0.265602121875 0.6401667796874999 0.2667404515625 0.63214006875 0.27898396875000003 0.6239943921875 0.2820945 0.6149564484375001 0.28157831093749996 0.607862909375 0.2722070859375 0.6011448703125 0.25517209375 0.5923969140625001 0.2525910546875 0.5770944921875 0.26175055 0.567498871875 0.27518533437500003 0.56390005 0.290830546875 0.5650191015625 0.30781260625 0.573306046875 0.3236563359375 0.57669294375 0.34445041875000004 0.5954937890625 0.4051913640625 0.6105619812499999 0.42264989531249997 0.622842825 0.4296875 0.6649437890625001 0.4296875
3 0.51875 0.1000622515625 0.5513839671875 0.178401465625 0.5748357734375 0.21101544218749999 0.5889150328125 0.22553553593750003 0.6064034984375 0.2706709859375 0.6144112749999999 0.28125 0.6268694046875 0.28125 0.6310784625 0.2796053703125 0.6369562875 0.27268281562499996 0.6375 0.268811321875 0.6375 0.2606608765625 0.6360305625 0.2543241875 0.6280447578125 0.24132624374999997 0.62200335625 0.21947327031250002 0.618646209375 0.1685270890625 0.612496990625 0.14245175937500001 0.6013399171875 0.1171044359375 0.591729440625 0.0807445796875 0.5781966984375 0.047362878125 0.574456603125 0.0440538328125 0.5662031140625 0.042942010937500004 0.554715146875 0.0449009984375 0.5310625703125 0.0536369578125 0.51875 0.061431729687500006 0.51875 0.1000622515625
3 0.6810729046875 0.135470225 0.6630528124999999 0.029249646875 0.655368146875 0.0190974890625 0.61892638125 0.0190975765625 0.591942665625 0.031592628125 0.58854831875 0.050771909375 0.593385159375 0.06124174375 0.6035979125 0.1032931734375 0.612186 0.1219826875 0.6190564609375 0.16288257343749998 0.6282245234375 0.1774423859375 0.6374780984375 0.18640328125 0.653226634375 0.24392783125 0.66083694375 0.264589546875 0.667014953125 0.2703125 0.6792138078125001 0.2703125 0.68125 0.2687664296875 0.68125 0.252173515625 0.6798460046875 0.2440071859375 0.6770948390625 0.24363657968750002 0.675213640625 0.23707141874999998 0.6738901140625 0.21655529062499998 0.67381205 0.18218084375000002 0.6810729046875 0.135470225
3 0.7219874796875001 0 0.7332921484374999 0.0188326484375 0.7620306515624999 0.0437431359375 0.7655030609375 0.058938301562499996 0.7760467046875 0.07368341875 0.795587390625 0.1141861890625 0.8539678125 0.1725445171875 0.8838142125000001 0.2095264296875 0.8942891390625001 0.2109375 0.894960303125 0.2109375 0.9068868109375 0.2049201703125 0.915625 0.195337096875 0.915625 0.19139140625 0.915396834375 0.1892352359375 0.9082177843749999 0.18546293281249998 0.8992430484374999 0.16952655156250002 0.8606970421875 0.064748771875 0.8234559656249999 0.0155498515625 0.8172435421875001 0.0048947140625000005 0.8168929531250001 0 0.7219874796875001 0
3 0.5778705703125 0 0.57326406875 0.0059310125 0.5707283484375 0.0092236796875 0.5667816203125 0.01518174375 0.5653387609375 0.0199195640625 0.5688836640625 0.026221028125 0.59437451875 0.0253884921875 0.6064962703125 0.02027208125 0.62072826875 0.0167379 0.6296624671875 0.015864709375 0.637980609375 0.01568729375 0.64720884375 0.0164112453125 0.6572436765624999 0.0206185046875 0.661352965625 0.02272960625 0.663928571875 0.0265625 0.6871261875 0.0265625 0.6901304875000001 0.026346610937499997 0.7105027093749999 0.023379987499999998 0.72164283125 0.0178717578125 0.727401903125 0.0100811234375 0.7233206140625 0.004079959375 0.72045194375 0 0.5778705703125 0
3 0.5465944390625 0.24671395000000002 0.5582549171875 0.270495615625 0.5627149625000001 0.2828551375 0.563447425 0.284375 0.5638895015625 0.284375 0.5682163015625 0.2692244640625 0.5718121078125 0.26219634531249997 0.5767379921875 0.2573071828125 0.582488921875 0.253509065625 0.58815470625 0.2526391453125 0.590625 0.24574804218750002 0.590625 0.244169696875 0.5892655375 0.23776376250000003 0.5862755281250001 0.2288685859375 0.58502924375 0.2223484328125 0.5795309718749999 0.216503309375 0.5739446359375 0.212182478125 0.571366484375 0.206419634375 0.567156065625 0.20156471250000002 0.5633457703125 0.1967636828125 0.5591885750000001 0.190078325 0.5543232703125 0.184715340625 0.551478109375 0.179432609375 0.5482180031249999 0.17246082812500002 0.5453229265624999 0.16521160625 0.53984796875 0.1484691671875 0.5246879625 0.1140625 0.5242692718749999 0.1140625 0.5231607875 0.11680899375 0.5187901453125 0.1265862703125 0.5205048796875 0.137596071875 0.535479096875 0.22137257031250002 0.5374590593749999 0.22817190312500002 0.5465944390625 0.24671395000000002
3 0.68692681875 0.044457303125 0.683554775 0.07345785625 0.6846106187500001 0.10586010625 0.67492204375 0.1648671734375 0.673602221875 0.18923504687499998 0.682011840625 0.2590957671875 0.6808741921875 0.2771764390625 0.6844432640625 0.2916833203125 0.6902467328124999 0.295270321875 0.69080745 0.2953125 0.70338525625 0.2953125 0.7112559578125 0.29038610781249996 0.7194090828124999 0.2473022109375 0.72812358125 0.23515134531249998 0.7448090328125 0.1862037828125 0.7519063140625001 0.11071763593749999 0.7617473109375 0.0755754625 0.7640625 0.0549524890625 0.7640625 0.049716165624999996 0.7612825953125 0.043954146875 0.7401320984374999 0.029884103125 0.7201861640624999 0.027197198437499997 0.7009391703125 0.029513581249999997 0.6918157125000001 0.0345963109375 0.68692681875 0.044457303125
3 0.8375114437500001 0.1783380171875 0.8182756031249999 0.1855650359375 0.8046499031250001 0.1977556234375 0.8015566953125 0.2197806921875 0.810438475 0.281289359375 0.832730325 0.3221627375 0.83879403125 0.3538369828125 0.845053453125 0.359375 0.8582242765625001 0.359375 0.8638444921874999 0.3551076 0.8663019609375 0.31265905312500003 0.873919715625 0.2933473984375 0.8765625 0.27452955156250003 0.8765625 0.2616333265625 0.8739680671875 0.22813256875 0.87568569375 0.20592219531249997 0.8739011546875 0.19866875625 0.86513089375 0.1862664453125 0.8527395078125 0.17968807656250002 0.8375114437500001 0.1783380171875
3 0.711548296875 0.29105645 0.6991903640625 0.2992099890625 0.696011646875 0.3268339765625 0.699948771875 0.37365045937499997 0.6942122171875 0.399527271875 0.696985684375 0.40971915000000003 0.7038747437499999 0.41555630312499997 0.7049721203125 0.415625 0.7140453484375 0.415625 0.720359421875 0.40795867656249996 0.7249248749999999 0.38543062968749997 0.7556338265625 0.326449984375 0.7585448593749999 0.31071211875000004 0.773189240625 0.271307871875 0.7734375 0.266501734375 0.7734375 0.2466798765625 0.7626976515624999 0.236231928125 0.750704065625 0.2318110609375 0.73616379375 0.23055365625 0.7302748171875 0.23256557500000002 0.71542595625 0.268435753125 0.711548296875 0.29105645
3 0.7582165625 0.4296875 0.781909884375 0.40531287968749996 0.788271025 0.3949489078125 0.8001753968750001 0.3600846921875 0.8229877562500001 0.3273911859375 0.825 0.31663091250000003 0.825 0.308567453125 0.8241142546875 0.304399878125 0.8151506671875 0.2933741328125 0.8034470703124998 0.286888415625 0.78281334375 0.2841088609375 0.7698642828125 0.2914814640625 0.7587220625000001 0.31592877812500003 0.7532754953125 0.3397407421875 0.7374154015625 0.3628512109375 0.7314855203125 0.39010459062499997 0.733474534375 0.4008921 0.7303367187500001 0.40327462656249996 0.725587546875 0.4296875 0.7582165625 0.4296875
3 0.7880655765625 0.39709050156250003 0.7795443984375 0.40786480156250005 0.78809903125 0.41182240937500003 0.8271952984375 0.41288121093749997 0.8707306015625 0.422252346875 0.889662415625 0.4234375 0.8902286531250001 0.4234375 0.900283309375 0.41641510625 0.90438775 0.4071497453125 0.9046875 0.4023858140625 0.9046875 0.3775411875 0.8987962078124999 0.36712344531249996 0.8874904125 0.36279523125 0.8630310812499999 0.3623055515625 0.8394640156250001 0.3654425890625 0.8047733296875 0.3579642125 0.7880655765625 0.39709050156250003
3 0.75143995 0.203808746875 0.7553956734374999 0.2155624953125 0.77293619375 0.2403671171875 0.7743340796875 0.2503736921875 0.7866511093749999 0.267461615625 0.7912091125 0.2849069359375 0.799041540625 0.2875 0.8076642140625001 0.2875 0.8091660359375 0.276806328125 0.8010687093750001 0.21470202968750002 0.8039797421875001 0.1989641640625 0.815625 0.1880347234375 0.815625 0.169227134375 0.814099575 0.15684650625000002 0.8070580921874999 0.12714445624999998 0.7865636031250001 0.0984375 0.7864985140625 0.0984375 0.76613268125 0.099189671875 0.7547525265624999 0.10537100937499999 0.75250698125 0.11138025781250001 0.7462796640625 0.180671853125 0.752008771875 0.194768409375 0.75143995 0.203808746875
3 1 0.0672176609375 0.9902700046875001 0.0627162984375 0.9738596859375 0.0598043703125 0.95088375 0.063722346875 0.9406858515625001 0.0714655546875 0.931186896875 0.0842120515625 0.9292536421875 0.09797771718750001 0.9324918265625 0.1397909140625 0.92387769375 0.1961374984375 0.9244911250000001 0.20673970625 0.9272868953125 0.2267528546875 0.9318225953125001 0.2343769046875 0.9351016812499999 0.25094863749999996 0.9385108843750001 0.281563990625 0.9422621312499999 0.2897836734375 0.9508167624999999 0.29374128125 0.9510720140625001 0.29375 0.958213884375 0.29375 0.9691714874999999 0.2877981765625 0.9747147187500002 0.2632979296875 0.99708466875 0.2088043828125 1 0.19189344375 1 0.0672176609375
3 0.8758548156250001 0.0448050453125 0.8672481281250001 0.06117826562499999 0.8666904562500001 0.07512923437499999 0.8815764765624999 0.0988749671875 0.90902490625 0.11800123124999999 0.9290953109375 0.14375 0.9341416640624999 0.14375 0.9345177781250001 0.14107189375 0.9289373874999999 0.1059562296875 0.9308594875 0.0872799265625 0.94084175625 0.0710920125 0.949277421875 0.0659166328125 0.95 0.0629509734375 0.95 0.056855112500000006 0.9472772546874999 0.0502184859375 0.9328001890625 0.0335408921875 0.9192265453124999 0.025400651562499998 0.9067496453124999 0.0244212015625 0.8957561421874999 0.027849406249999997 0.8758548156250001 0.0448050453125
3 0.9148747593750001 0.19938296718749998 0.9038924093749999 0.2077218078125 0.8829798437499999 0.211917740625 0.8765108921875001 0.2180593578125 0.8738898453124999 0.2317323734375 0.8766335625 0.2720763515625 0.87421699375 0.28928343437500004 0.8816228265625 0.306411078125 0.9055802453125 0.345404909375 0.9119116343750001 0.365193034375 0.919406459375 0.3703125 0.9325128421875 0.3703125 0.9390625 0.36266995468749996 0.9390625 0.3466858296875 0.9370029984375 0.3412221875 0.938835884375 0.2832608 0.9358467874999998 0.26462421875 0.9211206375 0.2247700125 0.9197004484375 0.20494216562499998 0.9148747593750001 0.19938296718749998
3 1 0.1837392328125 0.9958601343750001 0.20983092343749998 0.973490184375 0.2643244703125 0.9718357640625002 0.27111465468749996 0.9741036140624999 0.274926678125 0.9854949187500001 0.27365597343750003 1 0.2654934 1 0.1837392328125
1 0.51875 0.5520581703125 0.3738568859375 0.5696592171875 0.3624827828125 0.5724873609375 0.35905903125 0.576595390625 0.35426700625 0.5909432062500001 0.33732157812499997 0.62632195625 0.33651917343750004 0.6425462640624999 0.333112753125 0.6481381531249999 0.3291520203125 0.6487347609375 0.3131877625 0.6407341687500001 0.3037362484375 0.63831780625 0.295231584375 0.632042640625 0.2927546828125 0.632291865625 0.2810577234375 0.692397796875 0.2796875 0.7180444921875 0.2796875 0.72296496875 0.3167913203125 0.7369358874999999 0.360578921875 0.7491687671875 0.39438380156249997 0.7559684843750001 0.413039821875 0.7578125 0.430540703125 0.7578125 0.46082138749999996 0.754136534375 0.4806828203125 0.7560996953125001 0.50943568125 0.7549893203125 0.51875 0.7536876078125 0.51875 0.5520581703125
9 0.51875 0.7498758828125001 0.47707686718750003 0.7504502437499999 0.47412076406250003 0.7521342515624999 0.4688668671875 0.7694007093749999 0.4499930734375 0.8095293453125001 0.41844623593749997 0.8686613546874999 0.40915071875000003 0.8795997374999999 0.40693959218750003 0.9026014937500001 0.408065553125 0.9140759171875 0.41058867499999996 0.917783653125 0.414921365625 0.91875 0.42035136250000005 0.91875 0.4239720328125 0.9171303046875 0.44230919375 0.9159785109375 0.47888529375 0.9052663734374999 0.504508715625 0.8910013984375 0.51875 0.8803887890625 0.51875 0.7498758828125001
9 0.3120565171875 0.7340777296875001 0.3071604921875 0.7395223828124999 0.28675086875 0.77554681875 0.28750162343749996 0.7973591859375 0.293356403125 0.8315332312500001 0.29641650625 0.8387523890625002 0.2981198890625 0.8572005749999999 0.305619928125 0.8623883421875 0.318558746875 0.8661374984375 0.400983703125 0.8742846203125 0.4025195328125 0.8783888203124999 0.3993481046875 0.896875 0.4023259640625 0.896875 0.40322984218749996 0.8967388484375001 0.410562325 0.8875826281249999 0.4124675796875 0.8808542625000001 0.41689596093750003 0.8778336328125 0.42992687656250006 0.8470084515625 0.4600245515625 0.791191546875 0.4687195328125 0.7713009203125 0.471875 0.7587860375 0.471875 0.7521874234375 0.4635172890625 0.750530703125 0.3975820171875 0.752906353125 0.3861616921875 0.751777534375 0.3647933171875 0.7481832734375 0.315029953125 0.733877584375 0.3120565171875 0.7340777296875001
9 0.37735394375000003 1 0.384627796875 0.9566388984374999 0.3903551171875 0.9374430390625001 0.4015625 0.8816729796875 0.4015625 0.8738460328125001 0.3985243265625 0.8725419703124999 0.3205797515625 0.8658258 0.2284664 0.8349828875 0.222531078125 0.8363724156250001 0.1807999984375 0.9577360765625 0.21016494843750003 0.9665671843750001 0.2221338078125 0.9721966640625 0.253964103125 0.97978930625 0.2848302140625 0.9897568890624999 0.3320069 0.99491401875 0.36041877499999997 1 0.37735394375000003 1
10 0.7708807625 1 0.7739006953125 0.9968432171875001 0.7783485046875 0.9891620421875 0.7805316203125 0.9816792750000001 0.7920664296875 0.9176612125 0.805201025 0.8280662156249999 0.815644696875 0.7461932828125001 0.8171875 0.7307098796875 0.8171875 0.6984093953125 0.8161068203124999 0.6939712234375 0.8099025453124999 0.68001525625 0.8115200671875 0.64288725 0.8095591437499999 0.6300345234375 0.802076378125 0.62785140625 0.7835155078125 0.6161190296875001 0.7688243218749999 0.6107547015625 0.7495044500000001 0.6100539078125 0.72384573125 0.6119678890625 0.7064577812499999 0.6145766109374999 0.7020800703125 0.619245984375 0.7001128875 0.6282404921875 0.6979639796875 0.6774098578125 0.6869252953125 0.741690590625 0.6784204421875 0.7726314296875 0.6515873359375 0.8357911843749999 0.63450794375 0.8790884140624999 0.6125079875 0.9288002203125 0.6108675171875 0.9453359109375 0.60431795625 0.978582334375 0.598601915625 1 0.7708807625 1
8 1 0.7786410015625 0.982490278125 0.7693922234375 0.9799397515624999 0.7664958953125 0.9767630421875001 0.7361668578125 0.9708459906249999 0.6746970703125 0.9683023984375 0.6277243109375 0.9701025953125001 0.6074541625000001 0.97313670625 0.569419803125 0.9749352546875001 0.550897703125 0.9747515234375002 0.5492532078125001 0.968761515625 0.5477228296875 0.96428335625 0.5476185984375 0.9608286015624999 0.5500110031250001 0.9590796484374999 0.5521340078125 0.9564185703125 0.5536175796875 0.9540483484374999 0.5558806765625001 0.9525902609374999 0.558783209375 0.951889715625 0.5689672625 0.9523168406250001 0.5771684015625 0.9436582156250001 0.590721903125 0.8938238609375 0.668149890625 0.8926780718749999 0.671904409375 0.8929438968750001 0.6864681578124999 0.8953017453125 0.7475702734375 0.8976133359375 0.8568434843750001 0.8998816812499999 0.8644680296875 0.90718986875 0.8744583234375 0.9130497296875 0.87943365 0.9227920484375 0.8826491609375001 1 0.909923725 1 0.7786410015625
8 0.963582259375 1 0.9640625 0.997804209375 0.9640625 0.96006029375 0.9619871859375 0.9432790718749999 0.9545864125 0.9267840625 0.9436251406250001 0.9122151359374999 0.927906865625 0.8970332484375 0.8898454453125 0.8707843109375 0.8664983656249999 0.8596938937499999 0.8580175062500001 0.857236425 0.8427425734374999 0.85537418125 0.8314366390625001 0.8556132703125 0.81706633125 0.8580411109374999 0.8046629968750001 0.8622725687500001 0.801575253125 0.8654652500000001 0.795726275 0.8901899234374999 0.787711284375 0.9432406640625001 0.7786458390625001 0.9874777781249999 0.7725984828125 1 0.963582259375 1