10 1 0.0574873203125 0.9681193328125 0.076166959375 0.9975648750000001 0.167843290625 1 0.1669109171875 1 0.0574873203125
10 0.8560122859374999 0.165446090625 0.8501679062499999 0.2589396015625 0.9007071984374999 0.27636991875 0.9523706375 0.16327275624999998 0.917901984375 0.145748715625 0.8660175593750001 0.1347717203125 0.8560122859374999 0.165446090625
10 0.9206113203124999 0.3310403984375 0.8834524 0.326423003125 0.865971146875 0.3313590609375 0.856918109375 0.345914184375 0.8609480375 0.40551135 0.8646860265624999 0.41838050625 0.9062377640625 0.4519769328125 0.9267066921874999 0.4019051046875 0.9464853156249999 0.37439647656249997 0.9473720671875 0.35666624062499996 0.9206113203124999 0.3310403984375
10 0.8189624578125001 0.47987920624999997 0.855960403125 0.44099056562500005 0.853371096875 0.416835125 0.82634841875 0.38476533281249997 0.8082778171874999 0.37520250625 0.7841063765625 0.3737321046875 0.7560959859375 0.39645463593749997 0.711092725 0.47567419843750003 0.7100095265624999 0.48857147031250003 0.72545534375 0.51265193125 0.747561340625 0.5028547921875 0.7795716546875 0.49944536875 0.8189624578125001 0.47987920624999997
10 0.8470028562499999 0.4974407375 0.8292596703124999 0.495932846875 0.7426746671875 0.501271921875 0.732080046875 0.5174474046875 0.73191360625 0.5528985015625001 0.7989819171875 0.581512009375 0.816725103125 0.5830198984375 0.8523779156250001 0.55058458125 0.864448634375 0.5311777515625 0.8569726531249999 0.505439440625 0.8470028562499999 0.4974407375
10 0.9181965859375 0.6275464578125 0.94433798125 0.5983893499999999 0.948111446875 0.57258543125 0.9373558546874999 0.545254878125 0.9010182078125 0.521296259375 0.88006089375 0.5198071140625 0.8504434390625001 0.542539015625 0.790518225 0.6105660187499999 0.7864173453125 0.6283149984375 0.7974348671875 0.6620895015625 0.835807953125 0.6570316 0.8750677906250001 0.6342434640625 0.9181965859375 0.6275464578125
10 0.93708845625 0.6177680640625 0.9256425593750001 0.6130007078124999 0.8944180421875 0.6357419828124999 0.86562185625 0.6391326609375 0.830921278125 0.65544873125 0.8311832109375 0.66189268125 0.8578129921875 0.684296546875 0.8734907328125001 0.6745368953125 0.9134054015625 0.6678586359375001 0.9559448515625 0.6466627421875 0.93708845625 0.6177680640625
10 0.9591298296874999 0.7390625 0.9911992984375001 0.683518634375 0.9757534812499999 0.659438171875 0.9511891406250002 0.648301846875 0.8765384203125001 0.70996925 0.8870320812500001 0.730855853125 0.9011469578125 0.7390625 0.9591298296874999 0.7390625
10 0.5796875 0.11011162968749999 0.600560075 0.0895901625 0.5998397640625 0.0718693 0.582917846875 0.0510201875 0.5796875 0.050298528125 0.5796875 0.11011162968749999
10 0.5796875 0.049470031250000004 0.5946256734375 0.0622314921875 0.601708759375 0.078303878125 0.6114821078125 0.08146961875 0.6282430515625 0.058812696875 0.628605940625 0.0281945609375 0.6120769218750001 0.017011373437499998 0.5796875 0.013161315625 0.5796875 0.049470031250000004
10 0.624578675 0.403667125 0.634221059375 0.4036108921875 0.637339696875 0.3616971 0.660100521875 0.368009834375 0.7042525046875 0.2678474328125 0.7019906125 0.2517469296875 0.68129523125 0.2567017359375 0.6629272234375 0.27936802968749996 0.621863871875 0.2973325765625 0.5843420625 0.323333315625 0.584996890625 0.33944319218749996 0.6099541265624999 0.36024544375 0.624578675 0.403667125
1 1 0.49316632812499994 0.9799962624999999 0.48699689843750005 0.9315878968749999 0.48244510937499996 0.8827566265625 0.427943334375 0.8583232546874999 0.420028984375 0.8513356609375 0.445851646875 0.8220456203125 0.4766384859375 0.8224385171874999 0.4863044109375 0.8520859765625 0.5038565703125 0.8673353468749999 0.52310406875 0.8945899515625 0.5213337484375 0.9876987015625 0.5578522328125 1 0.5607512703124999 1 0.49316632812499994
10 0.5796875 0.72810890625 0.60907550625 0.734088275 0.68883935625 0.7191207656249999 0.7001897640625 0.681993071875 0.69960041875 0.667494184375 0.6930411953125 0.6643096984375 0.697207559375 0.64817170625 0.6695600578125 0.6402761 0.63902584375 0.6404541765625 0.6023253046875 0.6471136921875 0.5796875 0.6643421218750001 0.5796875 0.72810890625
10 0.6134137796875 0.6035420499999999 0.6518523484375 0.6000951375 0.687963540625 0.5789367328125 0.6898025296875 0.5450872484375 0.665993978125 0.5129987125000001 0.6182759171875001 0.485883725 0.603877825 0.48757906562500003 0.5946283375 0.497301225 0.5952176828125 0.5118001125 0.5806531484375 0.5489465499999999 0.58143894375 0.5682784015625 0.5968847609375 0.5923588609375 0.6134137796875 0.6035420499999999
10 0.5796875 0.4597946734375 0.6248051296875 0.44878415 0.626251221875 0.40526874062499996 0.5796875 0.372209175 0.5796875 0.4597946734375
10 0.7606970687500001 0.7390625 0.763550090625 0.7380214828125 0.8069408156250001 0.7377684265625 0.8118984421875 0.6620051499999999 0.7926491515625 0.6234445453124999 0.76834674375 0.6187521703125001 0.7448301328125 0.6333916453125 0.745615925 0.6527234953125001 0.7377115703125 0.6559923328124999 0.7120940375 0.6980373390625 0.715141725 0.73346969375 0.72349810625 0.7390625 0.7606970687500001 0.7390625
10 0.7655609890624999 0.5897637671875 0.7350622515625 0.5512687703125 0.7275207874999999 0.523919471875 0.709581153125 0.51757861875 0.6969210890624999 0.522486559375 0.689409634375 0.5354213234375 0.689112225 0.567650446875 0.7221702624999999 0.5900168234375001 0.7237418515625 0.6286805234374999 0.7499787375 0.6414184640625 0.7653945484375 0.6252148656250001 0.7655609890624999 0.5897637671875
10 0.621621009375 0.48908695468749996 0.6399535421875 0.5050937328125 0.6710771015625 0.5194145453125001 0.6862609890625 0.5370510546875 0.705087375 0.5256616734375 0.7307349140625 0.5239007265625 0.723782796875 0.5110503171875 0.6848858468750001 0.5032203171875 0.6354297578125 0.472892728125 0.621621009375 0.48908695468749996
6 0.7131745765625 0.2500703359375 0.74256010625 0.26117854375 0.797331246875 0.26408185624999997 0.8355078828125 0.25419099218749996 0.8495785609375 0.2444407140625 0.8523997921875001 0.2347560453125 0.8548636015625 0.176732375 0.8272215703124999 0.08987963437499999 0.826239328125 0.0657148234375 0.7321128609375 0.0437045984375 0.7026263703125 0.0696584765625 0.6893414874999999 0.0987406046875 0.6696583546875 0.1681442828125 0.673229903125 0.2164645359375 0.7131745765625 0.2500703359375
6 1 0.1586742703125 0.9734643859375 0.0890267421875 0.9728750390625001 0.07452785468749999 0.9821245281250001 0.06480569375 0.9784520203125 0.0535475265625 0.9014674203125 0.007266789062499999 0.742380846875 0.0081945875 0.7283093859375 0.029224456250000003 0.7287022828125 0.03889038125 0.819811071875 0.06575231249999999 0.8223348953125 0.0882967640625 0.8527981578125001 0.16546483437499998 0.8591609312500001 0.16381635781249998 0.8678865546875001 0.14120629843750002 0.8838262296874999 0.137890596875 0.9407937765625001 0.155283425 0.9507635750000001 0.163282128125 0.9546325296875 0.17937325937499998 0.9770659421874999 0.17763105625 1 0.16576043437500002 1 0.1586742703125
6 1 0.16890048124999998 0.9499423046875 0.1826233515625 0.9345919765625 0.20043793906250001 0.902117815625 0.271527584375 0.9001478609374999 0.3021550921875 0.9205458359375001 0.3294294109375 0.9420270125 0.3438064578125 0.9673471375 0.333990571875 0.987322209375 0.3113149046875 1 0.3077671015625 1 0.16890048124999998
6 1 0.3561785171875 0.9925008234374999 0.3596257859375 0.9300817921875 0.445392396875 0.9228322671875 0.4647711109375 0.92857021875 0.48729681718749995 1 0.4946588765625 1 0.3561785171875
8 0.5796875 1 0.72825424375 1 0.73746495 0.9838169796875 0.7510437609375 0.9564978984374999 0.7613592203125 0.9407231312500001 0.7712685234375 0.9168630375 0.7749097015624999 0.8994016312499999 0.7761743437499999 0.8851776656249999 0.7736383140624999 0.8708853718749999 0.76451816875 0.8469279500000001 0.7391095234375 0.8114663703125 0.7182095328125 0.793221053125 0.705670290625 0.7870227765625 0.67794176875 0.7828034796875001 0.6619155953125 0.77835395 0.6395683812499999 0.7760428359375 0.6364339453125 0.7768677234375 0.6316674578125 0.7810903109375 0.62358320625 0.7830991109375 0.6015385703125 0.794599515625 0.5828519453125 0.8150706 0.5796875 0.8191659296875 0.5796875 1