8 0.26875 0.41875 0.26875 0.26100652968750004 0.244670028125 0.2603928734375 0.21751155625 0.29155648125 0.210564065625 0.30266249375 0.2046875 0.31256393125000004 0.2046875 0.313746790625 0.22622637812500002 0.36444734687499997 0.2341992390625 0.37380721875 0.2351146890625 0.3848611046875 0.24956419843750002 0.41875 0.26875 0.41875
7 0.26875 0.023643403125 0.25147070781249997 0.017360832812499997 0.23635799531249999 0.002635971875 0.219954825 0.0120790078125 0.20521767343750003 0.0295118125 0.20226119374999998 0.0456899265625 0.21119530625 0.0700253515625 0.216678296875 0.06818489531250001 0.24113676874999998 0.07516073437500001 0.26647405 0.090053128125 0.26875 0.0907901828125 0.26875 0.023643403125
8 0.24495704843750002 0.41875 0.2328743984375 0.38800706875 0.2228055484375 0.4011732 0.1975781859375 0.395692803125 0.1942827875 0.38285059062500004 0.2035735875 0.370395575 0.2121046578125 0.360220334375 0.221569496875 0.36266765 0.1960490140625 0.332088590625 0.17626800468749998 0.32163040781249996 0.16214402187500002 0.3242341046875 0.142811853125 0.3522082515625 0.129630803125 0.36821883125 0.12359876249999999 0.3903787328125 0.1553619640625 0.41683755468749994 0.1579739015625 0.41875 0.24495704843750002 0.41875
8 0.26875 0.09323203125 0.22914028125 0.0702926375 0.20950582812500002 0.07238378749999999 0.1955467296875 0.08910548125 0.176626759375 0.152374625 0.15852147968750002 0.2180699875 0.16024245937499998 0.2307657609375 0.1793553421875 0.251347053125 0.18744728125000001 0.2709032578125 0.1891865828125 0.2851677 0.1878136828125 0.3022765890625 0.192656025 0.31291224687499997 0.18965451718749998 0.31875 0.2066875484375 0.31875 0.2043908953125 0.3077358890625 0.2237597046875 0.282899075 0.24157241406250002 0.2594844859375 0.2604471359375 0.259673115625 0.26875 0.25661085625 0.26875 0.12699335 0.26827233437500003 0.1217247765625 0.26875 0.12171774531249999 0.26875 0.09323203125
8 0.0661625140625 0 0.0606508359375 0.0087452125 0.0303225109375 0.0445499125 0.023818090625 0.05992793749999999 0.026868334375000004 0.092177684375 0.0390839390625 0.1079649921875 0.055158596875 0.110792059375 0.08839701562499999 0.09523680625 0.11757394531250001 0.07530802812500001 0.1558850984375 0.036250078125 0.171686675 0 0.0661625140625 0
10 1 0.0383622296875 0.9634102734375001 0.0442946828125 0.9551037874999999 0.041873984375 0.9076131328125001 0.052268328125 0.9008925281250001 0.056282526562500004 0.8736289249999999 0.0630975 0.8464268765625 0.0656602453125 0.7654294593750001 0.0833882609375 0.6931774875000001 0.10428865000000001 0.6709568953125 0.11847735625 0.654586515625 0.139863121875 0.647658021875 0.16935533281249998 0.6472687109375 0.194025303125 0.6699460171875 0.29503068906249996 0.7042687015625 0.38755298125 0.73801755625 0.41875 0.76314348125 0.41875 1 0.3669088921875 1 0.0383622296875
10 0.26875 0.41875 0.6681261562499999 0.41875 0.6775778265625 0.4065030015625 0.684361609375 0.3914542203125 0.684375 0.391099334375 0.684375 0.35793093125 0.6406845875 0.1780555140625 0.6305802140625 0.1556823109375 0.62041265625 0.1443436921875 0.60298024375 0.134595140625 0.5855661859375 0.13247232656250002 0.4892272953125 0.148471646875 0.4819117640625 0.1449863046875 0.43889918437500003 0.154400528125 0.42491372187500004 0.1600047953125 0.4177100109375 0.15903823125 0.31620378437499996 0.18125503437499998 0.31047180625 0.185900603125 0.26875 0.1982131875 0.26875 0.41875
6 0.26875 0.47118086875 0.2595731375 0.4726513875 0.2396286859375 0.48860774687499997 0.22858043437500003 0.5109384921875 0.21062061562499998 0.5269873515625 0.20454548749999998 0.5475633078125 0.189522203125 0.570702071875 0.172514284375 0.5937483343750001 0.1545255984375 0.6147623046875 0.165279421875 0.6430756765625001 0.1879872125 0.6639998828125 0.22761055 0.677766175 0.26875 0.6780368265625001 0.26875 0.47118086875
6 0.26875 0.41875 0.1267269328125 0.41875 0.1301380546875 0.43140469687499994 0.1339341234375 0.46138035781250003 0.1378398796875 0.47248860156249994 0.1475840671875 0.5037347875 0.1661551765625 0.553271625 0.1828908875 0.5765625 0.18464492187499998 0.5765625 0.1979208140625 0.55276560625 0.209972928125 0.5284950671875001 0.22395771406249998 0.513254228125 0.2389983171875 0.48713639531249997 0.2619254890625 0.47032576875 0.26875 0.4706438515625 0.26875 0.41875
4 0.26875 0.41875 0.1639103625 0.41875 0.1735500484375 0.42695472187499994 0.18179998749999998 0.4591245546875 0.19060381875000001 0.48138729375 0.20042016718750003 0.5002207078125 0.209301934375 0.50907765 0.21158810625000002 0.509375 0.2163065078125 0.509375 0.22221935468749998 0.50669984375 0.2347243265625 0.4899000953125 0.25517359375000004 0.472477328125 0.26875 0.46791709531250003 0.26875 0.41875
0 0.46378372656250005 0.5433687828125 0.453296415625 0.5491207765625 0.43763861718749997 0.567327828125 0.4265766734375 0.5735123 0.4116657765625 0.5903008546875 0.40215545625000004 0.5961739171875 0.39741803124999997 0.62328946875 0.4010392796875 0.628271365625 0.4085968078125 0.630718940625 0.421584421875 0.6277952015625 0.43551951874999995 0.6194483515625 0.44528943749999994 0.62065903125 0.4480481421875 0.6220082546875 0.45293429375 0.6311763671875 0.47138507500000004 0.6541138109375 0.47954674218750004 0.6616730890625 0.48662279999999997 0.6640625 0.49191562656250004 0.6640625 0.5004942453125001 0.6617504671875001 0.5247408078125 0.622949325 0.5265625 0.6161463312500001 0.5265625 0.607986953125 0.5243926906249999 0.5992330453125 0.5262274546875 0.56873569375 0.5240716937500001 0.5639353984375 0.5009660453125 0.5419321796875 0.49039140625 0.5396144109375001 0.46378372656250005 0.5433687828125
0 0.603028565625 0.47701416874999997 0.5986321046875 0.47646936249999994 0.5948385843749999 0.47247348593750005 0.5856432984375 0.47083032812500003 0.58121851875 0.4733041171875 0.5755336109375 0.5058427796875 0.5645035578125001 0.5346969749999999 0.559878196875 0.5411753781249999 0.5585861718749999 0.5485705296875001 0.567727215625 0.5733764203125 0.58788035 0.5796875 0.5938634609375001 0.5796875 0.602927234375 0.5747162765625 0.6149944859375001 0.5656342796875 0.619045215625 0.559588353125 0.621875 0.5408775203125 0.621875 0.5378922953125 0.617259925 0.532671878125 0.615620975 0.5249135234375 0.6212209421875 0.5014306421875 0.6205884890625001 0.49933753437500006 0.606306465625 0.492530878125 0.603028565625 0.47701416874999997
0 0.6812990171875 0.41875 0.6508652625 0.44197818125 0.64221986875 0.4686094625 0.6379709375 0.49578555 0.6401574 0.514692796875 0.647329384375 0.5234375 0.6594019234375 0.5234375 0.67797216875 0.5153493 0.6967072828124999 0.5166635734375 0.708976309375 0.5121397359375 0.725871890625 0.50970026875 0.7413869234375 0.49802341562499997 0.7441161234375 0.4938284609375 0.75 0.450055659375 0.75 0.43015996718749994 0.74994021875 0.429071278125 0.74528415625 0.42144272968749996 0.7386918 0.41875 0.6812990171875 0.41875
0 0.8318994937500002 0.492456921875 0.827387390625 0.486860946875 0.8280764703125 0.482916865625 0.8362074374999999 0.4763691921875 0.8390227718750001 0.4716812265625 0.8381590375 0.45948578281249997 0.8403124125 0.44716053125000005 0.8378121109375 0.4443322765625 0.8184445437499999 0.4409248953125 0.8028704968749999 0.44151339062500006 0.7922392281249999 0.44523280937500004 0.780603846875 0.4604125296875 0.7643690328125 0.4619265125 0.7552893875 0.46533452343750004 0.7498581109375 0.46214306406250005 0.748938940625 0.46454758125 0.7454333328125 0.464616853125 0.739977321875 0.490132309375 0.74331304375 0.5081746015624999 0.74104521875 0.5240114578125 0.734437559375 0.53326631875 0.7291219250000001 0.535126028125 0.727455853125 0.5389490421875001 0.715360290625 0.5510496328125 0.714585075 0.555486721875 0.7175467484375 0.5699568796875 0.72093790625 0.5733992109375 0.7274606234375 0.5732001328124999 0.732373896875 0.5707868796875 0.737716653125 0.5573458015625 0.74216974375 0.55185341875 0.7541237375 0.5548458000000001 0.759927865625 0.553046625 0.771737903125 0.55400643125 0.776823446875 0.5506071578125 0.779150284375 0.5458586578125 0.793144396875 0.5486001640625 0.8002417453125 0.5479686125 0.8080564859375 0.5403743828125 0.8091762421875 0.5339652515625 0.8260116156249999 0.511874653125 0.8268151453125 0.50441896875 0.8318994937500002 0.492456921875
6 0.797315153125 0.5396763015625 0.7673433468749999 0.5493937890625 0.7334466703125 0.572056478125 0.721858784375 0.5622257859374999 0.725780834375 0.52073815 0.7166822296875 0.506179090625 0.6893920578125 0.5195867734374999 0.6572180828125 0.5323892625 0.6433332625 0.5357055046875 0.6170967890625001 0.5526016546875 0.60254296875 0.569266565625 0.58837103125 0.574226175 0.5727606921875 0.5588601843750001 0.5473827515625 0.5422838015625 0.5355077484375 0.5340964765625 0.5297654140625 0.5669638140625001 0.535513384375 0.591181340625 0.536090434375 0.6164370406249999 0.5223031984375 0.6382337843749999 0.5095696625 0.6635189921875 0.49807935937500003 0.6721687984375 0.48122297031250005 0.644895778125 0.4745188859375 0.6356702828125 0.459962246875 0.6237927578125 0.4363098234375 0.6258986078125 0.40988100000000005 0.63437619375 0.393027428125 0.6356455999999999 0.3923556125 0.6204518375 0.41274935 0.589400090625 0.45545469375 0.5543973953125001 0.48782101875000006 0.5500134734375 0.49825762187499995 0.5378752015625 0.5057254734375001 0.5236900953125 0.50696870625 0.5070546953124999 0.50572265625 0.49514766093749996 0.5041894890625 0.484883996875 0.3737708875 0.54595415 0.343352503125 0.5690478640625 0.34514553125 0.6146016 0.3585565203125 0.6615950265625 0.3889186640625 0.7257995390625 0.43019969375 0.8131834109374999 0.4536817828125 0.8375 0.45520002968749995 0.8375 0.5769004515624999 0.7826730140625 0.6617397234375 0.744496790625 0.77109276875 0.6992846187499999 0.8408011703125 0.65251760625 0.8803454125 0.6070495140625 0.9478516453125 0.5633675046875 0.953125 0.5331844609375 0.953125 0.514193140625 0.9442753921874999 0.4609375 0.9438647281249999 0.4609375 0.9205530203125001 0.49114788750000005 0.8860792937500002 0.48855487656249996 0.8620421703125001 0.47382359375 0.84040238125 0.49296830781249995 0.8185730609374999 0.5322368875000001 0.797315153125 0.5396763015625