7 0 0.3531135109375 0.039426398437499996 0.3497847046875 0.117127146875 0.346332196875 0.153660065625 0.340173046875 0.178689196875 0.3197986359375 0.1904279421875 0.3012047890625 0.19637251718749998 0.2858781453125 0.2 0.2670413390625 0.2 0.23202857500000001 0.1947978 0.21058293906249997 0.1872619453125 0.18996911875 0.1750169234375 0.17110082499999998 0.159569678125 0.154932153125 0.1422556328125 0.142622740625 0.126374434375 0.13643429375 0.114737571875 0.132990246875 0.08308268125 0.135625803125 0.0422803984375 0.154416590625 0 0.17041396875 0 0.3531135109375
0 0.27304016875000003 0.178076015625 0.250376415625 0.183968403125 0.2318431625 0.192462346875 0.22150851718750003 0.20378124375 0.217571509375 0.215100140625 0.21806363437499998 0.22887966875000001 0.22576725937500003 0.2454313546875 0.2331744421875 0.25971442499999997 0.2535197734375 0.30236358124999996 0.2760060625 0.3453125 0.282706396875 0.3453125 0.31596117968750004 0.33882932499999996 0.3420923953125 0.3257389921875 0.3521172984375 0.3167283640625 0.35625 0.31116898125 0.35625 0.307063240625 0.35217771249999996 0.2915164140625 0.29778804375 0.19049384375 0.28926084375 0.1799415703125 0.27304016875000003 0.178076015625
0 0 0 0 0.0355840609375 0.0016823796875000002 0.036266384375 0.024364565625 0.0447401671875 0.048928624999999996 0.054827245312499995 0.05390960625 0.0578125 0.056363346875 0.0578125 0.0668791359375 0.0554661421875 0.07641966875 0.0518149 0.078125 0.046548534375 0.078125 0.030870771875 0.0765247390625 0 0 0
7 0 0.170814228125 0.0554071046875 0.1477084796875 0.08414902656249999 0.13789337968749998 0.1038674046875 0.133628215625 0.1125 0.134060365625 0.1125 0.133559678125 0.06496172812499999 0.0911960953125 0.038866306249999996 0.070159684375 0 0.0547343578125 0 0.170814228125
7 0.33451014218749997 0.061978828124999996 0.3040372234375 0.0559789953125 0.29559110781250003 0.0443798015625 0.27114073125 0.0480966109375 0.2483639234375 0.041582771875 0.237462075 0.032478735937499996 0.0783078734375 0.0103642734375 0.0803875203125 0.039065245312500003 0.07839379375 0.051861348437499996 0.0574361703125 0.056775085937500004 0.051227140625 0.0790761453125 0.0926310390625 0.11439870156250001 0.1539134796875 0.1278642 0.2033272625 0.1405536 0.2216207765625 0.141426740625 0.2430512078125 0.1422662359375 0.257160021875 0.15168385 0.2654439109375 0.1518569390625 0.274964525 0.152394540625 0.280483653125 0.14294541249999998 0.28566895937500003 0.143109375 0.2861063359375 0.15471272187500001 0.291560778125 0.1533996984375 0.3251324140625 0.1578125 0.3272813984375 0.1578125 0.3369010265625 0.151846296875 0.355571565625 0.1578125 0.3586751578125 0.1578125 0.361870690625 0.152808253125 0.3680523890625 0.1163749828125 0.3569512875 0.11427804374999999 0.35851872500000004 0.0980852375 0.371875 0.095467784375 0.371875 0.078563184375 0.357149559375 0.0746369375 0.35040528593750003 0.0668137375 0.343733103125 0.0574095484375 0.33451014218749997 0.061978828124999996
0 0.0940343828125 0.374896975 0.08193130781249999 0.3544005078125 0.038612265624999996 0.3617507984375 0.010548709375 0.365378528125 0.006183284375 0.373163753125 0.0056857328125 0.3865582953125 0.00759289375 0.40362352343749996 0.0097525609375 0.42014480781249997 0.0131986515625 0.438743046875 0.019715304687499997 0.454248015625 0.02756544375 0.4578125 0.033486510937500005 0.4578125 0.1601833140625 0.4271734859375 0.1671875 0.4087845234375 0.1671875 0.3980528953125 0.1636412265625 0.370966303125 0.142927021875 0.3858949671875 0.11620696562499999 0.3849552546875 0.0940343828125 0.374896975
0 0.11384997187499998 0.34627103125 0.095334840625 0.346472503125 0.08131399375000001 0.3464341515625 0.080265853125 0.35457433125 0.0890090921875 0.3682850671875 0.0981264390625 0.37659735625 0.11526390156249999 0.3849165375 0.1306649109375 0.38691815625000003 0.1486668625 0.3842334984375 0.1581995125 0.37730384375 0.16413201093750002 0.367099021875 0.1796875 0.31961366875 0.1796875 0.31850736875 0.1704739171875 0.3274712671875 0.152007175 0.3394436578125 0.128746696875 0.34460597656249997 0.11384997187499998 0.34627103125
10 0.45 0.3819124875 0.4595455390625 0.394003503125 0.472819875 0.401378134375 0.498191671875 0.4046875 0.509159909375 0.4046875 0.5259172203125 0.39695335625 0.5627903765625 0.357130346875 0.56869008125 0.33353152656249996 0.5859375 0.319158678125 0.5859375 0.3169754765625 0.580489490625 0.29518344375 0.5672151546875 0.2819091078125 0.527392146875 0.2774843296875 0.46544524374999996 0.2819091078125 0.45 0.294265303125 0.45 0.3819124875
10 0.6901802171875 0.24822778437499998 0.6503572078125 0.270351678125 0.578085821875 0.3249239484375 0.5662864125 0.33967321093749997 0.555961928125 0.3706466625 0.5589117796874999 0.385395925 0.57218611875 0.40309504062499996 0.6606816921875 0.49601539531250005 0.678025903125 0.5046875 0.7022901671875 0.5046875 0.7226285953125 0.4930655421875 0.7801507187500001 0.44291805 0.8479973265625 0.3942454828125 0.865625 0.369837934375 0.865625 0.3558140515625 0.8479973265625 0.3352484328125 0.777200865625 0.2792012359375 0.73442800625 0.2541274890625 0.6901802171875 0.24822778437499998
10 0.45 0.293815365625 0.4715408375 0.28206581875 0.543812221875 0.277641040625 0.5452871499999999 0.2466675890625 0.5625 0.1864226109375 0.5625 0.1720778234375 0.5615113375 0.146372603125 0.543812221875 0.13014841562499999 0.5172635515625 0.11982393124999999 0.45 0.11594334218749999 0.45 0.293815365625
10 0.465311578125 0 0.4620529125 0.0032586656249999997 0.46942754375 0.019482853124999998 0.45 0.0410690140625 0.45 0.1035697828125 0.4620529125 0.11682798593749999 0.5151502578125 0.12125276562500001 0.55644819375 0.14190173281250001 0.5608729718750001 0.1522262171875 0.55644819375 0.2008987828125 0.5608729718750001 0.20679848750000002 0.5608729718750001 0.23924686562500003 0.605798196875 0.3015625 0.615537425 0.3015625 0.68919155625 0.24957135 0.730489490625 0.2525212015625 0.7570381640624999 0.2628456859375 0.7859375 0.2122718484375 0.7859375 0.190731009375 0.7791620578125 0.1758250359375 0.706890671875 0.0976539453125 0.6759172203125 0.09322916718749999 0.6655927359375 0.08290468281249999 0.6582181046875 0.05193123125 0.6107637031250001 0 0.465311578125 0
10 1 0 0.9559144546875 0 0.8819782437499999 0.0155328171875 0.7153115765625 0.0922289828125 0.709411871875 0.1040283921875 0.7153115765625 0.1143528765625 0.7713587765625001 0.167450221875 0.7861080390625 0.1954738203125 0.7831581859375 0.219072640625 0.7551345875 0.2662702796875 0.7909503499999999 0.290625 0.79236725625 0.290625 0.8274059734375001 0.2205475671875 0.8495298671875 0.20284845156250003 0.86722898125 0.201373525 0.9439251484375 0.22202249218749998 0.9852230828125 0.22202249218749998 1 0.2150229 1 0
10 1 0.509375 1 0.2332704703125 0.8820450765625001 0.20341768125 0.8481217734375001 0.20194275468749998 0.8333725109374999 0.20784245937499998 0.8186232484375001 0.22406664843750002 0.7861748703125 0.288963403125 0.851071625 0.3420607484375 0.8599211828125 0.3568100109375 0.8599211828125 0.368609421875 0.8495966984375001 0.3863085359375 0.7703125 0.45237870156250004 0.7703125 0.4528034734375 0.9363773015625 0.509375 1 0.509375
0 0 0.9852614187500001 0.00283203125 0.9861328125 0.0541015625 0.9861328125 0.065859375 0.9875 0.075283578125 0.9875 0.0794921875 0.96318359375 0.08125 0.83369140625 0.08125 0.7451869421875 0.07900390625 0.741015625 0.0677734375 0.7302734375 0.0482421875 0.7224609375 0.03310546875 0.71953125 0 0.7182740796875 0 0.9852614187500001
0 0.116162109375 0.787744140625 0.087353515625 0.786279296875 0.084912109375 0.789697265625 0.081982421875 0.818994140625 0.079052734375 0.978662109375 0.086376953125 0.986962890625 0.098095703125 0.990380859375 0.12568359375 0.990625 0.15372488906249998 0.990625 0.159619140625 0.987451171875 0.161572265625 0.982080078125 0.173779296875 0.979638671875 0.179638671875 0.974267578125 0.189892578125 0.902978515625 0.191357421875 0.879052734375 0.195751953125 0.866357421875 0.202587890625 0.821923828125 0.203125 0.81171875 0.203125 0.80263671875 0.202099609375 0.800927734375 0.195263671875 0.798974609375 0.158642578125 0.793115234375 0.116162109375 0.787744140625
8 0.27602678593749996 1 0.317333984375 0.950146484375 0.31875 0.9456152343750001 0.31875 0.9316731765625 0.304638671875 0.908154296875 0.289013671875 0.894482421875 0.260205078125 0.880810546875 0.241162109375 0.878857421875 0.230908203125 0.882275390625 0.224560546875 0.887646484375 0.197216796875 0.927685546875 0.192822265625 0.938427734375 0.190869140625 0.950634765625 0.180126953125 0.969189453125 0.179638671875 0.985302734375 0.203076171875 0.986279296875 0.213330078125 0.999951171875 0.215380859375 1 0.27602678593749996 1
0 0.167431640625 0.774267578125 0.141552734375 0.769384765625 0.088330078125 0.764990234375 0.085888671875 0.768896484375 0.085888671875 0.783544921875 0.088818359375 0.786474609375 0.179638671875 0.797216796875 0.203076171875 0.802099609375 0.202099609375 0.829443359375 0.199658203125 0.830908203125 0.196728515625 0.840673828125 0.189892578125 0.896337890625 0.188427734375 0.918310546875 0.18962890625 0.9203125 0.196923828125 0.9203125 0.197705078125 0.920263671875 0.213818359375 0.905126953125 0.226513671875 0.885595703125 0.238232421875 0.879736328125 0.256298828125 0.879736328125 0.284619140625 0.891455078125 0.287548828125 0.890478515625 0.294384765625 0.860205078125 0.2953125 0.8414184562500001 0.2953125 0.810400390625 0.294384765625 0.801123046875 0.287548828125 0.778173828125 0.202587890625 0.772802734375 0.167431640625 0.774267578125
7 0.315185546875 0.509375 0.306298828125 0.515087890625 0.276025390625 0.527294921875 0.235986328125 0.550732421875 0.166650390625 0.582470703125 0.150537109375 0.595654296875 0.141259765625 0.595654296875 0.134912109375 0.598583984375 0.122705078125 0.606396484375 0.113916015625 0.614697265625 0.064599609375 0.675732421875 0.060693359375 0.683056640625 0.050927734375 0.714306640625 0.050927734375 0.721142578125 0.054345703125 0.724560546875 0.066552734375 0.729931640625 0.079736328125 0.743115234375 0.082666015625 0.749462890625 0.083642578125 0.761181640625 0.086083984375 0.764599609375 0.108544921875 0.769482421875 0.134423828125 0.769970703125 0.15676540781249998 0.7734375 0.1992106125 0.7734375 0.218896484375 0.771435546875 0.236962890625 0.768017578125 0.243798828125 0.764111328125 0.257958984375 0.760205078125 0.273583984375 0.758740234375 0.296044921875 0.748486328125 0.341943359375 0.734814453125 0.346875 0.734814453125 0.346875 0.518603515625 0.3468562421875 0.509375 0.315185546875 0.509375
7 0.7187202390625 1 0.7232514890624999 0.996044146875 0.7406126000000001 0.9779389890625 0.7587177578125 0.9541294640625001 0.7698784734374999 0.9360243046875001 0.7800471234374999 0.91494295625 0.7837673609375 0.9042782734374999 0.78798363125 0.8876612109375 0.7882316484375 0.874268353125 0.791455853125 0.868812003125 0.796416171875 0.85244295625 0.7981522828125 0.840290178125 0.8105530765625 0.78671875 0.8167534734374999 0.7549727171875 0.8184895843750001 0.7338913687499999 0.8212177578125001 0.7209945453125 0.822209821875 0.6947048609375 0.82568204375 0.663206846875 0.8408110109375 0.627988590625 0.84375 0.6165784046875 0.84375 0.6075038562499999 0.8427951390625001 0.6044270828125 0.8358506953125 0.5947544640625 0.8214657750000001 0.5578000984375 0.8177455359374999 0.5515997015625 0.8125372015625001 0.5458953390625 0.8075768859375 0.543911209375 0.7993923609375 0.543911209375 0.7805431546875 0.550359621875 0.7711185515625 0.5511036703125 0.7614459328125001 0.5491195453125 0.7487971234374999 0.543415178125 0.7396205359375 0.5426711328125 0.7331721234374999 0.543415178125 0.7292038703125 0.5449032734375 0.715562996875 0.5575520828125 0.7106026796875 0.562760415625 0.7021701390625 0.5744171625 0.697209821875 0.58483383125 0.6929935515625 0.590786209375 0.6860491062499999 0.611867559375 0.681088790625 0.6374131937499999 0.6773685515625 0.646837796875 0.658519346875 0.678831846875 0.6505828375 0.6981770828125 0.6416542656249999 0.7110739078125 0.6376860109375 0.7195064484375 0.6188368046875 0.768365575 0.6121403765625 0.7827504953125001 0.606187996875 0.799615575 0.603955853125 0.80283978125 0.602715775 0.8075520828125 0.5965153765625 0.8206969234375 0.5937872015625001 0.830865575 0.5794022828125 0.861867559375 0.5754340265625 0.8851810515625 0.574937996875 0.9320560515625 0.5766741062499999 0.9444568468749999 0.587338790625 0.9833953375 0.5906029546875 1 0.7187202390625 1
7 0.962103175 0.8841641859375 0.9653273812500001 0.8814360140625 0.9668154765625001 0.8782118046875 0.9630952374999999 0.84795386875 0.9616071421874999 0.8439856171875 0.9583829359374999 0.8412574421875 0.956894840625 0.8362971250000001 0.9586309515625 0.8308407734374998 0.9675595234374998 0.8157118046875 0.972023809375 0.8055431546874999 0.975 0.7906622015625 0.97450396875 0.779997521875 0.97276785625 0.7720610140625 0.96904761875 0.7631324421875 0.9521825390625 0.7390749 0.9484623015625001 0.72940228125 0.94697420625 0.7145213312500001 0.953174603125 0.6850074421875 0.95342261875 0.6716145828125 0.9516865078125001 0.6629340296875 0.9447420640625002 0.6435887890625 0.9392857140625 0.608122521875 0.934325396875 0.5895213312500001 0.93134920625 0.572904265625 0.922420634375 0.5528149796874999 0.918700396875 0.5485987125 0.9164682531250001 0.5473586328125 0.909027778125 0.5468625984375001 0.9048115078125001 0.54909474375 0.903075396875 0.548846728125 0.8919146828125001 0.5391741062500001 0.8867063484374998 0.5379340296875 0.8819940468749999 0.539422125 0.874553571875 0.5468625984375001 0.8703373015625001 0.5528149796874999 0.86512896875 0.5565352203125 0.85967261875 0.55752728125 0.850248015625 0.5560391859375 0.84776785625 0.5565352203125 0.84454365 0.561247521875 0.8425595234374998 0.56744791875 0.84131944375 0.5867931546875 0.8420634921874999 0.5905133921875 0.8457837296875 0.5964657734375 0.84677579375 0.6158110140625 0.8509920640625002 0.6376364078125001 0.8507440468749999 0.649045140625 0.8537202374999999 0.6671502968749999 0.8542162703125001 0.6869915671875 0.8584325390625 0.7011284718749999 0.86512896875 0.7125372015625 0.8743055546875 0.7249379953125 0.878521825 0.7370907734375 0.87901785625 0.7532118046875 0.8733134921874999 0.777269346875 0.8728174593750001 0.7951264874999999 0.87579365 0.80752728125 0.8792658734375 0.816455853125 0.8862103171874999 0.8266245031249999 0.90009920625 0.8395213312500001 0.9048115078125001 0.8424975218749999 0.909523809375 0.847705853125 0.9105158734375 0.854154265625 0.9082837296874999 0.8601066484375 0.9117559515625 0.8680431546874999 0.9132440468749999 0.8787078390625 0.9169642859374999 0.8891245046874999 0.9196924593750001 0.8911086312500001 0.9233606125 0.8921875 0.926891134375 0.8921875 0.9422619046874999 0.8913566484375 0.949950396875 0.8888764874999999 0.95342261875 0.8866443468749999 0.962103175 0.8841641859375