7 0.74722875 0 0.735689484375 0.021924603125 0.7009672625000001 0.038045634375 0.6724454359375001 0.059126984375000004 0.6302827375 0.083928571875 0.6030009921875 0.1017210140625 0.6030009921875 0.10252976250000001 0.595560515625 0.1298115078125 0.576959325 0.1384920640625 0.56455853125 0.1310515875 0.5496775796875 0.134771825 0.5099950390625 0.155853175 0.529836309375 0.16081349218750002 0.576959325 0.165773809375 0.607961309375 0.17197420624999998 0.6154017859375001 0.21537698437500002 0.657564484375 0.1955357140625 0.7183283734374999 0.1918154765625 0.754290675 0.16825396875 0.7840525796875 0.140972221875 0.811334325 0.13229166718750002 0.846056546875 0.1112103171875 0.86961805625 0.0616071421875 0.8882192453125001 0.056646825 0.9093005953125001 0.04052579375 0.9303819437499999 0.028125 0.9427827375 0.0107638890625 0.94154075 0 0.74722875 0
1 0.9263928046875 0.5796875 0.932862103125 0.5489583328125 0.9489831343749999 0.45595238125000004 0.9527033734374999 0.424950396875 0.9427827375 0.4199900796875 0.9427827375 0.3951884921875 0.9651041671874999 0.350545634375 0.973784721875 0.3158234125 0.9117807546875 0.284821428125 0.8373759921874999 0.2513392859375 0.7840525796875 0.2240575390625 0.739409721875 0.2054563484375 0.727008928125 0.199255953125 0.689806546875 0.2017361109375 0.6749255953125 0.20049603125 0.6538442453125001 0.2079365078125 0.6265625 0.22529761874999998 0.6364831343749999 0.27490079375 0.6414434531250001 0.32822420625 0.6464037703125001 0.3790674609375 0.6538442453125001 0.42867063437499997 0.6580694046875 0.46775335625 0.6610714140625 0.47156002656249996 0.6625248015625 0.47083333281249995 0.6613918203125 0.471966315625 0.7463426734375 0.5796875 0.9263928046875 0.5796875
5 0.46875 0.5044699234375 0.49263392812499995 0.50555555625 0.517435515625 0.5229166671875001 0.5409970234375 0.519196428125 0.5620783734375 0.511755953125 0.5893601187499999 0.5080357140625 0.6302827375 0.5005952375 0.648883928125 0.48819444375 0.648883928125 0.45967261875 0.6439236109375 0.43239087343750005 0.6302827375 0.3951884921875 0.6092013890625 0.3989087296875 0.598040675 0.3939484125 0.5757192453125001 0.3951884921875 0.5285962296875 0.41006944375 0.5000744046875 0.3976686515625 0.47403273749999997 0.40882936562500005 0.46875 0.410104509375 0.46875 0.5044699234375
4 0.46875 0.37071158125000003 0.4752728171875 0.37782738125000004 0.4876736109375 0.37534722187499997 0.49263392812499995 0.3939484125 0.5025545640625 0.3939484125 0.5223958328125 0.38154761875 0.5434771828125 0.3852678578125 0.5372767859375001 0.34558531718749996 0.545957340625 0.3418650796875 0.56083829375 0.3517857140625 0.5819196421875 0.371626984375 0.579439484375 0.355505953125 0.550917659375 0.32450396875 0.5657986109375 0.3133432546875 0.5583581343749999 0.30342261875 0.538516865625 0.2835813484375 0.5521577375 0.2736607140625 0.55711805625 0.2587797625 0.53603670625 0.2550595234375 0.5372767859375001 0.23769841249999998 0.5285962296875 0.2327380953125 0.529836309375 0.2116567453125 0.501314484375 0.2091765875 0.4901537703125 0.2240575390625 0.488913690625 0.23769841249999998 0.46875 0.2359450484375 0.46875 0.37071158125000003
3 0.46875 0.17166831875 0.5087549609375001 0.1583333328125 0.5447172625000001 0.137251984375 0.5657986109375 0.13229166718750002 0.5732390875 0.1422123015625 0.5992807546875 0.128571428125 0.5992807546875 0.09756944375 0.5906001984375 0.06904761875 0.5682787703125001 0.0702876984375 0.5583581343749999 0.071527778125 0.5471974203125 0.08268849218749999 0.519915675 0.083928571875 0.46875 0.083928571875 0.46875 0.17166831875
9 0.46875 0.784254059375 0.197287740625 0.8400582703125 0.2217165875 0.923016915625 0.245573228125 0.953671896875 0.2679559234375 0.9967465640625001 0.2596394515625 1 0.42371540625000004 1 0.46875 0.9871491593750001 0.46875 0.784254059375
9 0.2520481734375 1 0.2627376265625 0.9940339046875 0.133389978125 0.8199123109374999 0 0.8379437218750001 0 0.9227554734375 0.09739814687500001 1 0.2520481734375 1
9 0 0.5796875 0 0.7612724359375 0.0323084515625 0.760809959375 0.08817372343749999 0.7661246515625 0.11400045624999999 0.7643112859375 0.155124403125 0.7383309875 0.1899161609375 0.746664834375 0.16052405625 0.7087008921875 0.1452413203125 0.6851415390625 0.149903996875 0.6617212859375 0.102927690625 0.594201484375 0.0906278890625 0.5796875 0 0.5796875
9 0 0.840296296875 0.1379476375 0.8195923046875 0.21466190312500003 0.9158146203124999 0.1953773984375 0.8371133499999999 0.2864853015625 0.8184002140625001 0.321666346875 0.6742937718750001 0.15941043906250002 0.6641328640624999 0.1469561015625 0.6865606625 0.1868777234375 0.7468781718749999 0.15380074531250001 0.73996345 0.1085102625 0.76931534375 0 0.7634067421874999 0 0.840296296875
9 0.46875 0.5796875 0.26656540156249997 0.5796875 0.2626413046875 0.584527071875 0.2822861390625 0.6062406265625 0.4383004 0.6753417203125001 0.46202123281249996 0.6690576421875 0.46875 0.6704557921875 0.46875 0.5796875
9 0.0888372484375 0.5796875 0.15313799687500002 0.66303374375 0.3214707859375 0.6727679796875 0.29344944375000004 0.8009764671875 0.3504572921875 0.75540661875 0.3684923640625 0.752600803125 0.39407826562500003 0.736948621875 0.4012379703125 0.721050671875 0.396198646875 0.6936930515624999 0.3692130265625 0.6386253671875 0.3129113625 0.6179460671875 0.27714179687499996 0.60198325 0.2592117421875 0.581688821875 0.2534854625 0.5796875 0.0888372484375 0.5796875