10 0 0 0 0.15401209062500001 0.3533113109375 0.1890625 0.3785258953125 0.1890625 0.37857719375 0.189048834375 0.4106910828125 0.1510718 0.4331822390625 0.0541760390625 0.43824082343750004 0 0 0
10 0 0.39230986093750003 0.36101984374999996 0.428125 0.3737796625 0.428125 0.375570040625 0.4262082203125 0.3819640984375 0.4117214765625 0.38596070781249997 0.38691618125 0.4015625 0.22860671875 0.4015625 0.2234640046875 0.3967649421875 0.2082153140625 0.381069575 0.187336884375 0 0.151949653125 0 0.39230986093750003
10 0.5796875 0.2028370671875 0.5132793234374999 0.1954689859375 0.45219453749999994 0.1927692796875 0.4337566125 0.2102615015625 0.42629687812499995 0.227162703125 0.408566390625 0.390055378125 0.41235094375000003 0.42151302343749997 0.4212531109375 0.434156996875 0.5796875 0.449874553125 0.5796875 0.2028370671875
10 0.5796875 0 0.43971444687499994 0 0.42592539531250007 0.1241850140625 0.43077562187499996 0.15322820312500002 0.4395223515625 0.16753687343749998 0.457948434375 0.186166028125 0.5796875 0.20115714375 0.5796875 0
4 0.37107127812499996 0.51875 0.36548072343750004 0.562933653125 0.380177 0.599794421875 0.40505724687500005 0.6233515796875 0.43694975312500006 0.6452354296875 0.442163471875 0.6453125 0.514297871875 0.6453125 0.534375 0.6361267734375 0.534375 0.6273137859375 0.5246189734375 0.5635598765625 0.5121664109374999 0.51875 0.37107127812499996 0.51875
10 0.346350134375 0.841976771875 0.269224121875 0.9162433906249999 0.2977351375 0.9203125 0.298303409375 0.9203125 0.32215045781249996 0.9144872390625001 0.35111945625 0.89901164375 0.41094702187500004 0.8406977578125 0.45746854218750005 0.7975198390625 0.48152222968749997 0.7730233046875 0.4890625 0.7465473046875 0.4890625 0.7458822875 0.46989838749999996 0.744128134375 0.4427196859375 0.7518369390625 0.41585057968749994 0.775238371875 0.346350134375 0.841976771875
4 0.25825041406250004 0.8608142546875 0.273194896875 0.8486852718750001 0.267610765625 0.8180770328125 0.27518375625 0.8017266812500001 0.270011434375 0.7858352484375001 0.2751282421875 0.77428446875 0.2626370078125 0.7629937984375 0.2465155421875 0.777034659375 0.2317725625 0.7685919218749999 0.224246275 0.7565242421875 0.21825620625000003 0.7484393609375 0.19880529375 0.747644128125 0.1867784484375 0.7598923953125001 0.1843748421875 0.7735140984375001 0.18463479375 0.7990046749999999 0.1827948578125 0.8165694140624999 0.17690994375 0.8261287953125 0.16887843593750002 0.856180371875 0.1697517 0.8758160328125 0.188744096875 0.890312490625 0.20445962187500002 0.8987949875 0.227339265625 0.894830409375 0.25262251562500004 0.8772441296875 0.25825041406250004 0.8608142546875
10 0.2064047140625 0.8988745109374999 0.18060449843749998 0.8840997218750001 0.1689835921875 0.8738246343749999 0.170207278125 0.8434947265625 0.1825904203125 0.8185210515625 0.18514295 0.7755054984375 0.193533690625 0.7513485953125001 0.1803269265625 0.7468886593749999 0.1684023 0.75816110625 0.15792048281249998 0.83025241875 0.1528621265625 0.88786549375 0.1515332828125 0.9005511390625 0.1642289546875 0.9098901703125 0.2125992203125 0.9050077562500001 0.25835850625 0.8970786000000001 0.26900393125 0.8886938437499999 0.270379478125 0.8475901671875 0.260656959375 0.865812634375 0.24811902031250002 0.882939996875 0.23250864999999998 0.8921017625000001 0.2064047140625 0.8988745109374999
4 0.5796875 0.8025160859374999 0.5750841046875 0.8012478390625001 0.557622053125 0.7534940171875 0.54195029375 0.69797340625 0.5279695484375 0.6542819062499999 0.5111792578125 0.6467354656250001 0.50478325 0.661173940625 0.496185134375 0.6686623984375 0.4915823578125 0.693954165625 0.5058171828125 0.725896078125 0.50975700625 0.716257175 0.5232178484375 0.708967525 0.5292604953125 0.7258745375 0.5219941609375 0.7392974328124999 0.5167751359375 0.75182403125 0.5290122921875 0.7748642875 0.548156546875 0.7785869765625 0.550974903125 0.7983021609375001 0.5394065734375 0.7968492046875 0.5421752875 0.826362340625 0.55881371875 0.8446825484375001 0.5796875 0.854635309375 0.5796875 0.8025160859374999
10 0.5796875 0.8531402781249999 0.5606565906250001 0.8457378906249999 0.546629140625 0.8304644218749999 0.53638671875 0.7977057375 0.5453440656249999 0.7961119546875001 0.551077121875 0.79732634375 0.5452389109375 0.7784676921875 0.5300870546875001 0.77392823125 0.520922334375 0.7588535703125 0.5174906671875 0.7449933 0.5273154046874999 0.7257950140625 0.5257266109375001 0.712990084375 0.5071460250000001 0.7132104328125 0.4952184625 0.7058628015625 0.4929112015625 0.6812685203125 0.496798446875 0.6628074859375 0.4856915703125 0.6662733843749999 0.4717722125 0.687264259375 0.48959349999999996 0.74091275625 0.5128441234375 0.8173231796875001 0.53122908125 0.8749147140625 0.5388575859375 0.8860065734375 0.5796875 0.8711507984375 0.5796875 0.8531402781249999
4 0.2999297640625 0.947778096875 0.3258321984375 0.9615770671874999 0.35224279062499997 0.9518768609375 0.371486328125 0.9360036484375 0.3749091859375 0.8940036750000001 0.36482449687499996 0.887711384375 0.3357532828125 0.9041627999999999 0.3076546140625 0.920653978125 0.2999297640625 0.947778096875
4 0.4162671953125 0.890794565625 0.4009634796875 0.897028875 0.3770616515625 0.91075164375 0.35894839218749997 0.9531310109375 0.3575699078125 0.9756146062500001 0.35931349687499997 0.9962658484375 0.3961154359375 0.9899304765625001 0.42539108593749997 0.9715274234375 0.445195359375 0.9409771640625 0.44887816875000003 0.9244677687500001 0.4471871546875 0.9126386562500001 0.43781799687499995 0.899515634375 0.4162671953125 0.890794565625
3 0.5796875 0.81923028125 0.6066356953125001 0.8399825859375 0.62922134375 0.8515625 0.642929275 0.8515625 0.6445272171875 0.8514965671875 0.6690629484375 0.8451645609374999 0.6794232640625 0.8359392296875001 0.69305458125 0.8294433484375 0.699053025 0.8210458984375 0.7122481031250001 0.815079521875 0.7159564171875 0.8083451734375 0.72609834375 0.8016181687499999 0.7282800828125 0.7945035031250001 0.733732825 0.7901182921875 0.7379868390625 0.779371703125 0.7479114515624999 0.766208725 0.754781840625 0.76121941875 0.7629075593750001 0.745215096875 0.7640625 0.7355786265625 0.7640625 0.72822783125 0.7580048015624999 0.7098508765625 0.7511910171875 0.6974637968749999 0.7427411921875 0.6881791374999999 0.734126375 0.6908193078125 0.727420446875 0.6883509390625 0.7155346265625 0.68826165625 0.70490466875 0.6726902156250001 0.697380721875 0.6717730546875 0.6735012250000001 0.6616757843750001 0.6527282718749999 0.661765646875 0.619688253125 0.6583207875 0.5879008906250001 0.6661966593749999 0.5796875 0.6722442640625 0.5796875 0.81923028125
3 0.5796875 0.51875 0.5796875 0.6619054265625 0.591760684375 0.667609165625 0.6166237296875 0.6597632453125 0.653317596875 0.65598155 0.6684210265624999 0.6493737796875 0.67420108125 0.6434746546875 0.6756192671875001 0.6384034078124999 0.696338828125 0.62888704375 0.7282911859375 0.6090863390625 0.7431233703125 0.5910832421875 0.749231275 0.579203053125 0.7570307515625 0.55577835 0.760249965625 0.5356798515625 0.770455315625 0.51875 0.5796875 0.51875