7 0.3390625 0 0.27004203125 0 0.2538241796875 0.0826839390625 0.2637600265625 0.0921776109375 0.2764572828125 0.12698773593749998 0.30294000625 0.1328125 0.3058580390625 0.1328125 0.3390625 0.10601609218750001 0.3390625 0
7 0 0.1299431734375 0.0308413453125 0.15085047499999998 0.0422669109375 0.1515625 0.057152821875 0.1515625 0.088059125 0.1223694625 0.0921875 0.103611865625 0.0921875 0.0974617921875 0.015009832812500002 0.014774525 0 0.007727353125 0 0.1299431734375
7 0.22471782031249998 0.16196598125 0.20738645 0.1635482578125 0.13018425625000002 0.1366495265625 0.1244793734375 0.11607990625 0.13069576249999998 0.0796875 0.0643484296875 0.048041931249999996 0.0600437703125 0.057535601562500004 0.0901460890625 0.092345728125 0.0941949953125 0.11133307031249999 0.0628095421875 0.1508900328125 0.0488638203125 0.157219146875 0.026564528124999997 0.1540545890625 0.0252033375 0.158801425 0.0696198609375 0.19519382968750001 0.1295643828125 0.2252571203125 0.1574948609375 0.24740902031249998 0.238338453125 0.2505735765625 0.2616166203125 0.265625 0.275740434375 0.265625 0.2828125 0.24561487187500003 0.2828125 0.241987434375 0.2593849171875 0.22683939999999997 0.23266823906249998 0.1967761078125 0.225896953125 0.1872824375 0.22471782031249998 0.16196598125
7 0 0.343086946875 0.0054341812500000005 0.3491000796875 0.021035878124999997 0.34435324375 0.031180703124999997 0.35 0.0331709140625 0.35 0.043040384375000004 0.3411886875 0.0556986125 0.3411886875 0.0609375 0.33120705625 0.0609375 0.320878825 0.055213046875000005 0.228846915625 0.0602156359375 0.20036590312500002 0.057896398437499996 0.1845431171875 0.028348392187499998 0.1578125 0.02716169375 0.1578125 0.0187425828125 0.1592266625 0.0036567562499999996 0.175049446875 0 0.18780153125000001 0 0.343086946875
7 0.151571815625 0 0.144662115625 0.008524525 0.1474235265625 0.03384098125 0.1253496875 0.10346123437500002 0.12516762812499999 0.133524525 0.1992789640625 0.1620055375 0.20523554531250002 0.1625 0.21885689218749999 0.1625 0.2356323390625 0.1271954109375 0.243283615625 0.08763845 0.2686694046875 0.021182753125000002 0.2724306609375 0 0.151571815625 0
7 0.9273238625000001 0.4296875 0.9439346328125 0.40389881406250006 0.9487374234375 0.3928964625 0.957392178125 0.3556995796875 0.9655016125 0.311903875 0.9671875 0.2939048890625 0.9671875 0.290512684375 0.9564376906250001 0.2902359109375 0.9375235171875002 0.29406309531249997 0.919493684375 0.29246357500000003 0.8962206015625 0.2937716796875 0.8827699046875 0.2987386015625 0.8720981265625 0.300007853125 0.8330742703125 0.29596048750000004 0.8299003578124999 0.29810396875 0.82609728125 0.3092228859375 0.8164462359375001 0.3246870484375 0.809014853125 0.34443170156249997 0.8055124234375001 0.365639884375 0.8052538124999999 0.3837073109375 0.8111088671874999 0.4080173921875 0.8237067437500001 0.4295946984375 0.8236810312500001 0.4296875 0.9273238625000001 0.4296875
7 1 0.146303890625 0.9967795781250001 0.1460868140625 0.9595104781250001 0.14576301875 0.9310535421874999 0.14194230624999998 0.8977833046875 0.1420847703125 0.8699660390624999 0.1363277953125 0.8360561296875 0.13840651875 0.8167924187499999 0.147220053125 0.8055019874999999 0.16450391250000002 0.798546015625 0.19184465781249999 0.7964837625000001 0.221264128125 0.804069128125 0.25683559218749996 0.815097525 0.2792353203125 0.8229659453124999 0.2892015484375 0.829684325 0.2940065796875 0.846469765625 0.29897998124999997 0.86349989375 0.3 0.8754257687500001 0.3 0.9038275265625 0.293099978125 0.9390272859375 0.2941879125 0.9756462031249999 0.28940879218750004 0.9937109906250001 0.290509678125 1 0.2901104953125 1 0.146303890625
7 1 0.0933331046875 0.998719221875 0.092361465625 0.9682418375000001 0.074229275 0.9485027125000001 0.07544671875 0.941724934375 0.0786781328125 0.9357371515625001 0.085017921875 0.9323535171875001 0.090153215625 0.932503840625 0.0951978484375 0.9298996921875 0.09640234375 0.9268061921874999 0.10458772812499999 0.923132421875 0.10667293124999999 0.9183995375 0.1166780109375 0.910293528125 0.13885756093749999 0.9100139 0.14284664062500002 0.9119434234374999 0.1440770390625 0.93471665 0.1427106515625 0.9555708593750001 0.1471530390625 1 0.1489393484375 1 0.0933331046875
1 0.3390625 0.4296875 0.362672065625 0.4296875 0.36858432812499997 0.4211680125 0.40769301249999995 0.354510646875 0.4315729421875 0.2894290515625 0.46383028125000003 0.176728884375 0.5046875 0.0383553296875 0.5046875 0.0344686953125 0.49109475312499995 0.02741896875 0.483672659375 0.0374456359375 0.446696215625 0.0976488078125 0.393226903125 0.18944299375 0.3427636671875 0.26231710625 0.3390625 0.26803159375 0.3390625 0.4296875
1 0.3390625 0.26447334375 0.3546875 0.24395041874999998 0.3546875 0.2396056453125 0.35354038125 0.235092103125 0.35158861875 0.20302619531250002 0.3405253453125 0.20508765 0.3390625 0.206492978125 0.3390625 0.26447334375
1 0.5145633046875 0 0.5116391640625 0.012717437500000001 0.47684179374999996 0.137689209375 0.44291826093750003 0.25019510624999997 0.41699938124999997 0.344363746875 0.393024109375 0.4296875 0.44435450625 0.4296875 0.4447306734375 0.42803083906249995 0.46054769531249995 0.3821175546875 0.47532182343749996 0.3151363984375 0.4991259828125 0.23915390625000002 0.5183976078125 0.155940125 0.5436756734375 0.070913125 0.56875 0.0072241703125 0.56875 0.001949109375 0.552033415625 0 0.5145633046875 0
1 0.48631435624999997 0.4296875 0.48572216562500004 0.4259156328125 0.48938656875 0.40958587187499995 0.5022789984375 0.35746663125 0.5348626484375 0.2640750828125 0.5863101328125 0.09328716406250001 0.6078125 0.011338446875 0.6078125 0.006311796875 0.5714495671875 0.0020719749999999998 0.54494846875 0.07257331875 0.530255821875 0.114428446875 0.5219774046875 0.14865294843750002 0.5067022031249999 0.1988186609375 0.5010395875 0.23167245468750003 0.49266788593750005 0.24326410312500002 0.48650419375 0.25930244999999996 0.471089253125 0.335425253125 0.45463141875 0.39048017968750004 0.4443955328125 0.4286657 0.44426773124999996 0.4296875 0.48631435624999997 0.4296875
1 0.5688783171875 0.4296875 0.570449140625 0.42268740625 0.582351221875 0.3846961578125 0.5880313515625 0.3635743234375 0.6023162078125 0.3275366015625 0.607728284375 0.2862750875 0.6276525312500001 0.24167854531250002 0.642985990625 0.190681775 0.6579116609375 0.1455024109375 0.674561778125 0.099686265625 0.685805528125 0.05910470625000001 0.69818523125 0.017105571875 0.60776015 0.0065622484374999995 0.5993790296875 0.0339462875 0.591857940625 0.0573670265625 0.5701277656249999 0.12772638281249998 0.56018315625 0.161756609375 0.5501220375 0.197448953125 0.5398278953125001 0.23646553125 0.5330816453125 0.2608144671875 0.5219951484375 0.28717089375 0.51046011875 0.33190774375 0.4960180109375 0.38217059375 0.48620743125 0.42627065937499997 0.48648979531250003 0.4296875 0.5688783171875 0.4296875
1 0.6133022703125001 0.4296875 0.6168749359375 0.4195100015625 0.6347484234375 0.3562416265625 0.6631433703124999 0.2866593671875 0.697765971875 0.1641807703125 0.7207777734375 0.0755381265625 0.7372958000000001 0.0214537453125 0.7007062328125 0.0171875 0.6977544203124999 0.0171875 0.6920911625 0.0294629421875 0.6826883718750001 0.06774559687500001 0.674759490625 0.09698374843749999 0.6522952171874999 0.15385189375 0.6408766984375001 0.196926628125 0.6202709000000001 0.263227825 0.6030789640625001 0.304791546875 0.5896622328125 0.3643903140625 0.5860385703125 0.3681570578125 0.5796593734375 0.3992515984375 0.5698373625 0.4296875 0.6133022703125001 0.4296875
1 0.73854191875 0.4296875 0.73951159375 0.42384242656250004 0.746887003125 0.39051806093749997 0.7532627015625 0.357077128125 0.7672865859375 0.3295550625 0.781079734375 0.2909464578125 0.7944114015625 0.23016478125 0.79969645625 0.1835262078125 0.8157896796875 0.15524 0.8235635140625 0.1018536640625 0.8334066875000001 0.047703185937499996 0.8334555765625 0.03262756875 0.78730840625 0.027246931250000002 0.7765558703125001 0.0822968 0.7553594421875001 0.1833837359375 0.7278850953125 0.28776036875 0.7141760234375 0.38268236093749997 0.7045284015625001 0.3765303703125 0.6876786609375 0.4296875 0.73854191875 0.4296875
6 0.21373678906250002 0.5055287484375001 0.1771733109375 0.48955220624999995 0.134599425 0.4802872296875 0.1259704796875 0.48372585 0.09623358125 0.485947 0.0756391109375 0.4851889734375 0.047902915625 0.49756993125 0.056749546875 0.5543085359375001 0.055381875000000004 0.5842384625 0.088480921875 0.5901404390625 0.108894328125 0.5967811953125001 0.13731676875 0.6161679421875 0.1421937859375 0.6251815453125 0.14763335 0.644928059375 0.14611433437500002 0.6626330796875 0.1473969953125 0.6684305671875 0.16118630625000002 0.67007425625 0.17279177343750002 0.6767386156249999 0.18569154999999998 0.678125 0.20097593125 0.678125 0.2027076625 0.6779324828125001 0.2310872625 0.6591525203125 0.24827259218750003 0.632216203125 0.2578125 0.5953329203125 0.2578125 0.5866748921875 0.257427465625 0.573450540625 0.24408114687500002 0.5429094734375 0.2240830890625 0.516181228125 0.21373678906250002 0.5055287484375001
0 0 0.5829328453125 0.0008817625000000001 0.5824697000000001 0.0265619640625 0.57754870625 0.031980107812500005 0.57821186875 0.045458425000000004 0.5925967359375 0.052186875 0.59024749375 0.055604315625 0.5807508453125 0.0560217375 0.55136560625 0.047302959374999995 0.4970663015625 0.0401951046875 0.473502153125 0.031904796875 0.4553897046875 0.026256521875 0.450335809375 0.020376040625 0.45018892499999996 0 0.45314530781249995 0 0.5829328453125
4 0.1905575578125 0.5546500828125 0.1943350546875 0.542685721875 0.20340284375 0.52894521875 0.20001512500000002 0.52033423125 0.1904124328125 0.514531934375 0.177059890625 0.511884109375 0.11101314375 0.5123050625000001 0.1017705125 0.5040350499999999 0.0998976609375 0.49631454062499997 0.092065540625 0.49628131406250003 0.088264546875 0.49846007031250006 0.087030953125 0.50293605 0.093548615625 0.524577175 0.0982722125 0.5306636171875 0.106360034375 0.535575440625 0.1051008671875 0.5395635609375 0.1077961171875 0.5443000859375 0.132752053125 0.5629100171875 0.1389905171875 0.5698869359375001 0.1452054859375 0.5670782484375 0.145000925 0.563175371875 0.1375309390625 0.551376684375 0.1425378828125 0.5535318359375 0.1539367140625 0.565591065625 0.1538323578125 0.572937375 0.1466927109375 0.5767786109374999 0.1421460296875 0.5834049328125 0.1441467359375 0.5935647421875 0.1410637828125 0.60010581875 0.1439380234375 0.6082573609375 0.14866162031250002 0.6143438046874999 0.1633756078125 0.6149549453125001 0.162732203125 0.6213539499999999 0.16432378125 0.62370800625 0.17202597656250002 0.6305996796875 0.17947246562500002 0.6326127593749999 0.1991699046875 0.6255934468750001 0.22215693124999997 0.606638184375 0.22942650625 0.595938496875 0.23125 0.5909703890625 0.23125 0.5800017375 0.2270187515625 0.5686751875 0.2223718671875 0.564052321875 0.2138472765625 0.5601446328125 0.1905575578125 0.5546500828125
10 0.3390625 1 0.3390625 0.732316725 0.31526855625 0.7255142828125 0.271844628125 0.72804318125 0.261419540625 0.72522486875 0.254331034375 0.730041825 0.24593429531250002 0.7285734343750001 0.242158871875 0.7312400484375 0.2311905859375 0.7460699296875 0.22142825 0.7652337171875001 0.18704239218750002 0.7721297500000001 0.177230990625 0.7810200703125 0.17183634375 0.79014251875 0.151719409375 0.8358448187499998 0.14143736875 0.8824424046875 0.13673519375 0.8954393171875001 0.135216175 0.9131443359375 0.13775177968750002 0.9428469453125 0.1575490921875 1 0.3390625 1
3 0.349329965625 0.7456402093750001 0.346685496875 0.7570381953125 0.3731336515625 0.7707533984375 0.393270075 0.7977144171875 0.41306101718750005 0.812830990625 0.52854886875 0.8421875 0.536503159375 0.8421875 0.5508145765625001 0.8407709046875 0.5603537703125 0.8361146046875 0.5712044015625001 0.8253891734375 0.5832585078125 0.8048932171875001 0.5859375 0.794183809375 0.5859375 0.76673598125 0.5659256390625 0.746473253125 0.5164079515625 0.732814309375 0.47603285 0.72641696875 0.4440366546875 0.7266144046875 0.4342463625 0.7234375 0.43178060937499996 0.7234375 0.4135030421875 0.7259246546875 0.3915210765625 0.73775190625 0.352954040625 0.742311825 0.349329965625 0.7456402093750001
3 0.8149326875 0.6200520890625001 0.8028217453125001 0.6130843046875001 0.7872594687500001 0.61536713125 0.7749030671875 0.6254991953125 0.7704857781250001 0.6526633828125 0.79090290625 0.6892480140625 0.80604698125 0.6981428125 0.812717840625 0.722724625 0.8172746656250001 0.728125 0.8258524312500001 0.728125 0.8350668812500001 0.7234820953125001 0.8390625 0.71712839375 0.8390625 0.7101709484375001 0.8347293421875002 0.686394746875 0.8346293203125 0.6574504546875 0.822151303125 0.6378979453125 0.8149326875 0.6200520890625001
3 0.753554384375 0.6520297312500001 0.7492530000000001 0.6576524046875 0.7499439625 0.6813412984375 0.7459585234375 0.7233110437500001 0.7514554437500001 0.7331607531250001 0.7651585265625 0.743683015625 0.7715270875 0.7579009375 0.7764764093750001 0.7609375 0.786464665625 0.7609375 0.7901872765625 0.7597659625000001 0.7921875 0.7548644609374999 0.7921875 0.7159817734375 0.7911907078125 0.6921068531250001 0.7745056171875 0.655895225 0.765427809375 0.6508544578125 0.753554384375 0.6520297312500001
3 0.7475171046875 0.727214025 0.7449374171875001 0.7408328453124999 0.751802609375 0.772077159375 0.7507855265625001 0.8137530859375 0.7615850328125 0.8267900046874999 0.764351115625 0.8450765875 0.770403709375 0.8484375 0.7753991859375 0.8484375 0.777838271875 0.8481960703125001 0.785086421875 0.841539303125 0.7814055093750001 0.8174039484375001 0.7848136593749999 0.8066727859375 0.7941369265625 0.79461370625 0.7953125 0.7828916953125 0.7953125 0.7766615265625 0.785045465625 0.7635897546875 0.7737413906249999 0.7587693515625 0.76807173125 0.7429974203125 0.7475171046875 0.727214025
3 0.85992349375 0.7086387859375 0.8406075859375001 0.709808328125 0.8364573484375001 0.720612946875 0.8284023328125001 0.7251223359375001 0.8194540781249999 0.7245232359375 0.8043100031249999 0.7156284375 0.80069958125 0.7449400031250001 0.8020678546875001 0.7663346109375 0.8058862625 0.7696687265625 0.8107706484375001 0.7840335578125 0.8182995015625 0.7870004015625 0.83435840625 0.80174396875 0.8400712515625 0.8189964546875 0.8479621843749999 0.8265625 0.8513851750000001 0.8265625 0.85811890625 0.825376603125 0.8640625 0.8172527078125 0.8640625 0.8137261390624999 0.8627737140625001 0.806355471875 0.858105253125 0.7993934203124999 0.86325098125 0.746172596875 0.85992349375 0.7086387859375
3 0.6313272484375 0.8368973624999999 0.60613940625 0.8408753749999999 0.5849211234375 0.85336945 0.576275165625 0.8631342406249999 0.5556694156249999 0.8711131921875002 0.5404310296875 0.8845001875000001 0.52556765625 0.8852290015625 0.523665278125 0.896553534375 0.5282414375 0.909375 0.531284846875 0.909375 0.5787094171875 0.8955595609374999 0.6314193296875 0.8910845609375 0.640625 0.8880336625 0.640625 0.8864760640625 0.6368162265625 0.871989975 0.6399004875000001 0.8501546421875 0.635866153125 0.8394177453125 0.6313272484375 0.8368973624999999
3 0.426258025 0.8136586375 0.41516987499999997 0.8162410140624999 0.41455734218749996 0.8207561343750001 0.42166799531250004 0.8349006015625001 0.45016173281250005 0.8677161218750001 0.4637273171875 0.8990396203125 0.47201985 0.9026732890625 0.5048013234375001 0.9038829515625 0.5156492 0.90625 0.5274709625 0.90625 0.5279356359375 0.906047528125 0.5242763171875 0.8826524515624999 0.5398601875000001 0.8811099046875001 0.5453125 0.8781141390624999 0.5453125 0.8735137359374999 0.5447956984375001 0.8717123875 0.535588334375 0.8622299515625 0.4983190875 0.8347375546875 0.426258025 0.8136586375
3 0.5964078703125001 0.893957728125 0.5748656953125 0.8953476328125 0.54755955 0.9032474 0.5716302859375 0.9120010234375 0.579245509375 0.9179289765625 0.589721125 0.919861721875 0.59084469375 0.921875 0.59261205 0.921875 0.5986046015625 0.918239990625 0.605636825 0.904180440625 0.6055072703125 0.899738771875 0.5964078703125001 0.893957728125
3 0.9182723828124999 0.6870037546875001 0.88550679375 0.6353082828125001 0.87939734375 0.6299736953125 0.859908696875 0.6252210140625 0.8436475171875 0.62905785 0.827623853125 0.64103774375 0.8333366984375001 0.65829023125 0.8334151265624999 0.6864942453125 0.8409144484375 0.7139637140625 0.8679751312499999 0.723163796875 0.8768722578125001 0.74752524375 0.8980343328124999 0.76875 0.9043553765624999 0.76875 0.9131618984374998 0.7669480375 0.9203125 0.7588721109375001 0.9203125 0.7489162374999999 0.9199566046874998 0.7447454328124999 0.9136528171875 0.7327483453125 0.920296375 0.7053637937499999 0.9182723828124999 0.6870037546875001
3 0.9155019234375 0.7195464796875 0.9114164625000001 0.7325719312500001 0.918527115625 0.7467163984375 0.9174747906250001 0.761668865625 0.9109039531249999 0.766031346875 0.8990089359375 0.7664663421875 0.8889731109374999 0.75409625 0.8857024593750001 0.7440261796875001 0.871559584375 0.743941259375 0.8630784265625 0.7848711765624999 0.8730062875 0.7935398796875 0.885794540625 0.7982133765625 0.8947212015625 0.7980721984375 0.9083811 0.80711390625 0.9209023015625 0.8281469703125 0.927222371875 0.83125 0.93046475 0.83125 0.9395193031249999 0.8285314390625 0.9421875 0.8210703828125 0.9421875 0.814269465625 0.933417790625 0.7979539484375 0.9350905921875 0.7532434546875 0.9247524734375 0.7305094703125 0.9155019234375 0.7195464796875
3 0.5086650984375 0.7079095093750001 0.4853796359375 0.7005629890625 0.4594065203125 0.7031339015625 0.4354869328125 0.699562225 0.414708440625 0.7016189546875 0.40676138906250003 0.7098297359375 0.40699890625 0.71797279375 0.41166736562499995 0.7249348453125 0.4206588046875 0.7270145031249999 0.4317685453125 0.7251724046875 0.4342107390625 0.73235481875 0.4402554140625 0.7354685703125 0.47288573906250003 0.731496290625 0.5281458031249999 0.7379050953125 0.5537654953125 0.74873264375 0.58921793125 0.75625 0.5939939578125 0.75625 0.6109375 0.7514167875 0.6109375 0.7493061546875 0.6024194796875 0.7327804671875 0.5694436749999999 0.7249083000000001 0.547534428125 0.713713484375 0.5086650984375 0.7079095093750001