9 0.11150712812500001 0.168755125 0.0826350671875 0.3839282046875 0.3231658546875 0.3922404984375 0.3264833 0.1764988140625 0.3220071765625 0.1823199203125 0.11150712812500001 0.168755125
9 0.5266955703125 0.37709150625 0.5367775390625 0.2526327546875 0.5226094625 0.17064660781250002 0.399520765625 0.177949796875 0.324368584375 0.17512308125 0.3198793703125 0.3895552953125 0.49388819375 0.3760132484375 0.5206324484375 0.368075540625 0.5266955703125 0.37709150625
9 0.525717625 0.53409536875 0.46902316875 0.6847297515624999 0.6719305578125 0.700215265625 0.69974706875 0.5536872671874999 0.525717625 0.53409536875
9 0.6965807078124999 0.5522376375 0.6757268859375001 0.6992549078125 0.8612013218750001 0.7171967921875 0.8851448812499999 0.5372641406249999 0.6965807078124999 0.5522376375
9 0 0.8122259062499999 0.194298296875 0.8258793296875 0.20382826875 0.7654918875 0.14716575781250002 0.7516931546875 0.1203831953125 0.7424483546875 0 0.7407257625 0 0.8122259062499999
9 0.57453291875 0.2291924140625 0.560961328125 0.2573019578125 0.5391022750000001 0.358455971875 0.7383104234375 0.354047703125 0.747160371875 0.228728953125 0.7328095875 0.214157678125 0.6965636515625 0.2251735 0.6592134109375001 0.2302990765625 0.621311021875 0.23247953125 0.599890625 0.22709921249999998 0.57453291875 0.2291924140625
9 0.5318933015625 0.48582758125 0.6025068250000001 0.47722678281249997 0.72508970625 0.47615299375 0.73124595625 0.42524056562499996 0.73340298125 0.354671628125 0.656225565625 0.355060984375 0.5845077390625 0.357771534375 0.54074325 0.36050883125 0.5212269703125 0.4724839890625 0.5318933015625 0.48582758125
9 0.936145934375 0.34566788125 0.9443147078124999 0.28036526093749997 0.9453829078125 0.21068858750000002 0.9294221078125 0.207629465625 0.8952196484374999 0.217820109375 0.8540507890625 0.22267734843749998 0.7954143234375 0.2214632625 0.743862946875 0.21784072656250003 0.745746440625 0.26641178593750003 0.74460084375 0.302175928125 0.7398017515624999 0.3502774 0.7463501703125 0.3517063359375 0.844514521875 0.346010321875 0.936145934375 0.34566788125
9 0.740219734375 0.35418187031250004 0.7323193 0.41756579687500006 0.7265965109375 0.4791652 0.8786240546874999 0.47434785156250003 0.9323376015625 0.46940335781250003 0.9349126078125 0.4027388890625 0.9331478000000001 0.34642597343750003 0.886235534375 0.34409820468749996 0.8227071015625 0.35029055 0.77661531875 0.3489892109375 0.740219734375 0.35418187031250004
9 0.0992951671875 0.5736191749999999 0.1380335234375 0.57924765625 0.20186124843750003 0.5847016328125 0.241822596875 0.58847850625 0.2754626203125 0.4513389265625 0.24301982500000002 0.4558405796875 0.2215994265625 0.45046026093749997 0.1870976734375 0.449004584375 0.1585921890625 0.4460327171875 0.1275065515625 0.4477234125 0.0877980609375 0.43524533906249996 0.079938921875 0.45697487968750006 0.0816108546875 0.472592753125 0.07157406875 0.49610681874999996 0.0588229625 0.525242790625 0.046236984375 0.5669844312500001 0.07161016718749999 0.5716737390625 0.0992951671875 0.5736191749999999
9 0.248907684375 0.58607005625 0.20172708125 0.5856609781250001 0.12575717343749998 0.57741621875 0.0819772078125 0.5733710078125 0.0458344796875 0.5698624703124999 0.0348739953125 0.6068744625 0.023629696875 0.6390226421875 0.018753212499999998 0.6532115828125 0.13726461406249998 0.660570653125 0.1916799578125 0.6643944421875 0.2301344984375 0.6651591109375 0.24176582343750003 0.6233503859375 0.248907684375 0.58607005625
9 0.44986521249999994 0.45196898125 0.42042054999999995 0.4557125359375 0.3391561765625 0.45775224999999997 0.2788787359375 0.4544853015625 0.268454921875 0.4876599125 0.2613130609375 0.5249402437499999 0.24508906718749998 0.5858017203125 0.27768150625 0.58712323125 0.32077515624999997 0.589182665625 0.3985047265625 0.59173843125 0.430813353125 0.588196128125 0.44986521249999994 0.45196898125
9 0.3656439484375 0.5923356156249999 0.2508169953125 0.586204225 0.24421180312500002 0.6196471703124999 0.23299846406250002 0.6653603625 0.25264371875 0.669647165625 0.27200515468750003 0.6690701531250001 0.3111460171875 0.6718205984375001 0.36815698750000003 0.6777643328125 0.413980434375 0.6809843640625 0.422463978125 0.6341105734375 0.4298586984375 0.58812904375 0.3656439484375 0.5923356156249999