9 0.1973170078125 0 0.1950602984375 0.010270184375 0.18663817656249998 0.0529551828125 0.1811949953125 0.07243706718750001 0.1698621203125 0.12339014687500001 0.21044549375 0.13006303125000002 0.262088996875 0.1455229734375 0.30453503125000003 0.15896601562499998 0.33681483437500004 0.1671875 0.3405435234375 0.1671875 0.342344028125 0.14403691093749998 0.3528128390625 0.1250209203125 0.37089763593749997 0.11117396406249999 0.371875 0.10368903125 0.371875 0.0908484203125 0.3052066375 0.04046765 0.316529246875 0.02036655 0.2557800484375 0 0.1973170078125 0
9 0.4 0 0.33628650000000004 0 0.328807678125 0.007847640625000001 0.3369757484375 0.0637132265625 0.3721159421875 0.0898679953125 0.4 0.11662529531250002 0.4 0
0 0.4 0.535941903125 0.289425471875 0.5582227296875 0.2830824984375 0.5650253140625 0.27634793750000003 0.5793028078125 0.2742312640625 0.6101846015625 0.283654015625 0.6588703499999999 0.292809353125 0.6840912125 0.2949419859375 0.6859375 0.296091821875 0.6859375 0.39172097968749997 0.66251514375 0.4 0.6591093828125001 0.4 0.535941903125
0 0.4 0.473067984375 0.395399759375 0.4736956140625 0.37741717812500003 0.483652990625 0.3402970078125 0.49704599531250004 0.2738961375 0.5265556375 0.2886592578125 0.53996164375 0.29941952656250004 0.55625 0.3200866078125 0.55625 0.34607625 0.5486202062500001 0.4 0.5382257234375001 0.4 0.473067984375
0 0.160888165625 0.42314090625 0.15712224531250002 0.4355084640625 0.16430695312500002 0.4412075625 0.182896321875 0.4482368109375 0.2232225578125 0.468875065625 0.253636390625 0.478743946875 0.27856788125 0.490625 0.2817091453125 0.490625 0.2860949328125 0.487674175 0.303470734375 0.4607301671875 0.3228411515625 0.44332687656249997 0.3265625 0.43757033125 0.3265625 0.4365733484375 0.3263259078125 0.43394565625 0.32184278437499997 0.4338151578125 0.3237057734375 0.42788034062499997 0.160888165625 0.42314090625
0 0.13643388750000002 0.664239909375 0.1403666765625 0.6653525625000001 0.15087950625 0.6646604046875 0.1575639734375 0.660862284375 0.1679921328125 0.633216953125 0.1808086125 0.617120146875 0.2097936796875 0.5685542328125 0.23068034062499998 0.5317306765625001 0.234819853125 0.5193739921875 0.2333233609375 0.509847775 0.227552590625 0.4962044375 0.2182427375 0.48345625937500003 0.199048703125 0.46892310000000004 0.16624866875 0.4569884078125 0.14826396718749998 0.4574630703125 0.1400851265625 0.461217690625 0.13531484062500002 0.46656879218749997 0.0592859234375 0.5846357 0.0626486234375 0.6156769921875 0.07437078593749999 0.6299926546875 0.094639384375 0.6430598296875 0.1121781734375 0.641574015625 0.12250826562499999 0.6443701484375 0.1321052828125 0.6516367296875 0.13643388750000002 0.664239909375
0 0 0.5776488343749999 0.0065192796875 0.6205312656249999 0.015767762499999997 0.7106361781249999 0.017105503124999998 0.71366964375 0.02208675 0.7138146421875 0.0668897546875 0.7061352359375 0.06943258906250001 0.7052110812500001 0.070637684375 0.7012534625 0.06430175 0.6222132484375 0.056397362500000006 0.5635899531249999 0.0465809109375 0.5128963984375 0.0430919203125 0.5033121781250001 0.0388176421875 0.49919506093750005 0.019810584375000002 0.50013905 0.008540690625 0.5152827 0 0.520777528125 0 0.5776488343749999
7 0.26310361718749997 0.6175193109375 0.23940035625 0.60335398125 0.2364856890625 0.5828065625 0.23284006562499998 0.576212309375 0.20643945156250001 0.575443815625 0.201486428125 0.584283209375 0.198710759375 0.5991750296875 0.19472788125 0.6085417515625 0.1770345765625 0.622500246875 0.1651621359375 0.6396227078125 0.159136665625 0.659410803125 0.1597998953125 0.6943662156249999 0.2181849125 0.6940693875 0.225002025 0.6972623484375 0.22772971718749999 0.7023326203125 0.2331829859375 0.702990446875 0.2863214609375 0.6885664546875001 0.28051823124999997 0.646973290625 0.277081453125 0.6363924187500001 0.26310361718749997 0.6175193109375
0 0.7681776078125 0.5297132484375 0.7569913921875 0.5184880765625 0.7462470156250001 0.5132390250000001 0.7284544921875 0.5104898125 0.7112058890625 0.5112064765625 0.69581759375 0.514294896875 0.6787533421875 0.5225076796875 0.6644528859375 0.5325278515624999 0.654388021875 0.54425154375 0.6493357734374999 0.562630003125 0.6514093734374999 0.5790037546875 0.658238103125 0.6035522734375001 0.6664075984375 0.6240013 0.6876662546875 0.6930868609375 0.6950145265625001 0.7241066249999999 0.6966950453124999 0.7284935046875 0.704806653125 0.7359307906250001 0.71060768125 0.7375 0.7138666296875 0.7375 0.7185631875 0.7224447453125 0.738280025 0.6995271093750001 0.7478786718749999 0.6848326671875 0.7569912890625 0.6796840890625 0.7716558796874999 0.67514491875 0.7989739109375 0.6722158078125 0.815965025 0.6730191421875 0.828125 0.6779097859375 0.828125 0.6693875968749999 0.8064075640624999 0.6121187609375001 0.785832984375 0.5695171859375 0.77438015 0.5407895234375 0.7681776078125 0.5297132484375
0 0.8928116812500001 0.7619277312499999 0.8806153265625 0.74426593125 0.8321209046875001 0.6881158515625 0.827365775 0.679941084375 0.8132115984375 0.6719290171875001 0.8075819203125001 0.6708244890625 0.7811673796875 0.6731892296875 0.7628888234375 0.679985884375 0.7460576812499999 0.68968404375 0.7356043 0.6989321109375 0.723450584375 0.7163099109375001 0.7156391015625 0.7423922296875001 0.716391753125 0.750348853125 0.719932578125 0.7571074906249999 0.7461855953125001 0.7948028484374999 0.774794078125 0.8443465843750001 0.78825349375 0.8574137656249998 0.8117472765624999 0.9028129781249999 0.8171727875 0.908938 0.8236038749999999 0.9119884078125 0.8279357656249999 0.9125 0.8390578281250001 0.9125 0.8463267484374999 0.9113860203125 0.8712405546875001 0.902619278125 0.901857175 0.8859409421875 0.9237984546875001 0.8708760625 0.9384828593750001 0.853820271875 0.946875 0.8363802937500001 0.946875 0.8248926953125 0.9439921953125001 0.8193900734374999 0.9298867765625001 0.8053672609374999 0.9222124421875 0.7943948546875 0.8928116812500001 0.7619277312499999
0 0.78998658125 0.8604240593749999 0.744868453125 0.791019878125 0.7409680562500001 0.7882914859375 0.6453503765624999 0.7890321312499999 0.6449069828124999 0.8336176 0.6487479359374999 0.8738958406249999 0.6547843859375 0.9155209687500001 0.6592332703125 0.931226478125 0.66119055625 0.9328125 0.7134947171875 0.9328125 0.8104194484375 0.9305691125 0.8210815593749998 0.9258117953125 0.821875 0.9240206828125 0.821875 0.9100326093749999 0.8130141468750001 0.9028525187499999 0.808127990625 0.890682128125 0.79722364375 0.8749315859374999 0.78998658125 0.8604240593749999
0 0.56470135 0.8507558171875 0.5653961093750001 0.8457006984375 0.555195653125 0.8439175234375 0.5486868640625 0.8403719953125 0.5344595484375001 0.8413760468749999 0.49852862499999995 0.8684415984375 0.4930832984375 0.874833190625 0.48568014843749996 0.8908745203125001 0.48341607656249996 0.9080549953125001 0.485878190625 0.9269043703125 0.49549509843750006 0.950254903125 0.506812340625 0.9654756984375 0.52272474375 0.9783697703125 0.5379378203125 0.9868077171875 0.5540010625 0.9911807937500001 0.5783511328125 0.991464790625 0.5926028296875 0.9874553640624999 0.6034447234375 0.9806829234375 0.613096696875 0.9694889796874999 0.61944095 0.953021771875 0.6355925812500001 0.926350871875 0.6459880734375 0.9040910656250001 0.640986140625 0.8658971906249999 0.6438428921874999 0.8461718421875 0.6431344343750001 0.8226932296874999 0.6294952328125 0.8116411671874999 0.6239478234375 0.8205430109375002 0.6221743500000001 0.8376888640625001 0.5998445546875 0.85027811875 0.570821621875 0.8518257218749999 0.56470135 0.8507558171875
0 0.4538493265625 0.7449407078125001 0.4516142 0.7686270562499999 0.4545425328125 0.79044718125 0.4605942328125 0.8100444484375 0.4646256578125 0.8167684640624999 0.4733055640625 0.824666253125 0.48918902031249994 0.8310544531249999 0.59150440625 0.8508666999999999 0.60025745 0.8497483718750001 0.608466575 0.8451641656250001 0.6216791875000001 0.8282122421875 0.62853841875 0.8087050390625 0.6321097453125001 0.7714079593750001 0.6301915499999999 0.756024459375 0.624941259375 0.7383730703125 0.6175244140625 0.725880665625 0.608922209375 0.718478003125 0.597998046875 0.7152440765625 0.5675277015625 0.7138901734375 0.4991991109375 0.7051958375 0.47996374218749993 0.709056365625 0.4679608671875 0.7179131734374999 0.4625932421875 0.7247998921875001 0.4538493265625 0.7449407078125001
0 0.66635869375 0.6293211015625 0.6417283109375 0.583000884375 0.6286726609375 0.5503814671875 0.6216443296875 0.5403646890625 0.611337225 0.53158051875 0.5943171671874999 0.5242713109375 0.5699670984375 0.5239873140625 0.5546473734374999 0.5085483734375 0.5455835171875 0.5076862046875 0.53510119375 0.5104284 0.52942275625 0.5153346171875001 0.5253471375000001 0.5241325906250001 0.522849959375 0.5398276937500001 0.49443339999999997 0.56736415625 0.48176470625 0.5877819546875 0.4791365015625 0.5994814328125 0.4811567765625 0.612354684375 0.485008415625 0.6210938234375 0.4995267296875 0.6345868859375 0.5121115984375 0.6547243109374999 0.5302240625 0.6784765109374999 0.543115178125 0.6910831921874999 0.5570941375 0.7106216234375 0.563112328125 0.7142017765625 0.6014855499999999 0.7185022171875 0.6124097140625 0.7217361437500001 0.6176798203125 0.7268709171875 0.624528365625 0.73890281875 0.6316679078125 0.7654318359375 0.6352331125 0.7691851015625 0.650441625 0.7681118031249999 0.6630661218749999 0.7632159953125 0.6756372984375 0.7548196875000001 0.689316128125 0.7408385171875 0.6946304296875001 0.7304513 0.69521854375 0.7183951859375 0.6773453093749999 0.655078015625 0.66635869375 0.6293211015625
2 0.4 0.409375 0.4 0.5689085281249999 0.4061259171875 0.573596209375 0.41175559375 0.5747007375 0.42778989375 0.5725679453125 0.43225859062499994 0.5757568390625 0.437766371875 0.59188823125 0.48722217187499994 0.6604856828125 0.52284985625 0.7010237078125 0.5330259328125 0.70581225625 0.5406957015625 0.7072734203125 0.5484675546875 0.706224334375 0.5501191296875 0.70410534375 0.5485406921875 0.697208215625 0.5094209390625 0.64390080625 0.48818510625 0.6223714625 0.484411171875 0.6141274515624999 0.4828037890625 0.6007244500000001 0.4847859921875 0.58806934375 0.495803109375 0.5697705375 0.514538753125 0.546922146875 0.523986559375 0.5407486984375 0.524909865625 0.5276677109375 0.530379571875 0.5182707453125 0.5422803640625 0.511924184375 0.5540546953125001 0.51109324375 0.56472136875 0.5158471703125 0.5775591609374999 0.5249533515625 0.5959199843749999 0.5281630671875 0.6069995546875 0.53238724375 0.619992753125 0.542483678125 0.628157684375 0.5534214625 0.6328640546875001 0.5676069765625 0.6475956625 0.5951020312499999 0.654492965625 0.6011231859375 0.6565574359374999 0.598474446875 0.6511959328125 0.56431081875 0.6503031265624999 0.5333360875000001 0.6441600296875001 0.4847099640625 0.6321785249999999 0.430488565625 0.62373170625 0.409375 0.4 0.409375
0 1 0.742341365625 0.9289247343749999 0.7229275921875 0.9226520953125 0.7223690515625 0.9138234390625 0.7229921078125 0.8964769406249999 0.7262187234375 0.8892508703124999 0.7307335531250001 0.87546888125 0.7377134812499999 0.937308775 0.80944183125 0.9421650578125 0.8151064171875 0.9499157 0.8265740453125 0.9470311671874999 0.839793440625 0.9402227890624999 0.8532897515624999 0.92933515625 0.8660727234374999 0.9181367140625 0.8768751984375001 0.9418450265625001 0.8952263968749999 0.9528978921875 0.9024561125 0.9679814828125 0.91640989375 0.9837837484375 0.9223032124999999 1 0.9244744828125 1 0.742341365625
0 1 0.5638523828124999 0.9769912156250001 0.47924325 0.9785460390625002 0.47813230312500005 0.958916978125 0.46049443906250004 0.94259996875 0.45764109687500004 0.91756118125 0.46241179218750006 0.8881323312500001 0.46448865 0.8729031609375 0.46856705937500004 0.8422894171875001 0.47573362656249996 0.8237580250000001 0.484049946875 0.8019244078125001 0.4966041859375 0.7886086359375 0.5065548671875 0.7842283984374999 0.52288346875 0.8102487546875 0.6191664640625 0.8169699078124999 0.636714053125 0.835064565625 0.6824942921874999 0.8510320640625 0.7084003015625 0.8665818734374999 0.72532483125 0.8948743546875001 0.72232695 0.9171256609375 0.7187541921875 0.9499636171875 0.719440396875 0.9786154374999999 0.7124122890625 1 0.70835211875 1 0.5638523828124999