5 0.559375 0.3809911140625 0.5816937656250001 0.39488641874999997 0.59376293125 0.39975519375 0.6132933078125 0.4040193109375 0.6324942499999999 0.4038051625 0.64964509375 0.3974310375 0.6769810765625 0.3818925328125 0.6952767546875 0.3643070015625 0.7057695421875 0.3462994640625 0.70887190625 0.3284116015625 0.7077665328125 0.309043578125 0.7017333062500001 0.2964968765625 0.6589194671875 0.23622610625 0.6276302859375 0.1980254328125 0.5790514015625 0.1469442359375 0.559375 0.12758645156249998 0.559375 0.3809911140625
0 0.559375 0.7430064359374999 0.43345417499999994 0.7470757171875 0.42643055937499996 0.7533579875 0.42132753437500003 0.764520375 0.4177550296875 0.7926415453125 0.4254435765625 0.82022070625 0.43942392343750003 0.8245775265624999 0.49469274687500003 0.8242607453125 0.559375 0.8154737000000001 0.559375 0.7430064359374999
0 0.559375 0.8145610359375001 0.529268428125 0.8145947453125 0.4819135421875 0.823961334375 0.47004939375 0.8712287218749999 0.4820484515625 0.895685459375 0.4972299390625 0.9040996937500001 0.50521694375 0.904286825 0.5278975578125 0.9015948078125 0.542914359375 0.9035583515625 0.54810281875 0.8996506484375001 0.559375 0.8802796828125 0.559375 0.8145610359375001
0 0.1495862 0.7275311484375 0.1361667984375 0.7256050296875001 0.12115618125000001 0.731700165625 0.10479210312500001 0.7434045640625 0.09457987031250001 0.757670659375 0.090757240625 0.7720864609375 0.09204381874999999 0.7833985546875 0.15950730468750002 0.8542826 0.170134346875 0.8601725625000001 0.187388746875 0.8638002406249999 0.20519172343749997 0.8537412609375 0.22067166718750003 0.8347634656249999 0.2187387078125 0.8137659859375 0.2091357515625 0.789365384375 0.1896252015625 0.7598975343750001 0.1495862 0.7275311484375
7 0.3086264703125 0.61875 0.30303331718750004 0.6489292921875001 0.30241167343750003 0.6714786265625 0.31792872031249997 0.7008529125 0.3149778578125 0.7064247484375 0.31499022499999996 0.7225421093750001 0.320745815625 0.729123790625 0.3341652171875 0.73104990625 0.3450238296875 0.7264692 0.35379098125 0.7024990046874999 0.368557659375 0.6907571781249999 0.37884914375 0.6756870859374999 0.39169242187500003 0.61875 0.3086264703125 0.61875
7 0.559375 0.6670612703125001 0.55671536875 0.674213446875 0.55816045 0.683917546875 0.5437169609375 0.7005020656250001 0.5376629171875 0.7213124125 0.5373582781249999 0.7406457625 0.559375 0.7434052578125 0.559375 0.6670612703125001
7 0.3921779265625 0.61875 0.3887258171875 0.6404609375 0.41117486249999996 0.6482395921874999 0.4334592171875 0.649567559375 0.45415235625 0.6589167812500001 0.4733211640625 0.659365896875 0.4938434328125 0.65420575 0.5064517656249999 0.63999579375 0.5104732296875001 0.61875 0.3921779265625 0.61875
8 0.559375 0.61875 0.50956299375 0.61875 0.5035801531249999 0.6447636359375 0.5059031875 0.653682453125 0.531236209375 0.6728106265625 0.5455335640625 0.6739514609375 0.559375 0.6657008624999999 0.559375 0.61875
7 0.1035657171875 0.61875 0.1024617421875 0.620860228125 0.077513753125 0.6871615484375 0.07091113125000001 0.7216585546875 0.07283790625 0.7345973531250001 0.0789166875 0.7460217265625 0.07190543906249999 0.76842135625 0.074386975 0.7757321796875 0.08820881875 0.78169699375 0.099207384375 0.7513322515625 0.11684567187499999 0.7348225875 0.12874074062500002 0.7278486015625 0.1367277453125 0.7280357343749999 0.13808120625 0.7224264703125 0.1489398203125 0.7178457609375 0.154445284375 0.7107220703125 0.1675960109375 0.674766778125 0.166632625 0.6682973765625 0.1601575859375 0.6608929875 0.1614256125 0.648029040625 0.17339993125 0.6402510593749999 0.19424323906250002 0.61875 0.1035657171875 0.61875
7 0.4236875875 1 0.44514469375 0.9939408046875 0.5375983171875001 0.9493674515624999 0.5477312953125 0.9359053546875 0.5488346359375 0.91659071875 0.5417194000000001 0.9075596234375001 0.5473833703125 0.8988279390624999 0.520465315625 0.8957797 0.50976520625 0.8987524140625001 0.4786951453125 0.8972186015625001 0.44771670625000004 0.9109981515625 0.424158140625 0.9144754531249999 0.414738425 0.9207015796875 0.3891985671875 0.944278796875 0.3813824359375 0.9586010328124999 0.3726821703125 0.9656498703124999 0.3651099765625 0.9856187953125 0.37749910625 0.9979968703125 0.40193534062499997 1 0.4236875875 1
7 0.35571385625 0.918512803125 0.3557200375 0.926571484375 0.36251826875000004 0.9388185671875 0.3751389703125 0.9407259734375 0.38966789375 0.9313961359375 0.39245406875 0.9193736125 0.3862960359375 0.9087532359375 0.379967134375 0.8836234921875 0.37474156875000003 0.8391791156250001 0.34666451875000004 0.7829173875000001 0.32355672812499997 0.7493359843749999 0.3165938109375 0.730638215625 0.3112406640625 0.7280952328125 0.29421165 0.7059382046875 0.28318835 0.7040682265625 0.2664280125 0.719792609375 0.2397600796875 0.730449740625 0.24193697812499998 0.757093909375 0.2622462296875 0.786580475 0.2730503265625 0.815038484375 0.284963946875 0.8322405406250001 0.3068037140625 0.878685890625 0.3275030375 0.8960937921875001 0.3450013765625 0.9053681578124999 0.35571385625 0.918512803125
7 0.34814188437500004 1 0.34930684218749997 0.9997538984375 0.3604032109375 0.9927612 0.37675492187500004 0.9649394390625 0.43564458437500003 0.8954040890625 0.44194256562499995 0.8802404312500001 0.4409791765625 0.8737710312499999 0.42299296093749994 0.853203284375 0.410689265625 0.8480798921874999 0.3955139609375 0.8477243421875 0.378192678125 0.8610180203125001 0.376930834375 0.881940646875 0.3865276078125 0.8982825671875 0.387015484375 0.909575946875 0.39173461875000004 0.918550903125 0.3897471453125 0.9305921406250001 0.38527813437499997 0.9353225546875 0.37114546718749997 0.94063240625 0.36331696875 0.93883728125 0.3557992890625 0.9257674874999999 0.35571385625 0.918512803125 0.3458855125 0.91264155625 0.308060515625 0.9552714218749999 0.3022137828125 1 0.34814188437500004 1
7 0.2588074890625 0.78085893125 0.2237922578125 0.7381341546875 0.21291509375 0.718538821875 0.203330690625 0.7183142640625 0.1755532359375 0.7402273484374999 0.17571792343749998 0.7466780359375 0.19466134375 0.765656503125 0.208416303125 0.788542675 0.225549303125 0.842130428125 0.285995359375 0.9273554234375 0.29550669687500003 0.936442659375 0.3026157484375 0.937415075 0.3193030171875 0.93055336875 0.33830095312499997 0.9164931187500001 0.33956897656249996 0.903629171875 0.3068037140625 0.878685890625 0.2588074890625 0.78085893125
7 0.3006377734375 1 0.3013848265625 0.9986311046875 0.3031283609375 0.980943175 0.30112851875 0.9768670531250001 0.2971350171875 0.9767734859375 0.2981529203125 0.95020416875 0.27999583125 0.9151270546875001 0.23442044375 0.8495909578124999 0.2205131640625 0.836371459375 0.19832661093749998 0.8584155359375 0.173493834375 0.8666981015624999 0.1687078171875 0.874644503125 0.1677567984375 0.8842924640625001 0.1706407765625 0.8956419828125 0.1829568390625 0.9168827359374999 0.220929115625 0.9620943578125001 0.236202225 0.9858219515625001 0.26632126562499997 0.9970037250000001 0.268436634375 1 0.3006377734375 1
7 0.166140846875 0.860078996875 0.13344864843749998 0.8262730359375 0.1316865609375 0.8197849234374999 0.12098026875000001 0.8146989578125 0.104670703125 0.7933646390625 0.0928425171875 0.7834172671874999 0.0741492203125 0.77814416875 0.0682536796875 0.797346525 0.0707414 0.8127160265625 0.088264475 0.8542251171874999 0.11201865 0.8974919046875 0.11585364843749998 0.8991934640625001 0.1523313703125 0.8702315421875 0.156324871875 0.8703251078124999 0.162720659375 0.87853349375 0.16702498125 0.8673523921875 0.166140846875 0.860078996875
7 0.1945491359375 0.61875 0.1646996640625 0.647299896875 0.165346046875 0.6569852843749999 0.19181332812500002 0.697092225 0.2077204484375 0.714387846875 0.21546969843750002 0.71698696875 0.22744401875000003 0.7092089875 0.236699046875 0.6965321734375001 0.273493775 0.6643542640625 0.309160428125 0.6192562671874999 0.3093087953125 0.61875 0.1945491359375 0.61875
7 0.37939772031249996 0.6620004296875 0.3779711921875 0.6764723703125 0.36512510468750004 0.693094315625 0.352114328125 0.7032655734375 0.3514010640625 0.71050154375 0.3585101140625 0.711473959375 0.42975294374999995 0.71153144375 0.47591287343750005 0.706166125 0.48325349375000004 0.6966678703125 0.48570411093750004 0.6636852906249999 0.46238329843750003 0.664750603125 0.4261124109375 0.6510071328125 0.3878478671875 0.6412462203125 0.37939772031249996 0.6620004296875
7 0.38080798125 0.8344861281250001 0.39342868124999997 0.8363935328125001 0.4038848546875 0.827774128125 0.4174442046875 0.8039162125000001 0.4160598234375 0.769232075 0.350858671875 0.7322468828125 0.320745815625 0.729123790625 0.318593653125 0.734714340625 0.32347747656250003 0.7501399828124999 0.345225621875 0.7812719671874999 0.36522405 0.8220331984375001 0.38080798125 0.8344861281250001
0 0.486234378125 0.6747110484375 0.480930325 0.7014485609375 0.487220821875 0.745917890625 0.534340015625 0.741649515625 0.5258949125 0.6648955640625 0.486234378125 0.6747110484375
4 1 0.61875 0.98721680625 0.61875 0.9849657640625 0.6221060703125 0.9751629953125001 0.6521135734375 0.9533944953125 0.659414409375 0.9307691531250001 0.6830098703124999 0.911235396875 0.6790949265624999 0.8833624578125001 0.7086368656250001 0.8642640734375 0.727724853125 0.8449873703125 0.7189215203125 0.8288231093749999 0.7760585171875001 0.8611863937500001 0.8175357484375001 0.8447581265625 0.8484108859375 0.88925155625 0.8781856140625 0.9161032375 0.89934746875 0.9445829203125001 0.889549534375 0.9327885578125 0.8635839437499999 0.9659160453125001 0.8592457671875 0.95652779375 0.8188054703125001 0.982601365625 0.8234822421875 0.9973946781249999 0.792416646875 0.9800099796874999 0.7789153843750001 0.9745840625 0.7569705453125 0.9731135250000001 0.72237091875 0.9916121171875 0.71468916875 1 0.7027741578125 1 0.61875