9 0 0.33199257968749996 0.013405692187500002 0.344430696875 0.031484370312499996 0.3676799296875 0.044194878124999996 0.378604571875 0.056356975 0.3935912640625 0.0684101421875 0.40309849062499997 0.07673806250000001 0.4140625 0.08577956406250001 0.4140625 0.0880793140625 0.41366893437499996 0.09701106875 0.4085785875 0.1033682046875 0.3983112125 0.11602613125000001 0.390766428125 0.122547465625 0.38197695625 0.1358079953125 0.3753569484375 0.1396441703125 0.369393578125 0.1474801796875 0.3634389390625 0.15202896562499998 0.3548914203125 0.163207478125 0.3475280953125 0.16885200312499998 0.33984486875000003 0.1814551953125 0.33180744687499997 0.1857297734375 0.32529095468749997 0.1978945609375 0.31780665625000004 0.20266227812499998 0.3112296734375 0.21378605624999997 0.3033737171875 0.21932111562499998 0.2947052203125 0.232472178125 0.2870999453125 0.23723989687499997 0.2805229640625 0.2528019140625 0.272122615625 0.26074793125 0.26265904375 0.2712138328125 0.25787986875 0.2805297953125 0.2472495671875 0.289571015625 0.243144490625 0.2965860296875 0.229800334375 0.296875 0.2260836265625 0.296875 0.2180612078125 0.2921504765625 0.20787373125 0.2688125578125 0.17777937187499998 0.24317314843750001 0.149465353125 0.22180777968749998 0.11912904375 0.1749113953125 0.0704523796875 0.1640087015625 0.062302082812500006 0.15480381875 0.060435059375 0.13589929843749998 0.0702440921875 0.12965216875000002 0.077002534375 0.073814346875 0.114311790625 0.065758865625 0.1227900875 0.0550187578125 0.1296002921875 0.048059015625 0.13894288593749998 0.0358942296875 0.146427184375 0.01572815625 0.16737661718750002 0.00126188125 0.1766412578125 0 0.17773058125000002 0 0.33199257968749996
9 0 0.56875 0.2192107765625 0.56875 0.22644645625 0.5550270937499999 0.23565456718750002 0.529928928125 0.24332691562500003 0.5180021859374999 0.24530054375 0.5087718390625 0.25713854375 0.4848491359375 0.2586737671875 0.4761719109375 0.28114401875 0.4309711421875 0.290625 0.40512922656250006 0.290625 0.3970618328125 0.2842171546875 0.3911456984375 0.238194353125 0.3683279796875 0.21754051875 0.3443959171875 0.2070773046875 0.3267040984375 0.18696918906249999 0.3211809765625 0.18033892499999998 0.3244909796875 0.15567987656249999 0.34549216875 0.11901970312500001 0.379949759375 0.10427922187500001 0.3912454296875 0.0840584140625 0.411702225 0.07737395312499999 0.41002539374999997 0.060828346874999994 0.39607572968750004 0.0583079234375 0.39588553437499996 0.055622764062499996 0.3987116359375 0.031673634374999995 0.43959966875 0.0283842546875 0.45498358281250006 0.0115070234375 0.4650432984375 0.018409340625 0.47767906406250005 0.0135868890625 0.4837634109375 0.0020247078125 0.4921724890625 0 0.4949013953125 0 0.56875
7 0.6273438453125 0 0.6308270234375 0.059747878125 0.6207510109375 0.09864369375000001 0.626970146875 0.107202340625 0.632405825 0.160849740625 0.6391974515625 0.18008914843749999 0.6637154515625 0.19569329062500002 0.6714351437499999 0.196424053125 0.6913762015625 0.1744019390625 0.6945912562500001 0.1507965046875 0.6850817890625 0.1047333953125 0.68386450625 0.070081815625 0.6714623859375 0.059609553125000006 0.6568854453124999 0 0.6273438453125 0
7 0.7507531609375 0.40450897656249996 0.76025965625 0.40275224062500004 0.76408335 0.3964725953125 0.7749126125 0.40148268125 0.7846330484375 0.3917762703125 0.7957426140624999 0.306487053125 0.787128034375 0.2830901171875 0.771580190625 0.2616935046875 0.764110590625 0.2596580953125 0.7553905265624999 0.26414591718749997 0.742277246875 0.3120524671875 0.7362779921875 0.3911838328125 0.7507531609375 0.40450897656249996
7 0.7938835078124999 0.295684496875 0.7968152890625 0.314558521875 0.8426362359375 0.3693722421875 0.863222084375 0.371320946875 0.8693327671875 0.3599445078125 0.8806260609375001 0.3557002734375 0.8826268031250001 0.34526309843749997 0.8657200406250001 0.3104546359375 0.8523175484374999 0.30520096093750004 0.8442393062499999 0.285839759375 0.8172203796874999 0.2832820859375 0.7900929953125 0.2607893265625 0.774403515625 0.260632446875 0.7723666203125 0.26442459375 0.7938835078124999 0.295684496875
7 0.7770397890625 0 0.7753890328124999 0.01631464375 0.791400909375 0.028456934375 0.8615922781249999 0.024474842187500002 0.8906119468749999 0.0165953421875 0.8963940593749999 0 0.7770397890625 0
7 0.7180306390625 0.062689490625 0.7163161421875 0.0784670453125 0.7369381421875 0.087060778125 0.7979092624999999 0.090175803125 0.8130262531250001 0.079651921875 0.8459419203125 0.07878283281250001 0.8530529734375 0.06218780625 0.849657159375 0.052568101562500004 0.8298215875 0.04670545625 0.8042670656249999 0.029674875 0.725533421875 0.0235500859375 0.7227824 0.0379012015625 0.710738828125 0.046059378125 0.709238271875 0.0538872578125 0.7180306390625 0.062689490625
7 1 0.052059079687499996 0.995972790625 0.0478221828125 0.9418987812499999 0.03606180625 0.8922932640625 0.041992601562499995 0.8655244281249999 0.038130281249999995 0.8514439625 0.05008060156250001 0.8556623562500001 0.069076421875 0.9022667625 0.0788013875 0.925748240625 0.09297908906249999 0.9664197531250001 0.0994857890625 1 0.10266457343749999 1 0.052059079687499996
7 0.9494104765625 0.14038193125 0.9285715640625 0.0919180296875 0.9025168546875 0.077496740625 0.8508021390625 0.07392962812500001 0.8478733312500001 0.10287544374999999 0.8517693281250001 0.1098858546875 0.8971955734374999 0.1394241109375 0.9164948078125 0.1412510203125 0.9353300078125001 0.15233225156250002 0.9479099203124999 0.14820981093750002 0.9494104765625 0.14038193125
7 0.9008082984375001 0.1889139828125 0.9144247328125001 0.1862179828125 0.9217858781249999 0.168318309375 0.9044873859375 0.1560542234375 0.8827204078124999 0.1260989671875 0.8335066171874999 0.10948538593749998 0.8101697484375 0.121887796875 0.8044176140625 0.151894671875 0.8139964125000001 0.16342799218749998 0.8459478624999999 0.17442251875 0.85241709375 0.181676515625 0.8850826671875 0.182112071875 0.9008082984375001 0.1889139828125
7 0.6895621609375 0.313703940625 0.7242646296874999 0.31034735156250004 0.7362358984374999 0.28889911874999996 0.7328039343749999 0.2726343875 0.7224748562500001 0.2650150078125 0.6707239890625 0.254802865625 0.6544620203125 0.243965221875 0.6161136453125 0.23900675468750002 0.6027834546874999 0.2470431359375 0.5979593890625 0.25854136875 0.6224773890625 0.27414551249999997 0.6349156640625 0.2912628015625 0.6895621609375 0.313703940625
7 0.754025665625 0.15509438125 0.7434162843750001 0.23777430625 0.746348065625 0.25664833125 0.754103909375 0.2640241234375 0.7638604984375 0.260962740625 0.779836221875 0.266460003125 0.7949532140625 0.255936121875 0.7984906640625 0.2443160953125 0.8109591484375 0.1724387265625 0.799448940625 0.13681279375 0.8010549843749999 0.1011001546875 0.7930490453125 0.0950290078125 0.7768593781249999 0.0974814203125 0.7872246078125 0.11174582968749999 0.7811862296875 0.1364123234375 0.754025665625 0.15509438125
7 0.7116667265625 0 0.7149181 0.010590325000000001 0.7283567453125 0.022489028124999998 0.7708150593750001 0.026508229687500003 0.777389775 0.00587746875 0.776874134375 0 0.7116667265625 0
7 0.6692836453125001 0 0.6683166640625 0.048685203125 0.6758585703125 0.06401066875 0.6830780765625 0.06735072656249999 0.700304265625 0.0663247546875 0.7082379015625 0.0591058453125 0.712525628125 0.0435718765625 0.721495784375 0.0377794078125 0.72195981875 0.028525084375 0.7105580671875 0.012834237500000002 0.7161685640625001 0.004067090625 0.7145523390624999 0 0.6692836453125001 0
7 0.8023836921875 0.2035066625 0.8040288546875001 0.22225889375 0.813857746875 0.23248756718750002 0.8331569796875 0.234314478125 0.8459869843749999 0.2288873890625 0.8655724640625 0.23605468125 0.898952165625 0.22593126875 0.9063133109375 0.20803159531249998 0.8737893703124999 0.186356309375 0.8634964468749999 0.1853819578125 0.8573496125 0.1901133671875 0.845197584375 0.17833645781250002 0.8217884109375 0.1774488140625 0.8079580343749999 0.18809448906249998 0.8023836921875 0.2035066625
7 0.8571054625000001 0.28705769999999997 0.880586940625 0.3012354015625 0.9021731609374999 0.29796551875 0.90778365625 0.289198375 0.8994914734374999 0.2777868453125 0.8860889796875 0.27253317187500004 0.8648221859374999 0.2399686203125 0.8500969234374999 0.227948125 0.8318703640624999 0.23419268437500002 0.81771759375 0.23285295 0.7964899203125 0.2547532703125 0.796776165625 0.26009365 0.826976965625 0.280220703125 0.8571054625000001 0.28705769999999997
7 0.7048237578125 0.329760171875 0.69918008125 0.37970213125 0.706435740625 0.3896872171875 0.723125590625 0.3846255125 0.7423495515624999 0.3253425234375 0.754890340625 0.2667552109375 0.74713449375 0.25937941875 0.7428799484375 0.23373857187499997 0.711036953125 0.24267913124999999 0.7126459671875 0.254786334375 0.7296943640625 0.268355065625 0.7356995625 0.2848633859375 0.7240145359375 0.3116519984375 0.7008916078125 0.3161047328125 0.7048237578125 0.329760171875
7 0.906176978125 0 0.8885750546875 0.0203874890625 0.8122368515625 0.029100990625 0.8254254046874999 0.042304340625 0.8470477781250001 0.0456794859375 0.8750309234374999 0.0363735453125 0.9203125609375 0.039331687500000004 0.9614119562500001 0.029939040625000003 0.9667723609374999 0.0224765421875 0.96470183125 0 0.906176978125 0
7 0.7866882703125 0.10771009375 0.77014005625 0.0915320703125 0.7462306984375 0.0932537171875 0.6988789843750001 0.13526253593749998 0.693699340625 0.1759501734375 0.7230052546875 0.17341105625 0.7683923781249999 0.1484844390625 0.7827229390625 0.135229471875 0.7866882703125 0.10771009375
7 0.7515608890625 0.1747858765625 0.747914984375 0.1664708203125 0.7232553453125 0.172106409375 0.7035643828125 0.1928238765625 0.6857325234375 0.2243439015625 0.6680784546874999 0.24126922187500002 0.6755842078125001 0.249949659375 0.711036953125 0.24267913124999999 0.7469175828125 0.21950925 0.7515608890625 0.1747858765625
7 0.57277515 0 0.56875 0.006917471875 0.56875 0.0663970421875 0.5781480875 0.06804438125 0.6135676546875 0.1019486640625 0.6225739625 0.1028012234375 0.6293626171875 0.0742207875 0.6276089984375 0.035533471875 0.596835709375 0.0047256578125 0.573851846875 0 0.57277515 0
10 0.36055464531250003 1 0.3604086078125 0.9996404265625 0.35996733125 0.9811397171875 0.3658234171875 0.9603634734375 0.36483200937500004 0.9509567562499999 0.3586420015625 0.9351658828125 0.3491333546875 0.9212858031250001 0.34631416875 0.9040792234375001 0.34686430156250003 0.8949852281249999 0.354704703125 0.883494121875 0.36863225625 0.8772754140625001 0.3853029765625 0.8732282140625 0.40228527031250005 0.8816798468750001 0.41192661406250003 0.8825052093749999 0.43230956562499995 0.8659679453125 0.4511226375 0.86316285625 0.488563909375 0.8701123031249999 0.5036915859375 0.8752806734374999 0.5123907015625 0.8862509984375 0.5198598546875 0.9094074390625 0.5225508390625 0.9110838546875 0.529553375 0.9107278921875 0.55252595625 0.8758202703125001 0.55625 0.8647146859374999 0.55625 0.8549141609375 0.554332890625 0.8500235593750001 0.5462077468750001 0.844499228125 0.5189311171875 0.8337977515624999 0.456798346875 0.826361353125 0.41177906875000003 0.82385016875 0.37812455625 0.8289740312500001 0.36950146093749997 0.8330387828125 0.3628611828125 0.8559169687499999 0.3533480390625 0.8706217734375 0.33751219374999997 0.882590421875 0.31733945625 0.891579753125 0.2835805859375 0.895713434375 0.2563814734375 0.8905187390625 0.23626391406249997 0.8809465703124999 0.2198839296875 0.8638960328125 0.2108702390625 0.8594834609374999 0.1957932421875 0.8643384749999999 0.1256575328125 0.9050210937500001 0.0848186046875 0.9040039546875 0.073661059375 0.9078775640625001 0.06043868125 0.9160158421875 0.041726968749999996 0.9388677015625 0.0333364328125 0.9594528015625 0.03125 0.9717586203125 0.03125 0.9758714656249999 0.0317367140625 0.9967581687500001 0.0329601171875 1 0.36055464531250003 1
0 0.1969782765625 0.6793235656250001 0.19600621093749998 0.7130417234374999 0.2077435828125 0.8434936328125 0.2124442265625 0.8594668750000001 0.2208034265625 0.8719832593750001 0.24363731406250003 0.8882435359375 0.2716636875 0.8953125 0.2964844 0.8953125 0.30759936250000003 0.8939515046875 0.3300188109375 0.8871944671875 0.3433455484375 0.8800463671875001 0.35392911875 0.870726765625 0.36339008437500003 0.8555268703125 0.36650150625 0.8421074171875 0.3663509625 0.8025089671875 0.373723253125 0.7770337546875 0.3780661375 0.74189989375 0.384375 0.71175045625 0.384375 0.7106545640624999 0.38298749062500004 0.6836271375 0.3787042828125 0.6716146203125 0.3704494390625 0.6600884125 0.36107049375 0.65221020625 0.347223459375 0.64487910625 0.327418978125 0.6382774796875 0.30330295 0.63370823125 0.2760226609375 0.6328125 0.2702310046875 0.6328125 0.24297111718750003 0.6385883015625 0.22517629218750002 0.6462835046875 0.20923608749999997 0.6572619703125 0.1969782765625 0.6793235656250001
3 0.56875 0.6442697468749999 0.5649790453125 0.6370986359375 0.5572981765625 0.631018421875 0.54196178125 0.6238696906250001 0.516957203125 0.6204121984375 0.47998405 0.627446859375 0.457041309375 0.6387812890625 0.4366061765625 0.6548234625 0.421553021875 0.6742184640625 0.41595932968750005 0.6879418640624999 0.41462500625 0.699137796875 0.41679120156250005 0.7149198984374999 0.4241306546875 0.732074465625 0.4188753796875 0.7537801 0.4210654171875 0.7841021875 0.4295274765625 0.8071370484375 0.438904925 0.824543546875 0.472218025 0.8304940406250001 0.5194840140625 0.83523751875 0.556715065625 0.8497348984374999 0.5593285328125 0.8459045296875001 0.5662848859375 0.8069402999999999 0.56875 0.7998826109375 0.56875 0.6442697468749999
3 0 0.8462871875 0.0717346859375 0.8905646875000001 0.08197534375 0.9018477359375 0.1116045453125 0.9062433921874999 0.129476890625 0.9040549734375001 0.1348603640625 0.8978795046875 0.2115021546875 0.8569017171875 0.21312271562500001 0.8531929265624999 0.21072246093749997 0.8304187734375 0.205343484375 0.8080093546875 0.1938743609375 0.799384128125 0.159572853125 0.76497033125 0.12717963906250002 0.7248065921875 0.1038493 0.7086071078125 0.073567103125 0.70278696875 0.070223125 0.6996860734375 0.0628836734375 0.6825315062499999 0.050605018749999994 0.6709965265625 0.0402853421875 0.6637349890625 0.02646365 0.66141558125 0.0146531125 0.6638647093750001 0 0.6707718875 0 0.8462871875
4 0.282371359375 1 0.28213417500000004 0.9831510125000001 0.280096178125 0.9828990796875001 0.27891989375000004 0.9860519890624999 0.274843903125 0.9855481234374999 0.2651533765625 0.9651710843749999 0.2632734203125 0.9568761265625 0.2563245625 0.9481988843749999 0.263485134375 0.9397998968750001 0.279033246875 0.9298724 0.28125461875 0.927093003125 0.2800276515625 0.9202225281249999 0.2677221609375 0.91320415 0.2631497171875 0.912761075 0.2507368671875 0.92380910625 0.2415919765625 0.9229229531250001 0.2374891484375 0.9269356921874999 0.21721655 0.9063499578125 0.20854427343749998 0.8908630296875 0.2036587515625 0.8874494125 0.1986942109375 0.88805730625 0.1865169203125 0.896569096875 0.183014903125 0.9015112249999999 0.183901953125 0.9099277609375 0.1878467453125 0.9139580453124999 0.19978698125 0.9175107921875 0.2096102046875 0.9248331171874999 0.228785534375 0.9445502484375 0.22920296874999999 0.948510971875 0.2249436015625 0.9510384390625 0.2171553765625 0.9630246343750001 0.20374961875 0.9741942437500001 0.2008230734375 0.9750540718749999 0.1964861859375 0.9720747546874999 0.1862171921875 0.9748366046874999 0.1838944578125 0.9575692328125001 0.1777566296875 0.9422734484374999 0.17179918125 0.9430029203125001 0.16780071093749999 0.948005840625 0.1704380203125 0.9587154578125 0.1683985265625 0.9679918203125 0.1691558765625 0.970406484375 0.1739370390625 0.9728299187499999 0.1723164796875 0.976538709375 0.1612379515625 0.9763908046874998 0.1575018765625 0.9743408812500001 0.1443093359375 0.9589059671874999 0.1351927828125 0.9439749187500001 0.123617803125 0.94388780625 0.1203245046875 0.9508102953125 0.11781389687499999 0.9651591390625001 0.12115637812499999 0.9777883296875001 0.11835953125000001 0.9846500296875 0.117006375 1 0.282371359375 1
5 0.56875 1 0.8220317968749999 1 0.8390812328124999 0.960553209375 0.8421875 0.8939825984375 0.8421875 0.8635777765625001 0.8359390421875 0.8571932859375 0.8050376437500001 0.8366415921874999 0.7959420125 0.8267301625 0.7720712265625 0.8148253078125001 0.7577145812499999 0.803862771875 0.7524289468750001 0.8033392625 0.744807496875 0.8073547031249999 0.7353541734375 0.8164890390625 0.7252868515625 0.8160219640624999 0.6780738421875 0.792264609375 0.6565750718750001 0.7864250531250001 0.6364404296874999 0.7854909046875 0.62668010625 0.7898245375 0.6167966921875 0.7967961421875 0.5977423359375 0.8182303859375001 0.5713127109375 0.8384041171875 0.56875 0.8441976265625 0.56875 0.8821504687499999 0.57791031875 0.890470790625 0.6000853640625 0.893197128125 0.6046701046875 0.8973614515625 0.6049771046875 0.90216215625 0.56875 0.9314978125 0.56875 1
2 0.578208378125 0.56875 0.571497384375 0.5725081359375 0.56875 0.575146540625 0.56875 0.7219453781249999 0.572028784375 0.720440028125 0.5771551296874999 0.7129972625 0.58352250625 0.7130978812500001 0.587173215625 0.714519525 0.5915856296875 0.722377015625 0.600201934375 0.73118090625 0.6124935625 0.7408788484375 0.6573591734375 0.758043309375 0.683549646875 0.7640625 0.68592644375 0.7640625 0.6863316828125 0.76303299375 0.6738069109375 0.7469515640625 0.6715333671875 0.738775884375 0.6720995859375 0.7266412 0.6788492765624999 0.7071684546875 0.688154890625 0.7011996890625001 0.69704199375 0.704200034375 0.7078125 0.716079365625 0.7078125 0.7020812734375 0.699577671875 0.649857759375 0.6889093890625 0.6281298375000001 0.674995871875 0.6076705921875 0.664867734375 0.5971268640625 0.6457655984375 0.5968250140625 0.6334363140625 0.5993141046875 0.6265896078125001 0.5981059484375 0.62690964375 0.5912472125 0.6316058984375 0.58164171875 0.6234061625 0.56875 0.578208378125 0.56875