5 0 0.5796875 0.42509534687499995 0.5796875 0.4212365125 0.5056614046875 0.4195879265625 0.505054903125 0 0.5616193375 0 0.5796875
2 0.10294729218750001 0 0.065267453125 0.09294325 0.027451225000000003 0.1827497390625 0 0.2443431671875 0 0.2456037640625 0.21515114062500001 0.3354619765625 0.307767725 0.365625 0.312612265625 0.365625 0.43614783749999997 0.10574059531249999 0.4875 0.014143428125 0.4875 0.0129020421875 0.4335352765625 0.0011558031249999999 0.43318153437499995 0.0011558031249999999 0.4328785703125 0.002782115625 0.42043480781250003 0 0.10294729218750001 0
2 0 0.36996005 0.006542575 0.3714941140625 0.134673475 0.41573027187499995 0.12971318437499998 0.423615540625 0.1442326859375 0.4375 0.14657594375 0.4375 0.1489673890625 0.4216455671875 0.173647 0.37582336562499996 0.18844404374999998 0.3569466265625 0.20118367187500003 0.31887030625 0.2145929046875 0.293770934375 0.22372089375 0.29268389375 0.24569682343750002 0.2452090375 0.26878594843750003 0.196731509375 0.275 0.1755215484375 0.275 0.1743288046875 0.2749077609375 0.17443006249999998 0.26482829531249996 0.1724718140625 0.25047161562500003 0.1729986609375 0.23278352500000002 0.174692134375 0.21188999218750001 0.18032728125 0.18188334687500002 0.1568270546875 0.15704903125 0.1383872921875 0.12244705468749999 0.12214194062499999 0.0785963953125 0.1009198984375 0.0637713640625 0.0871947421875 0.0556304671875 0.0827494796875 0.031032740625 0.0809687828125 0.010950432812499999 0.076039434375 0 0.0767888625 0 0.36996005
2 0.3947323390625 0.5796875 0.3660416125 0.534066534375 0.2772444328125 0.3905075859375 0.275327278125 0.40457282031249997 0.26577958437500004 0.41492587812500004 0.251687565625 0.43106705156249997 0.24040674687500002 0.43280900312500004 0.216555478125 0.42756721875 0.1910780546875 0.4023320078125 0.177765578125 0.3795334875 0.159670571875 0.40027761249999994 0.15234185625000002 0.4157844546875 0.14593098437500002 0.4352397609375 0.1310789328125 0.42669638125000003 0.1344373015625 0.4130332375 0.0966538515625 0.39951016875 0.0542879984375 0.3838219296875 0.025274440625 0.377210884375 0.0237583828125 0.37875179999999997 0 0.3882273515625 0 0.43399237343749997 0.0005770984374999999 0.4351642390625 0.0324950625 0.5079108328124999 0.0607856921875 0.5796875 0.3947323390625 0.5796875
2 0 0.5166859125000001 0.04252663125 0.5375 0.04375 0.5375 0.04375 0.5366752359375 0.014605578125 0.4672073 0 0.4361419625 0 0.5166859125000001
5 0 0 0 0.0762977640625 0.0046866468750000004 0.0754216359375 0.027022340625000002 0.0785745921875 0.0655396734375 0.08708637500000001 0.10405283437499999 0 0 0
7 0.43725637187500005 0 0.2685791890625 0.22940306562499999 0.223994784375 0.285031415625 0.2125983640625 0.3259479125 0.2102852140625 0.3495072375 0.202328628125 0.3478384203125 0.1951144625 0.35569319843749997 0.1780827734375 0.374216565625 0.184055834375 0.398155884375 0.205437675 0.420137284375 0.22756739062500003 0.4328125 0.23199324531249998 0.4328125 0.250774378125 0.43243293125 0.26638379843750004 0.41598821093750005 0.2790008203125 0.3980732515625 0.27540807031250003 0.3901662734375 0.2846252375 0.38666035781249997 0.3077258578125 0.377493140625 0.3406292078125 0.34077239531250003 0.398508584375 0.27249654375 0.46500245625 0.188016865625 0.5203125 0.11597811093749999 0.5203125 0.007446414062499999 0.5091269656249999 0 0.437638821875 0 0.4369467828125 0.0006917796875 0.43726915 0 0.43725637187500005 0
1 0.559375 0.20397179843750002 0.5655877968749999 0.212847221875 0.5953497015625 0.2674107140625 0.6523933515625 0.29717261875 0.718117559375 0.336855159375 0.767898259375 0.359375 0.7717908046874999 0.359375 0.80616319375 0.336855159375 0.840885415625 0.3095734125 0.8669270828125001 0.27237103125 0.8867683515625 0.250049603125 0.90625 0.22326233750000002 0.90625 0.2215291609375 0.8954489078125001 0.184325396875 0.7999627968749999 0.1272817453125 0.7143973203125 0.0764384921875 0.6151909718749999 0.0206349203125 0.569308034375 0.050396825 0.559375 0.059897989062500004 0.559375 0.20397179843750002
2 1 0.1766245046875 0.9818700406249998 0.15849454375 0.957068453125 0.1597346234375 0.92978670625 0.19197668750000002 0.8975446437500001 0.230419146875 0.8801835328125 0.2539806546875 0.8640625 0.288702878125 0.8429811515625 0.3234251 0.8343005953125001 0.3482266875 0.8119791671875 0.35442708437500003 0.8020585328125 0.3742683515625 0.7846974203125 0.38542906875 0.7574156750000001 0.3903893859375 0.74873511875 0.4151909734375 0.7412946437500001 0.44371279843749994 0.767336309375 0.4412326390625 0.76826636875 0.43565228281249996 0.7859375 0.423871528125 0.8032986109374999 0.40651041718750003 0.8553819453125 0.4151909734375 0.9087053578125 0.373028275 0.9409474203125001 0.33582589375 0.9744295640625001 0.31102430625 1 0.31586195625 1 0.2883672640625 0.9682291671875 0.292423115625 1 0.26570673437500003 1 0.1766245046875
1 0.7550403828125 0.5796875 0.7586805562500001 0.523871528125 0.7177579375 0.5127108140625001 0.6731150796875001 0.4928695453125 0.6259920640625001 0.466827878125 0.5639880953125 0.4680679578125 0.5763888890625 0.532552084375 0.5854851984375 0.5796875 0.7550403828125 0.5796875
0 0.8160094250000001 0.39733383125 0.797408234375 0.41097470312500006 0.765166171875 0.43825645 0.734375 0.4518045640625 0.734375 0.45189732187500004 0.7391245046874999 0.45189732187500004 0.7428447421875 0.45189732187500004 0.8073288703125 0.522581846875 0.8588692796874999 0.5609375 0.9211491421875 0.5609375 0.9474578375 0.5250620046875001 0.9484375 0.4897941640625 0.9484375 0.4800773515625 0.928856646875 0.45437748125 0.90653521875 0.44321676718749997 0.8544518859375 0.419655259375 0.8160094250000001 0.39733383125
2 0 0.5796875 0 0.744396771875 0.01728515625 0.7404296875 0.03876953125 0.73115234375 0.04560546875 0.731640625 0.051953125 0.73994140625 0.05634765625 0.74140625 0.07880859375 0.7375 0.10029296875 0.73896484375 0.126171875 0.74482421875 0.13203125 0.7423828125 0.134375 0.7373046875 0.134375 0.7326497390625 0.126171875 0.68525390625 0.12177734375 0.68134765625 0.10517578125 0.67939453125 0.09638671875 0.67109375 0.08857421875 0.6544921875 0.07978515625 0.62470703125 0.08076171875 0.61494140625 0.087109375 0.6046875 0.096875 0.59833984375 0.10859375 0.59541015625 0.110546875 0.5919921875 0.1087890625 0.5796875 0 0.5796875
6 0.10714569062499998 0.5796875 0.11142578125 0.588818359375 0.12216796875 0.588330078125 0.13193359375 0.592236328125 0.1548828125 0.613232421875 0.1568359375 0.622998046875 0.1548828125 0.635693359375 0.15537109375 0.648876953125 0.16123046875 0.663037109375 0.15244140625 0.677197265625 0.134375 0.684033203125 0.12900390625 0.688427734375 0.12802734375 0.705029296875 0.13193359375 0.732861328125 0.13095703125 0.738720703125 0.12802734375 0.741650390625 0.12119140625 0.744091796875 0.0943359375 0.737255859375 0.07626953125 0.736279296875 0.06552734375 0.739208984375 0.06064453125 0.746044921875 0.05966796875 0.751904296875 0.069921875 0.770947265625 0.073828125 0.782666015625 0.0826171875 0.792431640625 0.105078125 0.803173828125 0.1353515625 0.808056640625 0.16123046875 0.816845703125 0.191015625 0.830517578125 0.198828125 0.836865234375 0.2076171875 0.840771484375 0.22763671875 0.838330078125 0.2369140625 0.851513671875 0.2374267578125 0.8515625 0.2478774125 0.8515625 0.253515625 0.844189453125 0.265234375 0.833935546875 0.26962890625 0.825634765625 0.2779296875 0.817333984375 0.2984375 0.807568359375 0.3169921875 0.801708984375 0.3453125 0.779248046875 0.3580078125 0.766552734375 0.3697265625 0.748486328125 0.39072265625 0.727978515625 0.4048828125 0.699169921875 0.415625 0.665075153125 0.415625 0.6424377437500001 0.40830078125 0.611767578125 0.40244140625 0.598095703125 0.39365234375 0.584912109375 0.3887396515625 0.5796875 0.10714569062499998 0.5796875
2 0.8264246343749999 1 0.8302455375000001 0.9927827390624999 0.8609995046875 0.9421875 0.8706721234374999 0.92333829375 0.875 0.9177481203125 0.875 0.9105170000000001 0.8738963296875 0.9082093265625 0.8602554578125 0.8933283734374999 0.8488467265625002 0.876215278125 0.8324776796875 0.857366071875 0.8056919656249999 0.8214037703124999 0.7980034734375 0.807762896875 0.7952752984375 0.79833829375 0.792795140625 0.7941220250000001 0.7779141875000001 0.7782490078125 0.7672495046875 0.762872025 0.76278521875 0.7593998015625 0.7595610125000001 0.7551835328125 0.755840775 0.7527033734375 0.7486483140625 0.7522073421875 0.74294395 0.75419146875 0.740215775 0.7571676593750001 0.7374876 0.7581597234374999 0.724342759375 0.7574156750000001 0.7213665687499999 0.7549355156249999 0.7181423625 0.7554315484374999 0.7169022828125 0.7571676593750001 0.7144221234375 0.7618799609375 0.7072296640625 0.788913690625 0.7037574421875 0.8052827390624999 0.7012772828125 0.8241319453125 0.7040054578125 0.8318204375 0.7072296640625 0.83603670625 0.7208705375 0.8504216281250001 0.737735615625 0.8655505953125001 0.7419518859374999 0.8707589296875 0.745920140625 0.878943453125 0.74616815625 0.8908482140625 0.7476562515625 0.8970486109374999 0.7511284734375 0.9030009921875 0.7516245046875 0.907465278125 0.7541046640625 0.907961309375 0.7546006953125 0.9094494046874999 0.7541046640625 0.9109375 0.7526165687499999 0.910689484375 0.7513764890625 0.9089533734374999 0.7488963296875 0.9096974218749999 0.7454241078124999 0.9129216281250001 0.740215775 0.9270585328125 0.73426339375 0.9268105156249999 0.7293030765624999 0.9310267859374999 0.724838790625 0.9384672625 0.7233506953125 0.939211309375 0.7216145843749999 0.938219246875 0.718886409375 0.9384672625 0.7166542671875 0.9399553578125 0.7139260921874999 0.9439236109374999 0.708717759375 0.9459077390624999 0.706485615625 0.9496279765625001 0.7042534734375 0.9590525796874999 0.7020213296875 0.9632688500000001 0.7020213296875 0.9759176593750001 0.7010292671875 0.9831101203125 0.69929315625 0.98583829375 0.693588790625 0.9890625 0.6896205375 0.995262896875 0.6925967265625 0.9999751984374999 0.6926388890624999 1 0.8264246343749999 1
4 0.6081023625 1 0.6119791671875 0.9992435499999999 0.635540675 0.9903149796874999 0.65166170625 0.9821304546875 0.6573660718750001 0.9744419624999999 0.6625744046875 0.9722098203125 0.6747271828125 0.9615451374999999 0.676959325 0.95732886875 0.682415675 0.9526165671874999 0.6883680562500001 0.9444320421875 0.691840278125 0.9412078359375 0.6921875 0.9370411703125001 0.6921875 0.917051090625 0.69208829375 0.9151661703125 0.6898561515624999 0.90871775625 0.6846478171875 0.8995411703125 0.679935515625 0.8811879953125 0.68291170625 0.8581225187499999 0.678943453125 0.8447296609375 0.6779513890625 0.83232886875 0.6754712296875 0.8281125984375001 0.6687748015625 0.8216641859375 0.6628224203124999 0.817943946875 0.6603422625 0.817943946875 0.6576140875 0.829352678125 0.6526537703125 0.8400173593750001 0.6464533734375 0.848697915625 0.6437251984375 0.8566344234375001 0.636284721875 0.8653149796875 0.6305803578125 0.8702752968749999 0.6161954359374999 0.8796999 0.6085069437499999 0.8868923593750001 0.588417659375 0.8995411703125 0.5718005953125 0.913678075 0.566840278125 0.9171502968749999 0.5616319437499999 0.9191344234375001 0.559375 0.9213913671875 0.559375 0.9979551078124999 0.5639192046875 1 0.6081023625 1