10 0 0.46875 0.35151631875 0.46875 0.3532463015625 0.45904924375 0.3921875 0.305217678125 0.3921875 0.291815890625 0.38343709375 0.28070905 0.381083559375 0.2733439265625 0.3789293625 0.2333320078125 0.370550528125 0.221370196875 0.3495037703125 0.2077890625 0.248031775 0.172251609375 0.2342578203125 0.1697059859375 0.1593241609375 0.164934959375 0.1499164609375 0.16559656875 0.1427786984375 0.16860875625 0.059389046875 0.2156407625 0.049775571875 0.2188270578125 0.040194253125 0.21799475 0.011430995312500001 0.2411033640625 0 0.2483743203125 0 0.46875
0 0.0237955546875 0 0.0174960609375 0.025835975 0.014531640625 0.0561670125 0.015483345312499999 0.0686511484375 0.012769709374999999 0.07536854531250001 0.012178112500000001 0.087459175 0.0145187875 0.1118946546875 0.01862139375 0.1171286015625 0.06462460625000001 0.13497914687499998 0.0939473125 0.14245579375 0.165612559375 0.165625 0.2483298046875 0.165625 0.29031940624999997 0.1612783953125 0.302993759375 0.15436254062500002 0.311243984375 0.1437414765625 0.317108525 0.1297738921875 0.31875 0.11613997031250001 0.31875 0.0943797015625 0.31717282343750003 0.0830794015625 0.311706965625 0.070410684375 0.3048971546875 0.0633589578125 0.22573870624999998 0.022235928125000002 0.1905964734375 0.007637910937500001 0.159351071875 0.0007985234375000001 0.152409959375 0 0.0237955546875 0
0 0.5390625 0.2658378484375 0.5250805890625 0.2646232734375 0.5150941484375 0.260305159375 0.5043746437500001 0.2625651515625 0.499333196875 0.266434 0.4903820578125 0.27961456875 0.48484546875 0.2835182375 0.4710393625 0.2849912140625 0.46591431875 0.28384551406249997 0.450661365625 0.27286917499999996 0.4331641984375 0.264058840625 0.41108857499999996 0.26310112812500003 0.395797040625 0.26467856875 0.3922410203125 0.268442953125 0.391019246875 0.3051779921875 0.3942280296875 0.337083059375 0.3991923140625 0.358321771875 0.398510690625 0.37393303125 0.40028548593749996 0.3763184296875 0.46671813125000006 0.376666878125 0.5390625 0.3805608609375 0.5390625 0.2658378484375
0 0.5390625 0 0.476387234375 0 0.4616064421875 0.024013100000000002 0.41814969062499996 0.1053879203125 0.3764227171875 0.171579809375 0.37289242031250003 0.179860765625 0.36767735625000003 0.22089297968750002 0.3795157578125 0.24114621875000003 0.41145564375 0.25396127812499997 0.449883821875 0.2753568046875 0.46143928437500004 0.2845850015625 0.47351568125 0.2890625 0.485959521875 0.2890625 0.49006750312499997 0.286085978125 0.5265408265625 0.2348227953125 0.5390625 0.219947484375 0.5390625 0
0 0.2803840390625 0 0.2805059609375 0.039731075 0.2862611859375 0.0548896546875 0.2995078484375 0.061488701562500005 0.3059282484375 0.0625 0.327960221875 0.0625 0.38105840468749996 0.0587657859375 0.44242387968749997 0.0584665078125 0.4462113953125 0.0566940171875 0.4613421671875 0.0365523015625 0.471875 0.012916028125000001 0.471875 0 0.2803840390625 0
9 0.5390625 0.154770384375 0.5500061046875 0.167387721875 0.558504584375 0.1784486359375 0.566041825 0.188672815625 0.5720879390625 0.1955384046875 0.5771117078125 0.203125 0.5792032265625 0.203125 0.6354349578125 0.1863409390625 0.666149559375 0.1709477015625 0.6889506484375 0.15942728281250002 0.6921875 0.1573660390625 0.6921875 0.154849190625 0.6864595875 0.1435212421875 0.678835225 0.1396321375 0.660074440625 0.12261484687499999 0.6361685953125 0.0969977421875 0.616910759375 0.0788609234375 0.6036615750000001 0.0861029421875 0.5817615218750001 0.095889109375 0.5652245703125 0.10347471875 0.5472128640625 0.1084029140625 0.5390625 0.1097700921875 0.5390625 0.154770384375
9 0.6121394421875 0 0.6096964328125 0.0027937312499999997 0.6239337609375 0.0107654515625 0.6442875015625 0.015218960937500001 0.668083290625 0.0254820546875 0.7243129046875 0.0442829421875 0.77290186875 0.0721080953125 0.793223925 0.0765625 0.7946974453125 0.0765625 0.8481124046874999 0 0.6121394421875 0
9 0.6565894906249999 0.24089386093749998 0.6533622203125 0.241589825 0.691038840625 0.29611760625 0.7233220703125001 0.3357856890625 0.729183246875 0.33983603906250004 0.74316260625 0.3365816828125 0.7386479875 0.34386843906250003 0.7476813484375 0.3546875 0.7508122765625 0.3546875 0.8342045984375 0.3306539625 0.8524144453125 0.3233706640625 0.865625 0.3259165625 0.865625 0.321114075 0.8533444812500001 0.29996806875000004 0.76344973125 0.2178896703125 0.6982015609375 0.232599596875 0.6565894906249999 0.24089386093749998
9 0.5390625 0.3438789453125 0.5567030468749999 0.365625 0.56042449375 0.365625 0.621320740625 0.33936499531250003 0.6513571125000001 0.31782894375000004 0.6839940921875 0.28722254999999997 0.6712216468750001 0.27375971093749996 0.6585799515625 0.26588234375 0.6442600640625 0.2549808765625 0.6314502640625 0.23992222187499998 0.6198337125 0.2243389375 0.6012436546875 0.20268553749999998 0.5390625 0.23764343124999998 0.5390625 0.2450614109375 0.5731857140625001 0.274406728125 0.5855759734375 0.2887093390625 0.5725808203125 0.30006581718750003 0.5390625 0.3219889828125 0.5390625 0.3438789453125
9 0.5390625 0 0.5390625 0.04478610625 0.6183855453125 0.05313379687499999 0.614518009375 0.043850390625 0.61167574375 0.02638688125 0.611440103125 0.016320271875 0.6112327390625 0.007461640625 0.6111007796875 0.0018243484375000001 0.6118503640624999 0 0.5390625 0
2 0 1 0.082493321875 1 0.0916928515625 0.9850286796875001 0.094232646875 0.974444759375 0.0953125 0.955512109375 0.0953125 0.91900756875 0.09309855 0.9103940296874999 0.07483300312499999 0.887806128125 0.0688297109375 0.8621759390625 0.0650116421875 0.853626378125 0.059178503125000004 0.8442654781249999 0.047481209375 0.83689591875 0.0478558953125 0.809723078125 0.0456798890625 0.8049780999999999 0.01933395 0.77865315 0.0029426546875 0.7534346484375 0 0.7511446656249999 0 1
2 0.013467165625 0.7434165687500001 0.0123372484375 0.764240259375 0.0203371734375 0.7660104875 0.0234603625 0.7696860171875001 0.02989869375 0.7696184796875001 0.0378072546875 0.78126583125 0.046542295312499996 0.7888935015625 0.051046024999999995 0.78998145 0.066824590625 0.7881131484375 0.070854728125 0.7897358203125 0.0805461703125 0.8086296921875 0.093057365625 0.8480031078125 0.10142613281249999 0.8609375 0.10742071875 0.8609375 0.11279482031250002 0.8581263046875 0.128503815625 0.8424472406250001 0.153119684375 0.8264855453125 0.1616443359375 0.816860515625 0.1837204140625 0.811482740625 0.189050625 0.8085510109375 0.1890625 0.806822834375 0.1890625 0.7979959125 0.18514286875 0.785698978125 0.1691539140625 0.7703145796875 0.1493670078125 0.746872325 0.1446218734375 0.7398839140625 0.1422044609375 0.7292384734375 0.1320687609375 0.7237066796875 0.11752991875 0.7195454625 0.07509107968749999 0.72373676875 0.046839871875 0.7113946578125001 0.031452468750000004 0.7078125 0.0273901125 0.7078125 0.006717859375 0.7237728796875 0.0035033015624999996 0.7299744703125001 0.0052258328125 0.735745878125 0.013467165625 0.7434165687500001
1 0.3234176375 1 0.3189758625 0.985778771875 0.31851317031250004 0.9744695515625 0.3131133875 0.96359051875 0.30180168125 0.917204175 0.2978721265625 0.91804003125 0.29673299062499997 0.9265280734375001 0.29347819999999997 0.9317462562500001 0.279149746875 0.9448377390625 0.259772721875 0.9677448265624999 0.253001615625 0.9717890234375 0.2231888171875 0.9576091453124999 0.2028369515625 0.9445787359375 0.1848128109375 0.9278912968749999 0.1701842796875 0.9094276109375 0.138073090625 0.9117321171875 0.130557653125 0.897583221875 0.11435663125 0.8891257140625001 0.10745392499999999 0.9020636234375001 0.107141271875 0.9065319890625 0.09936263281249999 0.9101705171875001 0.0961883109375 0.9173555203125 0.0942117953125 0.9417071859374999 0.09490499531249999 0.9707608109375 0.0897480328125 1 0.3234176375 1
2 0.14040798125 0.86154806875 0.1281767453125 0.8532381156250001 0.12114412031249999 0.8508901453125001 0.10618113437500001 0.8605827140625 0.10126416406250001 0.861504603125 0.09972268749999999 0.8601585437499999 0.09171354375 0.8460526671874999 0.07924258125 0.8076626640625 0.07003395 0.8005697171874999 0.0640692078125 0.8001025281249999 0.0520081296875 0.8080618671875 0.05222941875 0.8134706234374999 0.047009007812499996 0.8311965296875 0.047683771874999996 0.83557885625 0.057819470312499996 0.8411106515625001 0.063672725 0.85096325625 0.075934978125 0.8479209703125001 0.083874553125 0.8482160828125 0.088519103125 0.8527459640625 0.095701765625 0.870871521875 0.10184755937500001 0.875764053125 0.108145071875 0.8722545796875 0.11779627968749999 0.8901650421875 0.12846592343750002 0.8966372281249999 0.13569827343750002 0.909375 0.1605261421875 0.909375 0.16875 0.9089072 0.16875 0.9075457921875 0.16733731875 0.9021324671875 0.156345803125 0.8877929999999999 0.1532737453125 0.8732569375000001 0.14040798125 0.86154806875
5 0.410749609375 0.5309908984375 0.4075551703125 0.537684196875 0.4047429546875 0.5537198921875 0.39553264375 0.5708065343750001 0.3732939484375 0.5964302609375001 0.36747002812499996 0.5994050109375 0.3607299421875 0.59209696875 0.338785465625 0.58858103125 0.3275802 0.6053480453125 0.325303609375 0.5981445421875 0.32259702031250004 0.5440999921875 0.3187789515625 0.535550428125 0.3123205046875 0.535126259375 0.30155949375 0.5385311953125 0.299191534375 0.541204815625 0.3067472078125 0.5563371187499999 0.31147054375 0.587013415625 0.311732065625 0.5934055828125 0.3098377015625 0.595544478125 0.2760936671875 0.606380046875 0.26361934531250003 0.6163492234375 0.2592162015625 0.6177198031250001 0.25366469999999997 0.615242775 0.2413127609375 0.60398259375 0.20843712343749998 0.5876023015625 0.20199879062499998 0.5876698390625 0.1861489765625 0.59990696875 0.16407122031250002 0.6294643328125 0.155283365625 0.6568767859375 0.1477042171875 0.6896119578125 0.143701734375 0.72499623125 0.144385715625 0.74171420625 0.16741651562499998 0.771782225 0.1912134421875 0.7963554453125 0.1919485578125 0.802212890625 0.18239625625 0.810940546875 0.1588994015625 0.8179224921875001 0.14168916250000002 0.8332389062499999 0.13796078125 0.8389918156249999 0.1425139640625 0.8533988203125 0.1469665640625 0.8653473 0.153233059375 0.873190065625 0.1574132359375 0.8905903203125 0.186297290625 0.9305109421874999 0.21050745937499998 0.9530743265625 0.2348291125 0.96625229375 0.24931762656249998 0.971875 0.2536854296875 0.971875 0.260229546875 0.9694670999999999 0.2977438796875 0.9296824421875 0.306743803125 0.8953431000000001 0.310532534375 0.8910653109375 0.32180736875 0.8881090624999999 0.3241350953125 0.8844520328125001 0.3210865140625 0.8220484921875 0.3152131421875 0.8117041828125 0.3154453296875 0.805268996875 0.3186800015625 0.7995591078125 0.317602896875 0.785342678125 0.3195576140625 0.7846788984374999 0.3261971171875 0.7895284124999999 0.3422866578125 0.8073713390625 0.346296678125 0.8085023046875 0.3551432046875 0.806744559375 0.35917334218749997 0.8083672312499999 0.3638891421875 0.8025282859375 0.3782997453125 0.767224034375 0.3835696078125 0.7628171874999999 0.3962652140625 0.7582567671875 0.40003383125 0.7534872703125 0.40718884062500005 0.7346058796875 0.40631290625 0.7253065015625 0.372151453125 0.6532774875 0.35228407968750003 0.6278684078125 0.3514886140625 0.62053585 0.3568389421875 0.6180958265625 0.36754881875 0.625551421875 0.375821165625 0.621869875 0.404710259375 0.589251721875 0.41620806093749996 0.5675246375 0.43084917031250003 0.5499647875 0.4375 0.5387649859375 0.4375 0.5345414484375001 0.43650293281249997 0.5307207515625001 0.4329463890625 0.5285633562500001 0.41463892812500003 0.529171634375 0.410749609375 0.5309908984375
1 1 0.5576129359374999 0.599727771875 0.63282114375 0.5785491781250001 0.7884749046875 0.5700822750000001 0.8693606671874999 0.5820996625 0.8800348359375001 0.5890752859375 0.86068118125 0.77093625625 0.8413773296875 0.98226096875 0.8243152109375 1 0.82467303125 1 0.5576129359374999
9 0.889598075 1 0.9359375 0.8259839281250001 0.9359375 0.8245866781250001 0.584743596875 0.8574546953125001 0.5618666296875 0.9505238984375 0.5566876046875 1 0.889598075 1
9 0.9620786812500001 1 0.9559301687499999 0.8241812312500001 0.9385289265625 0.8327994625 0.8931493625 1 0.9620786812500001 1