7 0.6296875 0.15438107968749998 0.619519028125 0.1459165046875 0.57856921875 0.139623884375 0.542442903125 0.1458571359375 0.421203684375 0.1359249125 0.382309884375 0.11251174531250001 0.3341319609375 0.10174135937499999 0.283667996875 0.106813571875 0.192825734375 0.1016325171875 0.14236177187500001 0.10670473124999999 0.05851759375 0.10472349218749999 0 0.1151366390625 0 0.307667575 0.00219404375 0.3198567546875 0.033945828125 0.334375 0.0811454671875 0.334375 0.11506212812500001 0.33323250625 0.36795345625000003 0.3039107890625 0.40419122031250004 0.291160990625 0.443976625 0.26244178749999997 0.6149754609375 0.23484587031249998 0.6296875 0.2239880140625 0.6296875 0.15438107968749998
7 0.6296875 0.509375 0.6296875 0.4568781171875 0.61179613125 0.45022163906249996 0.51751055 0.44018240000000003 0.49296152812500005 0.43224131093749996 0.399944678125 0.436386309375 0.35567013125 0.43303 0.3294065796875 0.43697086250000006 0.29385890468750003 0.45355450468749997 0.2663337546875 0.45762216875000006 0.142801365625 0.44922150624999996 0.1024301953125 0.453279278125 0.087409584375 0.4625954375 0.0807672375 0.48277910312500005 0.0843972703125 0.509375 0.6296875 0.509375
7 0 0.4376398609375 0.2514634703125 0.4578125 0.27275094375000003 0.4578125 0.29041649999999997 0.455117615625 0.33456534375 0.43636838593749994 0.35853572499999997 0.43395908437499997 0.4078566671875 0.4368081734375 0.49892182968750004 0.428956134375 0.5125765203125 0.44059436874999997 0.5649921703125 0.43922919218749995 0.575 0.4037224015625 0.575 0.4016460421875 0.5720731921875 0.3786683015625 0.575 0.3634526265625 0.575 0.361249175 0.5488900921875 0.3497728171875 0.51172508125 0.34309978124999996 0.4882147578125 0.3480649796875 0.394382109375 0.32627059687500004 0.33909465 0.3188169390625 0.31810039687499997 0.3092174859375 0.087917853125 0.3362567109375 0.0453649640625 0.33532949218749997 0.01301631875 0.3268712875 0.0010832890624999998 0.31766214375 0 0.3127111828125 0 0.4376398609375
7 0.5646870640625 0 0.5533547328124999 0.002050809375 0.5423489499999999 0.0122644984375 0.49830443437499994 0.010186140625 0.4870686203125 0.019121882812499998 0.4731910328125 0.020516740624999998 0.4107940375 0.0163798125 0.3963378078125 0.0074242796875 0.3822301890625 0.007541190624999999 0.3795955421875 0.0143113484375 0.352871928125 0.0156963125 0.3010491734375 0.056033959375 0.30782435625 0.0722668703125 0.3229706765625 0.08505624843750001 0.3819386078125 0.11295707656250001 0.5244021109375 0.13376670156249998 0.5456038015625 0.140625 0.576500190625 0.140625 0.6127211765625 0.1392013671875 0.6296875 0.130172315625 0.6296875 0.09008177656250001 0.6294420609375 0.0893811765625 0.6296875 0.0882185421875 0.6296875 0.005782653125 0.592924365625 0.0006757390625 0.580768434375 0.0044996890625 0.5713569109375001 0 0.5646870640625 0
7 0.08644969531249999 0.509375 0.0820755578125 0.494442046875 0.0831 0.4787262515625 0.102239759375 0.44948003593749997 0.040414275 0.44138245625000005 0.038239685937500004 0.4507085109375 0.0512114125 0.4728239421875 0.0570187921875 0.509375 0.08644969531249999 0.509375
1 1 0.4014609390625 0.9989814453125 0.4017040265625 0.972168825 0.39907944375 0.9184934515625001 0.3834122796875 0.9091807390625 0.3786327109375 0.89653525 0.3774318171875 0.8872225359374999 0.3726522484375 0.8522488453125 0.3774540515625 0.843354140625 0.3805436828125 0.8365840812500001 0.385733740625 0.8245006359375001 0.45195911874999994 0.82607240625 0.46259992031249997 0.838604915625 0.499570921875 0.8440602187499999 0.5075270187500001 0.8535951374999999 0.509375 0.9040997921875 0.509375 0.908968184375 0.5072708718750001 0.9775570390624999 0.47209236250000003 1 0.4640735078125 1 0.4014609390625
6 1 0.3005188171875 0.9999528625 0.30039081562500003 0.9740407765625001 0.28618416562500004 0.9536350640624999 0.280917478125 0.9434060828125 0.277792309375 0.9284022406249999 0.27949828593750004 0.8663450812499999 0.2668284828125 0.819344015625 0.2534363546875 0.788918325 0.24897910156249997 0.750518453125 0.2459563140625 0.736193875 0.2604497390625 0.736346625 0.28226935625 0.7347188375 0.28951352343750003 0.72516911875 0.299175809375 0.7278419281249999 0.3116046453125 0.7323515281249999 0.320723915625 0.7378125265625 0.326692890625 0.7908918546875 0.34296380000000004 0.804898921875 0.3414371359375 0.8235200953125 0.3509970390625 0.84607610625 0.3588560609375 0.8880410578125 0.37216107656249997 0.9144796578125 0.37733556562500004 0.9383981984374999 0.3919008296875 0.9759580515625 0.3980538765625 0.9982277890625 0.4015625 1 0.4015625 1 0.3005188171875
5 0.8050488453125 0.3796875 0.8068409984375 0.3796875 0.8294583828125 0.376518315625 0.8395828625 0.377676184375 0.8436744546874999 0.3789262515625 0.88125 0.37120566250000003 0.88125 0.3705105296875 0.81904994375 0.3485991890625 0.8174488625 0.3588177015625 0.8142455359374999 0.3742896875 0.8050488453125 0.3796875
7 0.6296875 1 0.9724479890625 1 0.9691146921874999 0.9561223046875 0.95557035 0.933584115625 0.9375487218749999 0.9150831968750002 0.9249889828125 0.9105532578125001 0.6296875 0.8183658546875 0.6296875 1
9 0.6296875 0.509375 0.6296875 0.7370886015625 0.7587930359375 0.765625 0.761555978125 0.765625 0.771612009375 0.7029797546875 0.7828597875 0.6924029890625001 0.8 0.52287208125 0.8 0.5207599640625 0.754876521875 0.509375 0.6296875 0.509375
9 0.8965873015625 0.9 0.9390625 0.7386132125 0.9390625 0.7327227546875 0.787602671875 0.6921875 0.7869649296875 0.6921875 0.774069675 0.7022694281249999 0.7381531609375 0.8512906109374999 0.8956181578125 0.9 0.8965873015625 0.9
9 0.8255273781250001 0.509375 0.783323578125 0.6907584296875 0.9336799828125001 0.728125 0.9360453015625 0.728125 0.9921875 0.5217570109375 0.9921875 0.5160229828125 0.9594595734375 0.509375 0.8255273781250001 0.509375