0 0 0 0 0.10374462343749999 0.00248373125 0.10596202031249999 0.023252575 0.1153052421875 0.0405636078125 0.11875 0.05422099375 0.11875 0.06074334375 0.11815816562499999 0.08200229375 0.11309401562500002 0.10957589062499999 0.10330244375 0.13105389218750002 0.0902956515625 0.1504595765625 0.07506763749999999 0.167792946875 0.057618403124999995 0.184473890625 0.035795946875 0.20043307187499998 0.0076297281250000005 0.2015625 0.0033654171875 0.2015625 0 0 0
0 0.178999190625 0.0566445546875 0.1744448265625 0.054725771874999996 0.169994471875 0.055762798437500004 0.14540563906249998 0.07953832968749999 0.113780390625 0.101697521875 0.0916673015625 0.110823725 0.04663268125 0.12026920156250001 0.0550432859375 0.1326025265625 0.058968865625 0.1449876078125 0.065578209375 0.148634975 0.086832434375 0.1717719640625 0.1134778296875 0.19227305 0.13181663125 0.2033966171875 0.152585478125 0.212739840625 0.1644798296875 0.215625 0.175798240625 0.215625 0.1786068109375 0.2155060828125 0.18449438906249999 0.21280968906250003 0.1888060640625 0.2078315890625 0.1958188375 0.1946084078125 0.21357927812500002 0.175128146875 0.23253425156250002 0.1470916375 0.234375 0.14184218125 0.234375 0.125004921875 0.232914040625 0.1153815640625 0.22117827656250003 0.093558478125 0.21388184062499999 0.0845526171875 0.178999190625 0.0566445546875
0 0 0.18725324062499998 0.0067826859375000005 0.1977420078125 0.0098651921875 0.1984375 0.0692263890625 0.1984375 0.10944182656250001 0.1966120890625 0.1140625 0.1932268109375 0.1140625 0.1890139234375 0.0770175890625 0.1535620640625 0.059821315625 0.13240434375000001 0.054989590624999994 0.1226034109375 0.046377271875 0.1187053578125 0.02080034375 0.11440072500000001 0.0098273203125 0.11425355625 0.007397276562500001 0.1160338984375 0.000471178125 0.1317202515625 0 0.135619846875 0 0.18725324062499998
7 0.6890625 0.002744875 0.678364203125 0.011435817187499999 0.663148846875 0.018237287499999998 0.547981753125 0.0322704828125 0.43717833749999996 0.0428034796875 0.411503703125 0.0498899265625 0.3486282734375 0.0906993796875 0.326469484375 0.1126945703125 0.320599240625 0.1158835953125 0.3076122125 0.1293399984375 0.291594721875 0.1416814234375 0.262174165625 0.1556560234375 0.23542634062499998 0.1747471625 0.204037478125 0.1894563484375 0.1738557625 0.22430305781249998 0.15917779062499998 0.2463761984375 0.1541159890625 0.258372159375 0.15451469375 0.26970275312499997 0.1572741015625 0.27728246562500003 0.15827572343750002 0.278125 0.1625404375 0.278125 0.46241378437499997 0.2415852109375 0.4645518234375 0.2398404484375 0.5017762609374999 0.22095696718750002 0.522740515625 0.20751802812500003 0.5991750265625 0.1695091125 0.6180669671875 0.153848953125 0.636854896875 0.1352329859375 0.6650683109375 0.10112086093749999 0.678326390625 0.08119972187499999 0.68338819375 0.0692037625 0.6890625 0.0613355359375 0.6890625 0.002744875
4 1 0.10512306874999999 0.968518040625 0.1584168875 0.94441636875 0.1556076890625 0.9030947734375001 0.093710115625 0.862709059375 0.0651667734375 0.8505264796875001 0.0725285546875 0.8456345578125 0.0920309109375 0.8308860796875 0.10756172500000001 0.8301428453125 0.1187659015625 0.8370736921875 0.1261600375 0.88160809375 0.14640519999999999 0.9030003203125 0.1764983375 0.941323496875 0.19884224374999998 0.9211797359375 0.24824388593750002 0.9182304140624999 0.2723635328125 0.9556312640625 0.3 0.9697303578125 0.3 0.9712784546875 0.29987368124999997 0.9854272484375001 0.27643213437499997 1 0.2764568015625 1 0.10512306874999999
4 0.6890625 0.1898129234375 0.7159358359375 0.193636615625 0.7301973171875 0.21369870781250003 0.7397788890625 0.221875 0.7414179296875 0.221875 0.76591399375 0.2086617890625 0.7789761109375 0.21290241718749997 0.7805425359375 0.19154882812500001 0.7961148265625 0.200891078125 0.8050203828125 0.22032890625 0.8296875 0.21306459531250002 0.8296875 0.2126208765625 0.8144686562500001 0.19090316875 0.794595628125 0.1808505546875 0.7738273265625 0.17299356875 0.76970225 0.16059469375 0.7450972171875 0.17215396562500002 0.709396284375 0.163392846875 0.6890625 0.15744050625 0.6890625 0.1898129234375
4 1 0.4890625 1 0.34234841718750003 0.985846546875 0.34001064687500004 0.963304053125 0.35776935625 0.9563495921874999 0.37107227656249997 0.9605709921875001 0.405750353125 0.979637190625 0.4471768171875 0.9810244765625 0.4890625 1 0.4890625
4 0.6890625 0.28895078750000003 0.7660197453125 0.27385706249999997 0.7933833234375001 0.2986871625 0.8153025218750001 0.2937147765625 0.8368382953125 0.30469300625 0.8676545546875 0.291034990625 0.8760718687500001 0.27602077343750003 0.8645598124999999 0.2292021234375 0.8472926656249999 0.2115078609375 0.8292822828125 0.20501777031250001 0.7759707546875 0.195040384375 0.7553708609374999 0.21741638437500002 0.7131152546874999 0.22723200625 0.7003093765624999 0.2473801109375 0.6890625 0.24873415468750001 0.6890625 0.28895078750000003
4 0.7912124734375 0.4890625 0.7894055359375 0.47730822812499996 0.801731665625 0.45083153593749997 0.7973412328125 0.3508980015625 0.774845965625 0.32726259999999996 0.7266426218750001 0.3216442046875 0.6929006531249999 0.3387248140625 0.695779134375 0.37669633125 0.6890625 0.3895443234375 0.6890625 0.40506718125 0.6964751421875001 0.406886265625 0.7120395625 0.423127534375 0.7313220234375 0.4884153453125 0.7319286296875 0.4890625 0.7912124734375 0.4890625
4 0.6890625 0.4890625 0.730962296875 0.4890625 0.73083440625 0.488985775 0.7247746 0.46507059531249995 0.7166044046875 0.4413276125 0.7118881406249999 0.4491414609375 0.70920230625 0.45572834687499997 0.6993372578125 0.4236333484375 0.692334946875 0.44330790625 0.695084996875 0.45157382031250004 0.6890625 0.4586191390625 0.6890625 0.4890625
4 0.8683596796874999 0.38437085625 0.8502614671875 0.3837250203125 0.8257206500000001 0.41013709374999996 0.8031145609375001 0.44806547500000005 0.8069997640625001 0.45730005625 0.82362725 0.46655620468750003 0.8384799234375 0.466405575 0.8622696359375001 0.45809669687500004 0.8861235609375001 0.46464061875 0.908282634375 0.46283252656249996 0.9053884125 0.4386590453125 0.89785788125 0.42335417656249996 0.8920379484375001 0.40260328593750005 0.8935886312499999 0.39504773593750003 0.8683596796874999 0.38437085625
4 0.8139656046875 0.185041778125 0.831472628125 0.2059003359375 0.8535360000000001 0.216835515625 0.866902203125 0.23909323593749998 0.8739215031249999 0.27566559218750003 0.8897336687500002 0.2881721328125 0.9038667203124999 0.2785286234375 0.9030828843750001 0.25418294218750004 0.8906919140625 0.23078435625 0.8734405093750001 0.19929205625 0.8394659171875001 0.171286878125 0.8139656046875 0.185041778125
4 0.917264409375 0.27319026874999996 0.8885985156249999 0.28720346874999997 0.8715833578125001 0.296564753125 0.8823000828125 0.330168940625 0.902572896875 0.345495378125 0.926842359375 0.3435150859375 0.9458358499999999 0.3419652921875 0.9502322828124999 0.32993238593749996 0.9679307046875 0.32530439843750003 0.966331546875 0.304209109375 0.939807528125 0.29045403593749997 0.917264409375 0.27319026874999996
4 0.6890625 0.3838878484375 0.6980094593749999 0.37810627812500003 0.692700759375 0.3360879015625 0.7227416765625 0.3262076625 0.728448921875 0.30345490937499997 0.7375143937499999 0.325002265625 0.770305359375 0.323387940625 0.76293474375 0.31019260000000004 0.7428218453125 0.29697569218750003 0.738456896875 0.281412525 0.712316925 0.2867293109375 0.6890625 0.2893371609375 0.6890625 0.3838878484375
4 0.9816770859374999 0.4890625 0.9818905890625 0.46743929375000004 0.9785166203125 0.436937225 0.9624803234374999 0.40746835312499996 0.9363560921874999 0.3989871 0.9211521031250001 0.42251474843750003 0.9045888328125 0.42811140156249994 0.9051170515625 0.463090825 0.9088783203125 0.4890625 0.9816770859374999 0.4890625
4 0.758554053125 0.3084274703125 0.7950388234375 0.34153427187499996 0.794671765625 0.378709325 0.8037699671875 0.44270555468749995 0.8453053296874999 0.3883745765625 0.8522434234375 0.3538472203125 0.8147834187499999 0.32188128437499997 0.7898100796875 0.3005706578125 0.7880037828125 0.318759953125 0.7736466 0.3114411328125 0.7724472312499999 0.29561966562499997 0.758554053125 0.3084274703125
4 0.6890625 0.2501538875 0.6988865015625 0.24961878906249998 0.7095341421875 0.2360145203125 0.7218923796875 0.216964228125 0.7003087546875 0.21235763593749998 0.6890625 0.21158724062499998 0.6890625 0.2501538875
4 0.9610253390625001 0.40228063125 0.9452131734375 0.3897740890625 0.9109187500000001 0.3575498546875 0.8834352359375 0.33113760625 0.8678944281250001 0.294199284375 0.8409391359375 0.3027664609375 0.8086436546875 0.2969113359375 0.795245965625 0.3022496875 0.79232025625 0.3056722796875 0.8004262343749999 0.3145624640625 0.8341609562500001 0.33940335 0.8698461453125 0.3619625046875 0.8540182375 0.363254 0.8451454125 0.3862650484375 0.8708855984374999 0.375674440625 0.8935086734375 0.39399297187500004 0.9177466484375 0.4196087546875 0.9384664796875001 0.39881489999999997 0.9610253390625001 0.40228063125
5 0.19506001875 0.8250087578125 0.1881306640625 0.8151601859375 0.1834059609375 0.8050420203125 0.1798399765625 0.8014210109375 0.1516981671875 0.7842081265624999 0.1368028453125 0.7771777999999999 0.128210421875 0.776015571875 0.1198299171875 0.77814685625 0.11491190468750001 0.7765353046875 0.106069771875 0.7772477390625 0.0996349 0.775084025 0.089949459375 0.7799566578125 0.08590760625 0.7804509140625 0.08059860625000001 0.77851835 0.07733873125 0.779654634375 0.064355625 0.790831721875 0.06078470625 0.7986448921875 0.063648659375 0.8086217734375 0.0732207421875 0.8192536515625001 0.07772421874999999 0.8201782453125 0.0901701203125 0.81791865 0.0954555765625 0.8194852687499999 0.0954128546875 0.83608761875 0.1016308703125 0.846392 0.0984038484375 0.8537942921875 0.09525677187500001 0.86819448125 0.0905364375 0.8754105578125 0.090724809375 0.8783381218749999 0.1116640140625 0.88721115 0.1490909734375 0.8933303265625 0.1779348140625 0.9041873359375 0.18685689218749998 0.9104728015625 0.2095155703125 0.9172914390625 0.2166198921875 0.91875 0.2182913359375 0.91875 0.22398705 0.917734746875 0.24122392499999998 0.9093569125000001 0.2450067640625 0.9048372546875001 0.2453125 0.9034990421875001 0.2453125 0.8822536812500001 0.244319540625 0.8768905890625 0.2309695546875 0.859344190625 0.2169410921875 0.848519609375 0.19506001875 0.8250087578125
5 0.312811965625 1 0.30834893281250003 0.9961641374999999 0.3055698609375 0.9817509765625001 0.30315329375 0.9787270609375 0.3015093953125 0.9704451078125 0.299554459375 0.96884004375 0.2940756953125 0.9757800375000001 0.28980768281249997 0.9785149015624999 0.2861568171875 0.9793301718750002 0.27937805312499997 0.9775773359375 0.265905403125 0.9696353875 0.23864468749999998 0.943094134375 0.2265947078125 0.9342405640625 0.21698484218749997 0.9287768546875 0.20937997187500001 0.9265625 0.20500934843750002 0.9265625 0.19644099843750001 0.9375590796874999 0.1816206859375 0.9489608296875 0.1744459984375 0.9583211609374999 0.160610278125 0.967758384375 0.14246875781249999 0.98509864375 0.1324994859375 1 0.312811965625 1
5 0.3853437171875 0.797574334375 0.38363848749999996 0.7940946078125 0.384533825 0.7792321234375 0.382984115625 0.7724139531249999 0.383224515625 0.76463923125 0.3770300453125 0.7547007953125 0.363463209375 0.7452950625 0.355167584375 0.74299006875 0.34634900156250004 0.744068446875 0.340258025 0.7414938546875 0.340875171875 0.7395742609375 0.35212456406250003 0.7359856828125 0.36524895 0.72700426875 0.36335534375 0.7205969781249999 0.354682975 0.712436853125 0.3424068328125 0.7058238875 0.3231964046875 0.70079653125 0.2784677203125 0.696307896875 0.26794390468749996 0.69390655 0.2519791125 0.6932770265625 0.2448093578125 0.6912031781250001 0.2401268125 0.69325108125 0.2247693 0.7135703250000001 0.2043431875 0.7241822796875 0.1932914734375 0.7365984859375001 0.1705988171875 0.78105068125 0.1659113375 0.7945327640625 0.21257522187500003 0.8463631796875 0.229778684375 0.8604877578125001 0.24402837656249998 0.8805059109375 0.2454461109375 0.8910284687499999 0.24456501406250003 0.9003568375000001 0.24234612812499998 0.9061605515625001 0.2339042890625 0.9130940578125 0.21223457343750002 0.9216451375 0.2088191765625 0.9261198640625 0.209907259375 0.9315191828125 0.23609413125 0.9471270015624998 0.2550734625 0.9658291421874999 0.2714243078125 0.97821385625 0.2730824453125 0.9809616906249999 0.2805403625 0.984375 0.29243066875 0.984375 0.2936449046875 0.983979590625 0.29926494843749996 0.9792352703125001 0.30452685625 0.9804359421874999 0.3092000953125 0.9724879765625001 0.3156119828125 0.9455173234375 0.32126050781250004 0.9297047671875 0.3215764859375 0.9115937046875 0.3248883890625 0.8997551328124999 0.3280540796875 0.8971550671875 0.3325104625 0.8973477703124999 0.3451540453125 0.9039158 0.3554423953125 0.902657690625 0.3622118546875 0.8985104640625 0.366220853125 0.8917501984375 0.36793101875 0.883795746875 0.376994940625 0.863508465625 0.378149290625 0.8526713796875001 0.38373648125000004 0.8416610531250001 0.3823658390625 0.8318703859374998 0.379643165625 0.8240891765624999 0.37685915937500003 0.8211101921875 0.3994143421875 0.8205649859375 0.4033242203125 0.8237751171875001 0.4052649171875 0.8309143000000001 0.4086660734375 0.831973690625 0.4122462984375 0.8300605828125001 0.41664628437499995 0.82362133125 0.41875 0.81744861875 0.41875 0.8102722859375 0.41873813125000003 0.8100878296874999 0.41395209062499994 0.8047718906250001 0.39380416875 0.80244095 0.3853437171875 0.797574334375
5 0.4632223171875 1 0.47812826875000003 0.9869423203124998 0.4796875 0.983912725 0.4796875 0.9729920218749999 0.47220268125000003 0.9581609296875001 0.47058726406250007 0.9388107453125001 0.4660794140625 0.9205519125 0.46549074843750005 0.911403271875 0.4671067265625 0.9019850343750001 0.46548637656249997 0.8940690296875001 0.45817534374999996 0.889799509375 0.4523198296875 0.8908843734375 0.4474111234375 0.8951728843750001 0.4336745234375 0.8946397125000001 0.41918442968749997 0.8823962812499999 0.40277036875 0.859375 0.400115284375 0.859375 0.3933321484375 0.8604775234375 0.3903033765625 0.859375 0.3867480671875 0.859375 0.3789548546875 0.861497996875 0.375836259375 0.8648299546875 0.373188596875 0.875480825 0.36817146093750003 0.88383966875 0.3673752453125 0.8887317593749999 0.36407758281249997 0.8950362125 0.36022410312500003 0.898458034375 0.347161053125 0.9026372234375 0.344419203125 0.9118243093749999 0.34424944218750003 0.9206968703125 0.3416160203125 0.9258136218749999 0.3433070125 0.9348274671875 0.3424965546875 0.945253671875 0.33221257656250003 0.963846021875 0.3250378875 0.9732063546875 0.31765565156250003 0.996607415625 0.3183348703125 1 0.4632223171875 1
5 0.138195375 1 0.14007999375 0.9937815234375 0.1450122484375 0.989858959375 0.1504439171875 0.9821870718749999 0.15718983125 0.9776738999999999 0.16583428281249998 0.9681338390625001 0.1746671078125 0.9615213421875 0.182482490625 0.9506073656249999 0.1951452484375 0.9402071015625001 0.196875 0.9378062546875 0.196875 0.930257834375 0.1929975640625 0.9183402296875001 0.18816443124999999 0.9122924000000001 0.1776548578125 0.9043569328124998 0.1416412625 0.8914260765625001 0.11731020781249998 0.8873937203125 0.10656022968750001 0.8872329796875 0.10072826718750001 0.8886837906249999 0.0886591125 0.896798515625 0.08102279531249999 0.9047399953124999 0.0784129203125 0.91022269375 0.07267458125000001 0.94190570625 0.0742571453125 0.9549898828125001 0.0699371046875 0.9684270343750001 0.0636385796875 0.9798931750000002 0.06521183593749999 0.9870772890625 0.0639074515625 1 0.138195375 1