9 0.6966646328125 0.5414645859375 0.7147327890625 0.583903290625 0.7576138390625 0.653849871875 0.76867939375 0.664257884375 0.8111935390625 0.6260956765625 0.8751788703125 0.591356553125 0.8946216015624999 0.3684461578125 0.869483553125 0.33218668125 0.8527567812499999 0.33676645625 0.7518141109375 0.39587708906249996 0.716708271875 0.41150066093750004 0.6751828484375 0.4508066546875 0.6966646328125 0.5414645859375
9 0.7256568859375 0.05931541875 0.6177391171875 0.12351845312500001 0.6103848390625 0.132958171875 0.6503945125 0.1983865578125 0.700278165625 0.300363834375 0.711438515625 0.3096850140625 0.7327837546875 0.302072584375 0.842069425 0.234666021875 0.864457415625 0.2150984609375 0.8649313953125001 0.2096643109375 0.7672373171875 0.0942556109375 0.74392789375 0.074469459375 0.74251921875 0.065660903125 0.7256568859375 0.05931541875
9 0.634179421875 0 0.5762544625 0.174836534375 0.5812928796875 0.179468646875 0.6452613015625001 0.1948412765625 0.6469135968749999 0.1883772578125 0.6152336640625 0.1397639421875 0.6129310625 0.1287247671875 0.726645609375 0.060459207812500006 0.7383747328125 0.06325940937499999 0.743738303125 0.07664311875 0.7611153828125 0.08956653906249999 0.782582921875 0.11799037187500001 0.8018426562500001 0.1342882 0.8054183687500001 0.1432106734375 0.8130978015625001 0.142522553125 0.8548118312499999 0.013697792187499998 0.8546762703124999 0.002772534375 0.8392662234375001 0 0.634179421875 0
9 0.48476975156249996 0.6122117031250001 0.5442542890625 0.55419714375 0.5807412953125 0.5102590359375 0.5902218453125 0.4889211453125 0.6020997968749999 0.47753560000000006 0.6173771265625 0.4521351828125 0.618040696875 0.44452737343750004 0.47398563437499996 0.3365078921875 0.4499178453125 0.3254163796875 0.43615724375 0.33342751875 0.3970832484375 0.3695869421875 0.3787449515625 0.3926428265625 0.31919312031249997 0.4888673078125 0.2962638625 0.5520789421875001 0.313966096875 0.5737539625 0.3544630109375 0.6086371921875 0.41874332656249996 0.657872425 0.42731668906250003 0.6594149218750001 0.4494743203125 0.6300089343749999 0.48476975156249996 0.6122117031250001
2 0.150362146875 0.165723728125 0.1470444109375 0.2037614765625 0.1592084546875 0.21405484062500002 0.2035114390625 0.267698975 0.22404428437499999 0.2818801 0.24334478437499998 0.3101900171875 0.2547895203125 0.3162507078125 0.2849925078125 0.30692028437499996 0.29766958906249996 0.2988521859375 0.3253396125 0.2686441609375 0.3369872046875 0.2474201875 0.36998003125 0.21858378125 0.373095028125 0.20782939687500002 0.2835951296875 0.09831051406249999 0.26574407031249997 0.0908212421875 0.253974178125 0.076008953125 0.24756785781250001 0.0745803734375 0.2302723109375 0.0856811265625 0.1938800984375 0.1285324046875 0.150362146875 0.165723728125
2 0.3070307859375 0.50351334375 0.3133423125 0.5060287546875 0.35601854374999997 0.42856979375000004 0.4089611984375 0.358201396875 0.392301715625 0.324571246875 0.3364184296875 0.2539411671875 0.2918728078125 0.3029147125 0.2471100875 0.3169388296875 0.20940399843750002 0.3498947203125 0.21180139687500002 0.359847065625 0.262551471875 0.42693186718750004 0.3070307859375 0.50351334375
9 0.5561435328125001 0.343010384375 0.50176371875 0.280102028125 0.4896686734375 0.256538140625 0.467537565625 0.23572211875 0.45227349375000003 0.23601153125000002 0.40801225937499996 0.281724590625 0.40677991406249997 0.29585338125 0.398626503125 0.301975653125 0.38779130781250004 0.30140606875 0.380721415625 0.307585296875 0.3946043171875 0.3356104203125 0.41249614218749997 0.35511178125 0.42036516874999996 0.3522499984375 0.43507372499999997 0.33337056249999997 0.45199008906250004 0.326617125 0.472902115625 0.3364509328125 0.49296098125 0.3560662078125 0.5199949421875 0.3705890859375 0.541529771875 0.3608029953125 0.5561435328125001 0.343010384375
9 0.6490040140625 0.601192515625 0.654042428125 0.6058246265625 0.658458040625 0.6300766359375001 0.66378084375 0.631448259375 0.700484946875 0.6224595828124999 0.725744315625 0.60741021875 0.6977481531249999 0.5415215421874999 0.6872238671875001 0.487469459375 0.674614075 0.4573276328125 0.676361165625 0.449776784375 0.702378896875 0.4260327765625 0.7263651531249999 0.4131001140625 0.7279226515625 0.40772292187500003 0.723872959375 0.4042346 0.717371840625 0.4038928484375 0.688861915625 0.4187713390625 0.6032781109375 0.47650572812499997 0.5890435328125 0.4899510171875 0.5742809453125 0.521929375 0.5625925890625 0.5311412625 0.56803769375 0.56854914375 0.587243396875 0.5979458906249999 0.5975098187500001 0.6050364546875 0.6105120546875 0.6057199546875001 0.6490040140625 0.601192515625
9 0.7546476671875 0.6504185078125 0.7464534890625 0.644528690625 0.7036814796875 0.6357293765625001 0.6622233453125 0.6368254515625 0.70311466875 0.816940565625 0.711214053125 0.8239172109374999 0.7652004406249999 0.8289387874999999 0.7721347703125 0.8118342999999999 0.7863551046875 0.7361549125 0.7546476671875 0.6504185078125
9 0.6548415624999999 0.6091420765625 0.6500875328125 0.601249475 0.643586415625 0.600907725 0.569473871875 0.6144807953125 0.5549141375 0.6191744875 0.5519887328124999 0.627755209375 0.5892218265625 0.6875785734375001 0.6129512015625 0.715029490625 0.6234072140625 0.71994639375 0.6331456296875 0.7455700234375 0.6675613765625 0.7877762749999999 0.6570921000000001 0.807970378125 0.6370199734375 0.8134661062499999 0.62405850625 0.82479469375 0.6214174875 0.830114925 0.6279186046875 0.8304566765624999 0.698780590625 0.81671273125 0.7026947203125 0.809275796875 0.6548415624999999 0.6091420765625
9 0.6675613765625 0.7877762749999999 0.62316359375 0.735218971875 0.6170956875 0.717430984375 0.5905897343750001 0.6843750375 0.55326184375 0.6256385078125 0.526471503125 0.5958430546875 0.4540795234375 0.6520872843750001 0.453321159375 0.6607819234375001 0.46645895781249996 0.67239068125 0.4700754359375 0.693325240625 0.4450464296875 0.7182130328125 0.43491557031249994 0.7220477296875 0.43335807187500003 0.7274249203125 0.49070406093749996 0.7937646421875 0.49616242499999996 0.8060615203125 0.53915153125 0.84981026875 0.552614484375 0.8701706234375 0.5591156015625 0.870512375 0.6390922171875 0.8146668546875 0.6675613765625 0.7877762749999999
2 0.41963823749999996 0.7474481484375 0.4380305671875 0.7112933453125 0.4582515171875 0.69161186875 0.46400753124999994 0.6755372562499999 0.44088769843750003 0.6535774421875 0.427411484375 0.65832809375 0.41577715625 0.6544410609375 0.3190045125 0.578386071875 0.29400202656249996 0.5530518546875001 0.2875957046875 0.5516232765625 0.266291234375 0.57124779375 0.24267089999999997 0.604944140625 0.2098676640625 0.6316068875 0.18049131406250002 0.6813778546875 0.1757240265625 0.6985962578125 0.22281685312500002 0.732734409375 0.270234834375 0.7756241609375001 0.3541540671875 0.8368099000000001 0.3660320140625 0.8254243562499999 0.41963823749999996 0.7474481484375
9 0.1789878453125 0.673656128125 0.1882247765625 0.667590815625 0.189551915625 0.65237519375 0.20176828125 0.6246302406249999 0.217098659375 0.4987858015625 0.2127238125 0.48654588125 0.1822364390625 0.4991367953125 0.12046392343750001 0.508506053125 0.1102470578125 0.6256421671875 0.11714569374999999 0.646385325 0.11751161562500001 0.6671490109375 0.12570579531249998 0.6730388281249999 0.14304210781249999 0.6739501609375 0.1789878453125 0.673656128125
9 0.227715775 0.37706084687499997 0.2108126734375 0.3587032765625 0.20949879375 0.348807890625 0.22264985468749998 0.3353056421875 0.20295690937500002 0.336454053125 0.1976075859375 0.385304440625 0.202050703125 0.4466795421875 0.197080559375 0.4911826140625 0.2126290171875 0.487632709375 0.22048478125 0.509881934375 0.229762478125 0.515828709375 0.2490762390625 0.51902761875 0.3039157890625 0.5142677265625 0.30999695781250003 0.5069447078125 0.277897075 0.4506666265625 0.24178826875 0.4029123109375 0.227715775 0.37706084687499997
9 0.518483125 0.824703884375 0.4962572203125 0.8049746921875001 0.4828890640625 0.7835275046875 0.44917765625 0.7457255328125 0.4427713328125 0.7442969546875 0.387756434375 0.8134646046875 0.5372566015625 0.9588919718750001 0.5559475609375 0.981710778125 0.5710271203125 0.9910041156249999 0.57175093125 0.9909788390625 0.599816353125 0.96545604375 0.6364929484374999 0.9193442781250001 0.6575130328125 0.9029802484375 0.7031421765625 0.8540636578124999 0.7063519687500001 0.8422224453125 0.6831373375 0.8213494640624999 0.649074253125 0.8250179046874999 0.6168938171875 0.8320607531249999 0.5800408906250001 0.855235175 0.5692464625 0.8666776781250001 0.5537928 0.869140753125 0.518483125 0.824703884375
9 0.2906728828125 0.790892115625 0.20228400937500002 0.7185532828125 0.1875887125 0.7123217171875 0.15500257343749999 0.7739338953125 0.2887504453125 0.862850725 0.34447066406250004 0.8854324578125 0.37338727656250004 0.903329740625 0.44710737656250005 0.919214996875 0.457820271875 0.883748315625 0.3968445421875 0.8215850390625 0.38756684375 0.8156382656250001 0.372492365625 0.8137540171875 0.3601404375 0.8305737140625 0.3522714140625 0.8334354953125 0.2906728828125 0.790892115625