10 0.3890625 0.6028233421875 0.3947258453125 0.606935328125 0.4535720890625 0.614509865625 0.4608047421875 0.630867928125 0.49104874687500005 0.6346214578125 0.5055939125 0.6323580984375 0.5103150968750001 0.618839784375 0.5776275296875 0.616073153125 0.597151234375 0.5902877015625 0.6003903703125 0.5068779046875 0.58444301875 0.4042703 0.5930156875 0.34728981875 0.567901096875 0.35664973125 0.5127998546875 0.35225233437500003 0.47852687187500004 0.3669852671875 0.43653314375 0.373707865625 0.4438368125 0.46168093906249996 0.43257518125 0.463809340625 0.392968665625 0.45211295781249994 0.3890625 0.452559428125 0.3890625 0.6028233421875
10 0.62064174375 0.36780628437499996 0.624360128125 0.3826432546875 0.6692735546874999 0.43242878124999995 0.7156246312500001 0.46883095468749997 0.7428424578125 0.46271566562500005 0.747936321875 0.2859597734375 0.7632535515625 0.25368508125 0.747430453125 0.1993728328125 0.7496401718750001 0.155978146875 0.7414313359375 0.156315540625 0.73901750625 0.1863943515625 0.7278357328125 0.153543271875 0.7154204265624999 0.14739142656249998 0.688664071875 0.156818815625 0.6529268140625 0.19659493125 0.62064174375 0.36780628437499996
10 0.7611858687499999 0.4403097921875 0.7792186812499999 0.451227353125 0.8746186421874999 0.47228928281250004 0.8955001375 0.4680999578125 0.9063535390624999 0.43933980312500004 0.9058742921875 0.3410930359375 0.8970264921875 0.313142628125 0.8745830890625002 0.2824199515625 0.7860075500000001 0.2510843265625 0.7642031109375 0.248649453125 0.751042359375 0.2608491109375 0.7439339625000001 0.292786409375 0.743978359375 0.37606124687500003 0.7525421828125 0.42567526093749997 0.7611858687499999 0.4403097921875
10 0.7457710015625001 0.41262929843749996 0.7403043703125001 0.4444991171875 0.7433039296875 0.4660277625 0.7526664390625 0.47397061875 0.9253536890625 0.5401564 0.9579582859375 0.5371507734375001 0.9727608062499999 0.5248836375 0.978893021875 0.5096417953125 0.9886459875 0.4492817359375 0.9846968687500001 0.4327887171875 0.966921409375 0.4118673828125 0.905998546875 0.3893883953125 0.9042503015625 0.43609518124999996 0.8952960234375 0.45478407968749995 0.82470005625 0.45768567187500003 0.77898794375 0.4495713015625 0.7457710015625001 0.41262929843749996
10 0.7102567421874999 0 0.6453480140625001 0.023690967187500002 0.6235435765625 0.0212560953125 0.6225141578125 0.061271204687500004 0.630873865625 0.097569340625 0.6144562 0.098244128125 0.593548084375 0.11409327968750001 0.6103473609375 0.1517100734375 0.614039125 0.17820686875 0.603416459375 0.2086230734375 0.6597512359375 0.18632123750000001 0.699694965625 0.15303436406249998 0.7447148718750001 0.1561805828125 0.8709800296874999 0.1143491796875 0.8911959390625 0.0935318796875 0.8949941812500001 0.07338936874999999 0.8730122484375 0.0459787890625 0.8807862312499999 0.030669470312500002 0.86652504375 0.0112692234375 0.8444898703125 0.007178298437499999 0.8401231187499999 0 0.7102567421874999 0
0 0.41554710625 0 0.41841740468750005 0.02246975 0.419387690625 0.07683728906250001 0.417725228125 0.12020948437500001 0.41394473125 0.1325787796875 0.41077065625 0.15325081406250002 0.43165215 0.14906149062500001 0.44458216874999995 0.13520578125 0.4865315 0.045208343750000005 0.48140208281249997 0.032094904687499995 0.46852530468750003 0.022630957812499998 0.458849296875 0 0.41554710625 0
6 0.731039496875 0.49651144843750006 0.763848209375 0.506821696875 0.777186459375 0.5195977453125 0.778570871875 0.529534040625 0.7686936515625 0.5415987421875 0.7318559578125 0.5497749546875 0.7318027203125 0.573094609375 0.782617625 0.6059822453125 0.831870625 0.603957878125 0.8468506421875001 0.6166664484375 0.8656022796875 0.6208923265624999 0.8914090765625 0.6165005671875 0.907649246875 0.5908500734375 0.929018834375 0.5783130234375 0.9280958921875001 0.5716888234375 0.915680584375 0.565536978125 0.9102671953125 0.574087140625 0.8919770249999999 0.5731733578125 0.8700217125 0.534102953125 0.84170345 0.508618340625 0.762978509375 0.4768778453125 0.73250376875 0.4714682640625 0.731039496875 0.49651144843750006
8 0.3890625 0.23943671718749998 0.407043428125 0.24500833906250002 0.4451856703125 0.28174790625 0.42707300000000004 0.305809828125 0.434891378125 0.3737753453125 0.44356168125 0.37675005 0.5664900656249999 0.35837325937500003 0.5848334734375 0.3359673875 0.5807068578125 0.294498665625 0.547232559375 0.26756043906250004 0.4377755234375 0.240414140625 0.41879314843750004 0.23453220937500002 0.412714171875 0.22645439843749998 0.4037865140625 0.23348346874999998 0.3890625 0.23086980625 0.3890625 0.23943671718749998
8 0.46227776875000004 0.19110660156249998 0.48120690312500003 0.2203081859375 0.49641765312499997 0.2346728015625 0.5240703296875 0.24352943906250002 0.5648837609374999 0.24018641718749997 0.595411740625 0.22227634375 0.6151661796875001 0.19814694375 0.61968325 0.171312753125 0.614118984375 0.1432273859375 0.5987041203125 0.11554689375 0.5591242234375 0.09219068281250001 0.5216209453125 0.08373891875 0.475624859375 0.097288153125 0.4624374875 0.12114763906249999 0.455071734375 0.1630887140625 0.46227776875000004 0.19110660156249998
10 0.3890625 0.4620989921875 0.400834359375 0.46511393125 0.4225530109375 0.47088339843749993 0.44288724999999995 0.4667165671875 0.45010510468750003 0.4553163484375 0.44675648125 0.4154811828125 0.42540461093750004 0.31753713281249996 0.40835980000000005 0.2505060109375 0.3890625 0.2442493453125 0.3890625 0.4620989921875
10 0.3890625 0 0.3890625 0.229062934375 0.40388117343749996 0.22626226875 0.4000178375 0.20643465781249998 0.40414147500000003 0.18072699375 0.40843668125 0.14835014375 0.4206833671875 0.1256396796875 0.41983730937499997 0.0168596109375 0.41874518437499997 0 0.3890625 0
7 0.3890625 0.7187561625 0.375720640625 0.720725453125 0.366300925 0.7269515796875 0.3407610671875 0.7505287968750001 0.33294493593749996 0.7648510328125 0.32424467031250004 0.7718998703125 0.3166724765625 0.7918687953125 0.32906160624999997 0.8042468703125 0.3703562671875 0.8076319484375001 0.3890625 0.8023495625000001 0.3890625 0.7187561625
7 0.3890625 0.6890625 0.3290053296875 0.6890625 0.3380901078125 0.7045325671875 0.338577984375 0.715825946875 0.34329711875 0.724800903125 0.3413096453125 0.7368421406250001 0.336840634375 0.7415725546874999 0.3227079671875 0.7468824062499999 0.31487946875 0.74508728125 0.3073617890625 0.7320174875000001 0.30727635625 0.724762803125 0.29744801249999997 0.71889155625 0.259623015625 0.761521421875 0.25311201250000004 0.8113317890625 0.25958705000000004 0.8187361796875001 0.2682935015625 0.8197460218750001 0.283700378125 0.809630903125 0.3008693421875 0.8060038984375 0.3119657109375 0.7990112 0.328317421875 0.7711894390625 0.387207084375 0.7016540890625 0.3890625 0.6971868031249999 0.3890625 0.6890625
7 0.20596567187499998 0.6890625 0.23755785937499999 0.7336054234375 0.247069196875 0.7426926593750001 0.25417824843750003 0.743665075 0.27086551718749996 0.73680336875 0.289863453125 0.72274311875 0.2911314765625 0.709879171875 0.26378688906250003 0.6890625 0.20596567187499998 0.6890625
7 0.11946518125000001 0.6890625 0.1193192984375 0.6905424640625 0.1222032765625 0.7018919828125 0.1345193390625 0.7231327359375 0.17249161562499998 0.7683443578125 0.18776472500000002 0.7920719515625001 0.21788376562499998 0.803253725 0.2277182921875 0.8171836546875 0.237942890625 0.8190349203125 0.2490392609375 0.8120422218750001 0.2529473265625 0.8048811046875001 0.2546908609375 0.787193175 0.25269101875 0.783117053125 0.24869751718750002 0.7830234859375 0.2497154203125 0.75645416875 0.23155833124999997 0.7213770546875 0.2090860078125 0.6890625 0.11946518125000001 0.6890625
10 0.7421208078125 1 0.7507535515624999 0.9818100812499999 0.734930453125 0.9274978328125 0.737140171875 0.884103146875 0.7289313359375 0.8844405406250001 0.72651750625 0.9145193515625 0.7153357328125 0.881668271875 0.7029204265625 0.8755164265625 0.6761640718749999 0.884943815625 0.6404268140625 0.92471993125 0.6262313640625 1 0.7421208078125 1
10 0.8086113874999998 0.6890625 0.80254455 0.6898786109375 0.6328480140625 0.7518159671875 0.6110435765625001 0.7493810953125 0.6100141578125 0.7893962046875 0.618373865625 0.825694340625 0.6019562 0.8263691281250001 0.581048084375 0.8422182796875 0.5978473609374999 0.8798350734374999 0.6015391250000001 0.90633186875 0.590916459375 0.9367480734375 0.6472512359375 0.9144462375 0.687194965625 0.8811593640625001 0.732214871875 0.8843055828124999 0.8584800296874999 0.8424741796875 0.8786959390625 0.8216568796875 0.88249418125 0.80151436875 0.8605122484375001 0.7741037890625 0.8682862312499999 0.7587944703125 0.8540250437499999 0.7393942234375 0.8319898703125 0.7353032984375 0.8191397125 0.7141795281250001 0.8273751656249999 0.70218230625 0.8468456296875001 0.6997165078124999 0.855542553125 0.6910313875 0.84980388125 0.6890625 0.8086113874999998 0.6890625
0 0.40688769062499996 0.8049622890625001 0.40522522812500006 0.848334484375 0.40144473124999996 0.8607037796875 0.39827065625 0.8813758140625 0.41915215000000006 0.877186490625 0.43208216874999994 0.86333078125 0.4740315 0.77333334375 0.4689020828125 0.7602199046875 0.4560253046875 0.7507559578125 0.446227946875 0.7278411765625 0.44605045 0.7028654734375 0.44066367968750003 0.699755809375 0.40713614062500003 0.6961372390625 0.3998502484375 0.7030988328125 0.40591740468750004 0.75059475 0.40688769062499996 0.8049622890625001
8 0.44977776875000003 0.9192316015625 0.468706903125 0.9484331859375 0.48391765312499996 0.9627978015625 0.5115703296875 0.9716544390624999 0.5523837609375 0.9683114171874999 0.582911740625 0.95040134375 0.6026661796875 0.92627194375 0.6071832500000001 0.8994377531250001 0.601618984375 0.8713523859375 0.5862041203125 0.8436718937500001 0.5466242234375 0.8203156828125 0.5091209453125 0.81186391875 0.463124859375 0.825413153125 0.4499374875 0.8492726390625001 0.44257173437499997 0.8912137140624999 0.44977776875000003 0.9192316015625