5 0.34212581875 0 0.3366187625 0.006471959375 0.3988882984375 0.06841391718749999 0.4461284046875 0.0728361078125 0.44323561875 0.09897135781250001 0.502727565625 0.1578125 0.5069064109375 0.1578125 0.5248702078124999 0.1495230734375 0.5241434578125 0.1263497546875 0.5445968609375 0.134865928125 0.5574460390625 0.12286572968750001 0.5867710374999999 0.155317671875 0.6110212234375 0.12953133125 0.63125 0.0768738359375 0.63125 0.0749245875 0.6120989125 0.060316346875 0.5956230921875 0.0158642046875 0.584928328125 0 0.34212581875 0
1 0.04468755 0.222154384375 0.056092110937499995 0.23807537656250002 0.1120194609375 0.23835965781250001 0.044871903125 0.250228065625 0.0597187546875 0.294527715625 0.049765915625000004 0.31009980000000004 0.0454302875 0.37900980781250004 0.058424920312499996 0.4078125 0.060210125 0.4078125 0.1234400125 0.38796275156250004 0.24090126406249998 0.352747834375 0.3257849078125 0.3293366953125 0.334375 0.27837824843750003 0.334375 0.27166630937499997 0.29609120624999996 0.24073739062500002 0.2767190453125 0.19271336562500002 0.24522267812499998 0.16500929375 0.20087891249999998 0.1641589859375 0.082510109375 0.177834034375 0.04468755 0.222154384375
1 0.0828125 0.159298328125 0.0828125 0.16020805625 0.094806865625 0.175 0.10373715624999999 0.175 0.160511853125 0.1687782390625 0.2359375 0.16440338593749998 0.2359375 0.16362335 0.1905511640625 0.12042853437500001 0.1782355015625 0.0532605421875 0.138055446875 0.059401512499999996 0.13606665625 0.077369496875 0.1027694046875 0.1254142203125 0.0828125 0.159298328125
5 0.35699346875 0.11562559375 0.3692949203125 0.0639650546875 0.31010963125 0.06337579531250001 0.23155928750000002 0.0741767765625 0.193371575 0.0920569 0.2111147671875 0.13992843906250002 0.2665032734375 0.174820209375 0.29800319218750004 0.2322314140625 0.3651086828125 0.2609375 0.36788516875 0.2609375 0.391758434375 0.2327560453125 0.4029750890625 0.190896225 0.42776767031249996 0.1602095265625 0.422155790625 0.151432303125 0.44375 0.137948325 0.44375 0.13561561718749998 0.43482239375000004 0.126211990625 0.44375 0.10309755000000001 0.44375 0.09519380937500001 0.4431427078125 0.080780284375 0.41219229375 0.07788298593750001 0.3940928328125 0.07783905625000001 0.384139996875 0.093411140625 0.3841435484375 0.1231182734375 0.35699346875 0.11562559375
8 0.0741722171875 0.45580369374999996 0.088547121875 0.471875 0.0945876921875 0.471875 0.11453484843749999 0.4628828328125 0.127564825 0.4492491796875 0.163219571875 0.43938383437499995 0.20014169062499998 0.43293788125 0.20394025 0.4134889359375 0.2046875 0.40058609843750004 0.2046875 0.3811619578125 0.1939803046875 0.36964675156250004 0.14077027343749998 0.3894213765625 0.11706070625000001 0.395453790625 0.07706145 0.3999613078125 0.062583303125 0.4118090203125 0.0741722171875 0.45580369374999996
5 0.206458915625 0.377314025 0.2051986515625 0.43330889531250005 0.18782416562499998 0.44158472031249996 0.19819969843750002 0.4578125 0.20664700625000001 0.4578125 0.30981427968749997 0.4398013109375 0.322840703125 0.39646052656249997 0.353060815625 0.34647737031250003 0.2587631765625 0.3508530984375 0.19596012812500002 0.3680793328125 0.206458915625 0.377314025
5 0.659375 0.063276996875 0.63671456875 0.062423375 0.6325544125 0.085139228125 0.628211678125 0.0946349671875 0.6182606171875 0.12506061875000002 0.659375 0.17943094375 0.659375 0.1204100625 0.658440671875 0.11891964531250002 0.659375 0.11775836718749999 0.659375 0.063276996875
2 0.659375 0.2612789078125 0.668497934375 0.2661848640625 0.688603090625 0.28125 0.6953575796875 0.28125 0.7191245734375 0.2778147265625 0.7590744625 0.2514418421875 0.7732131265625 0.24492241250000002 0.78694561875 0.233030796875 0.7925273515625 0.23589856875 0.80633426875 0.25724523593750004 0.8112810125 0.25816516875 0.8129716968749999 0.254723775 0.8200594921875 0.25170824999999997 0.8314293875000001 0.240821809375 0.8591825015625 0.227300253125 0.8666982749999999 0.2105930265625 0.8651474421875001 0.1900810484375 0.867111140625 0.1773490609375 0.8661880249999999 0.16513955 0.867243721875 0.1597503171875 0.8725742531249999 0.15284479687500002 0.875 0.13374873125 0.875 0.12392611718749999 0.81612195 0.122219240625 0.7601575140625 0.12384952656249999 0.7564438203125 0.1263368921875 0.75167443125 0.1342134890625 0.7365539171875 0.1470989140625 0.7202076234375 0.15022241249999999 0.706068959375 0.1567418421875 0.6938867234375 0.1568839125 0.682981734375 0.1545670328125 0.6664508171875 0.1552486296875 0.659375 0.161982853125 0.659375 0.2612789078125
7 0.659375 0.3646958578125 0.6650339765625 0.3673645734375 0.6756804953125 0.366262790625 0.6832555796875 0.3632415828125 0.6886896124999999 0.36415583125 0.68931733125 0.3724582984375 0.6937325890625 0.3792501640625 0.69019625 0.390534059375 0.691577 0.39589487968750003 0.7026666125000001 0.40065365937499997 0.729667271875 0.4223352734375 0.7377842609374999 0.425 0.7445219546875 0.425 0.7701934140625 0.41648573125 0.77608508125 0.41055128906249994 0.78143015 0.3909365109375 0.7890625 0.3771900890625 0.7890625 0.3683584421875 0.7813188015625 0.35720985 0.7355572125000001 0.31961626249999997 0.72791555 0.3153060828125 0.6959754171875 0.28634990781249997 0.6873961 0.2825394734375 0.6671363765625 0.2661561671875 0.659375 0.26177846250000003 0.659375 0.3646958578125
2 0.7910233 0.23328512968749998 0.7842750984375 0.23434145 0.775304725 0.24471109531250002 0.7523137328125 0.256710684375 0.71243769375 0.28406033124999996 0.7086356109375 0.2982801921875 0.7300914625 0.3175824125 0.733804284375 0.31875 0.7417229453124999 0.31875 0.7489111265624999 0.31491888125 0.7900644124999999 0.2851102828125 0.809375 0.263397621875 0.809375 0.2633298484375 0.8069639984375 0.2570509703125 0.804416778125 0.2556142421875 0.800865325 0.24734587187499998 0.798318103125 0.24590914531250002 0.7975354171875 0.242007784375 0.7910233 0.23328512968749998
2 0.8268857015625001 0.44060312812499997 0.8198790265625 0.43824078593750004 0.8211344625000001 0.45484572031250003 0.824316671875 0.4582302859375 0.82426520625 0.4704511625 0.82913083125 0.47674896406249995 0.8318112109375001 0.49284846875 0.8364183640625 0.4957276046875 0.8527727265625 0.5 0.8692407359375001 0.5 0.8703125 0.4991325796875 0.8703125 0.48968922656249997 0.8696866296875001 0.4777424296875 0.8659578203125001 0.460677528125 0.8600068437499999 0.452925953125 0.8445758203124999 0.44235206875 0.8335969796875 0.43905842812499996 0.8268857015625001 0.44060312812499997
6 0.659375 0.6106981218749999 0.67000420625 0.6210252390625 0.692028465625 0.634943909375 0.69960979375 0.6375 0.715625946875 0.6375 0.72426341875 0.6355456046875 0.739568553125 0.6251020828125 0.738977759375 0.6172879953125 0.7453125 0.599397221875 0.7453125 0.593466203125 0.745267753125 0.5908188437499999 0.7422405125 0.5830331734375 0.733557690625 0.5714029671875 0.7242695359375 0.5646679328124999 0.7262998125 0.5592673328125 0.7218772828125 0.558830096875 0.7225861218749999 0.561754696875 0.7201496734375 0.5617831125 0.7169305406250001 0.557910165625 0.7022822015625 0.5512376406249999 0.6788106140625 0.5246267609374999 0.6673148296875 0.51449579375 0.659375 0.5094564312500001 0.659375 0.6106981218749999
8 0.800669165625 0.40935215312500006 0.7897994859375 0.4089357921875 0.765090640625 0.4190001703125 0.751710853125 0.42838930625 0.7345410390625 0.437822640625 0.734746175 0.4405358640625 0.732285175 0.44382330625 0.7404806421875 0.451874578125 0.7515964890625 0.45554680937500003 0.7584548484375 0.46741554062499996 0.7583566390625001 0.480451646875 0.7704571390625 0.4971473546875 0.77264774375 0.5117861390625 0.7841906562500001 0.5426095578125001 0.7957826765625 0.5669149234375 0.7887359703125 0.5740577078125 0.7931530890625 0.578125 0.8055399718749999 0.578125 0.8285148015624999 0.5697919375 0.8447248343750001 0.5619991671875 0.8670217843750001 0.5487041765625 0.8828125 0.5372090734375 0.8828125 0.536923296875 0.85741459375 0.5004782359375 0.8364709031249999 0.495834371875 0.8348217343750001 0.4811892734375 0.8252562109374999 0.46935211250000003 0.8270197453125 0.45683970937499996 0.800669165625 0.40935215312500006
1 0.659375 0.49330230625000004 0.6807798125 0.505017765625 0.7185327875 0.524129928125 0.73927941875 0.5189998671875 0.7542095265625 0.501445803125 0.7607309515624999 0.48018793750000005 0.7587044578125 0.46771973281249996 0.7500576875 0.4536993640625 0.7373175453125 0.450046078125 0.7089000859375 0.42539380781249997 0.6844697140625 0.41047126250000004 0.67536420625 0.43338863437499997 0.661049509375 0.4590823734375 0.659375 0.463257359375 0.659375 0.49330230625000004
10 0 0.6890625 0 0.9553761796875 0.17848843125 0.9354927203125 0.18175695625 0.9321074546875 0.21041093437499997 0.915320234375 0.23566915625 0.8958901421875 0.2483469328125 0.88994611875 0.256437240625 0.883506084375 0.2654300234375 0.8729373078125 0.274086290625 0.86693775 0.2765625 0.8595173703124999 0.2765625 0.8567582703125 0.2676605171875 0.8057199203125001 0.2599262140625 0.7733488234375 0.253405875 0.7252331953125 0.2456435 0.6890625 0 0.6890625
9 0.4808409625 0.6890625 0.5161638 0.794140509375 0.5199692421875 0.7953125 0.527748203125 0.7953125 0.53210523125 0.7933717 0.5368087625 0.7953125 0.5369414875 0.7953125 0.5402803609375 0.7909504203125 0.548468003125 0.7920524265625 0.5525493109374999 0.78908014375 0.5593283140625 0.790842596875 0.5608690578125 0.7876498062499999 0.5687076703125 0.78979774375 0.57158475 0.7854490359375 0.5808320015625 0.7869365265625 0.5916074874999999 0.7817079421875001 0.5981695609375 0.7819839828124999 0.600348578125 0.7797271421875 0.6251632015624999 0.774445184375 0.6329767828125 0.769546553125 0.634375 0.7671316625 0.634375 0.760108959375 0.629072090625 0.7427911468749999 0.623195571875 0.736899953125 0.5937309046875 0.724069471875 0.5778251546875001 0.6890625 0.4808409625 0.6890625
4 0.3438318125 0.6890625 0.34501732500000004 0.69718576875 0.354965415625 0.717225634375 0.3439855140625 0.724491096875 0.3197368484375 0.730213528125 0.31025318749999997 0.7614815390625 0.3069575390625 0.787024953125 0.3190498734375 0.81488236875 0.3213597890625 0.8375 0.3220470015625 0.8375 0.330827946875 0.833711325 0.3546481546875 0.8375 0.3612971625 0.8375 0.37395491718749996 0.8198435578125001 0.3835386890625 0.8167618296875 0.40244202187499994 0.815663065625 0.40193308437499997 0.7915505281249999 0.39578958124999997 0.7700797828125 0.3889730390625 0.757747471875 0.3925579265625 0.734185940625 0.39404861874999997 0.7169000046875 0.39652421250000003 0.6890625 0.3438318125 0.6890625
4 0.41800695781249997 0.6890625 0.4252083875 0.7104076781249999 0.4093170125 0.72526963125 0.42588696875 0.7425577265625 0.44972680625 0.740909040625 0.43975923437500003 0.7551110875 0.420566665625 0.75422796875 0.4546438265625 0.774601034375 0.503125 0.7624095015625001 0.503125 0.756374003125 0.48082001874999997 0.6890625 0.47720948124999996 0.6890625 0.464266565625 0.7030354765625 0.4561985125 0.695877840625 0.45520387968750003 0.6890625 0.41800695781249997 0.6890625
0 0.785987265625 0.6890625 0.7823460390625 0.6938137078125 0.7573312703124999 0.71021531875 0.748484640625 0.719074303125 0.743491853125 0.7373829625 0.7448151968750001 0.7618403953125 0.736428628125 0.775599953125 0.73492624375 0.7818730078125 0.7387516671875 0.7962005390625 0.7509011359375 0.8074997937500001 0.7748025359375 0.81446645 0.7982467171875001 0.8160447468750001 0.8128812125 0.8201408140625001 0.81466095625 0.8203125 0.8300070312500001 0.8203125 0.8387819999999999 0.819393778125 0.8603291015625001 0.8111254890625 0.8716323390625 0.799941171875 0.88302935625 0.772659934375 0.93821170625 0.6890625 0.785987265625 0.6890625