7 0.26875 0.40409970156249997 0.2506132109375 0.3834987484375 0.2364403953125 0.373005771875 0.2328460640625 0.362196571875 0.2139659390625 0.341872375 0.1986188890625 0.3334088859375 0.17875866875 0.329908825 0.1769106203125 0.3435049078125 0.1663321375 0.3438211296875 0.1607059890625 0.3497625359375 0.16659790624999998 0.375513440625 0.21153645000000001 0.419831059375 0.218040925 0.43506687812499995 0.23524639687499999 0.447883459375 0.24583525312500001 0.465516409375 0.26875 0.470432209375 0.26875 0.40409970156249997
7 0.26875 0.2878512015625 0.2601259546875 0.297066453125 0.25574566875000004 0.3178760375 0.25193743281250003 0.365120390625 0.26162351093749997 0.38125 0.26875 0.38125 0.26875 0.2878512015625
7 0.2453125 0.4796875 0.2453125 0.4790516171875 0.23948047187500002 0.45055398281250003 0.2201102984375 0.43864185312500004 0.212737865625 0.4201779796875 0.1898958734375 0.3953536359375 0.1684835109375 0.3822429421875 0.1476328265625 0.37761784375 0.1333374984375 0.3692278828125 0.12900809687499998 0.371036784375 0.128125 0.37538335312500004 0.128125 0.38132536093749997 0.137330484375 0.42757554999999997 0.182146515625 0.47399618749999994 0.1853532375 0.4796875 0.2453125 0.4796875
7 0.067194165625 0.3618572265625 0.07104389531250001 0.3864095640625 0.0802636125 0.3890625 0.0974940078125 0.3890625 0.1015438546875 0.3885418953125 0.12529431093750001 0.379644440625 0.13314641875 0.371747075 0.153496684375 0.36683506875 0.1602358109375 0.3599156796875 0.16325809375 0.34429010937500004 0.17705300156249998 0.343142965625 0.1859375 0.31556731718750003 0.1859375 0.31054720625 0.1780839796875 0.30731815 0.073739153125 0.3401431921875 0.06786798125 0.3502906359375 0.067194165625 0.3618572265625
7 0.17915516250000002 0.208635540625 0.14904348437499998 0.23609250624999997 0.144285290625 0.24526196718749999 0.1465216203125 0.2612551796875 0.159458946875 0.274829153125 0.1642526796875 0.2765625 0.16944079375 0.2765625 0.18284186875 0.27224075000000003 0.2063981875 0.248548646875 0.21387238281249998 0.22901115625 0.225870128125 0.222459415625 0.23125 0.1959798796875 0.23125 0.1928958765625 0.222694209375 0.18634048281249999 0.2035794359375 0.1881714921875 0.191030390625 0.2041868140625 0.17915516250000002 0.208635540625
7 0.26875 0.37044158125000004 0.251031125 0.3236799796875 0.22669824374999997 0.2881934921875 0.2070830484375 0.2804873984375 0.18852994843749998 0.290804003125 0.1853955265625 0.3264817625 0.21101477812499997 0.3398865734375 0.2249425703125 0.354585584375 0.235214771875 0.3595269015625 0.24469064999999998 0.37813783437500004 0.25954765156250004 0.395013390625 0.2678755640625 0.3984375 0.26875 0.3984375 0.26875 0.37044158125000004
7 0.26875 0.2512169265625 0.23505841875 0.2513108609375 0.214524384375 0.2593773921875 0.201229896875 0.270061640625 0.1884254578125 0.272333825 0.1870674546875 0.2775178375 0.19387821249999998 0.287496115625 0.2023532484375 0.2870328359375 0.20698893125 0.279966390625 0.214289734375 0.2815326 0.2340106953125 0.2984375 0.2597668640625 0.2984375 0.25976920625 0.29843746875 0.267743825 0.2884370859375 0.26875 0.2879734484375 0.26875 0.2512169265625
7 0.26875 0.10780416875000001 0.26130618437500003 0.1105027609375 0.23464558124999998 0.1149735953125 0.21720546093749998 0.1243122234375 0.2208714203125 0.1520190859375 0.23074259375 0.1578125 0.2493031390625 0.1578125 0.26875 0.15097836250000002 0.26875 0.10780416875000001
7 0.15077289375 0.234375 0.179232875 0.20838792343749998 0.19228233749999998 0.2019097078125 0.20254416718749998 0.18890185625 0.21949424374999998 0.187975296875 0.2234375 0.1803762921875 0.2234375 0.1601669890625 0.21619581875 0.15395938125 0.2042611875 0.153125 0.2012130921875 0.153125 0.137408990625 0.20124074374999998 0.13494838125 0.2253519109375 0.1494439296875 0.234375 0.15077289375 0.234375
7 0.26875 0.1699061828125 0.262078415625 0.15843197343749998 0.25471635625 0.157917275 0.2343152078125 0.1818299625 0.2258712890625 0.236140759375 0.2304539515625 0.246875 0.23117414687500001 0.246875 0.2519193328125 0.24218500937499998 0.25692254999999997 0.22880951249999998 0.26875 0.2230702484375 0.26875 0.1699061828125
7 0.133161059375 0.1634234578125 0.1401555828125 0.1702472078125 0.1426981921875 0.1809828765625 0.157234690625 0.1828125 0.162211309375 0.1828125 0.19378306875 0.15604799375 0.2162367796875 0.1512830453125 0.2171875 0.145318315625 0.2171875 0.137451853125 0.21293835625000002 0.11726713124999999 0.198398003125 0.1130832078125 0.13816427656250002 0.1500479609375 0.133161059375 0.1634234578125
7 0.26875 0.0801298390625 0.2041614765625 0.0722358390625 0.1909895015625 0.0808170734375 0.190193175 0.0944866828125 0.1949004859375 0.104317903125 0.20511143281250002 0.11031073281249999 0.2364257921875 0.1125 0.2457605203125 0.1125 0.26875 0.1054615640625 0.26875 0.0801298390625
7 0.26875 0.05368804687499999 0.25681846406250003 0.0515625 0.2524048921875 0.0515625 0.24378265 0.0628999296875 0.2419346 0.0764960125 0.244967259375 0.07881961562499999 0.26875 0.082539 0.26875 0.05368804687499999
0 0.5229626312500001 0.1717526109375 0.50796276875 0.170933678125 0.49136411874999997 0.1739621921875 0.48400279843750005 0.1844386796875 0.47818391093749996 0.199165565625 0.466606734375 0.24729335156249999 0.461875225 0.3042815640625 0.464110859375 0.318445221875 0.4709998484374999 0.32792522968750004 0.4879320734375 0.338570771875 0.5009865515625 0.338280521875 0.5124119453125 0.3325007140625 0.530955978125 0.33058138125 0.58209500625 0.3407027734375 0.60957309375 0.341894359375 0.6166484125 0.34513525624999997 0.6245189625 0.3453125 0.650697775 0.3453125 0.6553785921874999 0.3380687203125 0.66101993125 0.294091659375 0.6663189171875 0.271929828125 0.6705478015625 0.2255611015625 0.6734375 0.2127377046875 0.6734375 0.190943884375 0.5538418875 0.177064621875 0.5436686796875 0.174040353125 0.5337554203125 0.17473355625 0.5229626312500001 0.1717526109375
2 0.4779310671875 0.35032194687499996 0.44889751718749993 0.353597384375 0.43016715625 0.36175583125 0.39198292968750004 0.3588224578125 0.3915366515625 0.361344096875 0.396263628125 0.3666170296875 0.3833391265625 0.368766015625 0.3426896140625 0.35728851562499997 0.328352653125 0.3570458390625 0.31427564375 0.36052063125 0.3139593390625 0.3649010078125 0.294163121875 0.37562441875 0.275 0.376964434375 0.275 0.3775941140625 0.278703809375 0.4305610546875 0.30371221875 0.44095315625 0.3287995578125 0.446875 0.3355969328125 0.446875 0.3658867125 0.439718534375 0.3994306109375 0.43861813281249995 0.4684162234375 0.4101350734375 0.4903008328125 0.3936621578125 0.49602004375000003 0.3864135390625 0.512445390625 0.3809067078125 0.525 0.372874471875 0.525 0.37033724375 0.52212475 0.359061178125 0.5139835796875 0.35838524843749997 0.511635240625 0.360417284375 0.4779310671875 0.35032194687499996
6 0.583996678125 0 0.5856867234375001 0.011600209375 0.5814708656249999 0.0492515078125 0.59197765 0.0659498328125 0.6237542015624999 0.0890625 0.6271004828125 0.0890625 0.6521807078125 0.08104088125 0.6734024109375001 0.06399170937500001 0.6974014578125 0.024334428124999998 0.7039396015625 0.0020859453125 0.7049007859375 0 0.583996678125 0
8 0.26875 0.4796875 0.0783753625 0.4796875 0.0672119125 0.492339409375 0.057934568750000005 0.518218315625 0.054028318750000005 0.537261284375 0.054028318750000005 0.574858940625 0.06672363125 0.621245659375 0.08137206875 0.631499565625 0.1248291 0.649565971875 0.13996581875 0.658843315625 0.18293456875 0.666655815625 0.20065738125000002 0.6671875 0.25054524375 0.6671875 0.2683837875 0.664214409375 0.26875 0.6642010109375 0.26875 0.4796875
0 0.13017578125 0.67734375 0.1091796875 0.66708984375 0.10185546875 0.667578125 0.0828125 0.6490234375 0.06572265625 0.63828125 0.05009765625 0.63193359375 0.0388671875 0.634375 0.0349609375 0.6373046875 0.0310546875 0.66171875 0.02177734375 0.67734375 0.0203125 0.69052734375 0.02373046875 0.7291015625 0.01982421875 0.75107421875 0.0154296875 0.76181640625 0.0154296875 0.83603515625 0.02861328125 0.8443359375 0.04912109375 0.847265625 0.081635975 0.85625 0.114306640625 0.85625 0.11650390625 0.85361328125 0.11748046875 0.83701171875 0.13017578125 0.8130859375 0.13798828125 0.80283203125 0.1482421875 0.77890625 0.14580078125 0.741796875 0.1462890625 0.7115234375 0.153125 0.69736328125 0.15654296875 0.6939453125 0.16826171875 0.68955078125 0.16875 0.6884114578125 0.16875 0.68466796875 0.166796875 0.68173828125 0.16337890625 0.6802734375 0.14384765625 0.67685546875 0.13017578125 0.67734375
2 0.9216796875 0.80009765625 0.89384765625 0.7771484375 0.869921875 0.7634765625 0.834765625 0.7498046875 0.79814453125 0.746875 0.7849609375 0.75126953125 0.756640625 0.74931640625 0.75322265625 0.75126953125 0.737109375 0.752734375 0.72099609375 0.75810546875 0.69267578125 0.7595703125 0.68193359375 0.76298828125 0.670703125 0.82890625 0.670703125 0.8875 0.66142578125 0.90751953125 0.66533203125 0.91142578125 0.68974609375 0.920703125 0.72685546875 0.93095703125 0.7654296875 0.93583984375 0.77373046875 0.928515625 0.77666015625 0.928515625 0.78544921875 0.9333984375 0.79814453125 0.93583984375 0.80986328125 0.94072265625 0.815234375 0.94609375 0.8162109375 0.951953125 0.81474609375 0.95537109375 0.82158203125 0.95927734375 0.82060546875 0.96416015625 0.8357421875 0.96904296875 0.842578125 0.96904296875 0.84599609375 0.9724609375 0.850390625 0.9734375 0.85966796875 0.9822265625 0.873828125 0.98857421875 0.8877734374999999 0.990625 0.89073016875 0.990625 0.8953125 0.98466796875 0.90556640625 0.95927734375 0.9119140625 0.9353515625 0.9109375 0.9255859375 0.90361328125 0.90166015625 0.91826171875 0.88408203125 0.91923828125 0.87529296875 0.925 0.8575962609375001 0.925 0.84677734375 0.924609375 0.84404296875 0.91533203125 0.8318359375 0.92216796875 0.80498046875 0.9216796875 0.80009765625
6 0.8068790218749999 1 0.803857421875 0.987158203125 0.800927734375 0.983251953125 0.793603515625 0.979833984375 0.792626953125 0.976904296875 0.829248046875 0.976904296875 0.8359375 0.9713953359375 0.8359375 0.964912109375 0.835107421875 0.962255859375 0.822900390625 0.952001953125 0.815087890625 0.941748046875 0.792138671875 0.932470703125 0.777978515625 0.929541015625 0.770654296875 0.933935546875 0.748681640625 0.931494140625 0.678369140625 0.915380859375 0.619775390625 0.895849609375 0.560205078125 0.884619140625 0.541162109375 0.884130859375 0.450341796875 0.889501953125 0.423486328125 0.894873046875 0.406884765625 0.891455078125 0.382470703125 0.902197265625 0.378564453125 0.906103515625 0.380029296875 0.913916015625 0.378076171875 0.919775390625 0.369287109375 0.925146484375 0.376123046875 0.928564453125 0.380517578125 0.939306640625 0.381494140625 0.949560546875 0.373193359375 0.964208984375 0.372705078125 0.982763671875 0.370751953125 0.984716796875 0.370751953125 0.989111328125 0.376714796875 1 0.8068790218749999 1