10 0.22837350625 0 0.2212917921875 0.012615356250000001 0.228570009375 0.07042141406249999 0.232922909375 0.082887584375 0.27356976093749996 0.1140625 0.2755365765625 0.1140625 0.2921410125 0.0665501953125 0.3078125 0.042718865625000005 0.3078125 0.020902040625 0.2846367984375 0 0.22837350625 0
10 0.151623784375 0.0400771140625 0.1257432046875 0.0622838875 0.0865769453125 0.1394074890625 0.086255684375 0.1519282140625 0.10135510625 0.1734375 0.1064337640625 0.1734375 0.12348231093749999 0.16557531406249998 0.15433418593749998 0.1620859796875 0.191430340625 0.14287754531250002 0.225 0.1050610671875 0.225 0.104249240625 0.22123621249999997 0.0815094125 0.1932153734375 0.050544025000000006 0.17514918906250002 0.041367154687500005 0.151623784375 0.0400771140625
10 0.11965064218749999 0.16413994375000002 0.11029025625 0.17989541250000002 0.11213338125000001 0.214295578125 0.178796365625 0.24168070625000002 0.185227390625 0.2421875 0.196974421875 0.2421875 0.228832809375 0.21136888437499998 0.2390625 0.193145725 0.2390625 0.1913826109375 0.2307362515625 0.1675372578125 0.220614934375 0.15983228124999999 0.20332174531249997 0.15846949999999999 0.11965064218749999 0.16413994375000002
10 0.2266316671875 0.20342856718750002 0.17236073125 0.2697761140625 0.16938715937499998 0.287021659375 0.18160405625 0.31875 0.1890561890625 0.31875 0.21891155156250003 0.3146068203125 0.255698509375 0.29227275 0.2971475625 0.28553048593749997 0.32085169375 0.257090628125 0.321875 0.24543746406250003 0.321875 0.22943014062499997 0.311075765625 0.205572209375 0.2744795984375 0.18253001875 0.2540703015625 0.1812036078125 0.2266316671875 0.20342856718750002
10 0.21403561093749998 0.319569675 0.24045975 0.340625 0.24194615625 0.340625 0.2557818 0.33159940468750004 0.294114746875 0.32489350781250004 0.3328125 0.30479228125 0.3328125 0.30217923281250003 0.31425103593750003 0.2761552109375 0.3035812140625 0.271875 0.3025146140625 0.271875 0.2738841765625 0.293837196875 0.24614840781249997 0.2972901625 0.213417215625 0.31331840624999996 0.21403561093749998 0.319569675
10 0.272492253125 0.385662915625 0.312258003125 0.4078125 0.321172428125 0.4078125 0.32918851875 0.40690588281249995 0.3407253546875 0.3973835 0.3703125 0.34016200625000004 0.3703125 0.338388965625 0.35449895625 0.3158624046875 0.3300459578125 0.3051954578125 0.26113414375 0.3654554015625 0.272492253125 0.385662915625
10 0 0 0 0.07019326875000001 0.0084101703125 0.0700951078125 0.009064757812500001 0.029407301562499998 0.0314959046875 0.035403979687499997 0.04499635625 0 0 0
1 0.409375 0.167065890625 0.3486571984375 0.14900893906249998 0.301451790625 0.1448660375 0.2510118671875 0.0922576109375 0.2268680671875 0.0847163015625 0.22155138281250003 0.10981230312500001 0.19488574218750002 0.1398513484375 0.19581333750000002 0.1492282546875 0.22555889375 0.166091915625 0.24143656406249997 0.1846820578125 0.267768878125 0.1828100953125 0.360133715625 0.217718346875 0.409375 0.22888825625 0.409375 0.167065890625
10 0.1264640890625 0.4171875 0.16963181249999998 0.4171875 0.221875 0.4165777359375 0.221875 0.41561172031250004 0.1985258328125 0.3918163125 0.1591106921875 0.3875824859375 0.1379163359375 0.39408834531250003 0.1264640890625 0.4171875
10 0 0.3890625 0.0109777546875 0.3890625 0.0794541234375 0.37566046875 0.0883627765625 0.33957018906249997 0.086971384375 0.32550483125 0.08042997187499999 0.32245193906249997 0.08355814218749999 0.30676920937499996 0.056298234375 0.2992642671875 0.0266952140625 0.29960978437499997 0 0.30466544375 0 0.3890625
10 0 0.2625 0.016311134375 0.2625 0.0366368609375 0.2605476328125 0.06875 0.2408623890625 0.06875 0.20498812187499998 0.0454271046875 0.1759554578125 0 0.151213715625 0 0.2625
10 0.100530065625 0.3553508890625 0.10548929843749999 0.389714684375 0.12648010625 0.403125 0.128240071875 0.403125 0.15269470624999998 0.39385758593750003 0.19375 0.39337840625 0.19375 0.31707421406249997 0.174437303125 0.2825156671875 0.1507376953125 0.278125 0.1505643640625 0.278125 0.12862328750000002 0.29243812343750003 0.1304784765625 0.31119193125 0.1229974046875 0.314408490625 0.100530065625 0.3553508890625
10 0.0877634796875 0.1804494453125 0.075762846875 0.1852833765625 0.06920937187500001 0.197876840625 0.070743296875 0.2291513734375 0.1040687578125 0.2506671171875 0.1077791328125 0.28817473437499996 0.13311704062500002 0.3 0.1342877140625 0.3 0.146875 0.285820325 0.146875 0.2639649828125 0.1461362078125 0.2501761203125 0.1143808640625 0.21299583281249998 0.10552046562499999 0.18650067812499999 0.0877634796875 0.1804494453125
10 0.065388525 0.1984375 0.067860815625 0.1984375 0.083915396875 0.1882676640625 0.1078125 0.18647952031249998 0.1078125 0.1849541375 0.10122065 0.1739840875 0.063054365625 0.1666064421875 0.013446168750000001 0.1375 0.013342556250000002 0.1375 0.00089888125 0.1532503 0.019583462500000003 0.1686784390625 0.0505778734375 0.1823982796875 0.065388525 0.1984375
6 0.409375 0.0198080953125 0.40485834687500005 0.0213235734375 0.367155859375 0.018634378125 0.35375177343750003 0.0250493140625 0.29806531875000003 0.1086242203125 0.2921875 0.12728714218749998 0.2921875 0.12765169999999998 0.2989687875 0.14929384375000002 0.37089975625 0.15625 0.387766975 0.15625 0.39291580625 0.1528911921875 0.3888721046875 0.1435506578125 0.409375 0.1391101171875 0.409375 0.0198080953125
8 0.74760738125 0 0.740735559375 0.0391749125 0.735699996875 0.0536058234375 0.7306761234375 0.06875 0.7328881203125001 0.06875 0.7399614484375 0.066551421875 0.7453235687499999 0.0635800234375 0.75066701875 0.0607224578125 0.7544653875 0.0602094203125 0.7594758484374999 0.06079886875 0.7642378 0.060072190625 0.7681280078125 0.0582909859375 0.77092398125 0.0575202609375 0.77526946875 0.056501996875 0.7788006609375 0.054786665624999994 0.7820862937499999 0.053153212500000005 0.785748134375 0.05064105 0.789164409375 0.0482107546875 0.7924127140625 0.046804967187500005 0.7955677124999999 0.04596836875 0.7987212343750001 0.044432759375000005 0.800437228125 0.042461701562499995 0.8020613875 0.0417588078125 0.80431171875 0.04219231875 0.808402753125 0.043886367187500004 0.8147049453124999 0.021277323437500002 0.8178275671874999 0.0050628671875 0.8219689375 0 0.74760738125 0
8 0.5653733109375001 0 0.5650825125 0.000490625 0.5610205374999999 0.01104321875 0.559738309375 0.0178927921875 0.5608931546875 0.0244466109375 0.562047975 0.0310004234375 0.5642707375 0.0397818078125 0.566308215625 0.046779534375 0.5690983000000001 0.0540430703125 0.5693684609374999 0.0591940234375 0.570105553125 0.0644107703125 0.570810984375 0.0669068234375 0.5719557390625 0.0686658859375 0.5861272671875 0.0744971328125 0.5971778624999999 0.076054025 0.6110044421875 0.078161803125 0.628720040625 0.0798588203125 0.6465872625 0.07965985625000001 0.65958036875 0.08005241874999999 0.6683947234375001 0.078737809375 0.6841381890625 0.07983742656250001 0.6968456171875 0.0800299640625 0.7025767609375 0.0800385203125 0.7076226234374999 0.084375 0.720839565625 0.084375 0.723077375 0.08314088281250001 0.7255290875 0.080654053125 0.7274523578125001 0.076564784375 0.73054156875 0.0688862515625 0.7346178812499999 0.057593484375000004 0.7367400265625 0.0510777046875 0.7393372984375001 0.0431963671875 0.7431183640625 0.028818121875 0.746322396875 0.0156356734375 0.746875 0.0103815796875 0.746875 0 0.5653733109375001 0
8 0.4859930546875 0 0.4714616921875 0.0447683921875 0.46850591562500005 0.054224035937500005 0.5349273296875 0.08125 0.53539269375 0.08125 0.53936806875 0.07379764375 0.5420686796874999 0.07361400625 0.5625413296875 0.0344715125 0.5594524046875 0.0241642484375 0.559942471875 0.0177459328125 0.5621156125 0.0062056109375 0.5650718421875001 0 0.4859930546875 0
8 0.409375 0.254586215625 0.468836259375 0.25252088125 0.5120172171874999 0.2525473984375 0.5268683765625 0.2483496296875 0.53918588125 0.2440278625 0.5421875 0.22982859375000003 0.5421875 0.2271021953125 0.5395061296875 0.225036346875 0.5383247640625 0.2248699078125 0.5344986328125 0.22398435 0.53171288125 0.22307211875 0.5281687671874999 0.2225727953125 0.52558173125 0.22255482031249998 0.5221252765625 0.22362711562499998 0.518271384375 0.222910896875 0.51525695625 0.22023393125 0.513650384375 0.21844831718750002 0.5023897453125 0.21235729218750002 0.4858973015625 0.2055291734375 0.409375 0.1636273203125 0.409375 0.254586215625
8 0.33791990156249996 0.7321573015625 0.3124059796875 0.7204357421875001 0.279289140625 0.7136622203125 0.25219627187500004 0.71309160625 0.23191180312499998 0.7161056796875 0.1965924875 0.7250404390625 0.17913395468749999 0.7319317125 0.1609988640625 0.7427412953125 0.1808043625 0.9814288234374999 0.1910948828125 0.9828125 0.215657965625 0.9828125 0.232896471875 0.9814823265625 0.2436572 0.978375209375 0.262724828125 0.9667322796875 0.3175945609375 0.9278291187499998 0.3429375875 0.9193832578125001 0.367456034375 0.8889280187499999 0.37585346249999996 0.8754472515625 0.38389893750000004 0.8516889640624999 0.3859375 0.8400586515625001 0.3859375 0.8044102359374999 0.3818777578125 0.78507889375 0.374023490625 0.7688899546875 0.3561225625 0.74630584375 0.33791990156249996 0.7321573015625
8 0.409375 0.5823648609375 0.376972484375 0.6090865875 0.2680240921875 0.7044744984375 0.29933404218750004 0.7196518843749999 0.3369462328125 0.7303019171875 0.3771060296875 0.7716546203125001 0.3881012296875 0.823684815625 0.378982940625 0.8747536921875 0.3526341171875 0.9193657109375 0.36644536250000004 0.92485438125 0.38357540156250003 0.9099802734375 0.409375 0.9310057624999999 0.409375 0.5823648609375
8 0.409375 0.9103621859375 0.42807091875000003 0.9055346343749999 0.4358035734375 0.9020201812499999 0.451157775 0.8919598093750001 0.4628392265625 0.87950049375 0.46534086874999997 0.8745418765625 0.4690322578125 0.8602897468750001 0.47090245937499997 0.8363866640625 0.4704352640625 0.8139157515625 0.47180928906249997 0.7627470656249999 0.471204090625 0.6999035156250001 0.4734375 0.6666893671875 0.4734375 0.6412102984375 0.4721571546875 0.6361051874999999 0.4691641625 0.6299454984375 0.4667039296875 0.6285980890625 0.44761280000000003 0.6322204921875001 0.42790057187499997 0.6383441953125001 0.409375 0.6409887546874999 0.409375 0.9103621859375
8 0.7102653078125 1 0.7174534609375 0.9976899609375 0.7370545828124999 0.9885347937500001 0.748958246875 0.9821384109375 0.76820810625 0.9696910875 0.788916853125 0.9530056328125 0.8021096390625001 0.9405990937500001 0.8265974187499999 0.9131967515625 0.84010696875 0.89398920625 0.8527497437499999 0.8717238046875 0.8601435609374999 0.853816484375 0.864010928125 0.83578601875 0.8640625 0.8351413890625 0.8640625 0.8138022765624999 0.8630461703125001 0.8077471578125 0.8558593984375001 0.7941243484375 0.849615309375 0.7873465296875001 0.8320658859375001 0.774118746875 0.8258217968749999 0.7673409281250001 0.8059177296875 0.7504987375 0.790880984375 0.7429092734375 0.7864877609375001 0.739728271875 0.7775550171875001 0.731090471875 0.7636783421875 0.720261634375 0.712512425 0.675836375 0.6808054546875 0.6469762703124999 0.6619613890625 0.6344601734374999 0.6344544125 0.6075128265625 0.6227743484375 0.5982744890625 0.61579184375 0.5965168640625 0.5730176140625 0.5940139578125 0.5670309328125 0.592543403125 0.5566979578125 0.5868842937500001 0.54934624375 0.5876367609375001 0.5362065984375001 0.5934853859375 0.518081615625 0.6034489984375 0.5003313609375 0.616200984375 0.48710337812500004 0.6293631921875 0.4770209046875 0.6454105312499999 0.47518107499999995 0.6524106515625 0.4729292390625 0.6899245453124999 0.476980846875 0.722107984375 0.4816956546875 0.7346352734374999 0.48752360625 0.74493074375 0.492361946875 0.7493887812500001 0.494476434375 0.7527425062499999 0.499373434375 0.7559411 0.5074449249999999 0.7668195171875001 0.5503316140625 0.842745315625 0.56365136875 0.8601144749999999 0.5717987703125 0.8747800234374999 0.584843171875 0.8926441640625 0.5930023046875 0.9070578250000001 0.6013022203125 0.9184488140625 0.60850624375 0.9371181984374999 0.6160504921875 0.9484828000000001 0.62231183125 0.9603071984374999 0.6344542625 0.9758691515625 0.641195915625 0.9882149203124999 0.6486642546875 0.9957923890625 0.6525771609375 0.9984520187499999 0.656108615625 1 0.7102653078125 1
10 0.49907344375000007 0.41875 0.5019646984375 0.45192093906249997 0.50523026875 0.5009809546875 0.507865090625 0.520247678125 0.5095282437499999 0.5278747218750001 0.51296635625 0.5353114515625 0.526818871875 0.55749289375 0.534972484375 0.5666080828125 0.5604236359375 0.5889422609375 0.56805621875 0.592993278125 0.578541709375 0.5953778296875 0.6138061921875 0.59660929375 0.6185568921875 0.5975320890625 0.6256974296875001 0.6013136234375 0.6458299234375 0.6186683937499999 0.6509670796875 0.622127671875 0.6546469390625 0.6234375 0.66306720625 0.6234375 0.6686462515625 0.6217358453124999 0.674650878125 0.6174041531250001 0.6803042390625 0.60978030625 0.686918925 0.592350378125 0.6926551046875 0.5721144812500001 0.70167205625 0.5464425796875 0.704607084375 0.5430128890625 0.7175590203125 0.5411944906249999 0.722556090625 0.5368276125 0.742277309375 0.48175824375000004 0.7574997203125 0.4257748796875 0.7573005640625 0.41875 0.49907344375000007 0.41875