4 0.23559193125000003 0.4 0.236934128125 0.38597271875 0.24792007031250002 0.370431515625 0.25282723906250004 0.35074625937500004 0.2681260515625 0.3432631640625 0.26904296250000004 0.33535839375 0.2572759515625 0.3350133859375 0.252589521875 0.34148569218749997 0.2539648875 0.3296285359375 0.2647980109375 0.315404796875 0.320678584375 0.27474105312499997 0.3456728703125 0.27415194375 0.3698860890625 0.257676621875 0.383419003125 0.254107578125 0.406936046875 0.23232407500000002 0.4078125 0.20593623593750002 0.4078125 0.20037664843749997 0.3843529015625 0.1668867640625 0.374810246875 0.1586753171875 0.3453825078125 0.1578125 0.3420400828125 0.1578125 0.32398966093750003 0.1783363390625 0.2989274515625 0.1908209421875 0.2917959265625 0.218372634375 0.2825758875 0.22999978593749998 0.1904264265625 0.311902284375 0.17643505937499998 0.3194237109375 0.166433946875 0.31516465312499997 0.1530538546875 0.317416234375 0.1394530203125 0.33288076875 0.0963922109375 0.342193765625 0.057033 0.3648347203125 0.045265214062499996 0.4 0.23559193125000003 0.4
4 0.6296875 0.4 0.6296875 0.34712017031250003 0.6037340828125 0.321533821875 0.5763286671875 0.2863597953125 0.548176134375 0.2802465953125 0.5327245015625001 0.28904715 0.5052341765625 0.34508465781250003 0.46848985625 0.36780228125000003 0.44843669375 0.3936531703125 0.441680590625 0.4 0.49352970156250003 0.4 0.492737028125 0.396273996875 0.5075773859375 0.3927432875 0.5083414796875 0.386155978125 0.5237931109375 0.3773554234375 0.5274777312500001 0.368209859375 0.5458498921875 0.356851046875 0.551079675 0.35700438437500004 0.5523191984375 0.368938209375 0.561556215625 0.379784578125 0.6038699109375 0.39953240624999997 0.6043377578125 0.4 0.6296875 0.4
4 0.40849179218750004 0.4 0.4125 0.3887009140625 0.4125 0.3810088015625 0.41229699062499997 0.36852515 0.392515509375 0.3467940796875 0.375824353125 0.3436608109375 0.3766563671875 0.3251780125 0.3574182390625 0.3100725859375 0.3254961890625 0.3025269203125 0.29328548125 0.3200897 0.26139738281249997 0.357491071875 0.24663225937500002 0.4 0.40849179218750004 0.4
4 0.442892746875 0.2308361328125 0.431210634375 0.2410691515625 0.41930778125 0.264515125 0.4208699203125 0.29628754375 0.430123915625 0.3296074296875 0.4438266234375 0.3471944421875 0.43961562499999995 0.3721878828125 0.447172225 0.3796875 0.44909293437500003 0.3796875 0.5010485953125 0.3515160734375 0.525 0.28535132343749997 0.525 0.28046099375 0.5127477 0.2619670078125 0.4726583609375 0.23435274218750002 0.4647287890625 0.2235447078125 0.442892746875 0.2308361328125
4 0.514986553125 0.2648108359375 0.5257687328125 0.2849561046875 0.5237239437500001 0.2921875 0.52527053125 0.2921875 0.5468406828125 0.284251990625 0.584909428125 0.284046221875 0.59528409375 0.2737748671875 0.6 0.2535823109375 0.6 0.25050446718749997 0.5822436015625 0.21654899843750003 0.5921258625 0.1652829921875 0.52021635 0.163174609375 0.514986553125 0.2648108359375
4 0.3849796703125 0.2575356578125 0.380038534375 0.33406344374999997 0.3897340078125 0.340957425 0.3904471546875 0.368739125 0.39676364531249997 0.382143746875 0.40645911874999996 0.3890377296875 0.40730394375 0.3890625 0.42115575937500005 0.3890625 0.4421875 0.362539925 0.4421875 0.3456107421875 0.424559609375 0.3234713171875 0.41596783125 0.250512575 0.4003464046875 0.23815707343749998 0.3849796703125 0.2575356578125
4 0.6296875 0.236554075 0.599111453125 0.24587415468749999 0.5914535515625 0.28927372500000004 0.5967003125 0.31190057968749996 0.6160233359375 0.3375840359375 0.6296875 0.3499375515625 0.6296875 0.236554075
3 0.8473387906250001 0 0.8471850203125 0.0007688484374999999 0.8484251 0.024330356249999997 0.8521453375 0.059052578125 0.854625496875 0.0578125 0.8571056562500001 0.0627728171875 0.854625496875 0.0627728171875 0.876946925 0.07393353124999999 0.9005084328125001 0.0788938484375 0.93152869375 0.1015625 0.9407862015624999 0.1015625 0.9439112109375 0.1012152765625 0.9513516875000001 0.08137400781250001 0.9575520843750001 0.02061011875 0.9543812968750001 0 0.8473387906250001 0
7 0.6296875 0 0.6296875 0.1102074421875 0.6472346234375 0.125954859375 0.69559771875 0.1408358140625 0.7265997015625001 0.1371155734375 0.7749627984374999 0.1693576390625 0.8444072437500001 0.1904389890625 0.8752790171875 0.2046875 0.8784316375 0.2046875 0.9150917671875 0.19167906562499998 0.9684151796875 0.19911954375000002 0.9690352171875001 0.1984995046875 0.9671750984375 0.19663938593750002 0.975 0.1686933109375 0.975 0.16497920625 0.9436135921875 0.1408358140625 0.9436135921875 0.09991319531250001 0.9051711296875 0.086272321875 0.8803695453125 0.07511160781250001 0.8307663703125 0.05279017968750001 0.8109250984375 0.045349703125 0.7749627984374999 0.03914930625 0.7563616062499999 0.0317088296875 0.7414806546875 0.004427084374999999 0.7259858625 0 0.6296875 0
1 0.6296875 0.4 0.7513710625 0.4 0.758358134375 0.362735615625 0.779439484375 0.300731646875 0.7921875 0.22076681250000002 0.7921875 0.21356842656250002 0.7695188484375001 0.17300347031250002 0.7372767859375 0.14324156562499998 0.7186755953125 0.13456101250000002 0.688913690625 0.13828125 0.6554315468749999 0.1258804546875 0.65791170625 0.1296006953125 0.6628720234375 0.1333209328125 0.6529513890625 0.1271205359375 0.6296875 0.21668650781249998 0.6296875 0.4
7 0.884375 0.4 0.884375 0.379042665625 0.8782614078125001 0.3362475203125 0.8720610109375 0.2792038703125 0.8683407734374999 0.23704117187499998 0.8435391859375001 0.2320808546875 0.8150173609374999 0.2320808546875 0.7902157734374999 0.24944196562499998 0.78897569375 0.25068204375 0.7850074390625 0.246713790625 0.7691344234375 0.3102058546875 0.754253471875 0.3672495046875 0.7497583062500001 0.4 0.884375 0.4
0 1 0.4 1 0.369938003125 0.9984995031249999 0.358234128125 0.9873387890625 0.287549603125 0.9712177578125001 0.1945436515625 0.9340153765625001 0.1883432546875 0.9005332328125 0.1883432546875 0.8682911703125 0.2007440484375 0.8658110109375 0.1982638890625 0.8682911703125 0.2515873015625 0.8819320421875 0.3483134921875 0.8850965234375 0.4 1 0.4