2 0.6726389296875 0 0.6557713515625 0.01977705625 0.6567219859375 0.0271002640625 0.645909271875 0.0409438265625 0.6346397515625 0.054290445312500005 0.6301509859375 0.06288419375 0.6825810718750001 0.1023976265625 0.7367643562499999 0.131240009375 0.7431279765625 0.13277164218749998 0.7617064625 0.12737565 0.7662613453125 0.1300843140625 0.7658680140625 0.1404377203125 0.8004692515624999 0.15831098125 0.8391262578124999 0.1711624546875 0.8536807109375001 0.1762134046875 0.853619884375 0.1658151875 0.8608125140624999 0.15387358125 0.870732746875 0.1426529703125 0.8647836156250002 0.1343846890625 0.8625603890625001 0.14229833281249998 0.8558007953125 0.15066798125 0.84766553125 0.156642709375 0.8372223453125001 0.15606400468749998 0.82721219375 0.151913328125 0.8162566296874999 0.14134366874999998 0.8038460562499999 0.11481616562500001 0.7667253875 0.054221743749999995 0.7461054328125 0.0210102609375 0.7310518234375 0.008228846875 0.7229899812499999 0 0.6726389296875 0
9 0.7610925734375 0.12973894531250002 0.7424123734375 0.13399515 0.71104401875 0.11934250312500001 0.7023107656249999 0.1149493390625 0.6690870890625 0.11391796406250002 0.6222973546875 0.10930064531250001 0.60776325 0.105619171875 0.6076505062499999 0.0863461265625 0.593542434375 0.10036343125 0.591009778125 0.10846035312499999 0.5843490484375 0.1206773453125 0.6114838078125 0.1352002296875 0.6231231125 0.1402011859375 0.6377305015625 0.1564101671875 0.7038331640625 0.2098040078125 0.7119360859375 0.216703225 0.7251606203125001 0.21704515937500002 0.7384265437499999 0.2244538828125 0.7522964906249999 0.22485950781250003 0.8129048921875001 0.1659920203125 0.7734486734375 0.1470098609375 0.7650362218750001 0.1423273390625 0.7610925734375 0.12973894531250002
6 1 0.10358070781249999 0.951505315625 0.09774741875000001 0.9793408281249999 0.142681446875 0.9848253515625001 0.173808359375 0.9720798109375 0.1704412421875 0.959272540625 0.156521246875 0.9324549125000001 0.1043049125 0.9207334359375 0.0947107796875 0.9111773671875 0.0927130859375 0.8804919124999999 0.104450478125 0.8784437953124999 0.11690451093750001 0.8838727562500001 0.1385338328125 0.8701031593749999 0.14139373125000002 0.8595662453124999 0.1530100703125 0.8533292890624999 0.17454285 0.8384677234375 0.1720215984375 0.8353029453125 0.17487332656250001 0.8343714859375 0.196929665625 0.8387208296875001 0.215288409375 0.8461917359375001 0.2234084078125 0.8695729625 0.2320437953125 0.8718741874999999 0.262856571875 0.86457613125 0.2842846390625 0.8657113093749998 0.2970528078125 0.8806654734375 0.3154033828125 0.899808471875 0.324675209375 0.9295007343750001 0.324441275 0.9484832296875 0.3062756109375 0.9515986203125 0.294981578125 0.9611053015625 0.2885369671875 0.9589213703125001 0.2777746625 0.9704267828125002 0.25043371406250003 0.9893845859375 0.2280468984375 1 0.20395547343749998 1 0.10358070781249999
4 0 0.559375 0 0.73384104375 0.0008147015625000001 0.7351464890624999 0.019254204687500002 0.7615490328125001 0.0316066890625 0.73908415 0.064375596875 0.635513771875 0.07842716093749999 0.5626973546875 0.07092494375 0.559375 0 0.559375
10 0.1593603453125 0.559375 0.1503501765625 0.59355371875 0.137757871875 0.6583954203125 0.173430615625 0.64625790625 0.22177020937499997 0.6165611140625 0.23468855312499998 0.60292631875 0.2451328484375 0.559375 0.1593603453125 0.559375
10 0.04418581875 0.704782940625 0.028737870312500004 0.7865551906249999 0.01856109375 0.8275985015625 0.0163093359375 0.8385794499999999 0.03205696875 0.869095096875 0.060962764062499994 0.843599128125 0.072334128125 0.82119711875 0.082586953125 0.7505944359375001 0.08875152343750001 0.6930606906250001 0.09921781562500001 0.6411621796875 0.0980861 0.623502003125 0.0722874390625 0.63599190625 0.0568029703125 0.655702046875 0.04418581875 0.704782940625
10 0.10080281718749999 0.6351497078125 0.0843985984375 0.7327456390625 0.07989508125 0.7547075375000001 0.09722771718749999 0.7792107125 0.1381087578125 0.7253631359374999 0.18028528593749998 0.6763582921875 0.185166040625 0.66028311875 0.1686507578125 0.648534515625 0.136902496875 0.6604205343749999 0.1361860453125 0.6338673984375001 0.12280274218750001 0.6248735390625 0.108211675 0.6277788765625 0.10080281718749999 0.6351497078125
10 0 0.9283445828125 0.010445956250000001 0.93155929375 0.051426390625 0.9407549484375 0.0934508203125 0.95086885 0.11111099687499999 0.9497371359375 0.13181543281250002 0.9346182328125 0.166457359375 0.891021978125 0.19381617499999998 0.8567587953124999 0.21218113125000002 0.8358789140624999 0.21167814687500003 0.8280299484375 0.17971642031249999 0.8212117984375 0.1631002375 0.8232617609374999 0.154131228125 0.8524058703125 0.13111215781250002 0.8775246015625001 0.11951415000000001 0.9117629359375 0.10855804843750001 0.9252719859375 0.0880173828125 0.9275734406249999 0.08442043906249999 0.9021900421875 0.0655905234375 0.9004412671875001 0.0638300765625 0.8729698828125001 0.070836846875 0.84395151875 0.08185581875 0.8314235890624999 0.100598015625 0.8164304359375001 0.03120159375 0.8711202124999999 0 0.8966784296875 0 0.9283445828125
4 0.0998055140625 0.819436671875 0.08650993125 0.827184740625 0.0680821015625 0.8470835000000001 0.063037575 0.8759761203125 0.064357909375 0.8965796578124999 0.0855901796875 0.9050705328124999 0.0872248796875 0.9305796765625001 0.10653293281250001 0.9244166109374999 0.1178034 0.9158131656249999 0.12860890625000002 0.8845810671875001 0.1438418796875 0.86094644375 0.1593892203125 0.8422174234375 0.1648109875 0.8192115328125 0.1559180265625 0.8187962687500001 0.1483834234375 0.8242048578125001 0.1354402328125 0.82207884375 0.122119803125 0.8140661078125 0.0998055140625 0.819436671875
4 0.11372575625 0.559375 0.11374751406250001 0.560433921875 0.1233949515625 0.5726226375000001 0.11354571718749999 0.588031053125 0.11426216874999999 0.6145841921875 0.1271673375 0.63148989375 0.1397961640625 0.6287103 0.1526399609375 0.5677930812499999 0.15559156875 0.559375 0.11372575625 0.559375
4 0.220733375 0.8924695640625 0.23713609062500002 0.871715428125 0.24721196875 0.8444706875 0.18165381249999998 0.8053252453124999 0.1738296953125 0.8215890375000001 0.213640390625 0.8279042015625 0.19976577499999998 0.8573626781250001 0.220733375 0.8924695640625
1 0.7383739625000001 0.9429154171875 0.74335390625 0.9426060968750001 0.7472700531250001 0.9446843062500001 0.753557146875 0.9506901375 0.7759298718750001 0.9590925859375 0.78547593125 0.9641427562499999 0.7919072984375 0.9652003671875 0.79620841875 0.962599409375 0.798547859375 0.9590830531249999 0.8372951750000001 0.8917744296875 0.8509946859374999 0.8651899546875 0.8593247187500002 0.852275 0.8779438093749998 0.8189268703125 0.9062072999999999 0.778731528125 0.93420579375 0.7305757359375 0.9409477625000001 0.6527834296874999 0.9391159250000001 0.64741463125 0.93668005625 0.64571370625 0.9244213578124999 0.6399306109375 0.9075604734375 0.6300250796875 0.8921005187500001 0.62321835625 0.8713523421874999 0.610244971875 0.8495115171875 0.6006487609375 0.8206759187499999 0.5837447250000001 0.8148413718749999 0.5792666484375 0.7845687765625 0.5605008609375 0.7818489234375 0.5600153484375 0.7793337046875 0.5610359468749999 0.7775189515625 0.5636059484375 0.7728715765625 0.5780826421875 0.7627150140625 0.602496046875 0.7541344125 0.606955728125 0.752326871875 0.60927831875 0.746611140625 0.6348235796874999 0.73311891875 0.6713477921875001 0.7237592484375 0.7025278796875 0.6943560124999999 0.7818141875 0.6605795203125 0.8661755609374999 0.648334084375 0.9025605921875 0.6489696265625 0.906336696875 0.650640109375 0.9087149171875 0.659931040625 0.9139908546875001 0.6793576390625 0.9211439078125 0.6983316875 0.926769203125 0.7103569000000001 0.93203583125 0.7171975328125 0.936105665625 0.7324384265624999 0.9419010984374999 0.7383739625000001 0.9429154171875
7 1 0.72414171875 0.9735665921875001 0.7359966874999999 0.948802025 0.7499571375 0.9366207671875 0.75856718125 0.90701140625 0.7852508 0.8856048859375001 0.8119064921875001 0.8689087531249999 0.8389734546875001 0.8536712578125 0.8671599343749999 0.83407493125 0.8999266609374998 0.7923408609375 0.9759039828125001 0.7903313375 0.9851540890624999 0.7921848140625001 0.9897806546875 0.796722075 0.996129790625 0.8000344296874999 1 0.931232184375 1 0.9526068078125001 0.977494884375 0.976158003125 0.9540029359375 0.9867409109375 0.9405405625000001 1 0.92600083125 1 0.72414171875
7 0.45 1 0.642485259375 1 0.6880361578125 0.9729980812499999 0.6976517015624999 0.9671405140625 0.7055390515625 0.9608840171875 0.7071058921875 0.9582923703125001 0.7091082015625 0.9492896765625 0.7091921109375 0.9378871171875 0.70738913125 0.9315286734375 0.7030060078125 0.9284175265625001 0.6963772203125 0.9256063937500001 0.6602222375 0.9125280312499999 0.6433252859375 0.9038595578124999 0.62947089375 0.9016577546875 0.6192342359375 0.9032443953125 0.59162453125 0.9124916953125 0.5823723203125 0.9144123296875 0.5702559859375 0.9207956703125 0.557723171875 0.9244142 0.47555845156250004 0.9549425625 0.47016468125 0.96092069375 0.46726448749999994 0.9666204593749999 0.46318508124999996 0.9786663328125 0.46154875781250004 0.9921657171875001 0.45245068593750004 0.9973243421875001 0.45 0.9993770468750001 0.45 1