0 0.2546875 0.084159896875 0.2546875 0.1137668546875 0.2652387203125 0.1389158328125 0.274026553125 0.140625 0.2895144453125 0.140625 0.334437565625 0.1356625859375 0.41836671875000003 0.11531649687500001 0.43171100625000003 0.107077640625 0.43867878437499996 0.0985635890625 0.4390625 0.092144125 0.4390625 0.0755979328125 0.43621987500000003 0.061415675 0.4264053921875 0.0502955453125 0.4072203734375 0.047090565625000004 0.2643501515625 0.0666756921875 0.25814012656249996 0.073538728125 0.2546875 0.084159896875
0 0.33054684375 0.20668976562500002 0.344624834375 0.2125 0.355369965625 0.2125 0.3767533984375 0.20769348124999998 0.3918906640625 0.20804963437500001 0.39656668281249996 0.2036954953125 0.40564124375 0.183090171875 0.4109375 0.1560408890625 0.4109375 0.15097256718750002 0.40939235937499996 0.139079221875 0.40016914843749996 0.11916985312499999 0.3676028484375 0.12261745937499999 0.3217477578125 0.13668333125 0.3156863828125 0.18406105625 0.33054684375 0.20668976562500002
0 0 0.19534645625 0.0055741890625 0.19993769687500001 0.016830190624999998 0.204583246875 0.033570734375 0.20625 0.0345034984375 0.20625 0.05083800625 0.19466106562500002 0.063904825 0.17452516406250002 0.05945011875 0.1542273375 0.0469739109375 0.13140439843750001 0.02405495 0.10466430156249999 0 0.08954041406249999 0 0.19534645625
7 0.3751989796875 0 0.3681834109375 0.0100683109375 0.36469060625 0.031013568749999998 0.36672405937499997 0.0499193515625 0.37113329375 0.05 0.42442212343749997 0.05 0.426422884375 0.0490292953125 0.4278829 0.0433478578125 0.42806721562499994 0.01710961875 0.4222467671875 0 0.3751989796875 0
7 0.24454140156249998 0.2638940953125 0.23851635624999998 0.2786884921875 0.2307353265625 0.28647415 0.22563451875 0.30675575624999996 0.23895704218749997 0.3171875 0.2547087125 0.3171875 0.2808053109375 0.31656493281250003 0.3060523671875 0.3065617890625 0.39240210468750003 0.25343814375 0.4 0.240640509375 0.4 0.22653286874999998 0.399591196875 0.2202721265625 0.39144020625 0.212195059375 0.395983746875 0.203125 0.368363365625 0.203125 0.3586704328125 0.2069181671875 0.32765663906250003 0.2086500140625 0.2985838125 0.225321959375 0.2756285203125 0.23116519218749998 0.26703424062500003 0.2382224578125 0.24454140156249998 0.2638940953125
7 0.14652414062500002 0.0623870203125 0.14090538749999998 0.0604608140625 0.12133191406249999 0.0405999703125 0.1101684015625 0.039920103125 0.095438090625 0.057012945312499994 0.0703125 0.0701637859375 0.0703125 0.0704161984375 0.07564396875 0.09597367031250001 0.09935768125 0.12264902343749999 0.113515884375 0.14930815625 0.127415109375 0.164863384375 0.1546962859375 0.207935625 0.1773377765625 0.222778678125 0.19582053125 0.2300140828125 0.208037765625 0.241733115625 0.209017496875 0.249599734375 0.21724247968750002 0.2608493453125 0.2192851265625 0.2609375 0.230573971875 0.2609375 0.2432842859375 0.250781459375 0.24375 0.2465125703125 0.24375 0.2376413375 0.237203084375 0.229026846875 0.22788738125000002 0.20515180000000002 0.2173329765625 0.1623062265625 0.1826770625 0.1102990390625 0.15569185624999998 0.0799169796875 0.14652414062500002 0.0623870203125
7 0.288873040625 0.19607095624999998 0.28713555468749996 0.1898553515625 0.266804325 0.1716455265625 0.25397732031250003 0.1679225984375 0.23887704687500003 0.16915271875 0.22329649062499998 0.183930896875 0.2245721921875 0.20448769531250002 0.23606866875 0.21944401562500002 0.23791714375 0.23041843750000002 0.2436838796875 0.2386897328125 0.2431665984375 0.25065151874999997 0.23930383125 0.2557340515625 0.225922546875 0.262386640625 0.2179380421875 0.2614477984375 0.208899809375 0.24946979374999997 0.2079385765625 0.24239631093749997 0.19747732499999998 0.23768601718750001 0.165096671875 0.28323458437500004 0.1646540484375 0.3325385171875 0.1719380609375 0.3390625 0.18087195 0.3390625 0.1947990984375 0.3276988703125 0.21139638125000002 0.3223735828125 0.2215616625 0.3143936953125 0.23442500000000002 0.28553329375000003 0.284455996875 0.21152900312499998 0.288873040625 0.19607095624999998
7 0.0072479390625 0.0867752421875 0.0081906765625 0.0930555890625 0.029279659375 0.10961440156249999 0.045692628125 0.130527353125 0.0691665296875 0.18106153281249998 0.139438921875 0.257979790625 0.14756833281249998 0.2640625 0.1608953453125 0.2640625 0.1728739640625 0.2576399859375 0.1890625 0.242820753125 0.1890625 0.22885570156249999 0.1542055640625 0.20830361874999997 0.09476371875 0.117788778125 0.05485901562499999 0.07971810781250001 0.0416990453125 0.061718729687499994 0.03216203125 0.062495648437499995 0.0072479390625 0.0867752421875
7 0.06343825625 0.175405796875 0.0440874234375 0.1992321890625 0.02044836875 0.20989898281250002 0.016659590625 0.21815406249999997 0.0168815671875 0.22767169375 0.021114296875 0.238451884375 0.035900765625 0.25790805 0.0790399671875 0.29809915625 0.09706093593750001 0.3196757578125 0.1282967046875 0.3274615453125 0.1397376859375 0.34003845781250003 0.147905346875 0.340625 0.1503078046875 0.340625 0.1602717296875 0.33280318124999997 0.1625 0.3273317015625 0.1625 0.30738246406249997 0.1604005515625 0.304185534375 0.1564267953125 0.30450925156249997 0.1542268578125 0.27846524375000004 0.1319731625 0.2461084515625 0.0788344953125 0.186865859375 0.06343825625 0.175405796875
7 0 0 0 0.022736275 0.017879479687499998 0.043660040625 0.0357524625 0.058891553124999996 0.0379863421875 0.059375 0.0453012015625 0.059375 0.0546970015625 0.051785765625 0.062348546875 0.038448153125 0.0949696734375 0.00321035625 0.0969833640625 0 0 0
7 0.20054997343749997 0 0.20063491406249997 0.0036419968749999997 0.18989685781250001 0.0212042609375 0.178216065625 0.032486178125 0.1783694421875 0.0390625 0.1929842796875 0.0390625 0.2562496609375 0.0324864421875 0.3014024890625 0.022450990625 0.30625 0.0145228109375 0.30625 0 0.20054997343749997 0
7 0.1813107671875 0.10939023437499999 0.206078203125 0.1471047515625 0.22304544843750002 0.1576421890625 0.2269917515625 0.1578125 0.23617181875 0.1578125 0.245131996875 0.1486911546875 0.2546875 0.126364715625 0.2546875 0.11783344375 0.25013965 0.090274265625 0.1809771390625 0.060944182812500004 0.150721103125 0.06102501406250001 0.1492610859375 0.0667064515625 0.1559705578125 0.08125809687499999 0.1813107671875 0.10939023437499999
0 0.3068368140625 0 0.3054827953125 0.0177556296875 0.3167872625 0.059375 0.3229114453125 0.059375 0.3625 0.051614123437500006 0.3625 0.0479517890625 0.3510695359375 0 0.3068368140625 0
8 0.9169465609374999 0.1063915140625 0.8779720421875 0.1052377390625 0.8544224249999999 0.11274258906250001 0.8425798406249999 0.12410114531250001 0.8353572484375 0.1356749015625 0.8136576921875001 0.183628234375 0.8049449640624999 0.21101283125 0.7856143 0.2895136578125 0.782389096875 0.3131838046875 0.782117996875 0.3436083234375 0.7952198203125 0.3713473765625 0.8096388328125 0.38657591875 0.8478141828125001 0.4015625 0.8807713734375 0.4015625 0.904992775 0.3976343234375 0.9261445203124999 0.3853860375 0.943471821875 0.3577410359375 0.9495473624999999 0.3428054625 0.952634209375 0.32177558125 0.9687106921874999 0.292748959375 0.9789509515624999 0.2614654515625 0.990625 0.1875800171875 0.990625 0.1648292375 0.9898343718749999 0.154780709375 0.983891575 0.141932025 0.9726342015625 0.1294974625 0.9540822484374999 0.1173847921875 0.93591358125 0.11058339375 0.9169465609374999 0.1063915140625
8 0.7266765 0.1399084296875 0.69632216875 0.1636382421875 0.654615109375 0.21462967968750002 0.6463866296875 0.2327733546875 0.632111584375 0.240048540625 0.6283619328125 0.24847568125000002 0.6277047375 0.26101693593749997 0.6354545843749999 0.2772581796875 0.6425416296875001 0.2808966828125 0.656367015625 0.282202353125 0.68384765 0.3006860203125 0.700852421875 0.30625 0.7100111499999999 0.30625 0.7332783859375 0.3043118828125 0.7595371734375 0.295609871875 0.7754809140625 0.2943675078125 0.78492843125 0.2908375171875 0.8138767515625001 0.19293436875 0.8371730187499999 0.13976199375 0.8375 0.13642749375000002 0.8375 0.12406291093749999 0.83671775 0.12319886093750002 0.8281723515625 0.12213913437499999 0.801461096875 0.12685000468750002 0.7557828234375 0.1273689984375 0.7450498953125 0.1301774375 0.7266765 0.1399084296875
8 0.56875 0.46875 0.6002947015625 0.46875 0.600897684375 0.466990225 0.6656009328125 0.41905499218750003 0.6757430390625 0.414895678125 0.6980792328125001 0.417921140625 0.7101349625 0.42774618125 0.715625 0.42855520937499997 0.715625 0.4199736609375 0.713916396875 0.40608697656250003 0.7013334109375 0.3684469359375 0.693857471875 0.3343531671875 0.67749024375 0.305800334375 0.66241123125 0.2905410484375 0.6493150203125 0.2879459890625 0.628647521875 0.2909533484375 0.5861682796875 0.3061782515625 0.56875 0.321352296875 0.56875 0.46875
8 0.8519692015625001 0.46875 0.8589728015624999 0.4633538625 0.8766516062499999 0.454252190625 0.9131244890625 0.45264273125 0.9521709937499999 0.4650483703125 0.9614109781250001 0.4654787734375 0.9695384984375 0.4618872921875 0.9703125 0.458610434375 0.9703125 0.45342661093750003 0.9576529062500001 0.436189925 0.947736084375 0.36029680000000003 0.94655444375 0.3575950484375 0.9411706859375 0.359329303125 0.9312735078125 0.371440153125 0.9202984578125001 0.3788690578125 0.9214455125000001 0.382230871875 0.9165142171875 0.3879562640625 0.9001899968749999 0.39645935468750004 0.8735825109375 0.3991900296875 0.8599300703124999 0.39458402812500004 0.8159868593749999 0.38724371562500004 0.7988932609375 0.372552265625 0.7870076687500001 0.3468548984375 0.784987471875 0.3222787421875 0.7879705515625 0.3032290578125 0.7861635 0.29983649843750004 0.783661859375 0.2970732640625 0.7744218765625 0.2966428609375 0.7470506218749999 0.3013229875 0.73013558125 0.308475203125 0.719612996875 0.31989524375 0.7048163093750001 0.324499425 0.6965158421875 0.331391234375 0.69387865625 0.34384025937499996 0.697950834375 0.37976050781250004 0.7092801953125 0.40344693437499995 0.7141825109375001 0.423525603125 0.725892353125 0.43995130312499997 0.7577942921874999 0.46875 0.8519692015625001 0.46875
4 0 0.46875 0 0.5189822984375 0.062860734375 0.50517805625 0.105324984375 0.4968612171875 0.11556042343749999 0.5045577109375 0.1250175953125 0.5013195953125 0.1332455203125 0.46875 0 0.46875
4 0 0.8061027 0.0063576359375 0.8022063875000001 0.0201525953125 0.7990643546875 0.036840521875 0.7911980812499999 0.0483007640625 0.7798067312500001 0.070074228125 0.7649280828125 0.088467425 0.7361842000000001 0.0940807859375 0.7227097062500001 0.096875 0.6885001234375 0.096875 0.6776729140625 0.0946794734375 0.6601300515624999 0.08877165000000001 0.6465152859375001 0.08613237968750001 0.6297168609374999 0.0793211484375 0.6210236296875 0.07780863593750001 0.60884695 0.06855105312500001 0.5994100140625 0.0679622859375 0.5943405078125 0.06397299375 0.5879315640625 0.0491933421875 0.5724348 0.0443716703125 0.5639388640625 0.036494628125 0.5621555109375 0.029358584375000003 0.55743896875 0.0208217421875 0.5575946375 0.0010682671875 0.5661591406250001 0 0.5668049796875 0 0.8061027
4 0.13765405625 0.46875 0.1306076390625 0.4832774578125 0.12814102968750002 0.49505954687500003 0.1241720765625 0.5006793140625 0.1162239984375 0.5059044859374999 0.0981149328125 0.5066142640625 0.093313603125 0.5101470375 0.09379073437499999 0.5227221562500001 0.09891695625 0.5397672 0.1034849296875 0.569785803125 0.10311951562499999 0.5742595749999999 0.09787156875 0.58326029375 0.09570951093749999 0.6035914953125 0.0945830015625 0.6726332656249999 0.09672488125 0.6893823671874999 0.0937609609375 0.7256696375 0.09409619218750001 0.8013708203125001 0.0881583453125 0.917040021875 0.087102703125 0.9299642562500001 0.082118709375 0.9480111687499999 0.0843417921875 0.9637660984374999 0.08090068593750001 1 0.1480460140625 1 0.1992186578125 0.9631311671875 0.202020253125 0.95338674375 0.1976553734375 0.9454372171875001 0.1983557703125 0.9430011125 0.2176828875 0.927378759375 0.2261587859375 0.9156914671875 0.24419673749999998 0.8974357109375 0.2689342859375 0.8953787999999999 0.29177364687499996 0.898144778125 0.2973667484375 0.8971960796874999 0.3 0.894631225 0.3 0.8903784781249999 0.29858479843749997 0.8822835015624999 0.28487096093750003 0.859876859375 0.279724478125 0.8553576109375 0.25556552187500003 0.856469671875 0.2412630015625 0.8535480249999999 0.188285746875 0.82073336875 0.1809060921875 0.81899934375 0.1722474453125 0.82064626875 0.16129468281249998 0.8135467921874999 0.1547068015625 0.814396840625 0.14914413124999998 0.808834096875 0.146312025 0.8005354578125001 0.14207911875 0.7971090265624999 0.1343746515625 0.7993516890625 0.13047673125 0.797962928125 0.1407594421875 0.7764325624999999 0.14522578749999998 0.770862121875 0.148849584375 0.7571903343749999 0.1523414890625 0.763549953125 0.17837837343750002 0.7701407984374999 0.1856564828125 0.7608402906249999 0.21086090937500002 0.7407896359375 0.22079854999999998 0.73576175625 0.228838 0.7355567625 0.2342991265625 0.7300849703125 0.242084796875 0.7268481390625 0.24683535 0.7177980953125 0.251697540625 0.701242440625 0.2567830796875 0.6942300640625 0.260447478125 0.6800611906249999 0.26186853593750004 0.662663184375 0.2591480609375 0.6468589296875 0.2490987078125 0.6348379171875 0.24478459843749997 0.6324056609375 0.24191189062500001 0.62460410625 0.252001765625 0.611573528125 0.26352295 0.6117138 0.2742929625 0.6087729125 0.276394159375 0.6014645953125 0.2805762921875 0.599373753125 0.2815609 0.593458046875 0.278718621875 0.5791450499999999 0.261715971875 0.5724478609375 0.2544479515625 0.5632082203125 0.2342477765625 0.5526861625 0.2238837796875 0.5506561953125 0.20930722031250001 0.55722850625 0.19294410625 0.5611180906250001 0.1972074421875 0.5580330796874999 0.199846628125 0.5502769984375 0.2096624640625 0.5467403765625 0.21412880781250002 0.5411699343749999 0.2372320390625 0.528427603125 0.25072244375 0.5167364609375 0.2541432328125 0.505550103125 0.2439923328125 0.4824945546875 0.2346535484375 0.474051790625 0.228603659375 0.47445407656249994 0.2201175890625 0.4801270171875 0.21352970624999998 0.48097706406249996 0.2029322703125 0.48794396406249996 0.1939792421875 0.48705613750000004 0.1940096734375 0.48054469843750003 0.20038437656250002 0.476165721875 0.2043383453125 0.46875 0.13765405625 0.46875
0 0.7898194296875 0.5548436203125 0.7848346640624999 0.554346909375 0.779167378125 0.5459027984375 0.775674565625 0.5454060843749999 0.7727948281250001 0.549876496875 0.7614027890624999 0.5518633453125 0.7556085890625 0.559314034375 0.7471773140625 0.5603074578125 0.7408163437499999 0.5647778734375 0.7375434656250001 0.57371869375 0.7375901796875001 0.59706418125 0.74890285625 0.6770348890625 0.763302790625 0.7187587390625 0.767454971875 0.7262094265625001 0.76864155 0.7265625 0.7801209359375 0.7265625 0.8393694625 0.7177653109375 0.9282391062500001 0.7113080515625001 0.9380697359375001 0.7063409249999999 0.95095373125 0.7043540765625 0.9515625 0.686401075 0.9515625 0.661972134375 0.948523346875 0.62140309375 0.9408886859375001 0.549876496875 0.9375806656249999 0.535968546875 0.9344809984375001 0.531001421875 0.8769656109374999 0.538452109375 0.7898194296875 0.5548436203125
9 0.9379485578125 0.7126036890625 0.9073810015625 0.7240280765625 0.881670884375 0.7304853375 0.8520748171875001 0.7409162984375 0.7989774265625 0.7458834234375 0.7851335203125 0.7493604125 0.7733367640625 0.7553209625 0.7785530359375 0.7657519234375 0.7774434765625 0.8035020718749999 0.7817581265625 0.8392653687500001 0.7964015578125 0.9127788156250001 0.7976049640625 0.9430782765625001 0.7950030328125 0.9594697859375 0.7970270359375 0.9609599234375 0.8249000562500001 0.9619533515625001 0.8511885156249999 0.9589730765625 0.8691035796875 0.9594697875 0.9213741765625001 0.971875 0.9263645374999999 0.971875 0.930435884375 0.9664237640625 0.9464534406249999 0.9281769015624999 0.954572184375 0.913772240625 0.9739676296875001 0.913772240625 0.9902634062499999 0.908805115625 0.9953125 0.9048552171875001 0.9953125 0.8908765453124999 0.994669409375 0.8844662046875001 0.9870240046875001 0.8551601671875 0.9658331515625 0.7140938265625 0.9642370171875001 0.7096234140625001 0.9607210578125001 0.7081332781249999 0.9379485578125 0.7126036890625
10 0.56875 0.99375 0.57788318125 0.99375 0.7136168062499999 0.9658325609375 0.7376960609375 0.95341475 0.7503369765625 0.9409969390625001 0.7662276218749999 0.9186448781250001 0.7689916078125 0.909207340625 0.7654396734375 0.8421511562500001 0.7703125 0.79483135625 0.7703125 0.7667530140625 0.7699138828125001 0.7567166109375 0.7656802593750001 0.7244303015625 0.7532927515625 0.683699878125 0.7498921281250001 0.665818228125 0.7428015 0.6176371203125 0.7410197484375 0.5838606703125 0.7383710984375 0.576906696875 0.7038357359375 0.546110521875 0.6777320609374999 0.5356795609375 0.6323486953125 0.5302157234375 0.6022664703125 0.5197847609374999 0.5832873171874999 0.5163077734375 0.56875 0.514750425 0.56875 0.99375