6 0.459375 0.5 0.459375 0.3695932546875 0.4447296625 0.3695932546875 0.4211681546875 0.3571924609375 0.3901661703125 0.3522321421875 0.3938864078125 0.275347221875 0.3802455375 0.2579861109375 0.3814856140625 0.23318452343749999 0.392646328125 0.218303571875 0.392646328125 0.17986111093749999 0.361644346875 0.16374007968749998 0.33808283906250003 0.1587797625 0.3095610109375 0.1451388890625 0.27979910625 0.10669642812499999 0.27359870937499997 0.13025793593749999 0.2909598203125 0.1389384921875 0.307080853125 0.1612599203125 0.323201884375 0.17862103125 0.33808283906250003 0.191021825 0.3504836296875 0.20342261874999998 0.3492435515625 0.21954365 0.361644346875 0.243105159375 0.34800347187499997 0.2679067453125 0.323201884375 0.29022817500000003 0.3033606140625 0.2865079359375 0.3021205375 0.3150297625 0.2909598203125 0.31750992031249997 0.28971974375 0.3398313484375 0.27979910625 0.353472221875 0.27359870937499997 0.381994046875 0.27483878906250003 0.4167162703125 0.2649181546875 0.43407738125 0.2661582359375 0.456398809375 0.2562375984375 0.45887896875 0.24631696406249998 0.47624007968750004 0.24879712187499997 0.4948412703125 0.2526661703125 0.5 0.459375 0.5
4 0.2930927578125 0.1725570421875 0.301773315625 0.1589161703125 0.279451884375 0.1750372015625 0.279451884375 0.1663566453125 0.26581101406249996 0.1427951375 0.24100942500000003 0.15643601093749998 0.21372767812500001 0.1626364078125 0.1761060546875 0.1614228078125 0.17528521875 0.1651165671875 0.1889260921875 0.1923983125 0.21620783906250002 0.20479910625 0.222408234375 0.23580109062500001 0.2273685515625 0.255642359375 0.17528521875 0.2705233125 0.1777653765625 0.28292410625 0.21620783906250002 0.266803075 0.2372891859375 0.2717633921875 0.2583705375 0.2940848203125 0.25713045625 0.305245534375 0.28536706562499997 0.31875 0.285703434375 0.31875 0.2930927578125 0.2990451375 0.298053075 0.28416418593750004 0.3265749 0.28664434375000003 0.341455853125 0.26060267812500004 0.3538566484375 0.25192212187499996 0.3546875 0.2394593515625 0.3546875 0.23260478281250002 0.345176090625 0.2159598203125 0.3377356171875 0.19487847187500001 0.3092137890625 0.1787574390625 0.2930927578125 0.1725570421875
7 0.17228865468750001 0 0.1524305546875 0.030890378125 0.128869046875 0.043291171875 0.115625 0.0854313234375 0.115625 0.088224559375 0.1239087296875 0.1201760921875 0.1449900796875 0.1449776796875 0.17445436406249998 0.1609375 0.229054025 0.1609375 0.250396825 0.1474578359375 0.268998015625 0.1300967265625 0.278125 0.1004340265625 0.278125 0.0957004703125 0.2702380953125 0.0742931546875 0.2541170640625 0.063132440625 0.256597221875 0.037090775 0.23303571406249998 0.013529265625 0.2195064484375 0 0.17228865468750001 0
7 0.459375 0 0.353364034375 0 0.3411582328125 0.022123015625 0.3188368046875 0.04072420625 0.294878471875 0.055555556250000006 0.2940352171875 0.0580853171875 0.2977554546875 0.100248015625 0.3250372015625 0.1014880953125 0.3411582328125 0.1225694453125 0.352318946875 0.14737103125 0.36595982031249996 0.162251984375 0.38003885312499996 0.16875 0.3838207796875 0.16875 0.41184275625 0.153571428125 0.459375 0.137727346875 0.459375 0
7 0.2370716078125 0.5 0.24562251875 0.48118799531249995 0.2530629953125 0.4601066453125 0.26422371093749997 0.4526661703125 0.2654637890625 0.42414434375 0.2741443453125 0.41670386875 0.2729042640625 0.373301090625 0.2815848203125 0.3534598203125 0.290625 0.33650948281250004 0.290625 0.33362599375 0.27910466093749997 0.31749751875 0.2617435515625 0.3100570421875 0.255543153125 0.30509672499999996 0.22844742343750002 0.3015625 0.226802490625 0.3015625 0.202219740625 0.3224578359375 0.186098709375 0.3534598203125 0.1798983125 0.37082093125000004 0.153856646875 0.3745411703125 0.1216145828125 0.417943946875 0.098053075 0.45142609062499994 0.06953125 0.4787078359375 0.056755953125 0.5 0.2370716078125 0.5
10 0.606126796875 0.5 0.60872914375 0.49236645156250003 0.60900379375 0.48028185937499995 0.6062572937499999 0.47176771406249995 0.615046090625 0.4462252828125 0.6161446890625 0.43002094062499996 0.621637684375 0.4116194046875 0.6293278796874999 0.375914928125 0.63125 0.36032440625 0.63125 0.3419749546875 0.62960253125 0.3377386015625 0.6202644375 0.326203309375 0.6095530921875 0.32318216093749996 0.6040600953124999 0.3196117125 0.5996656984375 0.3135694171875 0.5969192 0.3124708171875 0.5787923125 0.31549196562500004 0.564235871875 0.31549196562500004 0.470305634375 0.3045059734375 0.46151683906249996 0.305879221875 0.459375 0.30668241093750004 0.459375 0.4796239875 0.459868940625 0.4811058078125 0.459868940625 0.49456365 0.46261543749999995 0.49703549843749995 0.4810469046875 0.5 0.606126796875 0.5
1 0.459375 0.5 0.20927776874999998 0.5 0.1702757359375 0.5296415453125001 0.18204044218749998 0.5731709546875 0.2232169125 0.6061121328125 0.2526286765625 0.642582721875 0.3667202015625 0.6859375 0.37804458125 0.6859375 0.397334559375 0.682582721875 0.4585110296875 0.66140625 0.459375 0.661303396875 0.459375 0.5
1 0.6938763390625 0.5 0.55965865 0.8178021375 0.561183925 0.8603914359375 0.62690603125 0.9472805906249999 0.6371072703125 0.953125 0.6405676859375 0.953125 0.78414858125 0.8837562765625 0.8565309624999999 0.6868501968749999 0.909375 0.5180348734375 0.909375 0.513348346875 0.9008858609375 0.5 0.6938763390625 0.5
1 0.5069700546875 0.5 0.47567524531250005 0.5073130015625 0.4755601328125 0.6921875 0.4771072046875 0.6921875 0.6318124421875 0.6514532531249999 0.6944915703125 0.5 0.5069700546875 0.5
5 0.9185924374999999 0.5 0.89990234375 0.544482421875 0.8720703125 0.634814453125 0.8564453125 0.676806640625 0.7783203125 0.849169921875 0.7685546875 0.874072265625 0.7666015625 0.884814453125 0.759765625 0.899951171875 0.75341796875 0.922412109375 0.75390625 0.928271484375 0.76025390625 0.932666015625 0.83203125 0.955126953125 0.86083984375 0.968310546875 0.905136928125 1 1 1 1 0.5014544859375001 0.9948573515625 0.5 0.9185924374999999 0.5
5 0.7262508875 0.5 0.714990234375 0.51474609375 0.688134765625 0.55673828125 0.674951171875 0.58115234375 0.667138671875 0.59091796875 0.644677734375 0.63388671875 0.626611328125 0.68125 0.614892578125 0.72177734375 0.588525390625 0.792578125 0.589501953125 0.79794921875 0.601220703125 0.79794921875 0.652490234375 0.8130859375 0.673974609375 0.8150390625 0.746728515625 0.8697265625 0.7506673171875 0.871875 0.760302734375 0.871875 0.762353515625 0.8716796875 0.768701171875 0.8658203125 0.773583984375 0.85703125 0.808740234375 0.78525390625 0.853173828125 0.68759765625 0.868310546875 0.648046875 0.870263671875 0.620703125 0.869287109375 0.5826171875 0.863427734375 0.5513671875 0.855615234375 0.53427734375 0.843896484375 0.5201171875 0.834619140625 0.51279296875 0.8094984015625 0.5 0.7262508875 0.5