7 0.22575789999999998 0 0.2360822953125 0.010977684375000001 0.2525902140625 0.0206413796875 0.2800747625 0.028503290625 0.357530746875 0.0374681484375 0.3677055109375 0.0421875 0.3865 0.0421875 0.39634768125000003 0.0414246796875 0.4136360625 0.0275427796875 0.4209460296875 0 0.22575789999999998 0
7 0.335292090625 0.036930734375 0.242016725 0.020541134375 0.23377127031249997 0.037744867187499996 0.24645775468750003 0.0447635296875 0.2588974140625 0.0721723984375 0.2738044140625 0.0913022609375 0.30648746875 0.10628710937500001 0.33792536875 0.12863453125 0.35618910625 0.13422640156250001 0.36207615625 0.1435882921875 0.40377713125000003 0.1671875 0.4210754296875 0.1671875 0.425422621875 0.15394885625000002 0.44286590156249994 0.1454612984375 0.4439561625 0.132704384375 0.45 0.12183795 0.45 0.121545134375 0.43467238124999996 0.0992554578125 0.39539075156250003 0.079115903125 0.3806386515625 0.0653803828125 0.335292090625 0.036930734375
7 0.1495508484375 0.0617104875 0.13421914375 0.0640226296875 0.11606434531250001 0.0767173734375 0.098311265625 0.07441624999999999 0.09284294843749999 0.0941296546875 0.1100623875 0.099586165625 0.1167928765625 0.1165813515625 0.12963425625 0.1289943546875 0.167584771875 0.1317637296875 0.194512696875 0.1492271640625 0.2454824734375 0.163357746875 0.310418171875 0.1671875 0.3216725265625 0.1671875 0.3296875 0.1197953546875 0.3296875 0.1183062828125 0.26837706093749997 0.0910856203125 0.2243616140625 0.08000615 0.17770095156250001 0.0782574875 0.1495508484375 0.0617104875
7 0.3334858734375 0.17219229062500002 0.27396084374999996 0.164476759375 0.2537404296875 0.1704546453125 0.225986075 0.189429078125 0.2165873875 0.1882108375 0.207343596875 0.1923869359375 0.20434261875 0.20382133125 0.2074525328125 0.2106735515625 0.2231170140625 0.21270395312499998 0.2380469953125 0.22538767656249997 0.2578656890625 0.234405659375 0.371471446875 0.2359375 0.37855803125 0.2359375 0.3926491703125 0.2325287125 0.4171875 0.21071140000000002 0.4171875 0.205211875 0.41194019531250003 0.19418478125 0.414786275 0.1773560421875 0.39234534375 0.17122272968750002 0.3334858734375 0.17219229062500002
7 0.032651190625 0.228747084375 0.023895078125 0.24266006875 0.021938396875 0.254229825 0.0259147296875 0.2622692 0.0380905546875 0.26599711406250004 0.0373560546875 0.27665043749999996 0.044132504687500004 0.280753346875 0.061610321875 0.28125 0.0655617515625 0.28125 0.08072892499999999 0.272598678125 0.0983730671875 0.2566131859375 0.10948758125 0.2161345796875 0.137041071875 0.204658075 0.1609739890625 0.1830386109375 0.169219440625 0.1658348765625 0.1734375 0.1408936984375 0.1734375 0.139154884375 0.169512228125 0.13255239531250002 0.13475959375 0.13125 0.13449723125 0.13125 0.1182956296875 0.1388120203125 0.069184634375 0.189413528125 0.058850584375 0.20634654062500002 0.032651190625 0.228747084375
7 0 0.2764198265625 0.016287799999999998 0.264206615625 0.0421875 0.22155695625 0.0421875 0.21800851406250002 0.039469203125000005 0.209169309375 0.0312926953125 0.20703463125 0.0197824265625 0.21199180625 0 0.2122672890625 0 0.2764198265625
7 0.11098001875 0.2144171046875 0.10060000468750001 0.24424239062500003 0.10599340625 0.2943846953125 0.1129247578125 0.3038819453125 0.1254449453125 0.309375 0.1293866703125 0.309375 0.1501867328125 0.3044123671875 0.1640625 0.25377685156249996 0.1640625 0.252899475 0.1614391375 0.22525693750000003 0.1466870375 0.2115214171875 0.13468909375 0.2067417078125 0.11098001875 0.2144171046875
7 0.16218611249999998 0.2431491125 0.15580541406249998 0.2745676359375 0.1440942859375 0.28702274375000003 0.14102436093749998 0.3177955515625 0.13104606875 0.3326249734375 0.1289115078125 0.3452465265625 0.1366053265625 0.3734375 0.1495286453125 0.3734375 0.1551279125 0.3669171453125 0.1713490171875 0.3593460234375 0.1811953921875 0.332676125 0.1953508796875 0.31838814531250004 0.2148427640625 0.27254628125 0.215625 0.265633128125 0.215625 0.25000579843750004 0.2125133125 0.2421484671875 0.20049238906250003 0.24381489531249997 0.19180521875 0.23838946875000003 0.16218611249999998 0.2431491125
7 0.2710475109375 0.23797782656250002 0.25355826718749996 0.2593576578125 0.2041374765625 0.299170484375 0.1892474890625 0.3241117859375 0.1874686890625 0.334629746875 0.17557968125 0.3481366515625 0.17433452031250002 0.35549922343749996 0.1791504703125 0.3609375 0.1888467328125 0.3609375 0.1987321328125 0.350062778125 0.2137080765625 0.349854228125 0.23759502968750001 0.3411270359375 0.2811057875 0.2983984546875 0.301527065625 0.2849226375 0.3125 0.26271868125000003 0.3125 0.2568457125 0.3061749265625 0.2511298015625 0.3049987109375 0.2391539640625 0.28655709375 0.23461388749999998 0.2710475109375 0.23797782656250002
7 0.30299180937500003 0.403182975 0.29761541406249997 0.3971118328125 0.299417196875 0.380147734375 0.29230796875 0.37170227968749997 0.2795985015625 0.3711297546875 0.224514503125 0.3876366203125 0.214737075 0.39496810625 0.1827195734375 0.38866835 0.161276975 0.39556267031250003 0.1450099125 0.4160260671875 0.1317438265625 0.42505506562499995 0.13572015937499998 0.433094440625 0.14651890781250002 0.43234445 0.1602496875 0.4394984734375 0.1731931078125 0.440625 0.1892931875 0.440625 0.2325531265625 0.42844811875 0.288124803125 0.4216781390625 0.3017466484375 0.41054554843749996 0.30299180937500003 0.403182975
7 0.025526721875000002 0.3946462890625 0.0718486375 0.442569709375 0.0784012453125 0.46061668593749994 0.09431743125 0.475 0.10188500781250001 0.475 0.1091735859375 0.47427901875 0.1201731953125 0.46603109531250003 0.121875 0.45596840937499994 0.121875 0.444804340625 0.120110221875 0.43485220625 0.04774978125 0.364206371875 0.0194447796875 0.3422650328125 0.025526721875000002 0.3946462890625
7 0 0.40007171093749994 0.008716232812499999 0.3958305640625 0.014672228125 0.38585404218749997 0.0186085703125 0.35626839062500004 0.0165429546875 0.3495515328125 0.0203125 0.332639121875 0.0203125 0.3278221859375 0.016657860937499998 0.3173208453125 0.0052165375 0.302939609375 0 0.30134244374999997 0 0.40007171093749994
7 0.1420064921875 0.377136015625 0.1355858015625 0.3709295140625 0.12128138749999999 0.329305853125 0.0999996609375 0.2910772171875 0.08438114218750001 0.276154540625 0.0770710515625 0.27520701875000003 0.0618942484375 0.2829135015625 0.0514512609375 0.28155990000000003 0.0473830015625 0.2993050734375 0.0551348078125 0.3228817546875 0.076950175 0.3579550046875 0.08668164218749999 0.3635157890625 0.0952998671875 0.38827962656250004 0.10882978593749999 0.4029315828125 0.1103219953125 0.403125 0.1178912421875 0.403125 0.12260653125000001 0.3971933328125 0.1288723234375 0.39800549375 0.14180563125 0.3846339484375 0.1420064921875 0.377136015625
7 0.2445610703125 0.47826713125 0.2232103984375 0.4593769046875 0.20110224531249998 0.45758613593749997 0.1893451515625 0.48293351875 0.19660928125 0.49677331406249997 0.25008638906249997 0.5402499140625 0.2799532109375 0.546875 0.29504697343749997 0.546875 0.296875 0.541104415625 0.296875 0.540894228125 0.28877140625000003 0.5323659671875001 0.2846631546875 0.5124861171874999 0.2598008453125 0.5017395375 0.2445610703125 0.47826713125
7 0 0.43808690781250004 0.018532746875 0.4453125 0.0453894609375 0.4453125 0.054674828125 0.4268563828125 0.024837846875 0.3950427984375 0.010217665625 0.39314775625 0 0.39729980781249996 0 0.43808690781250004
7 0.2333381890625 0.46818720625 0.2456689125 0.47730946249999995 0.257953671875 0.4993239921875 0.325251146875 0.5359375 0.33263928125 0.5359375 0.35680629218750004 0.5142868015625 0.3578125 0.5083371484375 0.3578125 0.507903471875 0.35076434375 0.499530571875 0.28750980312499996 0.463385459375 0.23633916562500001 0.456752809375 0.2333381890625 0.46818720625
7 0 0.5533834859375 0.05974775 0.5783070984375 0.0857003203125 0.5762967625 0.0990927296875 0.5796875 0.1035138078125 0.5796875 0.1078125 0.56921396875 0.1078125 0.5671984578125 0.0974114484375 0.5638416546875 0.08163803124999999 0.5435246375 0.069129428125 0.5354541765625 0.022514725 0.5208132390625 0.011050421874999999 0.512878140625 0 0.511445803125 0 0.5533834859375
7 0.3028798265625 0.3196727203125 0.2715278828125 0.3220580515625 0.2186643984375 0.350676115625 0.1979333203125 0.353363253125 0.1942438046875 0.3625586984375 0.1558915671875 0.37478518906249997 0.15220204843750001 0.38398063437499996 0.1554898453125 0.38978105625000004 0.17117730625 0.385365321875 0.1999398046875 0.390625 0.21770947187499998 0.390625 0.27501056562500004 0.3708778390625 0.30009671718750003 0.3676803484375 0.3109375 0.3603781875 0.3109375 0.35611069687499997 0.3078315125 0.3471858671875 0.310832490625 0.33575146875 0.30441180156250003 0.329544965625 0.3028798265625 0.3196727203125
7 0.09465884531249999 0.475289440625 0.0833724203125 0.466302546875 0.07501803124999999 0.465219665625 0.07221791250000001 0.46915612968750003 0.074593328125 0.48666166874999994 0.06583721406250001 0.5005746531249999 0.061126378125000005 0.5031886015625 0.0383296859375 0.4991588796875 0.0395288828125 0.5046885828125001 0.046896607812500005 0.5078125 0.061450318749999996 0.5078125 0.13462901249999998 0.49766794843750006 0.1580282890625 0.47920386875 0.171875 0.47783415937499996 0.171875 0.4659590515625 0.15511923593750002 0.46485371875 0.1248575546875 0.4544821359375 0.1129455640625 0.47443517812499997 0.09465884531249999 0.475289440625
7 0 0.48490915 0.0011349234375 0.48573160625 0.04443885 0.5010182609375 0.048637634375 0.5015625 0.061835146875000004 0.5015625 0.0695250015625 0.4978207671875 0.07688105625 0.485876015625 0.08125 0.46603346874999996 0.08125 0.46491885 0.043555420312499996 0.45575994062499997 0.042534103125 0.44917844531249995 0.0033843921875000003 0.44087936718750004 0 0.43944438437500005 0 0.48490915
7 0.0109375 0.573548353125 0.0109375 0.579549596875 0.0123617 0.5887273203125 0.031199068749999996 0.62878883125 0.046011284375 0.6453125 0.0597063234375 0.6453125 0.0699930203125 0.6391914984375 0.0734375 0.6239433484375 0.0734375 0.6164399921875 0.07133010625 0.6060443765625 0.056113309374999996 0.5761258328125 0.0150758625 0.5600581046875 0.0109375 0.573548353125
9 0.6733279640625 0.1947427390625 0.6665648187500001 0.18434446875 0.6480852890625 0.1771565859375 0.6229334578125 0.180602684375 0.6120089125 0.1943161015625 0.5733993625 0.21752973281250002 0.5464839234375 0.257064790625 0.547049521875 0.26456695625000004 0.618299075 0.3174039859375 0.66179504375 0.33917715625 0.6999984203125 0.370057684375 0.733971825 0.38448583125 0.7672442421875 0.40944319843750004 0.8417034515624999 0.45 0.8533643 0.45 0.8555027671875 0.44996248281250006 0.8859917328125 0.3983453875 0.8890625 0.340905134375 0.8890625 0.3166479296875 0.8456836234375 0.2998929953125 0.8386942359375 0.286493859375 0.7693899890625 0.23963237187500003 0.6733279640625 0.1947427390625
9 1 0.261975071875 0.9952464156249998 0.259524875 0.9861540578125 0.2777134015625 0.9796411828124999 0.34994370625000004 0.9730820015624999 0.3620781203125 0.9390863265625 0.36718179218749997 0.9227337999999999 0.4080339546875 0.9243174749999999 0.42904001562499994 0.9305150265624998 0.4319361234375 0.9294524062499999 0.45749586249999996 0.9383870999999999 0.47687054062499995 0.96329041875 0.48995539531250004 0.9908177640625 0.5180183875 1 0.5211694890625 1 0.261975071875
9 0.5857123140625 0.4800824515625 0.610841871875 0.49616817187500006 0.6320830296875 0.5265625 0.6396842265625 0.5265625 0.6489321296874999 0.5255482671875 0.715927675 0.48230520625000006 0.750624340625 0.4666723140625 0.7578125 0.43489611562499997 0.7578125 0.423226284375 0.75632310625 0.4034707984375 0.740263634375 0.38872836875 0.6952748359375001 0.366981390625 0.6362532765625 0.3265625 0.6341097890625 0.3265625 0.5458789546875 0.368099971875 0.53920665625 0.37873395312499997 0.5722991359375 0.46078634531249996 0.5857123140625 0.4800824515625
2 0.4796875 0.80022704375 0.420040846875 0.7800745375 0.3669194015625 0.7799439234375 0.2803250984375 0.7919311484375 0.25411558749999996 0.7928486453125 0.2559110015625 0.7957710890625 0.290549590625 0.8184408765625 0.32552975625 0.8206991953125 0.3316971328125 0.8274489859375 0.3358611890625 0.8292934140625 0.3624597734375 0.8368206328125 0.4475897875 0.867673884375 0.4796875 0.8710955015625 0.4796875 0.80022704375
2 0.4796875 0.94536940625 0.49097632343750003 0.9442939406249999 0.50433855 0.9412738468749999 0.5320856968750001 0.9300531062499999 0.5453884140625 0.921107171875 0.5765395625 0.8660572140625 0.5934248140625 0.8310595812500001 0.596875 0.8192928374999999 0.596875 0.8100096906250001 0.5939847281249999 0.7839136515625 0.5951655953125 0.7697884109375 0.594010578125 0.75767594375 0.5923410859375 0.756073515625 0.584515128125 0.758832196875 0.563723165625 0.779369646875 0.55141024375 0.7880918703125 0.54607208125 0.795732615625 0.535692546875 0.8035229203125 0.528420996875 0.8120955875 0.519387553125 0.818096828125 0.511020496875 0.8204828671875 0.5057943234375 0.8186944281249999 0.49767785 0.813104778125 0.49027397187500005 0.804384425 0.4796875 0.8014899124999999 0.4796875 0.94536940625
9 0.4956501734375 0.6796875 0.49381155000000004 0.6836254296875001 0.4796875 0.6928115187499999 0.4796875 0.7001887015625 0.47971715000000004 0.700174409375 0.48772790781250003 0.699353721875 0.49360089531250007 0.7079251421875 0.493337 0.710459490625 0.48937782187499995 0.711354334375 0.49226811562500006 0.7151555453125 0.4904271265625 0.7170564640625 0.492947815625 0.7169816859375 0.5414211390625 0.6951371796875 0.5604001546874999 0.6796875 0.4956501734375 0.6796875