0 0.2921700921875 0.46875 0.254610090625 0.304921590625 0.2377729765625 0.2886357671875 0.2113096734375 0.282908434375 0.18649553125 0.27733412031250004 0.1337608953125 0.274077028125 0.10085454062500002 0.2742956765625 0.061620312499999996 0.285378853125 0.0027497734375 0.301183859375 0 0.3064367171875 0 0.41475876093749997 0.0069058109375 0.46875 0.2921700921875 0.46875
0 0 0.1885494734375 0.0238202765625 0.290625 0.026485317187500003 0.290625 0.037063171875 0.28763689062500003 0.073114265625 0.2811662203125 0.1171875 0.2738518734375 0.1171875 0.2732643796875 0.0589576265625 0.09826197812500001 0.0421597984375 0.0921875 0.0382060875 0.0921875 0.0030398578125 0.0996173921875 0 0.10047611406250001 0 0.1885494734375
7 1 0.46875 1 0.0859203046875 0.990441578125 0.080487625 0.9686250265624998 0.07280868593749999 0.9510017156250001 0.06989911875 0.9381406359375 0.0703291046875 0.9086159328125 0.07776824843749999 0.8616225312499999 0.0793582 0.751364896875 0.1102446 0.7265508875 0.1220031703125 0.695192471875 0.1455302515625 0.67990083125 0.1546191328125 0.6576483140625 0.16461792343749998 0.6098818671874999 0.1809059875 0.5688443875 0.20069358125 0.51325140625 0.2812934078125 0.5084696828124999 0.306490184375 0.5070524390625 0.333436725 0.50925945 0.36658245625 0.5226999734375 0.41146664218750006 0.5322007515625 0.42798448593750005 0.5512517578125 0.4506915046875 0.5576563921875 0.46105311406249994 0.6522832796875 0.46875 1 0.46875
8 0.4 0.4483281375 0.5358120984375 0.459375 0.558466921875 0.459375 0.551033603125 0.4502804109375 0.536899434375 0.4279733265625 0.518129784375 0.39052820312500003 0.5116285515625 0.3639216453125 0.5072187125000001 0.316327778125 0.5078092875 0.2957104265625 0.51031715 0.28558171875 0.5195003515625001 0.2705836171875 0.5544767484374999 0.2252093328125 0.559375 0.212095146875 0.559375 0.2111246 0.5464231578125001 0.19995260625 0.5455386828125001 0.179215275 0.5424061124999999 0.1730560765625 0.50790885625 0.162377565625 0.4904380640625 0.1471795765625 0.47457116250000003 0.129651884375 0.46313150625 0.1218329265625 0.4485871375 0.116713634375 0.4309122921875 0.114783940625 0.4130313 0.11677374375 0.41093572500000003 0.11906345781250001 0.413653915625 0.12371285000000001 0.45540176875 0.1561385421875 0.46466854687500003 0.1677170234375 0.46404802343749996 0.17012671562499998 0.42996514531249996 0.1609580078125 0.4 0.1456253234375 0.4 0.4483281375
8 1 0 0.6777621171874999 0 0.6785697171875 0.0380501640625 0.6802571859375 0.062297040625 0.6834670578125 0.0669864296875 0.7208350234375 0.0700259125 0.7363885265625 0.07473525625 0.766950221875 0.0757450234375 0.7946648890625 0.07455508281249999 0.8620302859375 0.0765625 0.90634785625 0.0765625 0.9470053609375 0.0697251953125 0.9773609125 0.07465445937500001 0.9833899562500001 0.07268469375 0.9921608687500001 0.065525584375 1 0.055055734375 1 0
7 0.51514595 0 0.521266303125 0.009277596875 0.520982853125 0.0146669046875 0.50064344375 0.0164567421875 0.5002569218749999 0.0238057984375 0.5028205046875 0.0313948140625 0.50999170625 0.0452630078125 0.5151167796875 0.051092242187500005 0.5232434890625 0.0561815609375 0.5269192796875 0.061400878125 0.528864428125 0.08074838437500001 0.5337575875 0.090987053125 0.549341040625 0.113904053125 0.5716771359375 0.130481846875 0.5961861078125 0.14330011874999998 0.5993723046875 0.1578282375 0.6063868078125 0.16528725625000001 0.6157052078125 0.16875 0.6172104984375 0.16875 0.622638140625 0.16611709531250002 0.627477671875 0.1679868390625 0.63588783125 0.16768685 0.65622515 0.1565482140625 0.6578125 0.1548138109375 0.6578125 0.1477126140625 0.6553943015625 0.14417980625 0.652259640625 0.1286718109375 0.644727684375 0.1216627375 0.6468922015625 0.0805080203125 0.63989719375 0.0445126703125 0.6327259921875 0.030644478125000003 0.618127996875 0.017156259375 0.615256321875 0 0.51514595 0
8 0.4 0 0.4 0.11031427812500001 0.40505422031249994 0.11454955 0.412352175 0.11661925937499999 0.4262739265625 0.11479944687500002 0.44055852343749996 0.1154693125 0.45714693124999994 0.1192787703125 0.473917803125 0.12900746093749998 0.511654884375 0.162583021875 0.5301069515625001 0.1685121953125 0.548790934375 0.1700319375 0.553812934375 0.17782091875 0.561374840625 0.203037653125 0.5617247953125 0.203125 0.5686393093750001 0.203125 0.5765625 0.195444440625 0.5765625 0.1854417921875 0.5558980546875001 0.128787215625 0.533220703125 0.0905322109375 0.487812378125 0.005653271875 0.48354532812500006 0 0.4 0
7 0 0.46875 0 0.6147748328125 0.14096828749999998 0.76353955 0.1714150984375 0.7859375 0.2012411046875 0.7859375 0.2254052078125 0.75540946875 0.240665425 0.7486344 0.26947001249999997 0.7161140749999999 0.26525142343749997 0.6673335875 0.26781366093750003 0.6442983578125 0.271875 0.63865035 0.271875 0.6356505828125 0.24563059062499998 0.6280381937499999 0.2141697015625 0.5819677343749999 0.1854246015625 0.56164253125 0.11865658593749999 0.4911818265625 0.0815661328125 0.46875 0 0.46875
7 0.1491110578125 0.46875 0.162210725 0.48854166718750003 0.218789275 0.598297765625 0.24696626875 0.6294630765625 0.25211624375 0.6296875 0.2832074765625 0.6296875 0.3027348640625 0.6253980359375 0.3221311328125 0.617267953125 0.3338234 0.6010077921875 0.3520776953125 0.5888126687499999 0.34758081406249997 0.5711974921875 0.34921411875 0.5400321828125 0.356486278125 0.5305470875 0.357054384375 0.5197069796875 0.3373419546875 0.46875 0.1491110578125 0.46875
7 0.4 0.613050884375 0.36523525 0.5939765421875001 0.343555034375 0.5939765421875001 0.33521191250000004 0.5980415828125001 0.3220226046875 0.617011771875 0.2835141203125 0.6278518796875 0.2721059046875 0.6386919890625 0.26519457343749997 0.6671472734374999 0.27169135 0.698312584375 0.270986978125 0.737607978125 0.3005899984375 0.7674182765625 0.35458326093750003 0.7972285734375 0.38710334999999996 0.8078125 0.39405230625 0.8078125 0.4 0.80756521875 0.4 0.613050884375
3 0.4 0.69245604375 0.401302734375 0.693118890625 0.41091310625000005 0.6958744328125 0.4177024859375 0.696875 0.42936246093749997 0.696875 0.44621151562500005 0.69466981875 0.48306334218749997 0.6919360609374999 0.5834632359375 0.6874399671875 0.6288200359375 0.6835655265625 0.681564328125 0.669559153125 0.7746135046875 0.648684525 0.7787331359375 0.6472440078125 0.785693890625 0.6410048500000001 0.7888553593750001 0.6399764015625 0.7950811078125 0.638954853125 0.8269856984375 0.6406007640625 0.8378670953124999 0.6383055953125 0.8632940187500001 0.629291278125 0.8676839578125 0.6262773046875 0.8716943109375 0.6207771140625 0.8735772718749999 0.61639054375 0.8748316156249999 0.6095586171875 0.875 0.6075195296875 0.875 0.58736406875 0.8739694671875 0.5821762546875 0.871813309375 0.5764136375 0.868601796875 0.5720984421875001 0.8630351375 0.5674051375 0.8530618593749999 0.563944590625 0.8272478624999999 0.562063859375 0.8107192921875 0.5624822890625 0.7979854062499999 0.561003815625 0.7717964187499999 0.5533230578125 0.7546225515625 0.549514915625 0.74196918125 0.545219878125 0.728374328125 0.5431181265625 0.7091535828125 0.5376070421875 0.6499879703125 0.5279465765625 0.61897481875 0.5187637359374999 0.5071713 0.515446678125 0.4397238703125 0.5117324359375 0.405447453125 0.5079271999999999 0.4 0.5085693874999999 0.4 0.69245604375
3 0.6544992671875 1 0.6545787421875 0.9966043499999999 0.6522494734375 0.9913798390625 0.647316028125 0.9858180843749998 0.6454255828125 0.981795821875 0.6359037359374999 0.9428370125000001 0.6314016265625 0.9300686734374999 0.6274263421875 0.9240948484375 0.6176112015624999 0.9032785343749999 0.5965580625 0.86570213125 0.57983103125 0.8297095328124999 0.5745772359375 0.8203775875 0.5702436421875 0.8103849499999999 0.566303428125 0.792937109375 0.554060115625 0.78296808125 0.5483749859375 0.7808427218749999 0.5447792859375 0.7773551125 0.5436738890624999 0.7734588859375 0.543476609375 0.7638069484375001 0.5153643406249999 0.7067459640625 0.5096004015625 0.69240071875 0.5047215953124999 0.6888688015625 0.492886634375 0.6882622312500001 0.46589880937499994 0.6903968609375 0.43544124531249995 0.6948847718750001 0.432313134375 0.6994756499999999 0.43330754843749997 0.71434865 0.44541636406249996 0.793659021875 0.4537914359375 0.8585458765624999 0.4712432296875 0.979539546875 0.4764452765625 0.99856429375 0.4769512625 1 0.6544992671875 1
4 0.8004973468750001 0.7619865109375 0.8009833203125 0.7568097625 0.8059518328124999 0.7508975015624999 0.8122552062499999 0.73533675 0.8133715078125 0.7175689125 0.8116225203125002 0.6944096671875 0.8085933125 0.68292875 0.792481103125 0.659322934375 0.7894260234375 0.6526884171875 0.7847203296874999 0.6486183921875 0.7810061609375 0.6476987281250001 0.7727122546875 0.648549928125 0.694740028125 0.6661861109375 0.6605211390625 0.676133353125 0.6539871265625 0.678479734375 0.649099128125 0.6815754328125 0.6447805093750001 0.6884004562499999 0.6347888421875 0.6981951421874999 0.6289852359375001 0.6986377234375001 0.6125463734375 0.689611971875 0.6071269546875 0.6892269625 0.6021630359375 0.6918254156250001 0.5982878375 0.6965388812500001 0.593112846875 0.6994268187499999 0.58549011875 0.6996581875000001 0.5752586140625 0.7028661203125 0.5664879296875001 0.70226645 0.555058428125 0.6992996984375 0.538373428125 0.702037446875 0.53400016875 0.7068326359375 0.5319987375 0.7137871468749999 0.5327958671874999 0.7190082046875 0.535374165625 0.724191853125 0.5430043859375 0.7323693140625 0.5581601375 0.7413507546875 0.558598959375 0.7425530015625 0.5549302359375 0.750290790625 0.55384900625 0.756584609375 0.5468456953125 0.7658889531249999 0.54372966875 0.7755748546875 0.5442018531249999 0.78033953125 0.5459997031249999 0.7820833359374999 0.559227053125 0.7867938921875 0.5664989640625 0.7909525390625 0.5687356343750001 0.793898590625 0.5704650499999999 0.80355398125 0.573823803125 0.8121774734375 0.5835434546875 0.8189926875 0.589769203125 0.817971140625 0.58949889375 0.8195445953125 0.584805284375 0.8205695937499999 0.5839989593749999 0.82197615 0.5871891953125 0.827823940625 0.5851923578125 0.8314646437500001 0.584976690625 0.8350679359375001 0.5881744125 0.84932455625 0.5975886875 0.8691872421875001 0.6186964640625 0.9087934828125 0.6247565890625 0.9167188703125 0.6282504921875001 0.9245556359375 0.6312219984375 0.9265625 0.6338412078125 0.9265625 0.63721556875 0.92308460625 0.6416026171875 0.9083479953125 0.643253228125 0.9057835015624999 0.6514970921875 0.8995886578124999 0.6602269265625 0.888217065625 0.668817015625 0.8809460109374999 0.6759784609375 0.8542859 0.6801072875 0.8462177656250001 0.6840963625 0.8422501656250001 0.6992538234375 0.836195159375 0.7253640031249999 0.831656034375 0.7314379171875001 0.8296399984375 0.743007165625 0.8285062156249999 0.7514195421875 0.8250870734374999 0.7827426703125 0.817908634375 0.8042989890625 0.8102939734374999 0.8112977015624999 0.8043034390624999 0.8145276031249999 0.7953634015625 0.8152125671875 0.7848021484375 0.8237100578125001 0.775252634375 0.825 0.7698977171875001 0.825 0.7692890453125 0.8226684921875 0.7667586281250001 0.8205244171875 0.7660910375000001 0.8084950656250001 0.767555165625 0.80510584375 0.7670918828125 0.802311875 0.7655115296874999 0.8004973468750001 0.7619865109375