1 0 0.761102128125 0.00394439375 0.768836603125 0.12730796093750002 0.9024134406250001 0.49889606249999996 0.85699231875 0.48638582656249996 0.8276319093750001 0.561163171875 0.7798794921875001 0.569893525 0.763367534375 0.5540598625 0.7247603671875 0.5421703734375 0.720421878125 0.526878459375 0.7242216906250001 0.512595878125 0.745273521875 0.5012481375 0.7833420125 0.48595622499999996 0.7871418234374999 0.437369940625 0.7853583734375 0.41065611874999997 0.759664740625 0.40919819375 0.7347451515625 0.3772495984375 0.75216459375 0.31596979687500004 0.7654469359375 0.2861899984375 0.7536422734375 0.2709170734375 0.7246195625 0.2413425796875 0.7494712046875 0.2239008625 0.7496725953125 0.195504821875 0.6952255890625 0.19359830312499998 0.6626384328125 0.17765249375 0.6221143703124999 0.16961401874999998 0.61730515625 0.141067846875 0.6265863 0.125327340625 0.6227185421875 0.1227289453125 0.611452559375 0.14878886875 0.5928223203125 0.151854846875 0.5789333484375 0.132263328125 0.5755363234375 0.088537390625 0.59053416875 0.068833721875 0.5852202484375 0.060067181250000004 0.468525228125 0.0270350875 0.4011307125 0.0255771640625 0.37621112343749996 0.04948728125 0.3539824671875 0.031148381250000003 0.33884872499999996 0.027540653124999998 0.31033071562500003 0.03468194375 0.29980479843749996 0.149844175 0.250977128125 0.017680421874999998 0.26713218125 0 0.2808381921875 0 0.761102128125
1 0 0.9179749453125 0.0586315203125 0.9108081125 0.07036401406250001 0.8765537906249999 0.0853194859375 0.8670033078125 0.0613351984375 0.8216700296875 0 0.7566226125 0 0.9179749453125
1 0.9706975906249999 0.785807396875 0.9590323953125001 0.7853026937500001 0.932225415625 0.7248696484375 0.9060723359375 0.7087604734374999 0.9045212546875 0.649101471875 0.8924074687499999 0.6409292015625 0.880367846875 0.700318865625 0.7740163328125 0.7055963578125 0.7785212453125 0.7494495 0.7401232390625 0.756073684375 0.6082618562500001 0.8436239765625 0.9905365125 0.796896584375 0.9941090031250001 0.489877625 0.9934707953125 0.47896906406250006 0.8663694062499999 0.163392571875 0.3916329265625 0.22142204843750002 0.48061469375000004 0.2317819515625 0.7713473640624999 0.22906440468749997 0.8593409890625001 0.2414756921875 0.864313484375 0.2601738765625 0.8911394515625 0.2877844015625 0.9795798687499999 0.506715271875 0.9740828203125 0.6116396046875 0.9786429062499999 0.7558772 0.9706975906249999 0.785807396875
10 0.7186062109375 0.7529120203125 0.6455300765625 0.7965952921875 0.6116749640625 0.781427575 0.5908498140625 0.7569447406250001 0.5771469640625 0.7547585109375 0.5667153984375 0.7753396140625 0.48446031874999995 0.827867275 0.49563107031250003 0.857391415625 0.6077291078125 0.8436890968749999 0.743749959375 0.751769171875 0.7186062109375 0.7529120203125
10 0.2786226984375 0.3259740671875 0.28791379375 0.3190465703125 0.25774283750000004 0.23778812187499998 0.1772790390625 0.2476236234375 0.15961564687500002 0.2806723109375 0.131181625 0.291870346875 0.17608421875 0.3964258734375 0.195917228125 0.5696861796875 0.2139196875 0.5790692468749999 0.25401890312500003 0.5683759140625 0.28099500312500003 0.5322582875 0.28213547499999997 0.51860468125 0.3006055125 0.5028327953125 0.291838975 0.386137775 0.2636482390625 0.36834707187500004 0.2786226984375 0.3259740671875
10 0.023577489062500002 0.308884553125 0.027185215625 0.3374025625 0.045524121875000004 0.3525363015625 0.023427359375 0.372612703125 0.023296220312499998 0.4035183328125 0.034605979687499996 0.43109488437500004 0.0468319140625 0.44118404218749996 0.05429065937500001 0.46923132343749996 0.0652070015625 0.5895247609375 0.082873015625 0.5931571546875001 0.18787875468749998 0.5648769640625 0.1987589109375 0.5519634265625 0.19360010156250002 0.4637864140625 0.1834118234375 0.45537877968749996 0.178009725 0.3961905078125 0.15426872656249999 0.32186849375 0.162999078125 0.3053565359375 0.1709147328125 0.2484015671875 0.1616722953125 0.249531315625 0.1045799515625 0.26809360781249997 0.023577489062500002 0.308884553125
10 0.164154946875 0.6565844453125 0.1841950609375 0.6676490390625001 0.20544981093749998 0.7326219625 0.22649925781250002 0.7609385796875 0.2765814484375 0.7219965765625 0.2637206078125 0.634761025 0.237250075 0.5800786546875 0.2118820296875 0.5773877203125 0.18946781875000002 0.558890925 0.1606973484375 0.5643382875 0.1438163734375 0.574124134375 0.14834027656249998 0.58515475625 0.1430123453125 0.5935284140625 0.11876578125 0.6100063984374999 0.12158847343750001 0.625106165625 0.129626946875 0.6299153796875 0.1680249546875 0.62329119375 0.164154946875 0.6565844453125
10 0.5673538984375 0.45478197031249995 0.5850768859375 0.3599468 0.587526946875 0.23608891562499998 0.5657856234375 0.2290934703125 0.4299907546875 0.2283169734375 0.41660535625 0.2647039390625 0.4170159671875 0.3380165484375 0.40484520625 0.42831184218749996 0.47231214218749995 0.48763600937499996 0.5479676859375 0.48804124531250004 0.570961628125 0.483299978125 0.5673538984375 0.45478197031249995
10 0.4052006421875 0.40123999687499995 0.414735021875 0.365323759375 0.416137771875 0.2898588953125 0.43587942343749997 0.2295277703125 0.3828649921875 0.2224937984375 0.32245218750000004 0.229878365625 0.31593720625 0.2345359265625 0.2972048890625 0.31211907031249997 0.2629753515625 0.356845725 0.2637603890625 0.3702639640625 0.367139078125 0.4136148546875 0.39940512968749997 0.4347686109375 0.4069950109375 0.4319102609375 0.4052006421875 0.40123999687499995
10 0.47231214218749995 0.48763600937499996 0.41299583125000006 0.4350379484375 0.349024475 0.402314896875 0.29195112343749996 0.388054665625 0.2961195921875 0.42615713125 0.32803020312500003 0.4743827328125 0.3448732 0.5302419265625 0.383252215625 0.5564402625 0.40850810937500004 0.5572143046875 0.4951559578125 0.5466228937500001 0.500951471875 0.513094278125 0.5148976078125 0.48629177187500006 0.47231214218749995 0.48763600937499996
10 0.772991603125 0.3234628203125 0.75539975625 0.387392359375 0.7561658015625 0.4336331234375 0.7988634140624999 0.43420577343750005 0.8441784140624999 0.41322189062500003 0.8825764218750001 0.4065977046875 0.9111036015625 0.430139078125 0.9317234453125 0.41796560937500005 0.93378009375 0.3868246140625 0.9075338531250001 0.3359760296875 0.8927285156250001 0.2817983609375 0.8553778234375 0.2400295296875 0.8238968124999999 0.23229401562500002 0.785274509375 0.23508441875 0.772991603125 0.3234628203125
10 0.853636834375 0.5085957375 0.8587956437500001 0.5967727484375 0.874405009375 0.631546134375 0.9006702390625 0.6495722015625 0.902221321875 0.709231203125 0.93041205625 0.7270219046874999 0.9593688390624999 0.7910533671875 0.9798765359375 0.7769630078125 0.9724937546874999 0.6176256437500001 0.9793555734374999 0.502881490625 0.9401915234375 0.4632649125 0.9227687953125001 0.43064378124999997 0.925479340625 0.443826659375 0.8994004265625 0.49527941875000003 0.853636834375 0.5085957375
10 0.7502215125 0.4314638234375 0.74397740625 0.4573248703125 0.7623163078124999 0.4724586140625 0.792432553125 0.4900139484375 0.8516557062500001 0.5078726 0.8957180906250001 0.4986254296875 0.9138516859375001 0.47710286718750006 0.919086459375 0.43398979375 0.8911200203125 0.42003287499999997 0.8885216234375 0.4087668921875 0.8403839312500001 0.41465100781249997 0.8008454531250001 0.43492879999999995 0.78929240625 0.43634098750000005 0.7829551421875001 0.427462625 0.779440571875 0.4336840265625 0.754408971875 0.43674376718749996 0.7502215125 0.4314638234375
10 0.5855616625 0.500821340625 0.6202208 0.496584778125 0.6379989625 0.5021340609375 0.6547488 0.5232538421874999 0.7057091859375 0.5324694937500001 0.7230387546875 0.5303512109375 0.7334703203124999 0.5097701078125 0.7507447140625 0.40726736875 0.7763940265625 0.3153245234375 0.7798344296875 0.24154118593749999 0.7540177953125 0.23118268749999998 0.6956918234375 0.22865916875 0.5912658140625 0.233701296875 0.5827597578125 0.254047034375 0.5834878234375 0.36593283906249996 0.5680267875 0.46628332187500005 0.5855616625 0.500821340625
10 0.52132623125 0.7287615656249999 0.5088760015625 0.7148386203125 0.4927058953125 0.6704807765624999 0.53271195625 0.6250480328125 0.53454430625 0.5900732546875 0.5237952859375 0.5720811609374999 0.404955559375 0.6290807515625 0.2800218546875 0.6482132390625 0.2709550578125 0.6589745203125 0.2731790265625 0.730134871875 0.28675073906250004 0.7632267328125 0.3020426515625 0.7594269234375 0.32004510937499997 0.768809990625 0.36218198125 0.759798184375 0.3812127625 0.7536107546874999 0.40127186718749996 0.7318528265625 0.4132735046875 0.73810820625 0.41235733124999996 0.7555955953125 0.42662092031250004 0.76736628125 0.43781853125000003 0.7930259390625001 0.495808059375 0.78979878125 0.5053234468750001 0.7867050671875 0.52132623125 0.7287615656249999
10 0.2934642234375 0.5133587109375 0.2556079671875 0.5623898734375 0.25072862812499996 0.5784311015625 0.2590845578125 0.6218135124999999 0.2910141609375 0.6372165921875 0.3467417359375 0.6284741265625 0.38966364375 0.6328805625 0.4773398140625 0.606718653125 0.5121300921875 0.571576459375 0.5087466609375 0.5468922328125 0.388916590625 0.5538172765625 0.344648903125 0.52640814375 0.33730230781250004 0.50027775625 0.3195241453125 0.49472847187499996 0.2934642234375 0.5133587109375
10 0.5711669328125 0.519956284375 0.5158879484375001 0.536366315625 0.5504901156249999 0.630597315625 0.5700816375 0.63399434375 0.5825318671875 0.6479172875 0.600085734375 0.6496327890625 0.62442545625 0.6678942203125 0.70428744375 0.640756878125 0.709391078125 0.628549434375 0.7018581703125 0.5329402234375 0.6549730953124999 0.527087625 0.6340358 0.5006878984375 0.6087799015625001 0.49991385624999995 0.5781960749999999 0.5075134734375 0.5711669328125 0.519956284375
10 0.8534125375 0.5047619546875 0.833372425 0.49369735937500003 0.7943015296875 0.488820196875 0.7402941578125 0.4606709953125 0.7356391140625 0.480546003125 0.7633432765625 0.5563141796875 0.7880194421875 0.5803262859375 0.79033656875 0.686226053125 0.8255564468750001 0.6915739453125 0.8369973453125 0.688244865625 0.8572065796875 0.6027587890625 0.86062799375 0.561797971875 0.8534125375 0.5047619546875
10 0.779661715625 0.73579589375 0.7475268078124999 0.6837365078125 0.736908928125 0.6348387875 0.7097655046875 0.5686550671874999 0.679854565625 0.587756034375 0.683125853125 0.61052336875 0.6717971015625 0.6157693390625 0.67529268125 0.6423704578125 0.645493890625 0.663388315625 0.6085728015625 0.6621095703125001 0.60019788125 0.6515496781250001 0.5807185078125 0.6500695421875 0.5641929671875 0.6327835453125 0.52839335625 0.650673715625 0.53144034375 0.6696072656250001 0.5586027578125 0.7029684640625 0.5618740421874999 0.7257357984375 0.5766983734375 0.7470909421874999 0.577932 0.7681767515625 0.5639858640625001 0.7949792609374999 0.5786980453125 0.8144175125 0.619133709375 0.8094748562499999 0.6297895687499999 0.792727534375 0.6637758218750001 0.776989621875 0.687573790625 0.752844071875 0.7785212453125 0.7494495 0.779661715625 0.73579589375