7 0.459375 0.609375 0.459375 0.392103190625 0.4496946109375 0.38484795781250003 0.4257962984375 0.36042722031249996 0.3465527625 0.28991066875 0.3009148828125 0.265845125 0.2819498296875 0.26035001874999997 0.2470309296875 0.257849959375 0.228636284375 0.2508886875 0.22150100312499998 0.2457382109375 0.217011078125 0.23720497499999998 0.211380346875 0.23160406875 0.20180636093749998 0.2258882859375 0.19394568125 0.225165025 0.18528211249999998 0.23034950156249998 0.17322195 0.24383745937499998 0.1709661671875 0.2492086125 0.17089076875 0.260080153125 0.17815730624999998 0.2721541046875 0.1932328625 0.2859383328125 0.1986827671875 0.2949937984375 0.2007682015625 0.34003228281250003 0.20834892031250002 0.36496616875 0.224181990625 0.402002721875 0.25667057031249996 0.44150153750000004 0.2657279140625 0.457087484375 0.32525516875 0.5270296531249999 0.3465081203125 0.5548331484375 0.37175599375 0.5817645015624999 0.379489609375 0.594346321875 0.3919336578125 0.609375 0.459375 0.609375
7 0 0.5713831093749999 0.005210678125 0.5583457453125 0.015507964062499999 0.5502432984375 0.0184912390625 0.5498359484375 0.031956815625 0.5566536234374999 0.046614865625 0.5595519546875 0.0638128484375 0.55165054375 0.1106285328125 0.506059625 0.135943421875 0.48455537812499994 0.2124563953125 0.4091854515625 0.2203125 0.3980370875 0.2203125 0.385538971875 0.20312815468749998 0.3421884890625 0.2004206515625 0.2996031859375 0.19362328281250002 0.2974281171875 0.1287508671875 0.33903316875 0.0815435078125 0.373244678125 0.015581951562499998 0.41679504375 0.0057517390625 0.4254053578125 0 0.43511950468749994 0 0.5713831093749999
7 0 0.4318419859375 0.00726805625 0.42254794531249995 0.0386269890625 0.3987484703125 0.058026995312499996 0.37707190625 0.0751453859375 0.361260003125 0.09983611249999999 0.3328179203125 0.1189519640625 0.316569946875 0.121875 0.310672209375 0.121875 0.29130715937499996 0.119539815625 0.2770462078125 0.1135432421875 0.2595723875 0.10731418125 0.24654013749999998 0.097193528125 0.2324059953125 0.0779143015625 0.21405095625 0.07111693125 0.2118758859375 0.0625566875 0.21508633124999998 0.034828928125000005 0.235531765625 0 0.2581295734375 0 0.4318419859375
7 0.11469542343750001 0 0.05791102031249999 0.027298059375 0 0.0578290234375 0 0.25921805625 0.143783675 0.1597903328125 0.20305119375 0.112090865625 0.208492715625 0.0835822671875 0.221875 0.0676836484375 0.221875 0.060686520312500006 0.21948327812500001 0.0433730640625 0.21462960937500003 0.032357928125000004 0.20030528281249999 0.013652976562499999 0.1935191578125 0 0.11469542343750001 0
7 0.1984720671875 0.127132553125 0.1854260890625 0.14059179375 0.1498914109375 0.16871796562500002 0.12276198593750001 0.1965947421875 0.11583755 0.20627823125 0.1023007640625 0.22911412812499998 0.1009533 0.235994525 0.1123718484375 0.25362629999999997 0.12847418906250002 0.2671875 0.1392309828125 0.2671875 0.14384249375 0.26541685937500004 0.168328659375 0.25031385625 0.1791963484375 0.24074524375 0.22751239375 0.1759218671875 0.2427087234375 0.1496744921875 0.2484375 0.1312397796875 0.2484375 0.127991021875 0.2480469171875 0.12313992656249999 0.24311575156249998 0.1136053140625 0.23839333749999997 0.1095136515625 0.2320113796875 0.10883346875 0.2209866015625 0.1119721140625 0.1984720671875 0.127132553125
7 0.459375 0.1042858390625 0.4437712953125 0.103407784375 0.426728303125 0.10834814687500001 0.3759651734375 0.135042153125 0.34535746875 0.1539209078125 0.3017791921875 0.1753873578125 0.26084836562499997 0.20286206406249999 0.2279569515625 0.2182144609375 0.2191900515625 0.22537297031249998 0.21659845 0.23715973125 0.2277049171875 0.251322590625 0.23873179218749999 0.2575749609375 0.284884221875 0.2623793234375 0.303330534375 0.2683535796875 0.334542859375 0.28507921718749996 0.34644171562500004 0.2890625 0.35154191875 0.2890625 0.3994215625 0.2716472125 0.42743766875 0.26455522187499997 0.459375 0.25298860156249997 0.459375 0.1042858390625
7 0.459375 0 0.3108722640625 0 0.3006170328125 0.012150984375 0.2571546578125 0.0879894953125 0.2544639203125 0.12053232031250001 0.26090383125 0.14839853593750002 0.2714378 0.15463654531249998 0.32679418125000004 0.1345017421875 0.4290954078125 0.06630848125 0.459375 0.032458154687500004 0.459375 0
7 0.8976530031250001 0.609375 0.9589716593750002 0.41410932968749997 0.959375 0.406453546875 0.959375 0.3484787640625 0.9539960546875002 0.321670359375 0.9430607015625 0.2913079078125 0.9399469203125002 0.270318671875 0.9450909109375001 0.2364339046875 0.9529183546875 0.22252245624999997 0.9581638625 0.20251552031250003 0.9583661453125 0.1916279375 0.9560563796875 0.18901628125 0.9506902234375 0.1877128859375 0.8986234234375001 0.180716934375 0.8935926984375001 0.18191020468750002 0.8887076234375 0.1885616421875 0.8839556999999999 0.208597325 0.8827221187500001 0.2278470796875 0.872433384375 0.2569733703125 0.8576516406250001 0.2789020109375 0.8338272421875 0.3027811078125 0.8197921234375001 0.32078982968749997 0.8103890390625 0.336095784375 0.7917476453125 0.37959835625 0.7675584546875001 0.5174041093749999 0.75575146875 0.570222403125 0.754055934375 0.588949825 0.7553027734375 0.6004172359375 0.758541403125 0.609375 0.8976530031250001 0.609375
1 0.459375 0.609375 0.6262469875 0.609375 0.6248128375 0.5889447203125 0.6193510328125 0.5504788296875 0.6150669328125 0.5477521828125 0.578573390625 0.5451312484375 0.459375 0.541321653125 0.459375 0.609375
0 0.730473371875 0.609375 0.7640625 0.530485903125 0.7640625 0.527110703125 0.7590347125 0.5209802515625 0.7423918984375 0.5101024046875 0.7101758265625 0.4948495390625 0.6876924015625001 0.4900720484375 0.6814530968750001 0.49466290781250005 0.6773529078125 0.5122594234375 0.6650707109375 0.5338382203125 0.6589961875 0.5513197437499999 0.6318114749999999 0.609375 0.730473371875 0.609375
4 0.29285714218750003 0.609375 0.2942708328125 0.6588541671875 0.3005208328125 0.6682291671875 0.3140625 0.6651041671875 0.32135416562499997 0.6776041671875 0.330729165625 0.6838541671875 0.34166664999999996 0.684375 0.3533700984375 0.684375 0.3786458328125 0.6671875 0.3984375 0.6401041671875001 0.42552083281249997 0.613020834375 0.4281134265625 0.609375 0.29285714218750003 0.609375
4 0.175447915625 0.609375 0.17637648749999998 0.6325892843750001 0.1897693453125 0.626636903125 0.180840771875 0.6519345234375 0.2388764890625 0.738244046875 0.21953125 0.7427083328124999 0.22697172499999999 0.7575892843750001 0.218043153125 0.7620535703125 0.216555059375 0.775446428125 0.2344122015625 0.7933035703125 0.23737776406250002 0.8140625 0.23743248437500003 0.8140625 0.261197915625 0.7739583328124999 0.273102678125 0.781398809375 0.2626860109375 0.751636903125 0.3109375 0.7048475812499999 0.3109375 0.703637565625 0.2984002984375 0.698065475 0.26863839375 0.69211309375 0.26863839375 0.675744046875 0.2939360109375 0.657886903125 0.29010612343750003 0.609375 0.175447915625 0.609375
4 0.459375 0.609375 0.45520833437499997 0.609375 0.4447916671875 0.6197916671875 0.40833333281249995 0.6302083328125 0.39791666718749996 0.64375 0.375 0.6583333328125 0.36666666718749996 0.659375 0.3552083328125 0.65 0.34375 0.65 0.321875 0.6625 0.31979166718749996 0.675 0.3260416671875 0.6895833328125 0.3427083328125 0.7041666671875 0.3625 0.7375 0.3802083328125 0.7489583328125 0.3885416671875 0.7625 0.40833333281249995 0.7604166671875 0.4291666671875 0.728125 0.4427083328125 0.7229166671875 0.459375 0.70625 0.459375 0.609375
4 0.2803571421875 0.85654761875 0.27291666718749996 0.8833333328125 0.2803571421875 0.91904761875 0.2773809515625 0.9413690484374999 0.2982142859375 0.9413690484374999 0.2952380953125 0.902678571875 0.30416666718749996 0.9205357140625001 0.3086309515625 0.9488095234374999 0.3264880953125 0.9354166671874999 0.35327380937499997 0.9264880953125001 0.3413690484375 0.896726190625 0.32202380937499997 0.884821428125 0.3086309515625 0.8729166671874999 0.2803571421875 0.8297619046874999 0.2803571421875 0.85654761875
4 0.2947916671875 0.6979166671875 0.309375 0.7020833328125 0.3010416671875 0.7177083328125 0.25729166718749996 0.7552083328125 0.259375 0.7677083328125 0.2666666671875 0.775 0.2697916671875 0.7864583328125 0.26875 0.8197916671875 0.271875 0.828125 0.2833333328125 0.834375 0.3114583328125 0.878125 0.3385416671875 0.8947916671874999 0.3625 0.9020833328125001 0.3708333328125 0.9104166671874999 0.40833333281249995 0.909375 0.43333333281249997 0.9135416671875 0.440625 0.8927083328125001 0.4447916671875 0.8322916671874999 0.428125 0.796875 0.428125 0.7822916671875 0.4427083328125 0.7416666671875001 0.4427083328125 0.7333333328125 0.434375 0.7197916671875 0.44375 0.703125 0.44895833281249997 0.6802083328124999 0.44375 0.6677083328125 0.44166666718750003 0.6291666671875 0.4375 0.6229166671875 0.42604166718750003 0.6208333328125 0.41979166718750005 0.6239583328125 0.42291666718750004 0.6416666671875 0.4125 0.6427083328125 0.378125 0.6604166671875 0.3270833328125 0.6645833328124999 0.3229166671875 0.66875 0.3125 0.6635416671875001 0.3 0.6666666671875 0.2947916671875 0.6614583328125 0.2875 0.6614583328125 0.2635416671875 0.6822916671875 0.2666666671875 0.6979166671875 0.2947916671875 0.6979166671875
4 0.459375 0.6990036234375 0.45 0.7010416671875 0.4458333328125 0.70625 0.4447916671875 0.721875 0.43645833281249996 0.728125 0.42395833281249995 0.7364583328125 0.40416666718750005 0.7333333328125 0.3864583328125 0.74375 0.3864583328125 0.7625 0.4010416671875 0.765625 0.39791666718749996 0.8020833328125001 0.40729166718750004 0.815625 0.43333333281249997 0.815625 0.421875 0.784375 0.43125 0.7708333328125 0.43854166718750004 0.7479166671875 0.459375 0.7177083328125 0.459375 0.6990036234375
4 0.459375 0.7644345234375 0.4455357140625 0.759821428125 0.44702380937499997 0.7375 0.42470238125000004 0.7821428578124999 0.441071428125 0.8297619046874999 0.441071428125 0.9145833328125 0.459375 0.88120623125 0.459375 0.7644345234375
0 1 1 1 0.919503040625 0.9966447828125 0.903890721875 0.9665970109375 0.746553734375 0.9601900359375 0.73697453125 0.9446180109375 0.73321715 0.9315662671875 0.717182859375 0.922936259375 0.7159754312500001 0.9134388484375 0.6949130109375 0.9054033312499999 0.6858953046874999 0.9001970515625001 0.670958675 0.8885360531250001 0.6574869984375 0.8793592968749999 0.6530456921875001 0.8284232421875 0.64512985625 0.8038645140625 0.6448512125 0.7869728968749999 0.648013315625 0.7558522546875001 0.6610248046875 0.7307701859375 0.6780385375 0.7036317265625 0.6908178312500001 0.6909123421875 0.7016677796875 0.679000915625 0.733153746875 0.669122471875 0.7483479 0.6757194953125 0.7658471437500001 0.6643197031250001 0.7697776109375 0.656485946875 0.778943075 0.65428539375 0.8599377593749999 0.6574821 0.91169245625 0.65743053125 1 1 1
2 0.459375 1 0.4603642671875 1 0.4652553421875 0.98235976875 0.47152000781250003 0.9729747718749999 0.4806850609375 0.967152953125 0.4919659546875 0.9647845421875001 0.5223254578125001 0.9721895390625 0.60075666875 0.9626399140625 0.640590178125 0.9705810781249999 0.6455352515625 0.968115565625 0.6583510515625 0.8830806499999999 0.6575683546875 0.7787775625 0.6627512265625001 0.7731879390625 0.684375 0.766106928125 0.684375 0.765456684375 0.6804751343750001 0.7590914484375 0.662490021875 0.7557857984374999 0.6223232281250001 0.773057053125 0.6079041484375 0.7749863984375 0.5916898828124999 0.7900834484375 0.5755116609375 0.7838732171875 0.559535196875 0.79584615625 0.4962247515625 0.783830978125 0.459375 0.78649304375 0.459375 1
4 0.504991765625 0.609375 0.5047019890625 0.6100471 0.4928860515625 0.6194447609375 0.49078191406249994 0.6262544765625 0.46871913281250005 0.6452693296875001 0.459375 0.675747215625 0.459375 0.768423990625 0.46053852968750003 0.773577403125 0.469845890625 0.78671978125 0.49681770781249995 0.7865466953125 0.5499143671875 0.796875 0.5561695531249999 0.796875 0.5845445734375 0.779876321875 0.6180188546875 0.7671941296875 0.628824153125 0.77107394375 0.640164496875 0.7679245046875 0.6664589624999999 0.7558164703125 0.6767652562500001 0.7454182515625 0.6842306125000001 0.7306758265625 0.690625 0.701243659375 0.690625 0.6958283296875 0.689378371875 0.694296825 0.6829831046875 0.69498075 0.646073390625 0.7111290140625 0.6127063046875 0.7119860234375001 0.580136396875 0.6711192671874999 0.5527727687499999 0.6451891390625 0.527496971875 0.609375 0.504991765625 0.609375
4 0.8593344671875001 0.609375 0.8545666031250001 0.6158637171875 0.8533298734375 0.6425284265625 0.8842361249999999 0.6531672984375 0.8904170062500001 0.6761337359375 0.900675553125 0.6767796703125 0.9021969046875 0.68804335625 0.9114448140625001 0.7019667609375 0.9142974578124999 0.7165740921875 0.9299289312500001 0.71955044375 0.9371204515624999 0.7292394124999999 0.9521574328125 0.7400260421875 0.9599434453125 0.7419047328125 0.9665329078125 0.75 0.97132135 0.75 0.972317834375 0.746004078125 0.9698930421874999 0.73619268125 0.9639733671874999 0.7306283828125 0.96843114375 0.7241479656250001 0.9681221953125 0.717789978125 0.957495240625 0.71156708125 0.9524790140625001 0.7045504984375001 0.9557243921874999 0.69316438125 0.9709163125 0.6810816749999999 0.9796875 0.678431128125 0.9796875 0.6781922359375 0.9762180828125 0.673929996875 0.9741499874999999 0.6594324328125001 0.9772053140625001 0.6401262734375 0.972129634375 0.6338907140625001 0.974222065625 0.6168178734375 0.9720314671875 0.609375 0.8593344671875001 0.609375