0 0 0.459375 0 0.8804861078125 0.0036042093749999995 0.8804611937499999 0.050253909375 0.8712809734375 0.0943696453125 0.8474412453125 0.11467385625 0.822640240625 0.11541577656249999 0.8026135921875 0.1226629578125 0.78556690625 0.1172100609375 0.637898409375 0.127163784375 0.459375 0 0.459375
0 0 0.941329084375 0.0194417609375 0.9471579421874999 0.0985096109375 0.951643903125 0.17111870625 0.9394356484374999 0.21432273125 0.9194410375000001 0.226622709375 0.903051228125 0.22424340781250002 0.8759111125000001 0.227890253125 0.8605306468750001 0.1885958859375 0.853897825 0.147308303125 0.8387737046874999 0.12714362343750002 0.8224319609374999 0.11756364999999999 0.7986242828125001 0.1144575546875 0.8201729562500001 0.1047380515625 0.837508025 0.0790565921875 0.8579512312500001 0.014513365625 0.8766961828125 0 0.8786764859375001 0 0.941329084375
0 0 1 0.0453471265625 1 0.07557841562499999 0.9892138984375001 0.08954715625000001 0.9776144625000001 0.089856475 0.952653246875 0.006647542187499999 0.943665296875 0 0.941230225 0 1
0 0 0.9405510859374999 0.0433614375 0.9493528609374999 0.10592658125000001 0.9507787499999999 0.16988254687499998 0.939579840625 0.21545074375 0.9180632046875001 0.22651456093750003 0.9018175859374999 0.226437790625 0.8582075546875 0.19375683125 0.8557883390625 0.147308303125 0.8387737046874999 0.1256911625 0.8201088703125 0.1186916625 0.7972464484375 0.11498317499999999 0.7976790250000001 0.1101618078125 0.8281515734375 0.0850211 0.8547629890625 0.03047531875 0.8735880453124999 0 0.8776161531250001 0 0.9405510859374999
0 0.13981417499999998 0.459375 0.13307899375 0.6622187703125 0.12145817656249999 0.7433347109375 0.12427007968749999 0.775409390625 0.12057672500000001 0.8045041062500001 0.127035471875 0.8211983203125 0.1446196796875 0.8365948062499999 0.1963373078125 0.8567335968750001 0.2440685078125 0.8598897921875001 0.28126151250000003 0.856797671875 0.335436334375 0.847985940625 0.3982026484375 0.823216975 0.4319964875 0.795596215625 0.44310681562500004 0.7656363484375 0.37979340625 0.459375 0.13981417499999998 0.459375
0 0.24148803281250003 0.8589445343750001 0.223238675 0.9071847281250001 0.20148200312500003 0.9296626406249999 0.20546842812500002 0.9466452375 0.2226200359375 0.9571071578125 0.2505726453125 0.962570425 0.30528821875 0.9599269015624999 0.3397925984375 0.9546558828125 0.389610034375 0.9388748781250001 0.41459608125 0.9247440703125 0.4212560015625 0.9152434265625 0.426247159375 0.9009524109375 0.42392949375000005 0.8887601875 0.3823174640625 0.8699351437499999 0.37794494843750004 0.8343037296875 0.3193662296875 0.8498604375 0.24148803281250003 0.8589445343750001
0 0.273013671875 1 0.2896658453125 0.9953981031249999 0.30825478125 0.9795209734375 0.30550451875 0.9623941828125 0.22363989687500002 0.9544956843750001 0.2092850640625 0.9474463046875 0.20271816562499997 0.9295184500000001 0.124685309375 0.951083153125 0.12218160468749999 0.9937479265625001 0.12435955937500001 1 0.273013671875 1
0 0.3520460671875 0.9519803187499999 0.33705746406250003 0.9661912328125 0.337814515625 0.9748267234375 0.3458803875 0.981363421875 0.40957354218750003 0.981411478125 0.47352950937499994 0.9702125671874999 0.5095328625 0.953550390625 0.515172921875 0.946661225 0.5154357328125 0.9354142578125 0.5071535593750001 0.9264102765625001 0.5010041296875001 0.8847548484375001 0.42392949375000005 0.8887601875 0.4240992875 0.9049417203125 0.4158322421875 0.924599878125 0.3520460671875 0.9519803187499999
0 0.38036075625 0.459375 0.4177206703125 0.63275553125 0.43972277968749995 0.76976985 0.4329082015625 0.7917510984374999 0.3934743015625 0.826261025 0.3790264484375 0.8466401453125 0.3776356265625 0.8592649453125001 0.38511423749999996 0.8733476828125 0.406082478125 0.8846106671874999 0.4601026390625 0.8882795437500001 0.5328198890625 0.87730493125 0.5944581906249999 0.8539137984374999 0.62868463125 0.8312276046875 0.6374924234375 0.8177376562500001 0.638450646875 0.8001782890625 0.51722673125 0.459375 0.38036075625 0.459375
0 0.65 0.459375 0.52050858125 0.459375 0.5376294890625 0.5190682375 0.638775096875 0.8038792125 0.6397019390625001 0.8286962375 0.65 0.8514367671875 0.65 0.459375
0 0.65 0.8527189015625 0.6440593234375 0.8356655109375 0.6331966796875 0.825716271875 0.6169719140625001 0.8400713765625 0.5764565140625 0.8622448875 0.504712615625 0.8843222718749999 0.50934794375 0.9087067187500001 0.5194070265625 0.923734715625 0.5211374296875 0.9434729796875001 0.538289034375 0.9539348999999999 0.5596282359375 0.955184559375 0.65 0.9409363640624999 0.65 0.8527189015625
9 1 0.54190779375 0.9955652656249999 0.540281725 0.9848355375000001 0.5405312531249999 0.97385628125 0.5417788953125 0.954892109375 0.545771353125 0.896751953125 0.5522590953125001 0.8792849546875001 0.556251553125 0.8298782984375 0.55824778125 0.819647628125 0.5602440078125 0.812161771875 0.565484109375 0.8106646 0.5709737374999999 0.8109141281250001 0.5819529937500001 0.8159046999999999 0.6291138937499999 0.8171523421875 0.650822878125 0.817401871875 0.6837606484375 0.8203962140625001 0.7299234328124999 0.8208952703125 0.7700975328125 0.8223924421875001 0.7828234890625 0.822641971875 0.8080258734375001 0.824887728125 0.8142640890624999 0.8298782984375 0.8217499453125001 0.8326231125 0.8234966437499999 0.8401089687500001 0.825492871875 0.851088225 0.8229975875000001 0.8680561687499999 0.8212508859375 0.8847745828125 0.816759375 0.8962528984375 0.814763146875 0.9359279390624999 0.8105211609375 0.9603817375 0.809772575 0.9955652656249999 0.804282946875 1 0.8039928234375001 1 0.54190779375
9 0.65 0.9029679453125 0.6574540609375 0.909833528125 0.6671856734375 0.9243061843749999 0.68340503125 0.9380302546875001 0.693635703125 0.9407750703125 0.69563193125 0.9422722406249999 0.6993748609375 0.9410245984374999 0.7031177875 0.936034028125 0.7018701453125 0.9285481703125 0.7051140171875 0.9255538265624998 0.7108531734375 0.9250547703125 0.718588559375 0.927799584375 0.7243277171875 0.9235576 0.7415451859375 0.9020981421875 0.7602598281249999 0.8758976437499999 0.7642522859375 0.872154715625 0.77098955625 0.8614249859375 0.774233428125 0.8586801734374999 0.775481071875 0.8559353578125 0.77972305625 0.8526914859375001 0.7887060859374999 0.8404645875 0.799934871875 0.827988159375 0.8119122421875 0.8087744609375 0.816154228125 0.7985437890625 0.8213943296874999 0.794800859375 0.8238896140625 0.7910579328124999 0.8241391421875001 0.7668536609375 0.8223924421875001 0.7309215468750001 0.8216438578125 0.7251823906249999 0.8196476296874999 0.7199422906249999 0.8004339281250001 0.7062182203124999 0.7854622140625 0.6974847203125 0.766248515625 0.6805167765625 0.742792828125 0.6655450625 0.7210838453124999 0.647329478125 0.71484563125 0.644335134375 0.705363546875 0.6368492781249999 0.697129103125 0.6318587078125 0.6928871171875001 0.63135965 0.681159275 0.6483275921875 0.67292483125 0.6682898765624999 0.6614465171874999 0.724184275 0.65545783125 0.7743395171875 0.6542101890625001 0.7775833890625 0.65 0.7814427296875 0.65 0.9029679453125
9 0.8166321515625 1 0.7595310875 0.9684727406250001 0.8096157999999999 0.8886236015625 0.714626590625 0.9422722406249999 0.7158739390625 0.9634821703124998 0.7320894515624999 0.9846920984375 0.7440393640625 1 0.8166321515625 1
9 1 0.8174946140625 0.9953157375 0.8142640890624999 0.98258978125 0.808025875 0.974604865625 0.808025875 0.8815307125 0.8160107890624999 0.8732962687500001 0.818007015625 0.8698028703125 0.820252771875 0.8590731406250001 0.8185060734375 0.8495910546875001 0.8227480593750001 0.84360236875 0.8287367437500001 0.8371146250000001 0.8419617578124999 0.8338707546874999 0.8459542156250001 0.826135371875 0.8606764015625 0.8134094140625001 0.8798901015624999 0.80417685625 0.8973571 0.7659989859375 0.9579925421875 0.765000871875 0.9619849984375 0.7652504 0.9664765124999999 0.7669971 0.9702194421874999 0.7724867296875 0.9749604828125001 0.8215151484375 1 0.947207628125 1 0.9481548375 0.9954218265625 0.9516482390625001 0.994174184375 0.952646353125 0.9906807828125 0.9558902234375001 0.9904312546875002 0.9576369234375001 0.9891836125000001 0.9651227796875 0.9779548265625 0.9676180656250001 0.97645765625 0.9726086374999999 0.9707184984375001 0.98009449375 0.955746784375 0.9875803515625 0.944767528125 0.9900756375 0.9385293125 0.9930699796875 0.9352854421875 0.9958147953125 0.9287976984374999 0.9980605515625001 0.9268014703125 1 0.9233605140625001 1 0.8174946140625