2 0 0.36875 0.25989350624999996 0.36875 0.3859375 0.106795946875 0.3859375 0.1048316546875 0.3855910453125 0.104883571875 0.368900628125 0.0965749265625 0.1988500765625 0.028348451562499998 0.11092789375 0.003125 0.110918015625 0.003125 0.023762265625 0.15698676250000002 0 0.201098265625 0 0.36875
2 0.3443793828125 0.36875 0.1843513765625 0.1630325546875 0.152076628125 0.1822108328125 0 0.2830187078125 0 0.341946553125 0.0133059796875 0.36875 0.3443793828125 0.36875
2 0.0556788109375 0 0 0.107860721875 0 0.1199723453125 0.1845639515625 0.2230243046875 0.29540734375 0.2606184171875 0.3000518640625 0.23951916406249998 0.3017368640625 0.2097012453125 0.33660634843750004 0.156881628125 0.3952277125 0.05079920156249999 0.42054258125 0 0.0556788109375 0
2 0 0 0 0.25955008125 0.0399340125 0.269986559375 0.1027346046875 0.29253890625 0.1139815203125 0.3015283765625 0.11029967968750001 0.3086139984375 0.1180866703125 0.3183091140625 0.132397953125 0.327795340625 0.12501833281250002 0.31910490468749997 0.1262704453125 0.3079205875 0.1358686234375 0.293191940625 0.153545621875 0.2606677140625 0.17564470000000001 0.2155662109375 0.18797579375 0.18370689375 0.2001711203125 0.1726170171875 0.23883893281250002 0.09068350625 0.23564283125 0.087072625 0.247375615625 0.0682389921875 0.2484375 0.052919303125 0.2484375 0.0516783953125 0.248163721875 0.052388215625 0.22901533281250003 0.0477990234375 0.2139225453125 0.05291679375 0.184149078125 0.0593716671875 0.13094737343750001 0.0174971734375 0.0933815578125 0 0 0
7 0.6866221968749999 0 0.6933159718749999 0.0147263078125 0.7129238156250001 0.0719158484375 0.7161917890625 0.1078635640625 0.7407015937500001 0.1454452625 0.7456035546875001 0.171589053125 0.7652113968750001 0.19609885625 0.7782832921875 0.2157067 0.784819240625 0.23694853125 0.804901946875 0.2390625 0.820250209375 0.2390625 0.84691074375 0.2320465703125 0.8640625 0.2133355609375 0.8640625 0.2101094421875 0.855080678125 0.1846609484375 0.853446690625 0.1585171578125 0.853446690625 0.12420343281249999 0.8371068218750001 0.10949755000000001 0.8387408093750001 0.08825571875 0.8289368875 0.0621119296875 0.8031831609375001 0 0.6866221968749999 0
7 0.8231654296875 0 0.8221915843750001 0.0379799828125 0.8401654421875 0.088633578125 0.8630412578125 0.1294832515625 0.8908190359375 0.2095486109375 0.8842830890625001 0.2242544921875 0.895720996875 0.276542075 0.9301708874999999 0.2859375 0.9325764796874999 0.2859375 0.9643484484375 0.2716401140625 0.9643484484375 0.2422283484375 0.9545445265625 0.2095486109375 0.9561785125 0.1752348859375 0.9757863562499999 0.10824142343750001 0.9953125 0.0317640296875 0.9953125 0.0307904375 0.9914636953125001 0 0.8231654296875 0
6 0.661496628125 0 0.6505310453125001 0.017544934374999998 0.6341911765625 0.05349264687500001 0.6145833328125 0.0731004890625 0.6178513062500001 0.07146650156249999 0.6129493453125 0.1384599671875 0.6211192796875 0.16296977031249998 0.6407271234375 0.1564338234375 0.6701388875000001 0.1972834953125 0.6864787578125 0.23813316874999998 0.7224264703125 0.249571078125 0.7741421578125001 0.2625 0.775142971875 0.2625 0.7984375 0.2547351578125 0.7984375 0.2530313890625 0.7796160125 0.21852532500000002 0.7551062078124999 0.1825776140625 0.7387663390625 0.1515318625 0.717524509375 0.1025122546875 0.7028186265625 0.045322710937499996 0.6864787578125 0.0044730390625 0.684521803125 0 0.661496628125 0
7 0.182540090625 0.36875 0.192138671875 0.389013671875 0.198974609375 0.397802734375 0.223388671875 0.411962890625 0.248291015625 0.417822265625 0.271240234375 0.426611328125 0.324951171875 0.453466796875 0.353759765625 0.452490234375 0.365966796875 0.457861328125 0.37958984375 0.4609375 0.3857177734375 0.4609375 0.394287109375 0.460302734375 0.4140625 0.45478402031250004 0.4140625 0.44796006874999994 0.401611328125 0.420751953125 0.392822265625 0.395361328125 0.383544921875 0.378759765625 0.3811101140625 0.36875 0.182540090625 0.36875
7 0.5390625 0.6466436234375 0.47978515625 0.58564453125 0.46953125 0.58173828125 0.463671875 0.58173828125 0.44658203125 0.59150390625 0.43193359375 0.60712890625 0.42705078125 0.6193359375 0.42705078125 0.62470703125 0.42998046875 0.63154296875 0.49736328125 0.7072265625 0.51689453125 0.72431640625 0.5291015625 0.743359375 0.5390625 0.754058159375 0.5390625 0.6466436234375
7 0.5390625 0.7835239953124999 0.5369140625 0.78291015625 0.53203125 0.75703125 0.522265625 0.7296875 0.471484375 0.68525390625 0.459765625 0.6720703125 0.4216796875 0.63740234375 0.41875 0.63984375 0.39775390625 0.6935546875 0.3904296875 0.71943359375 0.3708984375 0.76484375 0.36845703125 0.7765625 0.3826171875 0.78779296875 0.39140625 0.80341796875 0.3953125 0.8048828125 0.41240234375 0.7755859375 0.41728515625 0.7716796875 0.44365234375 0.80244140625 0.4509765625 0.80830078125 0.471484375 0.81806640625 0.49833984375 0.8244140625 0.50078125 0.83271484375 0.5037109375 0.83564453125 0.51103515625 0.8380859375 0.51298828125 0.84248046875 0.5330078125 0.86396484375 0.5390625 0.8650656953125001 0.5390625 0.7835239953124999
5 1 0.7253345109375 0.9758308546875 0.7186879953125 0.953509425 0.7149677578125 0.9262276796875 0.7087673609375 0.9039062515625 0.69140625 0.8902653781250001 0.6666046625 0.8642237109375 0.6591641859375 0.8233010921874999 0.6517237093749999 0.7699776796875 0.6504836296875001 0.6980530765624999 0.6455233125 0.7005332359375 0.6988467249999999 0.70301339375 0.7434895828125001 0.7166542671875 0.804253471875 0.725334821875 0.8315352171875 0.7104538703125 0.841455853125 0.725334821875 0.8910590265625 0.7228546640625 0.9183407734374999 0.7340674625 0.9234375 0.7409102187500001 0.9234375 0.7860987109375 0.9121403765625 0.8468626 0.9084201375 0.9026661718749999 0.8997395828125001 0.9510292671875 0.8984995031250002 0.9981522828125 0.8972594234375 1 0.8973304890625 1 0.7253345109375
5 1 1 1 0.9019288390625 0.9748387890625001 0.90088045625 0.9215153765625 0.898400296875 0.9190352171875 0.898400296875 0.9066344234375 0.9145213281250001 0.8743923609375 0.9083209312499999 0.85703125 0.9095610109375001 0.8582713281250001 0.93312251875 0.8818328359375001 0.9492435515625001 0.9004340265625 0.9566840265625001 0.920275296875 0.9802455359375 0.9587177578125001 0.99140625 0.9785590265625 0.9926463296874999 0.9906709546875 1 1 1