2 0 0.1761532734375 0.034375 0.16796875 0.109375 0.14453125 0.11510416718750001 0.13984375 0.115625 0.130208346875 0.115625 0.11975446249999999 0.1125 0.11484375 0.10833333437499999 0.0997395828125 0.1015625 0.089322915625 0.0859375 0.089322915625 0.070833334375 0.086197915625 0.056770834375 0.078385415625 0.036458334375 0.07265625 0.025520834375000002 0.06692708281250001 0.008854167187500001 0.054947915624999996 0.0036458343749999995 0.0419270828125 0 0.03676215 0 0.1761532734375
8 0.19678475625 0 0.17109375 0.0489583328125 0.172135415625 0.056770832812500005 0.17578125 0.058333332812500006 0.18515625 0.06875 0.1981770828125 0.075 0.20598958281250002 0.0760416671875 0.21901041562499998 0.07552083281250001 0.23203125 0.06979166718749999 0.2388020828125 0.0635416671875 0.245572915625 0.05208333281250001 0.253125 0.0498621328125 0.253125 0 0.19678475625 0
8 0 0.1626551421875 0.00625 0.16145833437499998 0.013020832812499999 0.1572916671875 0.025 0.14010416718750002 0.0296875 0.121875 0.0276041671875 0.10625 0.0166666671875 0.081770834375 0.0026041671875 0.0703125 0 0.06944444375 0 0.1626551421875
8 0.10061677656250001 0 0.09609375 0.0515625 0.09453125 0.054166667187499996 0.08828125 0.054166667187499996 0.08828125 0.060416667187499995 0.11484375 0.064583334375 0.1369791640625 0.0734375 0.144140625 0.0734375 0.14609375 0.071875 0.14609375 0.067708334375 0.14921875 0.0625 0.1653645828125 0.007291667187500001 0.168326821875 0 0.10061677656250001 0
8 0.14765625 0.0770833328125 0.132552084375 0.0734375 0.11953125 0.0671875 0.09609375 0.0640625 0.08828125 0.0671875 0.08828125 0.0739583328125 0.07734375 0.07552083281250001 0.07109375 0.0822916671875 0.0705729171875 0.0848958328125 0.080989584375 0.0875 0.10234375 0.0880208328125 0.11692708437499999 0.1203125 0.11640625 0.1421875 0.14453125 0.1364583328125 0.1515625 0.13270833437500001 0.1515625 0.1135416484375 0.15130208437499998 0.10729166718750001 0.1486979171875 0.0984375 0.1502604171875 0.0802083328125 0.14765625 0.0770833328125
8 0.23072916718749997 0.081510415625 0.22552083281250002 0.073697915625 0.20729166718749997 0.07473958281250001 0.1979166671875 0.0731770828125 0.1859375 0.067447915625 0.1734375 0.05703125 0.1677083328125 0.05859375 0.1578125 0.067447915625 0.15 0.08255208281250001 0.1484375 0.098697915625 0.1515625 0.11328125 0.1572916671875 0.12317708281249999 0.165972221875 0.1296875 0.17383897343750002 0.1296875 0.2265625 0.1184895828125 0.23177083281250002 0.11171875 0.2359375 0.097135415625 0.23072916718749997 0.081510415625
1 0.060503471875000006 0 0.0625 0.005989584375 0.065625 0.027864584375 0.0645833328125 0.0455729171875 0.085416665625 0.065364584375 0.086328121875 0.065625 0.0900173609375 0.065625 0.094791665625 0.06171875 0.097916665625 0.052864584375 0.10159420156250001 0 0.060503471875000006 0
2 0.31875 0.2296875 0.37965923125 0.2296875 0.38125 0.22465006562499998 0.38125 0.2142926890625 0.378369140625 0.209765625 0.378369140625 0.19755859375 0.371044921875 0.19072265625 0.360302734375 0.15361328125 0.360302734375 0.1501953125 0.367626953125 0.1345703125 0.366162109375 0.11845703125 0.363330078125 0.115625 0.35224609375 0.115625 0.345654296875 0.11650390625 0.340771484375 0.12236328125 0.31875 0.164142359375 0.31875 0.2296875
2 0.50044921875 0.2296875 0.457763671875 0.2115234375 0.422119140625 0.1744140625 0.408447265625 0.16220703125 0.400634765625 0.1578125 0.389404296875 0.14560546875 0.382568359375 0.14267578125 0.376220703125 0.14267578125 0.362548828125 0.15341796875 0.362060546875 0.1587890625 0.367919921875 0.17587890625 0.371826171875 0.1958984375 0.377197265625 0.202734375 0.377685546875 0.21103515625 0.381103515625 0.2173828125 0.380615234375 0.22421875 0.3786265984375 0.2296875 0.50044921875 0.2296875
2 0.31875 0 0.31875 0.03820135 0.321875 0.04189453125 0.335546875 0.05068359375 0.33603515625 0.05703125 0.32138671875 0.06826171875 0.3208984375 0.07265625 0.32431640625 0.07705078125 0.33798828125 0.086328125 0.34853515625 0.0890625 0.3512451171875 0.0890625 0.35263671875 0.07607421875 0.3609375 0.066796875 0.36044921875 0.05068359375 0.3609375 0.0486083984375 0.3609375 0.03798828125 0.358984375 0.03212890625 0.3580078125 0.02138671875 0.34189453125 0.004296875 0.33387369843750003 0 0.31875 0
2 0.386858940625 0 0.38134765625 0.08857421875 0.384765625 0.1271484375 0.38818359375 0.13642578125 0.39208984375 0.13984375 0.42431640625 0.14326171875 0.431640625 0.1466796875 0.4404296875 0.14716796875 0.44482421875 0.1505859375 0.48828125 0.157421875 0.4988991484375 0.1625 0.50009765625 0.1625 0.50341796875 0.16083984375 0.50439453125 0.1056640625 0.5029296875 0.0822265625 0.4990234375 0.05927734375 0.50341796875 0.05146484375 0.51806640625 0.03583984375 0.528471521875 0 0.386858940625 0
2 0.5431044921874999 0 0.543017578125 0.00869140625 0.548388671875 0.055078125 0.549853515625 0.1078125 0.56700439375 0.1078125 0.587451171875 0.10537109375 0.623583984375 0.10439453125 0.627490234375 0.084375 0.628466796875 0.0658203125 0.629931640625 0.06435546875 0.649462890625 0.0658203125 0.663623046875 0.06435546875 0.685595703125 0.03701171875 0.6875 0.029775390625 0.6875 0.0270182296875 0.685107421875 0.023828125 0.685595703125 0.01796875 0.678759765625 0.0111328125 0.675048828125 0 0.5431044921874999 0
2 0.675431034375 0 0.678125 0.009765625 0.68935546875 0.02099609375 0.69033203125 0.02587890625 0.68056640625 0.04443359375 0.66201171875 0.06494140625 0.6283203125 0.06396484375 0.62783203125 0.08154296875 0.625 0.09098307343749999 0.625 0.091796875 0.62587890625 0.09619140625 0.629296875 0.0986328125 0.65908203125 0.109375 0.6810546875 0.11376953125 0.68056640625 0.11962890625 0.66005859375 0.15185546875 0.6546875 0.1689453125 0.656640625 0.1826171875 0.66201171875 0.18408203125 0.6692908656250001 0.1890625 0.6753373578125 0.1890625 0.6830078125 0.1796875 0.709375 0.130859375 0.72646484375 0.10888671875 0.74794921875 0.07275390625 0.7513671875 0.064453125 0.7578125 0.0313671875 0.7578125 0.02451171875 0.7572265625 0.02294921875 0.7494140625 0.0205078125 0.7455078125 0.01708984375 0.74697265625 0.0107421875 0.74510445 0 0.675431034375 0
2 0.6921875 0.2296875 0.6921875 0.2103505234375 0.67041015625 0.187646484375 0.65771484375 0.179345703125 0.65576171875 0.156884765625 0.658203125 0.154443359375 0.65869140625 0.149560546875 0.65576171875 0.130517578125 0.64501953125 0.112451171875 0.64111328125 0.108544921875 0.6318359375 0.105126953125 0.60888671875 0.103173828125 0.556640625 0.108056640625 0.546875 0.107080078125 0.54248046875 0.098779296875 0.5419921875 0.093408203125 0.546875 0.089013671875 0.54931640625 0.082177734375 0.5478515625 0.052392578125 0.5458984375 0.048974609375 0.53955078125 0.048974609375 0.53466796875 0.052392578125 0.52490234375 0.068017578125 0.52587890625 0.146142578125 0.51806640625 0.161279296875 0.513671875 0.182275390625 0.51513671875 0.184228515625 0.53369140625 0.189599609375 0.54150390625 0.199365234375 0.54833984375 0.200830078125 0.57421875 0.179345703125 0.5791015625 0.178369140625 0.583984375 0.180810546875 0.587890625 0.186181640625 0.5927734375 0.202783203125 0.6005859375 0.218408203125 0.60823079375 0.2296875 0.6921875 0.2296875
5 0.13671875 0.4107421875 0.072265625 0.3775390625 0.07275119375 0.6921875 0.0759765625 0.6921875 0.0888671875 0.68515625 0.10498046875 0.67294921875 0.11865234375 0.6607421875 0.1259765625 0.6509765625 0.15234375 0.58701171875 0.17138671875 0.54990234375 0.189453125 0.50400390625 0.21435546875 0.46201171875 0.215625 0.4571875 0.215625 0.45104166718749994 0.21240234375 0.44638671875 0.19580078125 0.437109375 0.16845703125 0.4234375 0.13671875 0.4107421875
1 0.31875 0.6205180921875 0.305859375 0.634765625 0.29853515625 0.6396484375 0.27509765625 0.6484375 0.2462890625 0.60693359375 0.2462890625 0.5966796875 0.253125 0.587890625 0.25556640625 0.57861328125 0.25849609375 0.57470703125 0.25947265625 0.5625 0.26826171875 0.55224609375 0.28095703125 0.54345703125 0.28095703125 0.5400390625 0.28779296875 0.529296875 0.28779296875 0.51806640625 0.29658203125 0.50390625 0.2912109375 0.50341796875 0.26240234375 0.53857421875 0.2287109375 0.59033203125 0.223828125 0.6025390625 0.22041015625 0.619140625 0.22041015625 0.6259765625 0.22431640625 0.6396484375 0.23505859375 0.65576171875 0.23994140625 0.66748046875 0.251171875 0.67333984375 0.28388671875 0.734375 0.294140625 0.74755859375 0.30390625 0.75634765625 0.3185546875 0.763671875 0.31875 0.763654890625 0.31875 0.6205180921875
5 0.31875 0.4243489578125 0.3220703125 0.4232421875 0.3298828125 0.41591796875 0.33720703125 0.41201171875 0.35234375 0.40908203125 0.38115234375 0.398828125 0.39970703125 0.396875 0.40703125 0.3998046875 0.41826171875 0.3998046875 0.42802734375 0.39736328125 0.4509765625 0.38759765625 0.46025390625 0.38076171875 0.463671875 0.37587890625 0.459765625 0.36220703125 0.4490234375 0.351953125 0.440234375 0.3470703125 0.4275390625 0.34462890625 0.41337890625 0.34755859375 0.4041015625 0.359765625 0.31875 0.3621736625 0.31875 0.4243489578125
6 0.633111246875 0.37792356875 0.593072184375 0.37059935 0.583794840625 0.3618102875 0.560845621875 0.3579040375 0.554009684375 0.35448606875 0.547662028125 0.35448606875 0.533501871875 0.36278685 0.533990153125 0.37059935 0.538384684375 0.37841185 0.541314371875 0.37987669375 0.542779215625 0.38622435 0.542779215625 0.3950134125 0.5459459390625 0.39768940937499997 0.5491643187499999 0.402067990625 0.5575910140625 0.4160942046875 0.5642054328125 0.4194796171875 0.5673735640625 0.4208069140625 0.573052653125 0.42284544375 0.576958903125 0.42284544375 0.590142496875 0.43651731875 0.597466715625 0.438958725 0.604302653125 0.45311888125 0.620904215625 0.46093138125 0.62099905625 0.4609375 0.6361379781250001 0.4609375 0.636529215625 0.45702513125 0.639947184375 0.45311888125 0.641412028125 0.44335325625 0.646783121875 0.43554075625 0.6484375 0.4246218609375 0.6484375 0.4183256359375 0.646783121875 0.41600950625 0.644829996875 0.40233763125 0.637017496875 0.38964231875 0.633111246875 0.37792356875