1 0.341511259375 0.18456715937499998 0.3223956890625 0.18872559375 0.30592244218750003 0.198078753125 0.3002333296875 0.2094258328125 0.290536521875 0.221389465625 0.279347921875 0.24113207656250002 0.27464493125 0.25257098125 0.2670325734375 0.2703125 0.26870949843749997 0.2703125 0.27678158750000004 0.2656365078125 0.2905872953125 0.26692205156250004 0.29860268749999996 0.26568895000000003 0.30760420312500003 0.26454766875 0.31606205468750004 0.2564276125 0.3187295953125 0.245788909375 0.32515199375 0.2384690546875 0.33383746875 0.24224702812499999 0.3356832953125 0.244398378125 0.3402598671875 0.23492717343749997 0.3464926421875 0.23055887031250002 0.34699830781249996 0.2226880671875 0.35 0.218431059375 0.35 0.21720401875 0.34696031562499996 0.20783848749999997 0.344634034375 0.19772451093750001 0.341384840625 0.186534859375 0.341511259375 0.18456715937499998
1 0.295156025 0.20704581875 0.28373980625 0.21489039999999998 0.273726953125 0.231773284375 0.26605699375 0.2609375 0.266298478125 0.2609375 0.27926443437500004 0.23822733281250003 0.28253884375 0.23358355468749997 0.291249528125 0.2215281 0.296685809375 0.21411642187500002 0.30644582656249997 0.20116893593750002 0.3208204109375 0.1935998296875 0.3280393078125 0.18932335 0.338595821875 0.1794192421875 0.34002440156249997 0.1726241140625 0.340625 0.16327572968749998 0.340625 0.1524974984375 0.34043251093750004 0.1528673953125 0.306660665625 0.1823839578125 0.30065550937499996 0.19865028906249999 0.295156025 0.20704581875
7 0.383733303125 0 0.38442599375 0.010668592187500001 0.3785267484375 0.040771762499999996 0.372892578125 0.059034132812499994 0.360461853125 0.09050669375 0.3466602109375 0.112458090625 0.34223246875 0.12737203749999998 0.3391822640625 0.16713400625 0.341943196875 0.19359402812499998 0.3503955875 0.2240447890625 0.35203819531249997 0.23705201250000002 0.3599156359375 0.2610221015625 0.3626890484375 0.2795729640625 0.3702632265625 0.30054844375 0.3715709984375 0.3110525125 0.3852287578125 0.360774990625 0.40198153437500006 0.4008977640625 0.40244342031249997 0.4399979765625 0.404608090625 0.45 0.5 0.45 0.5 0.048947159375 0.487073421875 0.0330810703125 0.46719406093750004 0.0030494515625 0.46616097500000003 0 0.383733303125 0
7 0.7440429921874999 0.45 0.74146316875 0.43050201250000003 0.727290353125 0.42000903593750005 0.7225217859375 0.411229325 0.7110140921875 0.40936900156249995 0.6968007671875001 0.435825878125 0.696065696875 0.4484439796875 0.6966812546875 0.45 0.7440429921874999 0.45
7 0.7171095421875 0.3591171796875 0.728065934375 0.37044108124999997 0.7394002328125 0.393405103125 0.7588316609375 0.404265721875 0.791557578125 0.4044420921875 0.7994813093750001 0.41344239062500004 0.8496680953125001 0.440178478125 0.8622275109374999 0.44211233281249995 0.8710700828124999 0.43534000156249997 0.8731019 0.41858939375000004 0.8797185140625 0.41377302499999996 0.8801473062499999 0.4064124640625 0.869313428125 0.3929855484375 0.8164718953125 0.375565978125 0.77340215 0.353550621875 0.7482220609375 0.3507344265625 0.7331916625 0.35496256718749997 0.7227969468750001 0.352124265625 0.7171095421875 0.3591171796875
7 0.6732227234375 0.314873090625 0.6627771250000001 0.3310354671875 0.6067502890625 0.36829433749999996 0.5890858890625 0.41773734375 0.62167891875 0.402067559375 0.7082565984375 0.3479403390625 0.71437279375 0.33358686249999997 0.7152916328125001 0.31781423593749997 0.7063774296875 0.3076889015625 0.6928888015625 0.303578503125 0.6732227234375 0.314873090625
7 0.569699609375 0.45 0.58031494375 0.4414073375 0.5872990953125 0.4302819171875 0.587411234375 0.4102297265625 0.5909339375 0.40414126250000004 0.593700825 0.3747725546875 0.5901064921875 0.36396335468749996 0.5779758671875 0.35466894375 0.5601578375 0.3523674484375 0.54439236875 0.369213690625 0.5400120828125 0.390023275 0.536203846875 0.43726762812500003 0.54384983125 0.45 0.569699609375 0.45
7 0.6852573203125 0.45 0.6854259578125 0.4498117125 0.708726878125 0.4123764703125 0.71639521875 0.407633628125 0.71787573125 0.40034659687499996 0.7082160875 0.384890190625 0.7019057515625 0.3844490203125 0.6981276515625 0.376794346875 0.68971386875 0.3762061171875 0.6732029578125001 0.38772128906250003 0.65923465625 0.40997213125 0.64847240625 0.41344288125000006 0.619289940625 0.4430763890625 0.615105959375 0.45 0.6852573203125 0.45
7 0.8944925359375 0.2870551984375 0.9043868296875001 0.28035639843750004 0.9037639000000001 0.272922309375 0.8943596515625 0.27120904375 0.8584173125 0.27186359531250004 0.79638641875 0.3034237515625 0.78618584375 0.31538009375 0.7920165046875 0.3421825078125 0.8140414265625001 0.3447781171875 0.8391498859375 0.3306966484375 0.8593060125 0.31098999374999997 0.8860278703125001 0.30546765 0.8944925359375 0.2870551984375
7 0.5556283125 0.45 0.55557401875 0.44917975625000006 0.535437659375 0.39603821093749997 0.511104778125 0.3605517234375 0.5 0.35618906250000004 0.5 0.4170770265625 0.5093491046875 0.42694381562499994 0.51962130625 0.431885134375 0.528844609375 0.45 0.5556283125 0.45
7 0.5 0.3543447078125 0.5189672578125 0.3706035296875 0.5443311140625 0.3702652 0.5523057328125 0.360264815625 0.5642422171875 0.35476457968749997 0.5768016328125001 0.3566984296875 0.591035703125 0.36613989999999996 0.605759821875 0.3671693015625 0.6420593218749999 0.342256525 0.6369128484375001 0.3218366921875 0.61290699375 0.316991009375 0.5777100984375 0.32297663125 0.5196203265625 0.323138590625 0.5 0.3308461828125 0.5 0.3543447078125
7 0.5457691546875 0.1824349328125 0.5191085515625 0.18690576718750002 0.5016684312499999 0.1962443953125 0.5053343906250001 0.22395125781249997 0.5175875265625 0.2311426515625 0.53026945625 0.23097348750000002 0.6229840765625 0.1983911359375 0.6356556296875 0.1802727984375 0.6329905078125 0.1716401453125 0.592157090625 0.165618003125 0.5457691546875 0.1824349328125
7 0.8571413109374999 0.3118944453125 0.840201609375 0.330770178125 0.8261004218749999 0.33717486406249997 0.82647833125 0.3488149859375 0.8780127421875001 0.3524178890625 0.947967371875 0.3298580296875 0.9568099453125001 0.3230857 0.9571774796875001 0.31677665 0.9376131671875001 0.2900698734375 0.9313028296875 0.2896287 0.8571413109374999 0.3118944453125
7 0.6318577671875 0.24546632499999999 0.6807270578125 0.240436575 0.6947669890625 0.235083396875 0.714739346875 0.2185312671875 0.7264308078124999 0.217237065625 0.7240719656250001 0.20334686875000002 0.70607016875 0.20419989843750003 0.6811351015625 0.19717766875 0.601030784375 0.21269319062499997 0.59657886875 0.21660510937500002 0.5960275671875 0.22606868750000003 0.601235296875 0.2454370109375 0.6062488874999999 0.2500106890625 0.6188695609375 0.25089303281249997 0.6318577671875 0.24546632499999999
7 0.8713504000000001 0.45 0.8692832906250001 0.44788457656249997 0.8454612031250001 0.43988436562500005 0.788279896875 0.4063245234375 0.7471401999999999 0.40555992500000004 0.7327836171875 0.398221471875 0.728270446875 0.40318490156250003 0.729822590625 0.412795534375 0.76460106875 0.43211964218750004 0.7661532109375 0.441730278125 0.7858296609375 0.4483848640625 0.787754896875 0.45 0.8713504000000001 0.45
7 0.6693013671875 0.2734230890625 0.6747541187499999 0.28858537968750003 0.6685154125 0.3050418703125 0.6703738359375 0.3093949625 0.678787615625 0.3099831921875 0.6918370796875 0.303504975 0.709532596875 0.3079094875 0.7167212624999999 0.32952788593750004 0.7486404765625 0.32542469375 0.7654067859375 0.3276526609375 0.7681840453125 0.316233125 0.7546954171875 0.3121227265625 0.7359378031249999 0.2896955140625 0.6562415296874999 0.26195213125 0.6444888125 0.264297840625 0.6420790859375 0.269408325 0.6652782421875 0.269974446875 0.6693013671875 0.2734230890625
7 0.5324756484375001 0.301865728125 0.528830434375 0.310057209375 0.5399093374999999 0.3192780921875 0.57133850625 0.3235869671875 0.594843940625 0.3188955484375 0.6349931703125 0.318535109375 0.6374641515625 0.3123731171875 0.6766229156250001 0.3108876421875 0.6767963109374999 0.28978394375 0.6722727671875 0.2767981984375 0.663174796875 0.269827390625 0.6484506796875 0.268797990625 0.6026753 0.275099834375 0.5820800109375 0.28421787656249997 0.55888085625 0.283651753125 0.546454325 0.2975640578125 0.5324756484375001 0.301865728125
7 0.5183433453124999 0.254422896875 0.5098994265625 0.30873369375 0.51454548125 0.319616421875 0.5359474703125 0.31477794375 0.5409506875 0.301402446875 0.5561648531250001 0.29401978125 0.5588196 0.2847032609375 0.5595442984375 0.2541359859375 0.546106553125 0.2310249078125 0.53874449375 0.230510209375 0.5183433453124999 0.254422896875
7 0.5679373328125 0.21882587031249998 0.5534686109375 0.231539609375 0.552733540625 0.2441577109375 0.5778731203125 0.2839237609375 0.593771471875 0.28292367343749997 0.6229030546875001 0.27229084531250003 0.587613784375 0.22548045625 0.5679373328125 0.21882587031249998
7 0.5 0.183458259375 0.52869656875 0.185464509375 0.579230140625 0.1699932015625 0.5695704953125 0.154536796875 0.5 0.1460339015625 0.5 0.183458259375
7 0.6642151640625 0.1432052015625 0.636829865625 0.178243309375 0.631887903125 0.1905672984375 0.6330725125 0.2064869828125 0.6768057015625 0.198986571875 0.6983810859374999 0.1730443953125 0.704436025 0.159742428125 0.70448690625 0.14074174687500002 0.694459728125 0.13159439374999998 0.682952034375 0.1297340703125 0.6642151640625 0.1432052015625
7 0.5668950015625 0.1279549703125 0.5376305343750001 0.12274164218750001 0.52848168125 0.134771515625 0.52663363125 0.1483675984375 0.529666290625 0.1506912015625 0.566292815625 0.156419228125 0.5793526515625 0.167890184375 0.62271830625 0.166698825 0.6193077421875 0.15273509999999998 0.6142941515625 0.148161421875 0.5944951875 0.14360985312500002 0.5668950015625 0.1279549703125
7 0.6824035375 0.45 0.68438975 0.4588297953125 0.7088456953125 0.51343404375 0.7793696406249999 0.6122142875 0.7915211390625 0.6496432828125001 0.8057819921875 0.6749034171874999 0.8243419234375 0.6978962281250001 0.8567591515625 0.7287105625000001 1 0.9108398234374999 1 0.5064003546875 0.9715544234374999 0.47167436562500004 0.9506708203125 0.45 0.6824035375 0.45
8 1 1 1 0.9074259234375 0.8747787765625 0.7482169843750001 0.8404051390625 0.709317771875 0.82961725625 0.7039508640625 0.7774545187499999 0.6980981406250001 0.7492732921874999 0.6788217624999999 0.7339530125 0.6739055046875 0.71006136875 0.6808806890625 0.6944714859375 0.6953098421874999 0.6843472687500001 0.7165550171875 0.6838711375 0.7414405625 0.69275619375 0.7534362015625 0.7192411218749999 0.7738011734375 0.706370678125 0.787959934375 0.706890890625 0.8063068812499999 0.751547790625 0.9610151921875 0.7849304359375 1 1 1
8 0.5 0.45 0.5 0.74521785625 0.5015348875 0.7454685734375 0.605600259375 0.748000546875 0.6115057687500001 0.751093103125 0.6200676375 0.76772054375 0.6346248875 0.78099206875 0.6528265359375001 0.784375 0.683214290625 0.784375 0.7111459046874999 0.7835029453125 0.7186042671875 0.77724176875 0.716647859375 0.7691568906249999 0.69039625 0.7506085859375 0.668963934375 0.7481399078125 0.6849305828125 0.7437925625 0.6897956609375 0.7101912296874999 0.7078448734375 0.6863182140624999 0.7198356296874999 0.6796063859375 0.7360355984375 0.6770757109375 0.7757945265625 0.70072053125 0.7971101828125 0.7022808765624999 0.803125 0.700286428125 0.803125 0.6713721500000001 0.8029983968749999 0.6694977453125001 0.7916903 0.6457838921875 0.7836313515625 0.611627709375 0.710827815625 0.50939439375 0.693470759375 0.4743228453125 0.6870252406249999 0.45 0.5 0.45
8 0.5 1 0.78633731875 1 0.7548599312500001 0.9620086999999999 0.7220313453125 0.8493611859375001 0.7145461953125001 0.84826555625 0.701559090625 0.861515984375 0.6861489453124999 0.8630481968750001 0.668962128125 0.843598590625 0.6493522687500001 0.8124307703125 0.6393542046875 0.8060653984374999 0.54473039375 0.8127139281249999 0.5 0.81903685625 0.5 1