1 0.41875 0.7 0.41875 0.5705095765625 0.3087208703125 0.550892065625 0.296467290625 0.55498345625 0.2813346015625 0.568858634375 0.26872498437500003 0.586021896875 0.26036318125 0.60180694375 0.2578125 0.610474665625 0.2578125 0.614053625 0.2597316140625 0.62844513125 0.2619742734375 0.7 0.41875 0.7
9 0.1865094796875 0.7 0.2328125 0.669630690625 0.2328125 0.6659200375000001 0.2084698578125 0.5725052265625 0.2096592796875 0.515724471875 0.2118205765625 0.4984807453125 0.21101545625 0.493536290625 0.20881443593750001 0.4922259875 0.2016341921875 0.49085382343750006 0.1825292125 0.4925409015625 0.14487604375000002 0.5023861000000001 0.1240395234375 0.5117494078125 0.10417594687500001 0.5240361296875 0.0995495609375 0.6207432390625 0.1020454359375 0.6360710468749999 0.10505837656250001 0.6393158718749999 0.11460066718749999 0.6429872296875 0.1222571875 0.6503359984375 0.1341876515625 0.680880440625 0.134912259375 0.6853304484375 0.129335459375 0.6968571234375001 0.1298472234375 0.7 0.1865094796875 0.7
9 0.1637646828125 0.285031646875 0.1473437984375 0.2909956984375 0.14316969531249998 0.2958782921875 0.1442163546875 0.30230608124999997 0.1637829421875 0.349229084375 0.1735860984375 0.3819676015625 0.1771468921875 0.467920634375 0.1747508546875 0.4806710953125 0.1765289203125 0.4885389625 0.19105043593749998 0.49227218281249996 0.21104784531249998 0.49301407656249996 0.2400171625 0.4969761390625 0.24743894375000003 0.4998316390625 0.260745978125 0.499158109375 0.28840670625 0.5042388375 0.294533496875 0.5021931421875 0.2992178640625 0.4882375 0.2966890640625 0.4513457328125 0.300071640625 0.435498825 0.2998980875 0.4039161796875 0.3015625 0.392820603125 0.3015625 0.39010476875 0.2979260734375 0.37349546093749997 0.28430485625 0.3325676640625 0.2724956953125 0.28445808281249996 0.2621346875 0.2818621328125 0.20050502187500002 0.28178726875 0.1637646828125 0.285031646875
9 0.41875 0.4989487296875 0.40527756875 0.4961947390625 0.3843004171875 0.495539365625 0.3633436578125 0.4858541984375 0.3495002328125 0.4710268859375 0.336300903125 0.46015514062499996 0.3328718046875 0.46045795 0.31199556093749997 0.45126722656249996 0.298205453125 0.44897408437499997 0.2964069921875 0.45013600781249996 0.29587633125 0.468238853125 0.29780862343750003 0.480105540625 0.3021970703125 0.4887460078125 0.33372917812499997 0.5145501859375 0.36239577343749996 0.5441182890625 0.37916483125 0.564705909375 0.41875 0.5722252 0.41875 0.4989487296875
9 0.29084735 0.5032957390624999 0.22082975781249997 0.49443203125 0.21160271718749998 0.49574838281250005 0.20853539062499998 0.5165830046875 0.20981678750000002 0.5275040609375 0.207594303125 0.5718371656250001 0.209124034375 0.5812316281250001 0.211808128125 0.585508603125 0.22232909374999998 0.625707059375 0.2367633 0.6319557640625 0.247550153125 0.634375 0.25521805 0.634375 0.259860959375 0.633426996875 0.25955930625 0.622419421875 0.2565599609375 0.6131547359375 0.260506125 0.6007689468749999 0.2822894640625 0.5697551625 0.299140103125 0.5542236140625 0.3099172671875 0.5532719296875 0.33822889218749996 0.5592982906249999 0.373888584375 0.564675778125 0.3765625 0.5641298109374999 0.3765625 0.5617785265624999 0.359005296875 0.540410746875 0.3048324734375 0.491528115625 0.3007660765625 0.48486543125 0.29782685 0.48512498125 0.29748440625 0.4921769921875 0.29084735 0.5032957390624999
8 0.41875 0.2452944296875 0.406997878125 0.24718643906249999 0.384040846875 0.255733890625 0.3576343234375 0.2736139421875 0.340696375 0.291660975 0.32455675156249997 0.317662390625 0.3144498078125 0.3471435296875 0.31136208593750003 0.3770079421875 0.313106159375 0.39992546406249996 0.3190912515625 0.424474703125 0.3267205796875 0.443863190625 0.3386714375 0.4653778421875 0.3641640671875 0.49071222812500004 0.3750886625 0.49676929999999997 0.3803094234375 0.49831449687499996 0.40586323750000003 0.49655950625 0.41875 0.49911380312500003 0.41875 0.2452944296875
10 1 1 1 0.7904348421874999 0.9047378015625 0.833350334375 0.895776225 0.8678444796875 0.904805134375 0.9562438765625 0.9111702859375 0.9900562640625001 0.9196381375 1 1 1
10 0.7643893578125001 0.7712137203125 0.6825268578125 0.7296912515625 0.6687589171875 0.7374281078125 0.6680126046874999 0.76532294375 0.658628540625 0.7816431203125 0.6610973046874999 0.8278421453125 0.74309096875 0.9350053765624999 0.7478973296875 0.961762665625 0.7580288749999999 0.977596425 0.7615967546875 0.98125 0.768892365625 0.98125 0.7887473328125 0.9790289062499999 0.8628147203125 0.92522710625 0.8639823515625 0.8554574625000001 0.8567408921874999 0.8439479203125 0.7843924531249999 0.7916972624999999 0.7643893578125001 0.7712137203125
10 0.41875 1 0.45385430937500004 1 0.45967118593749995 0.997328175 0.6057608515624999 0.9217482859375 0.6153399109375 0.913816090625 0.6258277781249999 0.8849790499999999 0.659375 0.8564005109374999 0.659375 0.8416552421875 0.6285217015625 0.8208665078124999 0.6070573125000001 0.797521859375 0.4635954046875 0.7461444421875 0.43852711875 0.74776840625 0.41875 0.7566171109375001 0.41875 1
10 0.499394296875 1 0.49998858593750006 0.9997656906250001 0.5414568171875 0.9836273453125 0.6061897734375 0.9447515531249999 0.634375 0.9212955578124999 0.634375 0.9089228437500001 0.6326627421875 0.8835551046875001 0.6206483796875 0.896138203125 0.6120914671875 0.9162756703125 0.5918636109375 0.928475753125 0.548905621875 0.9511163046875 0.49538479375 0.9781930484375 0.4565787484375 1 0.499394296875 1
8 0.6878474859375 1 0.6832731953125 0.9799106296875 0.635847965625 0.979793790625 0.583032553125 0.9878044859375 0.5532559859375 0.9968895421875 0.55459065 1 0.6878474859375 1