3 0.559375 0.3796875 0.559375 0.295431509375 0.5484473953125 0.296438009375 0.49322644374999997 0.31701481249999997 0.48198788906249995 0.33645486562500004 0.4844241203125 0.34914305625000003 0.49633662031250003 0.3796875 0.559375 0.3796875
3 0.3459607140625 0 0.34273528125 0.013066898437499998 0.298534453125 0.1058896515625 0.28961635 0.1337019484375 0.2921651453125 0.202670559375 0.28802489375 0.22195000468749998 0.2773081625 0.247820703125 0.284212421875 0.257788340625 0.29583848281249997 0.2609375 0.2973488390625 0.2609375 0.3073450875 0.252026015625 0.3128583640625 0.23618451718750003 0.3264564953125 0.2178946109375 0.37046006875000004 0.187164575 0.387829934375 0.166240665625 0.4149691125 0.114511759375 0.42584075625000006 0.08573491250000001 0.44849233593750004 0.040337607812499995 0.45 0.0321160015625 0.45 0.019609926562499998 0.449596278125 0.0163835203125 0.440467784375 0.0059706375 0.42736680781249997 0 0.3459607140625 0
3 0.2419340140625 0.10539115624999999 0.2359951328125 0.12272900312499999 0.2292637390625 0.13222640624999998 0.22007655312500002 0.13264666875 0.211605225 0.129369328125 0.2027669875 0.116755196875 0.19539799375 0.11550600468750001 0.1888215140625 0.122097259375 0.180348578125 0.1448021578125 0.17206646718750002 0.209343284375 0.1725491578125 0.2229960265625 0.16632001875 0.242535125 0.1734362765625 0.2647457046875 0.1862973765625 0.27974668281250004 0.18540543125 0.315943715625 0.1906529625 0.3203125 0.2041698375 0.3203125 0.209059915625 0.3166120375 0.211362409375 0.3026130921875 0.217552415625 0.29029608906250004 0.241285159375 0.2765202203125 0.25571493125 0.2588486625 0.2716367296875 0.1969665234375 0.27397835000000004 0.1757454828125 0.28125 0.16034435 0.28125 0.1402872953125 0.277308134375 0.126254403125 0.2668066140625 0.1124035734375 0.25071516250000003 0.102856196875 0.2419340140625 0.10539115624999999
3 0.31623505937499996 0 0.31475045625 0.016458796875 0.3133736015625 0.026923303125 0.312104009375 0.037946345312500004 0.3112397234375 0.045201950000000005 0.3098778734375 0.052805325 0.30947254218750003 0.056572759375000004 0.309166959375 0.06232928125 0.308708028125 0.0658174453125 0.308961125 0.0700748875 0.3126846 0.075 0.313709715625 0.075 0.323703909375 0.052802273437500005 0.34153709062500004 0.0134150921875 0.3453125 0.0017199625 0.3453125 0 0.31623505937499996 0
3 0.2218620859375 0 0.2185677859375 0.0179645109375 0.2178682734375 0.0700155328125 0.21287681875 0.09228768125 0.2054295640625 0.10548268125 0.2037075875 0.1150791296875 0.2054670859375 0.12424282187499999 0.21182996250000002 0.131390859375 0.21542525 0.1328125 0.22923595937500002 0.1328125 0.2365101296875 0.12254928437499998 0.2519280625 0.07660769218749999 0.265506628125 0.061928834375 0.2876739140625 0.028861025000000002 0.29820465937499996 0 0.2218620859375 0
3 0.157714934375 0 0.1639227390625 0.0300027671875 0.16568063125000002 0.065148696875 0.1654278953125 0.0861100859375 0.1638608296875 0.092800384375 0.161075646875 0.0931465875 0.1588889359375 0.11146148125 0.1601070515625 0.11780557656249999 0.1613772453125 0.11875 0.1770633234375 0.11875 0.1815568671875 0.1144176015625 0.1882116078125 0.09338215625 0.2011933125 0.0347523703125 0.2101489359375 0.025700214062499997 0.2187180890625 0.0109223125 0.219979078125 0 0.157714934375 0
3 0.29817250781250004 0 0.2941792015625 0.0145291796875 0.2916149859375 0.02190685 0.28866376875 0.028996503125 0.2860453265625 0.0343640890625 0.28137150625 0.0397896984375 0.2774903359375 0.0465758203125 0.2738621265625 0.051439396875 0.26982884218750003 0.056353317187499995 0.2675083015625 0.06221498125 0.262043634375 0.066566440625 0.256750234375 0.072477490625 0.2558280984375 0.0791293265625 0.2532550765625 0.0881888078125 0.25204992656249997 0.0957337078125 0.25518280781249997 0.10341166406249999 0.26100594843749997 0.10436853906250002 0.2670724296875 0.1083204265625 0.2723560453125 0.11337805625 0.2763978921875 0.120606878125 0.2815480578125 0.1359375 0.2821634484375 0.1359375 0.282735496875 0.13460929375 0.286622128125 0.122025109375 0.29723951249999997 0.0978477921875 0.30556246875 0.078997784375 0.3072177140625 0.072069221875 0.316313909375 0 0.29817250781250004 0
3 0.085715934375 0 0.0906634515625 0.0339162671875 0.11029185625 0.08416221874999999 0.11982638906250001 0.0966898 0.1304420828125 0.1408388171875 0.13766874375 0.1453125 0.1533489046875 0.1453125 0.15784873593749998 0.1424841828125 0.1607121765625 0.1276937890625 0.1585857671875 0.10919330000000001 0.1625 0.051503678124999994 0.1625 0.02914964375 0.1607773015625 0.0129316953125 0.1579892890625 0 0.085715934375 0
3 0 0.207140390625 0.0039978421875000005 0.203469603125 0.008487046875 0.1711557640625 0.029030175000000002 0.12962916093750002 0.034375 0.07144649843749999 0.034375 0.064642065625 0.03046671875 0.044287253124999995 0.015922773437500003 0.031660628125 0 0.02559498125 0 0.207140390625
3 0.13134726875 0.1410727609375 0.12618455312500002 0.117897628125 0.10912772343749999 0.0810447671875 0.103015975 0.07891757499999999 0.088258421875 0.0800302421875 0.07626648593749999 0.0844077546875 0.0649317171875 0.0959208109375 0.0674445984375 0.1201470453125 0.0844818640625 0.1606109546875 0.0882911203125 0.17673709375 0.12275372968750001 0.23740842031249998 0.1286127453125 0.260497003125 0.13575373125 0.26875 0.140199546875 0.26875 0.14582609375 0.2684614796875 0.1525379203125 0.2625751234375 0.153125 0.259903765625 0.153125 0.245966990625 0.1475888078125 0.22566069843749997 0.1491003953125 0.177839071875 0.1443828453125 0.14955654062499998 0.13134726875 0.1410727609375
3 0.10849012031250001 0.2147566453125 0.09108434062500001 0.1909381765625 0.08425833906249999 0.1665263484375 0.0715912796875 0.14139712499999998 0.05799475625 0.13370479531249999 0.037105890625 0.13630131875 0.0255199953125 0.1427935296875 0.01697040625 0.15396038125 0.01567403125 0.16206047968749998 0.01934794375 0.17748171875000002 0.0443542796875 0.211181271875 0.05835523593750001 0.24697053593749999 0.0653948421875 0.257643071875 0.0997237140625 0.29162726562499997 0.10453908593750001 0.3018545546875 0.1110869359375 0.3046875 0.116585528125 0.3046875 0.119277075 0.3043529359375 0.125 0.298835246875 0.125 0.2870343203125 0.11786813437500002 0.2561726109375 0.114541565625 0.25369921562500003 0.11599285468750001 0.242692971875 0.10849012031250001 0.2147566453125
3 0 0.2686428109375 0.0208531671875 0.2643360375 0.06065779375 0.263718590625 0.06875 0.25996769999999997 0.06875 0.25927187812499997 0.0599044109375 0.24865605 0.0407782609375 0.20845179218749998 0.005808575 0.21568548125000003 0 0.2148481546875 0 0.2686428109375
3 0.0201426203125 0 0.01977770625 0.0019765 0.01766765 0.0318294375 0.0323469421875 0.0451609625 0.036156196875000005 0.061287103125 0.03122021875 0.12469057187499999 0.033379715625 0.1359375 0.0415239234375 0.1359375 0.049961503125 0.133186846875 0.053676151562499996 0.115403753125 0.0653207421875 0.0980783953125 0.066211078125 0.0878636015625 0.08276886875 0.062710296875 0.08617369687500001 0.05073949531250001 0.0851104921875 0.041489253125 0.0890625 0.030346220312499998 0.0890625 0.0191322203125 0.08635055 0 0.0201426203125 0
3 0.769120796875 0.3796875 0.7676949734375 0.3757548234375 0.7207539328125 0.2891303609375 0.6873617484375 0.2427854890625 0.6464123109375001 0.19913597968750002 0.6402694828125 0.1840443828125 0.633848659375 0.15945784375 0.611989353125 0.1113324765625 0.5901296296874999 0.0846296640625 0.5641550734375 0.0629758 0.559375 0.0622356390625 0.559375 0.2143762796875 0.56644655 0.2430661734375 0.5718813328125 0.3098963734375 0.578244153125 0.3369678296875 0.5921758265625 0.3608469421875 0.6000734171875 0.3796875 0.769120796875 0.3796875
2 0.559375 0 0.559375 0.0604525125 0.5601938890625 0.0606278609375 0.574021578125 0.0675572703125 0.589900878125 0.0722107 0.6012365484375 0.0788789359375 0.6138470171875 0.095146578125 0.6607772921875 0.1394229078125 0.667916928125 0.154618978125 0.68110700625 0.167459965625 0.6955138812499999 0.19238527968750002 0.71018756875 0.20587995625 0.7221372296874999 0.2290531421875 0.7319201718749999 0.2359375 0.7496636296875 0.2359375 0.7828732374999999 0.21698517812499998 0.7905580953125 0.20882298906250002 0.7996801609374999 0.203302425 0.8094282328125001 0.192367271875 0.8131026625000001 0.18478117031250002 0.8227695328125 0.1773249046875 0.8335956140625 0.16301533125 0.83919405625 0.158620075 0.8516081515625 0.140491334375 0.8603130171875 0.13143964531250002 0.8681138796875001 0.11830761406250001 0.880516790625 0.079253296875 0.88125 0.07528470937500001 0.88125 0.05920299999999999 0.8810388124999999 0.05688900625 0.87567238125 0.0513445765625 0.8607550843749999 0.0482865703125 0.85534225 0.044730078125 0.8433693890624999 0.0225508609375 0.8263312921875 0.0033281812500000002 0.8244876968749999 0 0.559375 0
1 0.9720052625000001 0.3796875 0.978267834375 0.3715957125 0.9796875 0.36427333281249996 0.9796875 0.3538202921875 0.9773062453125 0.348577728125 0.9630961609375 0.336626240625 0.9212311203125001 0.289393371875 0.882124490625 0.2524135984375 0.8651327953125 0.2312029828125 0.8633479921875 0.2220483265625 0.8583871609375 0.22053200468749998 0.8538319296875001 0.22304379531250002 0.847514675 0.236829515625 0.8242744953125 0.2692678328125 0.783102984375 0.32075125625 0.7605468171875 0.3452900609375 0.755377175 0.35271945625 0.755759575 0.3577415359375 0.7644756234375001 0.36961542187499996 0.7801139953125 0.3796875 0.9720052625000001 0.3796875
6 1 0 0.8202061859375 0 0.85379241875 0.0565593078125 0.8836192781250001 0.0630066453125 0.86205908125 0.130495034375 0.8680857671875 0.15769733125000002 0.8558763359375 0.181327721875 0.8454055828125 0.20181900156250002 0.8619416875000001 0.20687340468749998 0.8954005828125 0.2004160609375 0.9360773109375 0.2078125 0.939161975 0.2078125 0.9740637828125 0.1837503578125 1 0.1687207359375 1 0
2 0.7262828921875 0.22716473593750003 0.6890000140625 0.1834013 0.6469651125 0.129175828125 0.5883554359375001 0.0715525703125 0.6008728249999999 0.106077790625 0.6169449109375 0.13101156249999998 0.6345236703125 0.16274590625000002 0.6402410093750001 0.20320111562499998 0.676133221875 0.235194134375 0.7166614515624999 0.2826190328125 0.7803917421875 0.29375 0.787826590625 0.29375 0.7865925796875001 0.283305496875 0.8087314093749999 0.26237642031249997 0.809375 0.25460784375 0.809375 0.2303919328125 0.8015847359375 0.21180740937500003 0.7645711453125 0.2278562015625 0.7443643359375 0.237363096875 0.7262828921875 0.22716473593750003
1 0.559375 1 0.559375 0.6749493734375 0.5426712703125001 0.6759114421875 0.5153157687500001 0.6806948796875 0.43537159374999995 0.6870827671875 0.34655215 0.6905973375000001 0.306780428125 0.6965175374999999 0.17024530468750002 0.7065408984375 0.100194284375 0.7143019328125 0.0678619046875 0.7201355265625 0.0339464296875 0.7314447296875001 0.027386459374999998 0.7379704953124999 0.025004415624999998 0.7608191625 0.0420158625 1 0.559375 1
5 0.559375 0.4685022421875 0.5133350484375 0.46903823750000007 0.50594429375 0.5018673625 0.4967573734375 0.5168575359375 0.4966102046875 0.525293075 0.4877374453125 0.5506978421875 0.47750918125 0.5969549015625001 0.460798859375 0.64527185 0.4500375015625 0.6652414249999999 0.43596027499999995 0.6763196718750001 0.4484036765625 0.678125 0.4939581984375 0.678125 0.5237012375 0.6777787328125 0.559375 0.6765493640625 0.559375 0.4685022421875
5 0.2911672796875 0.6005489421875 0.29998195 0.60689571875 0.3805977296875 0.61885598125 0.382633496875 0.6158556359375 0.38489434375 0.5999538828125 0.38890527656249996 0.5974266515625001 0.40668178906249997 0.6016846625 0.40799651875 0.6115915046875 0.40631819687500004 0.6225254046875 0.4077714375 0.6244929140625001 0.42509527656249996 0.626275659375 0.43306520312499996 0.62419844375 0.436966659375 0.628125 0.45050634531249995 0.628125 0.453434034375 0.6219768828125 0.45365045937500004 0.60957168125 0.4632381078125 0.6000340234375 0.465873715625 0.5910734078125 0.47033732031250003 0.5910214421875001 0.475740896875 0.5939351765625001 0.47975183125000004 0.5914079453125 0.48309981718749995 0.5700363546875 0.48664942343749995 0.565530065625 0.4946601234375 0.5326937234375 0.5085963296875 0.5012767171875 0.5140625 0.47465224843750004 0.5140625 0.469958321875 0.307778590625 0.47235986875 0.29902579218750003 0.5195919625000001 0.2910695421875 0.57772914375 0.2911672796875 0.6005489421875
10 0.838865359375 0.3796875 0.8381687484375 0.38886194375 0.8170389046875 0.42975454375 0.8183765078124999 0.45891790312499997 0.8406551421875001 0.49854975156250003 0.8654923468749999 0.55824674375 0.87661949375 0.600216421875 0.90817075 0.674823003125 0.9155653515625 0.7038104421875 0.9365525296874999 0.7555634734375 0.9493470734375 0.769289484375 0.9674710718749999 0.770777040625 0.975265109375 0.7826343421875 0.9903841078125 0.783202203125 0.9972156406250001 0.7930735171875 1 0.7940112296875 1 0.48364186093750006 0.989779953125 0.46300243593749996 0.9430392125000001 0.3908509625 0.9291646796874999 0.38017723281250004 0.910645315625 0.3796875 0.838865359375 0.3796875
10 1 0.7894907328125 0.9872179640625 0.7720510484374999 0.9531769375 0.760956059375 0.94230740625 0.751202025 0.92399628125 0.7144758625 0.9032440671874999 0.6526462796875 0.8800264234374999 0.6100207859375001 0.8651432359375001 0.556076525 0.8240139046875001 0.45959473125 0.8194833265625 0.4375729171875 0.7883298203125 0.4324358984375 0.731844840625 0.43206249531249996 0.67676795625 0.4578294859375 0.6611555375 0.47842238437500006 0.6714846515625 0.5113524859374999 0.67117835625 0.5677518515625 0.6786199500000001 0.5947239812499999 0.70392708125 0.634267871875 0.719631796875 0.6962440515624999 0.723786434375 0.7343883484375 0.7233391593749999 0.79683364375 0.73930318125 0.8044257703125 0.797642684375 0.8117941171874999 0.829664709375 0.8229477468749999 0.89417869375 0.825101903125 0.955289034375 0.8359375 0.9749253109375001 0.8359375 0.9897991874999998 0.8344083859375001 1 0.8295646281250001 1 0.7894907328125