0 0.7 0.056668162499999994 0.6961141296875 0.051542120312499995 0.67263586875 0.021976903125 0.665679346875 0.017629076562500002 0.6769836953125 0.17328125 0.6802128609375 0.178125 0.6892595140625 0.178125 0.7 0.17399404375 0.7 0.056668162499999994
8 0.2190572171875 0.5296875 0.24866168437499997 0.5224864140625 0.2640625 0.5087968 0.2640625 0.476795571875 0.2538790765625 0.42509510781250004 0.2521399453125 0.39639945625 0.23996603125 0.35639945625 0.2243138578125 0.281616846875 0.2147486421875 0.2677038046875 0.2017051640625 0.26074728281250004 0.1382269015625 0.2529211953125 0.1260529890625 0.257269021875 0.0851834234375 0.2877038046875 0.0738790765625 0.3007472828125 0.06953125 0.3155298921875 0.07127038125 0.371182065625 0.0817051625 0.42683423906250006 0.104313859375 0.479008153125 0.11735733749999999 0.5268342390625 0.11906929375 0.5296875 0.165332884375 0.5296875 0.18953124999999998 0.525964675 0.21261277031249998 0.5296875 0.2190572171875 0.5296875
7 0.0890625 0.5296875 0.0890625 0.5041896375 0.08413722812499999 0.48237771875 0.071963315625 0.46150815156249997 0.0606589671875 0.45020380312499997 0.0589198375 0.4249864125 0.0528328796875 0.40411684843750006 0.027615489062499998 0.348464675 0.0058763578125 0.2867255421875 0 0.28045742812499996 0 0.5296875 0.0890625 0.5296875
8 0.36828125 0.124123640625 0.3648029890625 0.131949728125 0.3517595109375 0.16760190156250002 0.35349864062499997 0.1745584234375 0.46480298906249995 0.24499320624999998 0.4797282640625 0.2484375 0.525597821875 0.2484375 0.546875 0.245077946875 0.546875 0.2409474203125 0.5361073375000001 0.15977581406250002 0.5300203796875 0.1406453796875 0.5256725531249999 0.136297553125 0.46654211874999996 0.1215149453125 0.37784646718750003 0.11629755312500001 0.36828125 0.124123640625
1 0.35184219843750003 0 0.484375 0.045849185937499995 0.4936929375 0.0484375 0.505892209375 0.0484375 0.508722825 0.047588315625 0.5125 0.01359375625 0.5125 0 0.35184219843750003 0
0 0.270706521875 0.0265353265625 0.270706521875 0.0169701078125 0.2594021734375 0.01175271875 0.23244565156250002 0.0343614140625 0.22201087031250002 0.0369701078125 0.19592391250000002 0.0604483703125 0.18288043437499998 0.076970109375 0.264619565625 0.12044836875 0.2821976921875 0.1265625 0.2854218421875 0.1265625 0.3020108703125 0.10914402187500001 0.30461956562500003 0.0847961953125 0.2915760875 0.059578803125 0.258532609375 0.0369701078125 0.2611413046875 0.0317527171875 0.270706521875 0.0265353265625
0 0.21957880468750002 0.2301086953125 0.24323709375 0.2328125 0.2538858671875 0.2328125 0.2761005421875 0.228369565625 0.2961005421875 0.212717390625 0.3039266296875 0.19619565156250002 0.30625 0.18148097968750002 0.30625 0.1794836953125 0.27262228125 0.1570652171875 0.1900135875 0.1153260875 0.1847961953125 0.1153260875 0.18914402187499998 0.200543478125 0.203057065625 0.22141304375 0.21957880468750002 0.2301086953125
10 1 0.2732584640625 0.971044921875 0.28291015625 0.959814453125 0.2892578125 0.945166015625 0.30439453125 0.940771484375 0.31171875 0.946630859375 0.32685546875 0.952978515625 0.35859375 0.952001953125 0.3966796875 0.946142578125 0.4298828125 0.946142578125 0.44404296875 0.965185546875 0.45673828125 0.987646484375 0.4767578125 1 0.48938585 1 0.2732584640625
10 1 0.5296875 1 0.489501953125 0.98017578125 0.469677734375 0.9591796875 0.452099609375 0.94013671875 0.440869140625 0.919140625 0.435009765625 0.90791015625 0.434521484375 0.89716796875 0.437939453125 0.85322265625 0.460400390625 0.846875 0.459423828125 0.841015625 0.452587890625 0.83271484375 0.447216796875 0.825390625 0.447705078125 0.81416015625 0.456005859375 0.81611328125 0.462841796875 0.82685546875 0.474072265625 0.805859375 0.486279296875 0.80048828125 0.516552734375 0.7954364484374999 0.5296875 1 0.5296875
8 0.7 0.5296875 0.79820855 0.5296875 0.80361328125 0.515380859375 0.80625 0.5002197265625 0.80625 0.48426402656249995 0.8021484375 0.456298828125 0.7962890625 0.436767578125 0.78994140625 0.424560546875 0.7767578125 0.409423828125 0.7640625 0.398193359375 0.74208984375 0.386474609375 0.71767578125 0.379638671875 0.7 0.37890218125 0.7 0.5296875
8 0.858837890625 0.286572265625 0.853466796875 0.280712890625 0.846142578125 0.278759765625 0.831494140625 0.279736328125 0.822705078125 0.286572265625 0.814404296875 0.298779296875 0.802197265625 0.331005859375 0.795849609375 0.365673828125 0.79375 0.39212890625 0.79375 0.43135141250000003 0.799755859375 0.444287109375 0.806591796875 0.453564453125 0.811962890625 0.457470703125 0.820263671875 0.450634765625 0.830517578125 0.447216796875 0.838818359375 0.451611328125 0.8478759765625 0.459375 0.8557896203125 0.459375 0.884716796875 0.443798828125 0.906201171875 0.435009765625 0.922802734375 0.435498046875 0.943310546875 0.440380859375 0.949658203125 0.412060546875 0.9515625 0.386162109375 0.9515625 0.374694825 0.948193359375 0.348583984375 0.941845703125 0.329052734375 0.939404296875 0.311962890625 0.927685546875 0.300732421875 0.866162109375 0.289990234375 0.858837890625 0.286572265625
10 0.7 0.3810546875 0.7205078125 0.381640625 0.76591796875 0.39677734375 0.7771484375 0.39287109375 0.7830078125 0.38505859375 0.79423828125 0.35869140625 0.8140625 0.29829669375 0.8140625 0.24611328124999998 0.81328125 0.23955078125 0.8103515625 0.2302734375 0.7869140625 0.201953125 0.77666015625 0.19365234375 0.7625 0.18681640625 0.75419921875 0.18486328125 0.7283203125 0.18486328125 0.7 0.1871989765625 0.7 0.3810546875
0 0.39761411875 0.7692746921875 0.3902527984375 0.7797511796875 0.3844339109375 0.794478065625 0.372856734375 0.8426058515625 0.368125225 0.8995940640625001 0.37036085937499996 0.9137577218749999 0.3772498484375 0.9232377296875001 0.3941820734375 0.933883271875 0.4072365515625 0.933593021875 0.4186619453125 0.9278132140625001 0.437205978125 0.92589388125 0.48834500625 0.9360152734374999 0.51582309375 0.937206859375 0.5228984125 0.94044775625 0.5307689625 0.940625 0.556947775 0.940625 0.5616285921874999 0.9333812203124999 0.56726993125 0.889404159375 0.5725689171874999 0.8672423281249999 0.5767978015625 0.8208736015625 0.5796875 0.8080502046875001 0.5796875 0.7862563843749999 0.46009188749999996 0.7723771218750001 0.4499186796875 0.769352853125 0.4400054203125 0.77004605625 0.42921263125 0.7670651109375 0.41421276875 0.7662461781250001 0.39761411875 0.7692746921875
2 0.3819034375 1 0.3965508328125 0.9889746578124999 0.40227004375000003 0.9817260390625 0.41869539062500005 0.9762192078125 0.43125 0.968186971875 0.43125 0.96564974375 0.42837474999999997 0.9543736781250001 0.4202335796875 0.9536977484375001 0.417885240625 0.955729784375 0.3841810671875 0.945634446875 0.3551475171875 0.948909884375 0.33641715625 0.95706833125 0.29823292968750004 0.9541349578125 0.2977866515625 0.956656596875 0.302513628125 0.9619295296875 0.2895891265625 0.964078515625 0.24893961406249998 0.9526010156249999 0.234602653125 0.9523583390624999 0.22052564375 0.95583313125 0.2202093390625 0.9602135078125 0.200413121875 0.97093691875 0.18125 0.9722769343749998 0.18125 0.9729066140625001 0.1831445546875 1 0.3819034375 1
6 0.5769758890625 0.5296875 0.57559740625 0.5300852421875 0.5326731765625 0.5305963609375001 0.516334478125 0.5373423484375001 0.49593170625000005 0.5393916609375 0.4875 0.5430848171875 0.4875 0.5433688531249999 0.4898701390625 0.5684555046875001 0.4883449796875 0.5822595374999999 0.49193672343749995 0.606912709375 0.48772086562499994 0.6445640078125 0.49822765 0.6612623328125 0.5300042015625 0.684375 0.5333504828125 0.684375 0.5584307078124999 0.67635338125 0.5796524109375001 0.659304209375 0.6036514578125 0.619646928125 0.6101896015625 0.5973984453125001 0.619379359375 0.5774549796875 0.6334563671875 0.5739801859375 0.638772625 0.5698727859375 0.6390625 0.568041471875 0.6390625 0.5599151703125 0.6322562890625 0.5479145546875 0.6316497375 0.539240453125 0.6202150859375 0.5296875 0.5769758890625 0.5296875