7 1 0.39001394375 0.9531701359374999 0.3971077375 0.91850381875 0.4071093546875 0.9044233515625001 0.4190596765625 0.8841237453125 0.42245135312500004 0.8813727265625 0.43680246875 0.8858050625 0.44784861249999997 0.926940609375 0.44510099218750004 0.9704354453124999 0.4505466375 1 0.445439946875 1 0.39001394375
7 1 0.0973552140625 0.9538302875 0.09298468125 0.9403223078125 0.115615765625 0.9393219359374999 0.1208343515625 0.9885357265625 0.137447934375 1 0.146394309375 1 0.0973552140625
7 1 0.026361290625 0.9958909296874999 0.0239085765625 0.9799513578125 0.0250563390625 0.9622972859375001 0.0419816625 0.9338501078124999 0.0605419234375 0.9076537625000001 0.067360365625 0.84514890625 0.11324803750000001 0.8165239359375001 0.14640300312500001 0.8199559031250001 0.16266773437499998 0.8307851640624999 0.167677821875 0.8372905453125 0.181576846875 0.864273321875 0.17748949218750001 0.9398221218749999 0.11822505937500001 0.956903703125 0.090618975 1 0.05644553906250001 1 0.026361290625
7 0.6758188031250001 0.142381778125 0.77546069375 0.16244067812500002 0.818633134375 0.1559009125 0.8170241218750001 0.1437937078125 0.8369651781249999 0.12177159374999999 0.8122332359375001 0.114117128125 0.8000812078124999 0.10234021874999999 0.7658427734375 0.0964424859375 0.7441842484375 0.0864223140625 0.6996890390624999 0.08619525624999999 0.685608571875 0.0981455796875 0.685717028125 0.1180806640625 0.6775333015625 0.126604221875 0.6758188031250001 0.142381778125
7 0.6459062875 0 0.65579653125 0.0076543062499999995 0.6577279390624999 0.031746918750000006 0.6763492 0.050777825 0.675885165625 0.060032146875000005 0.6875370109375 0.07441835 0.7022622703125 0.0864388453125 0.7225980265625 0.08969219687499999 0.735464184375 0.0909101375 0.7416110171875 0.086178725 0.7340329609375 0.06420822968749999 0.7336021078125 0.032287737500000004 0.7224866015625 0.0219372703125 0.7136424765625 0 0.6459062875 0
7 0.509375 0.1634919578125 0.520713775 0.1861453078125 0.569174315625 0.15885298750000001 0.601017309375 0.149912428125 0.6771024484375 0.0946837265625 0.6890737171875 0.0732354953125 0.6769216874999999 0.061458587499999995 0.6797088609374999 0.0537525015625 0.66702049375 0.0379398578125 0.6544044296875 0.035417271875 0.645684365625 0.0399050953125 0.630353434375 0.05837865 0.6044433328125 0.0705374734375 0.5614155000000001 0.1036573515625 0.547907521875 0.12628843437499998 0.509375 0.15806673437500002 0.509375 0.1634919578125
7 0.649986946875 0.2634703421875 0.661635821875 0.2300367015625 0.65663099375 0.20830979374999997 0.627539021875 0.20289923906250001 0.5787560843749999 0.2182061515625 0.5494501703125 0.22074526875 0.5376928421875 0.23424382656249998 0.5347640328125001 0.26318964375 0.550775909375 0.275331934375 0.620967278125 0.27134984218749997 0.649986946875 0.2634703421875
7 0.509375 0.3346031109375 0.5572842625 0.337050803125 0.572401253125 0.326526921875 0.6053169203125 0.3256578328125 0.6124279734375 0.30906280625 0.609032159375 0.2994431015625 0.5891965875 0.29358045625 0.5636420656250001 0.276549875 0.509375 0.272328371875 0.509375 0.3346031109375
7 0.6851232406250001 0.33985408906250003 0.725794753125 0.3463607890625 0.76310660625 0.34989281562499996 0.7733633796875 0.34422214218749997 0.77586430625 0.33117567187499997 0.7706093859375001 0.3107534125 0.755347790625 0.2946971828125 0.7012737812500001 0.28293680625 0.6516682640625 0.2888676015625 0.624899428125 0.28500528125 0.6108189625 0.2969556015625 0.61503735625 0.315951421875 0.6616417625000001 0.3256763875 0.6851232406250001 0.33985408906250003
7 0.7087854765625 0.38725693125 0.6879465640625 0.3387930296875 0.6618918546875 0.324371740625 0.6101771390625 0.320804628125 0.60724833125 0.34975044375 0.611144328125 0.35676085468749996 0.6565705734375 0.38629911093749997 0.6758698078125 0.3881260203125 0.6947050078125 0.3992072515625 0.7072849203125 0.3950848109375 0.7087854765625 0.38725693125
7 0.6601832984375 0.4357889828125 0.6737997328125 0.43309298281249997 0.6811608781249999 0.41519330937500004 0.6638623859375 0.40292922343750004 0.6420954078125 0.3729739671875 0.5928816171875 0.3563603859375 0.5695447484375 0.368762796875 0.5637926140625 0.398769671875 0.5733714125 0.4103029921875 0.6053228625 0.42129751875 0.61179209375 0.428551515625 0.6444576671875 0.42898707187499996 0.6601832984375 0.4357889828125
7 0.870176003125 0.26970241562499997 0.8390832875 0.274729034375 0.8306494703125 0.2845572375 0.8044531234375001 0.2913756796875 0.793696165625 0.29965564843750003 0.7921956078125 0.3074835296875 0.8015243140624999 0.320321496875 0.7983092609375 0.343926934375 0.8039920593750001 0.34844984375 0.8199316328125 0.34730207812499997 0.8673918031250001 0.325228346875 0.9018080265625 0.316531375 0.9268955453124998 0.2949964359375 0.9864354406250001 0.271409553125 0.9915457515625 0.265251703125 0.9909732609375 0.2545709390625 0.97985775625 0.24422047187499998 0.9644183671875 0.2427589453125 0.9164218609375 0.26079694375 0.8876161328125001 0.26072676875 0.870176003125 0.26970241562499997
7 0.509375 0.4890625 0.5582349093750001 0.4890625 0.5703341484375 0.41931372656250004 0.558823940625 0.38368779375 0.560429984375 0.3479751546875 0.5524240453125 0.3419040078125 0.536234378125 0.34435642031249997 0.5465996078125 0.35862082968750003 0.5405612296875 0.3832873234375 0.5134006656250001 0.40196938125 0.509375 0.4333417796875 0.509375 0.4890625
7 0.509375 0.271412828125 0.530190059375 0.2733832296875 0.536764775 0.25275246875 0.534297028125 0.22462412187499997 0.526791275 0.2159436828125 0.5175680546875 0.17522095625 0.509375 0.1650105125 0.509375 0.271412828125
7 0.8045888187500001 0.1744962625 0.806589559375 0.1640590875 0.796010390625 0.157744353125 0.781643678125 0.1643542953125 0.7549109953124999 0.1671370015625 0.7477999437499999 0.1837320296875 0.759741003125 0.25127845625 0.757240075 0.26432492343749997 0.7684278859375 0.28796544687500003 0.7806190375 0.3542072265625 0.7947718109374999 0.3555469609375 0.8091385234375 0.3489370203125 0.7983092609375 0.343926934375 0.7896223765625 0.30723994062500004 0.790872840625 0.30071670625 0.807276446875 0.2903146203125 0.8163520890625 0.2566373921875 0.7971944921875 0.23357075 0.7786093843749999 0.22118487187500002 0.7731043734374999 0.202067259375 0.7758915453125 0.194361171875 0.8045888187500001 0.1744962625
7 0.5617586921875 0.4503816625 0.5634038546875 0.46913389375000003 0.573232746875 0.4793625671875 0.5925319796874999 0.481189478125 0.605361984375 0.4757623890625 0.6249474640624999 0.48292968125 0.658327165625 0.47280626875 0.6656883109375 0.4549065953125 0.6331643703125 0.433231309375 0.622871446875 0.4322569578125 0.6167246125 0.4369883671875 0.6045725843749999 0.4252114578125 0.5811634109375 0.4243238140625 0.567333034375 0.4349694890625 0.5617586921875 0.4503816625
7 0.6796875609375 0.2862066875 0.72078695625 0.27681404062500004 0.7261473609375 0.2693515421875 0.7223206953125001 0.2278113453125 0.676575021875 0.234107521875 0.6479500546875 0.2672624890625 0.5716118515625 0.275975990625 0.5848004046875 0.289179340625 0.606422778125 0.2925544859375 0.6344059234375 0.2832485453125 0.6796875609375 0.2862066875
7 0.509375 0.40546053750000005 0.527767378125 0.39535943906250004 0.5420979390625 0.382104471875 0.5460632703125 0.35458509375 0.52951505625 0.3384070703125 0.509375 0.3398573 0.509375 0.40546053750000005
7 0.8715408640625 0.37875395156249997 0.8318003890625001 0.40155845 0.8139323765625001 0.42643344531249994 0.8157914828124999 0.43723600156250003 0.8263345000000001 0.43690570624999997 0.8625013734374999 0.4190762078125 0.9161806796875 0.4055611203125 0.9484877078124999 0.3873662390625 0.9694652874999999 0.366770565625 0.9713937250000001 0.343043334375 0.9559181859375 0.334936778125 0.9253256546875 0.33735410312499997 0.9256480515625001 0.3493395125 0.9126041078124999 0.36271627500000003 0.893377178125 0.3741794203125 0.8715408640625 0.37875395156249997
7 0.7834814828125 0.40761103906249996 0.80535395 0.4096815359375 0.906457275 0.3674476859375 0.9251478656250001 0.35194880624999997 0.9199290999999998 0.338171575 0.9234665515625 0.326551546875 0.9082411046875001 0.31714034375 0.8840816531250001 0.3201666390625 0.8242916640625 0.34505816718750004 0.8015272843750001 0.368141340625 0.7889473718750001 0.37226378125 0.7790853 0.403209921875 0.7834814828125 0.40761103906249996
7 0.88389056875 0 0.8838830703125 0.000022440624999999998 0.8771667187500001 0.0418929328125 0.8828856703125 0.053060870312499994 0.9013984734375 0.0521566921875 0.9081177953124999 0.05810604375 0.9171241046875 0.058958601562500004 0.9289175859375 0.0521050734375 0.9391020546875 0.033144342187499995 0.95065013125 0 0.88389056875 0
7 0.509375 0.148762046875 0.5230700953125 0.146518728125 0.537614596875 0.1253140828125 0.547371184375 0.12225270156250001 0.5467986953125 0.11157193750000001 0.5595202421875001 0.0862097671875 0.5491550140625 0.0719453578125 0.5498691421874999 0.061386390624999995 0.5408266796875 0.053888803124999995 0.5279966765624999 0.0593158921875 0.52024083125 0.0519401 0.510984428125 0.0523921875 0.509375 0.0541695765625 0.509375 0.148762046875
7 0.8341869187500001 0.272937209375 0.8550228609375001 0.27358126718750003 0.8817193921875 0.2641535328125 0.886043271875 0.25526459375 0.8696366953125001 0.2178468375 0.861130571875 0.2143849859375 0.833144453125 0.17587108437500001 0.811736021875 0.16454626249999998 0.7971915218750001 0.1857509078125 0.773854653125 0.19815331875 0.7728542828125 0.2033719046875 0.7801460921875 0.22000201874999997 0.8341869187500001 0.272937209375
7 0.9633065703125 0.1802226046875 0.88657366875 0.16366064062500002 0.8440098687500001 0.187526196875 0.8435819875 0.2034255484375 0.8536248203125 0.205704546875 0.8750694015625001 0.22367439375 0.9330032562499999 0.2358001546875 0.9545894781250001 0.23253026875 0.9710624156249998 0.1875983953125 0.9633065703125 0.1802226046875
2 0.2663270109375 1 0.26798912656249996 0.9957201265624999 0.2738874390625 0.9752426453125 0.28446059687499997 0.9601787640625 0.31124594375000003 0.9353328015625 0.31732322343749997 0.9223966859375 0.3173013 0.9133206828125001 0.29529788749999997 0.8991793906249999 0.2524342140625 0.8783063625 0.1734780875 0.8447136640625 0.12363745468750001 0.8192461281250001 0.090063815625 0.8066865156249999 0.0725185484375 0.7969796703125 0.06630003749999999 0.7958122015625 0.059610393750000004 0.7992486390625 0.0558729625 0.8048034453125 0.045971825 0.8318807921874999 0.0320240171875 0.8474059953124999 0.0272250109375 0.8571410328125 0.021624976562500002 0.8901874624999999 0.0214253484375 0.9184605265624999 0.016995234375 0.947816303125 0.0136815015625 0.9956818546874999 0.012996623437499999 1 0.2663270109375 1
1 0 0.4890625 0 0.65637399375 0.055678896874999995 0.70966860625 0.1658055703125 0.8257550921875 0.19874049375 0.854878721875 0.2411184203125 0.8743049859375001 0.2807328015625 0.8588018125 0.34208597812499997 0.8218326265625 0.401109846875 0.7818192703125 0.43964073125 0.7614203234375 0.4621180234375 0.675964096875 0.47968515 0.628167625 0.48991133593749997 0.602559009375 0.47061568125 0.5153717 0.4419753109375 0.4890625 0.24360999687499998 0.4890625 0.21673345156249998 0.53969793125 0.1700946125 0.530941921875 0.12070394375 0.4890625 0 0.4890625
2 0.0076955328125 1 0.0164137171875 0.9436925593750001 0.0226224 0.8520538156249999 0.0390167859375 0.8363622875000001 0.0583897390625 0.796725434375 0.1915902578125 0.8524935859375 0.15058391875 0.809341675 0.0988522265625 0.7626120609375 0.03336391875 0.7883774578125 0 0.7980905265625 0 0.9764692578125 0.0034438734375000003 1 0.0076955328125 1
2 0.39944266875 0.9014595640625 0.34706172031250004 0.88171944375 0.28520123124999996 0.8565500203124999 0.250407778125 0.8713941578125001 0.31712573125 0.911031221875 0.304343 0.9430419890625 0.28385001249999997 0.9626564 0.2690991375 0.9932549218750001 0.3197634984375 0.9678347031250001 0.3488513796875 0.9571331234375 0.380069715625 0.9410964187499999 0.3927266734375 0.9309596953125 0.39944266875 0.9014595640625
2 0.3633432 1 0.37660421093749996 0.985283865625 0.37440068125 0.9603656484374999 0.375411103125 0.935008078125 0.3235374671875 0.97740656875 0.2885451625 0.9838714109375001 0.267654478125 0.9867272265625001 0.2634470578125 1 0.3633432 1