6 0.30417906875 0.5296875 0.3228298609375 0.5139508937499999 0.36003224375 0.512090775 0.3656125984375 0.49720982343750003 0.3556919640625 0.4575272828125 0.39909474375 0.415984625 0.4046875 0.380190984375 0.4046875 0.3741415859375 0.39971478125000004 0.35646081406249996 0.40157489999999996 0.3428199421875 0.38483383125000004 0.3304191484375 0.3631324421875 0.33413938593750003 0.3513516859375 0.3304191484375 0.329650296875 0.33413938593750003 0.313529265625 0.3490203390625 0.285007440625 0.355840775 0.2651661703125 0.36824156874999997 0.221143353125 0.3738219265625 0.1994419640625 0.384982640625 0.20192212187499997 0.40172371093750003 0.20254216249999998 0.4513268859375 0.194481646875 0.4804687515625 0.19014136875 0.5263516874999999 0.1923168984375 0.5296875 0.2619643 0.5296875 0.2831473203125 0.526971728125 0.2976314390625 0.5296875 0.30417906875 0.5296875
1 0.019233098437500002 0 0.018625992187500003 0.31144593125000003 0.0700892859375 0.3374875984375 0.11163194531250001 0.3610491078125 0.1345734125 0.3678695421875 0.188326096875 0.375 0.22354905937499997 0.375 0.2517609125 0.3740699390625 0.3119047625 0.3517485109375 0.3212053578125 0.2029389875 0.321875 0.1944568515625 0.321875 0.178236196875 0.24804067500000002 0.1074528765625 0.1147750984375 0 0.019233098437500002 0
2 0.33879175 0 0.3447048625 0.035478671875 0.3397445453125 0.06834077499999999 0.329823909375 0.124144346875 0.31990327500000004 0.197309028125 0.3149429578125 0.3498387890625 0.3329241078125 0.333717759375 0.3521453375 0.3312376 0.3676463296875 0.333717759375 0.389967759375 0.32999752031249996 0.40298859218749994 0.34363839218750003 0.4053199421875 0.359375 0.4066741078125 0.359375 0.4240699421875 0.3448784734375 0.459375 0.21424975625 0.459375 0 0.351192959375 0 0.35028521874999996 0.00075645 0.345746521875 0 0.33879175 0
4 0.459375 0.5296875 0.459375 0.3428038453125 0.45897817500000004 0.3427827375 0.44608134843749997 0.34575892812500003 0.43368055625 0.35146329375 0.4299603171875 0.35518353125 0.4237599203125 0.36436011874999996 0.40714285781250004 0.3817212296875 0.40565476250000004 0.3871775796875 0.40416666718750005 0.40329861093749997 0.4011904765625 0.4132192453125 0.391021825 0.43182043593749997 0.390625 0.44511408750000003 0.390625 0.4486724625 0.4046626984375 0.48191964218749994 0.412847221875 0.4913442453125 0.4237599203125 0.5089533734375 0.4287202375 0.5173859125 0.4342943953125 0.5296875 0.459375 0.5296875
5 0.8109375 0.2565104171875 0.8200520843750001 0.24869791718749998 0.8109375 0.239583334375 0.81875 0.235677084375 0.8044270843750001 0.223958334375 0.7796875 0.2265625 0.77578125 0.247395834375 0.7783854171875 0.26953125 0.7783854171875 0.2721354171875 0.7979166671875 0.2799479171875 0.80703125 0.2994791671875 0.8239583343750001 0.328125 0.8369791671875 0.3580729171875 0.8621354125 0.3640625 0.8647569453124999 0.3640625 0.8838541671875 0.341145834375 0.8760416671875 0.329427084375 0.8799479171875 0.2994791671875 0.8875 0.28059896093750003 0.8875 0.2776041609375 0.8864583343749999 0.2682291671875 0.8721354171875 0.24609375 0.8408854171875 0.24479166718749998 0.8109375 0.2565104171875
8 0.7326302078125 0.5296875 0.7200520828125001 0.5087239578125 0.697916665625 0.48658854218750003 0.662760415625 0.48658854218750003 0.6341145828125 0.5087239578125 0.6312029796875 0.5296875 0.7326302078125 0.5296875
3 0.783083128125 0.5296875 0.830729165625 0.4731770828125 0.8372395828125001 0.48229166718750005 0.8606770828125001 0.4796875 0.890625 0.46015625 0.9231770828125001 0.43151041718750005 0.9609375 0.40416666718750005 0.965625 0.3842447890625 0.965625 0.3814236125 0.9583333328125001 0.3729166671875 0.9348958328125001 0.35208333281250004 0.9231770828125001 0.34296875 0.8919270828125001 0.36770833281250004 0.8125 0.4341145828125 0.799479165625 0.47057291718750005 0.7578125 0.51875 0.748697915625 0.5109375 0.734375 0.5291666671875 0.734731359375 0.5296875 0.783083128125 0.5296875
2 1 0.409759115625 0.9930989578125 0.4018229171875 0.956640625 0.369270834375 0.9579427078125 0.39140625 0.9345052078125 0.40703125 0.9355902765625 0.4265625 0.933203125 0.4265625 0.941015625 0.4916666671875 0.9618489578125 0.4877604171875 1 0.5002328734375 1 0.409759115625
6 0.6493489578125 0.4907552078125 0.6708333328125 0.48359375 0.7033854171874999 0.4888020828125 0.71640625 0.5044270828124999 0.74765625 0.5018229171875 0.77109375 0.49921875 0.79453125 0.47447916718750005 0.8127604171874999 0.4328125 0.853125 0.39375 0.83359375 0.34817708281250004 0.8192708328125 0.33255208281250004 0.8192708328125 0.31692708281250004 0.7997395828125 0.28958333281250004 0.7723958328125 0.2674479171875 0.7528645828125 0.2752604171875 0.7346354171874999 0.2765625 0.6877604171874999 0.3078125 0.6239583328125 0.3651041671875 0.61875 0.41614583281249995 0.61875 0.43330078125 0.6278645828125 0.4640625 0.6473958328125 0.49401041718750005 0.6513020828125 0.4927083328125 0.6493489578125 0.4907552078125
8 0.878515625 0.3095052078125 0.8811197906250001 0.3407552078125 0.9006510406250001 0.3563802078125 0.9013671875 0.3578125 0.90400390625 0.3578125 0.929296875 0.343359375 0.9553385406250001 0.3563802078125 0.9774739578125 0.3329427078125 0.98125 0.300217009375 0.98125 0.29889323125 0.9631510406250001 0.2717447921875 0.9201822906250001 0.261328125 0.8967447906250001 0.2743489578125 0.878515625 0.3095052078125
5 0.9411786124999999 0.5296875 0.9396634609374999 0.5213541671875 0.928044871875 0.5005208328124999 0.9240384609374999 0.492107371875 0.9176282046875001 0.48008814062500005 0.9120192312500001 0.47087339687499996 0.9160256406249999 0.46446314062500005 0.9072115390625001 0.46165865312500004 0.908814103125 0.45524839687499996 0.90360576875 0.451642628125 0.889983975 0.460857371875 0.8759615390625001 0.47087339687499996 0.8599358968749999 0.4780849359375 0.8447115390625001 0.4824919875 0.8286858968749999 0.4780849359375 0.80985576875 0.49651442343749996 0.824278846875 0.5061298078124999 0.8415064109374999 0.5117387828125 0.8675480765625 0.5249599359375 0.8571314109374999 0.5221554484375 0.8573529421874999 0.5296875 0.9411786124999999 0.5296875
6 0.459375 1 0.731712965625 1 0.73359375 0.9994791671875 0.74609375 0.9901041671874999 0.7481770843750001 0.978125 0.76953125 0.9229166671875 0.77265625 0.9088541671874999 0.7828125 0.8910807296875 0.7828125 0.8904910718749999 0.7466145843750001 0.871875 0.7252604171874999 0.8651041671874999 0.71953125 0.8572916671874999 0.71171875 0.8546875 0.705989584375 0.8578125 0.66640625 0.8958333328125001 0.6200520843749999 0.9484375 0.5908854171875 0.9354166671874999 0.562239584375 0.9255208328125001 0.5028645843749999 0.9130208328125 0.48359375 0.903125 0.46276041718750005 0.8958333328125001 0.459375 0.8951363359375 0.459375 1
5 0.7330729171874999 1 0.7424479171874999 0.9947916671874999 0.7455729171875 0.9901041671874999 0.7471354171875 0.9796875 0.75703125 0.9505208328125001 0.7690104171875 0.9223958328125 0.77265625 0.9052083328125 0.7828125 0.890481771875 0.7828125 0.8899723890625 0.73984375 0.8682291671875 0.72421875 0.8651041671874999 0.7174479171874999 0.8552083328125001 0.712239584375 0.8536458328125001 0.7028645843750001 0.8604166671875 0.665364584375 0.896875 0.6190104171875 0.9484375 0.59765625 0.9859375 0.59296875 0.990625 0.5588541671875 1 0.7330729171874999 1
6 0.459375 0.89793374375 0.47239583281249997 0.9015625 0.496875 0.9135416671875 0.5359375 0.9203125 0.5708333328124999 0.9302083328125 0.6015625 0.9416666671874999 0.6151041671875 0.9505208328125001 0.6203125 0.9489583328125001 0.6671875 0.8958333328125001 0.6994791671874999 0.8651041671874999 0.7036458328125 0.8572916671874999 0.69375 0.85 0.6604166671874999 0.8390625 0.6458333328125 0.8307291671874999 0.6401041671875001 0.8223958328125001 0.6411458328124999 0.815625 0.6463541671875 0.8057291671875 0.6442708328125 0.8026041671874999 0.590625 0.7921875 0.5833333328125 0.7932291671874999 0.5760416671875 0.7984375 0.5526041671875 0.7755208328125001 0.5463541671875001 0.771875 0.5411458328125 0.771875 0.4916666671875 0.7911458328125001 0.459375 0.7817708328125 0.459375 0.89793374375