10 0.4 0 0.21896374375 0 0.201245134375 0.17365361875000002 0.194073053125 0.23811634843750001 0.1890625 0.2669961390625 0.1890625 0.2739175671875 0.18913913124999998 0.278940815625 0.1941999484375 0.293523865625 0.2014657109375 0.3002961078125 0.21469690937500002 0.3033916484375 0.2754747515625 0.30625 0.32135003125 0.30625 0.4 0.30425816875 0.4 0
10 0.0110814734375 0 0 0.050307378125 0 0.25545125625 0.0554001515625 0.254918746875 0.0682220765625 0.257500384375 0.164060778125 0.2640625 0.1845552015625 0.2640625 0.1891846140625 0.25774796875 0.1930357046875 0.233196246875 0.20216654531249997 0.14063020937499998 0.2189949296875 0 0.0110814734375 0
10 0.4 0.30690911875000004 0.328360528125 0.3065288453125 0.3164825046875 0.3104221375 0.300410546875 0.306698340625 0.275633578125 0.3085010328125 0.21195287187499998 0.3084741015625 0.20427331093749998 0.31058621875000003 0.197942403125 0.3290854328125 0.1932153796875 0.36546771875 0.1924663453125 0.4327058015625 0.18976605625 0.45929027031249997 0.1910618546875 0.479137478125 0.1890019046875 0.504762746875 0.193875465625 0.5361553203125 0.1990948515625 0.5403580406249999 0.201494715625 0.540625 0.2112154765625 0.540625 0.258836853125 0.5342638546875 0.29620920625 0.5271176375 0.3223197109375 0.5199364390625 0.3936074828125 0.508944021875 0.4 0.507431865625 0.4 0.30690911875000004
10 0.4 0.66875 0.4201129984375 0.66875 0.4652625453125 0.6635532953125 0.4931159796875 0.6406467 0.6054931437500001 0.6246145171874999 0.618011990625 0.6276341265625 0.62273738125 0.64722456875 0.6879581140625 0.6387883953125 0.69293583125 0.651163384375 0.734483728125 0.6492310109375 0.7580934828125001 0.6445310734375 0.7602153234375 0.6354277453125 0.7465438093750001 0.562225525 0.6943465796874999 0.5592504078125 0.6822693046875 0.543603759375 0.67458395 0.50625 0.6722553609374999 0.50625 0.65107828125 0.5072349359375 0.4 0.5445376890625 0.4 0.66875
10 0.4 0.29807766562500004 0.5488926796875 0.31587167968749996 0.553125 0.19484612968749998 0.553125 0.1857756890625 0.527032025 0.16741132812499998 0.4 0.12887787343749998 0.4 0.29807766562500004
10 0.4 0.4735408203125 0.5387922953125 0.4654292265625 0.54375 0.397844434375 0.54375 0.370798128125 0.49934905 0.355606134375 0.4969978265625 0.319696915625 0.49008751562499997 0.311013665625 0.4 0.2987695890625 0.4 0.4735408203125
10 0.49621518125 0.33223146406250004 0.4988818109375 0.3591213703125 0.541857646875 0.367928153125 0.553180840625 0.384375 0.5936153078124999 0.384375 0.62457494375 0.374886584375 0.696875 0.255179053125 0.696875 0.25319600468750003 0.68910753125 0.23141276562500002 0.6463209437499999 0.2171943921875 0.556733471875 0.2519768515625 0.5511249359375 0.2576404875 0.55091274375 0.315280075 0.49621518125 0.33223146406250004
10 0.8608318109375 0.398185959375 0.824640125 0.401670146875 0.8190946703125 0.4055299203125 0.8144094171875 0.43636361875 0.7978992171874999 0.4443352140625 0.7940340296875 0.451718696875 0.7781317031249999 0.493879665625 0.7754421265625 0.519217759375 0.7551929015625 0.5309651140625 0.747588690625 0.542124353125 0.7478811546874999 0.5853330406249999 0.7503161875 0.5890625 0.7682346578125 0.5890625 0.8581995609374999 0.576600325 0.8830480109375 0.5880511328125 0.8993058812499999 0.5872949875 0.93125 0.5805321890624999 0.93125 0.5605749921875 0.9291779390624999 0.506664790625 0.876120509375 0.47671575156249996 0.8510197312500001 0.472480390625 0.8482269359375 0.449198209375 0.8593178453124999 0.44147866249999995 0.8608318109375 0.398185959375
10 0.4 0.546298846875 0.7525992031250001 0.49152315625 0.7412387765625 0.40380601718750003 0.7254855609374999 0.3901312625 0.675599415625 0.372641228125 0.6377274640625 0.3726017078125 0.546964378125 0.3894295578125 0.5426346703125 0.46166808125000003 0.537026134375 0.46733171718750005 0.4 0.47370473906250005 0.4 0.546298846875
7 0.076296859375 0.66875 0.065863765625 0.681046446875 0.0645404875 0.6838740953125 0.066396921875 0.691271575 0.0600069703125 0.6972768328125001 0.0504629859375 0.7143927140625 0.03413721875 0.7234899968749999 0.00615568125 0.7553084671875 0 0.7593346046875 0 0.8148189890624999 0.00724283125 0.8222645484375001 0.0189029890625 0.8265625 0.0267308390625 0.8265625 0.0292519296875 0.826155646875 0.038428146875 0.820971484375 0.072685609375 0.7923518140625 0.0786548171875 0.7771924921875 0.0866779921875 0.76616745625 0.0925893796875 0.760747725 0.10843658281249999 0.7522359703125 0.1420195640625 0.7171898984375 0.1545457296875 0.707907040625 0.15967022656250002 0.6949898421875 0.164727240625 0.66875 0.076296859375 0.66875
2 0.307430715625 0.7223238984375 0.25423468437499996 0.7300009843749999 0.24981519687499998 0.73419966875 0.2568474875 0.760040853125 0.2890878140625 0.8511239125 0.300370975 0.871159815625 0.306194015625 0.8906245937499999 0.32411924999999997 0.9122026999999999 0.3278064375 0.9113172078125 0.335013809375 0.8976644953124999 0.35685913281250004 0.869123625 0.380620325 0.8279655203124999 0.3936844921875 0.7980824234374999 0.3960227203125 0.784344128125 0.3926487046875 0.7624872453125 0.388091121875 0.7499344078125001 0.3777923859375 0.7341327796875 0.375234175 0.7149035703125 0.3717445171875 0.7125258671875 0.3597547375 0.7114836046875 0.314524059375 0.7178752453125 0.307430715625 0.7223238984375
8 0.4 0.66875 0.2479900625 0.66875 0.24165554375 0.7181980609374999 0.24328715 0.72345340625 0.24973169374999998 0.7282588046875 0.32555671249999996 0.7200885625 0.34708886250000004 0.714290065625 0.37591026875 0.711054846875 0.387760340625 0.7056207140625 0.3931931640625 0.7007865093750001 0.398063921875 0.690596971875 0.4 0.6812274687500001 0.4 0.66875
3 0.5582826125 0.9194695203125001 0.55677495625 0.935397209375 0.553588721875 0.946271615625 0.540103671875 0.9692675874999999 0.5411886406249999 0.9718028984375 0.5678245875 0.9752400781249999 0.5727382359375 0.9754135156249999 0.5798263968749999 0.9711690765625001 0.592392828125 0.9761072593750001 0.604319696875 0.978125 0.6081908640625 0.978125 0.6122030703125001 0.9758076921875001 0.61430890625 0.952909475 0.6343464937500001 0.9101686593749999 0.6420419781250001 0.879976690625 0.64375 0.8672877484375 0.64375 0.8252104812500001 0.6435435046875 0.8230977218750001 0.6397438171875001 0.8189683796875 0.6388818031250001 0.809375 0.6381051015625 0.809375 0.6241757906250001 0.8174200718750001 0.6015684359375 0.8261107656250001 0.5898977703125 0.8406809234375 0.5771619734375 0.8652015500000001 0.5661825828125 0.8942788015625001 0.5582826125 0.9194695203125001
3 0.6546734390625 0.74535785625 0.6322904125 0.77153558125 0.589454703125 0.789500340625 0.5808390375 0.7971866859375 0.5618513046875 0.8080027515625 0.5498205015625001 0.8185649734375 0.5396773343750001 0.8296932265624999 0.537838534375 0.8351217578125001 0.5458945984375 0.840625 0.555429678125 0.840625 0.6077481468749999 0.8241054578125 0.6260110421875 0.8147620171875 0.6500146671875 0.8066200109375 0.6593795890624999 0.8004583203125 0.6764506984375 0.7955674421875 0.6888416328125 0.789013159375 0.6993159453125 0.7883840609374999 0.7107974046875001 0.79078693125 0.76504131875 0.7662332000000001 0.7761138093750001 0.7586335734375 0.7765625 0.757376946875 0.7765625 0.755853159375 0.77122915 0.7519689171875 0.75488745 0.7458986734375 0.7194557749999999 0.7481438703125 0.667166615625 0.741304196875 0.66121683125 0.7445900109375 0.6546734390625 0.74535785625
3 0.7277804484375 0.8111497265625 0.7062473625 0.7909129531250001 0.6983611078124999 0.787638175 0.68993008125 0.7878399875 0.6787019421875 0.796432928125 0.66263340625 0.8138442765624999 0.6492795875 0.8328496515625 0.647723096875 0.8427827796875 0.6537705515625 0.8514860875 0.6862159046875 0.8746050484375001 0.7107216000000001 0.897943165625 0.7178051890624999 0.9031872249999999 0.7235591125 0.9046875 0.7248062578125 0.9046875 0.7382136125000001 0.8959171265625001 0.7874904734375 0.8746838953125 0.796597503125 0.8670148937500001 0.7602502203125 0.8372659671875 0.75272866875 0.828510628125 0.7277804484375 0.8111497265625
3 0.7791793734375 0.7677783203125 0.777029275 0.7751934765625 0.776295290625 0.7956431 0.7716837984375 0.8124600390625 0.76952455625 0.83885219375 0.7756742531249999 0.8500561296875 0.79296969375 0.8626522828125 0.796148715625 0.8671875 0.7988903578125 0.8671875 0.8263382390625 0.8483485859375 0.83452051875 0.827662459375 0.846875 0.8051069906249999 0.846875 0.8031522171875001 0.8301409421875 0.79254965 0.8183237671875 0.789136121875 0.8168008375 0.783089528125 0.7944895046875 0.7678193171875 0.78290580625 0.7629158203124999 0.7791793734375 0.7677783203125
3 0.4278080953125 0.66875 0.43091183749999995 0.6715528890625 0.446147246875 0.7064452921875 0.4525766921875 0.74459595 0.46691769531249994 0.7609375 0.467112384375 0.7609375 0.4670889265625 0.7609024890625 0.5178185265625 0.7557844390625 0.5574301359375 0.7448645968750001 0.5926020109375 0.730632434375 0.6324786765624999 0.7109365624999999 0.67386133125 0.6997129828124999 0.6981636437500001 0.698784353125 0.7004928968749999 0.6897368109375 0.703125 0.6729394109375 0.703125 0.66875 0.678360590625 0.66875 0.6752282171875 0.6693418140625 0.66689045 0.66875 0.4278080953125 0.66875
3 0.55596994375 0.913368221875 0.560859175 0.9105443781249999 0.5644833671875 0.9031812531250001 0.56611768125 0.892751471875 0.5631298015625 0.867675846875 0.55788958125 0.8475147578125 0.5533406375000001 0.8418607578125 0.5368142984375 0.8432750453125 0.5092932953125 0.8517923015625 0.5095329 0.8912536109375001 0.5209762234374999 0.9191247 0.526069940625 0.9213021046875 0.55596994375 0.913368221875
3 0.4969496359375 0.8139013687500001 0.500019915625 0.8289918359375001 0.50968241875 0.8493090203125 0.5262377468749999 0.8414035156249999 0.5368966953125 0.8332898875 0.5643246 0.8032950078125 0.58577373125 0.783077159375 0.6178772390624999 0.76423418125 0.6285071999999999 0.7626117734375 0.637536403125 0.7554394265625 0.6410537828124999 0.755064175 0.6451937593749999 0.750715675 0.6463611265625 0.74326583125 0.6495427906250001 0.741879925 0.6498540875 0.7398933 0.6332789140624999 0.7353130218749999 0.6094553546875 0.745458996875 0.58560738125 0.752607690625 0.564391725 0.7713355703125 0.551198125 0.7798591375 0.5488191234375 0.7792757625 0.542591603125 0.768568484375 0.528219934375 0.7530791125 0.5033648125 0.7571958375000001 0.4770554390625 0.7737463124999999 0.4828114421875 0.7969220296875 0.49045965156250004 0.8111752765624999 0.4969496359375 0.8139013687500001