2 0.3380423546875 0 0.34565374531250004 0.013257106250000001 0.3655212015625 0.05132726875 0.3693198296875 0.0634762921875 0.3697894765625 0.0772375765625 0.3841475453125 0.09978338437499999 0.401772978125 0.09168209375 0.4251547265625 0.07448716093749999 0.4488450171875 0.06170906875 0.49809410156249995 0.0277099734375 0.5514271515625 0 0.3380423546875 0
2 0.54894741875 0 0.535273190625 0.0062758171875 0.52496739375 0.013586390625 0.5134411015625 0.017501640625000002 0.4814060578125 0.037510321875 0.462686946875 0.051069964062499994 0.45706776250000003 0.0621266484375 0.46644098593749994 0.0696188671875 0.4790746265625 0.07451730625 0.49859590000000004 0.08651718750000001 0.517500090625 0.0896833859375 0.5267019015625001 0.094721803125 0.567726109375 0.10486029687500001 0.5814431203125 0.11119102343750001 0.6035631390625 0.11816332031250001 0.6229918734375001 0.1218002796875 0.639610678125 0.128125 0.6447187640625 0.128125 0.6484408734375 0.1271603203125 0.6579821484374999 0.1159436578125 0.6609375 0.1011940125 0.6609375 0.094906425 0.6578349390625 0.050492578125 0.6503817609375 0.00010425312500000001 0.6503971234375 0 0.54894741875 0
2 0.5848273390625 0.105888809375 0.5543625703124999 0.1061470984375 0.502566278125 0.11072057500000002 0.45685881874999995 0.1179986515625 0.4370323625 0.12274460937500001 0.42904074375 0.1279921578125 0.4268636953125 0.132018225 0.41019480937499997 0.13269812187500002 0.3997861671875 0.1385364140625 0.365142075 0.1704633203125 0.35837095625000004 0.179106196875 0.3426276953125 0.1930366203125 0.33039513593750003 0.20091794375 0.3282180890625 0.2049440078125 0.36802707031250004 0.2109375 0.3739116046875 0.2109375 0.408062125 0.20070298593749997 0.5568376234375 0.18380719375000001 0.5808707359375 0.175936703125 0.5996926953124999 0.163849340625 0.6267702234375 0.1573311484375 0.6368703265625 0.1470760109375 0.678107178125 0.1321057484375 0.68125 0.1289473703125 0.68125 0.12452249062500001 0.6758478984375 0.12087825468749999 0.6611160828125 0.1140967625 0.6547769671875 0.11484748281249998 0.6480058484375 0.1234903625 0.643103234375 0.12369033125 0.5848273390625 0.105888809375
1 0.19691346406250002 0 0.1949876953125 0.001972040625 0.19059931875 0.009533412500000001 0.17724910625 0.0154916890625 0.1650611375 0.016973134375 0.16141330625 0.0210591921875 0.1644025953125 0.10608068906250001 0.165739609375 0.12522033593749998 0.1672351046875 0.1265625 0.17262107499999998 0.1265625 0.324423184375 0.10939688593750001 0.38125 0.0959021203125 0.38125 0.0943976171875 0.3706964171875 0.0750270140625 0.3706484671875 0.0602642140625 0.36004107812499997 0.035104628124999995 0.33999318437500003 0 0.19691346406250002 0
2 0.671889621875 0 0.655413015625 0.0042188953125 0.660832996875 0.10292168906250002 0.6736140734375 0.10289252812500001 0.68161783125 0.1078125 0.68661343125 0.1078125 0.690101240625 0.10664947031250001 0.6917880265624999 0.1026434015625 0.68760893125 0.0639333359375 0.6918498734375 0.0612995625 0.7109357828125 0.0600289203125 0.71608868125 0.056373634375 0.7210016031250001 0.049283023437500004 0.721875 0.041177259375000004 0.721875 0.035032226562500005 0.71269808125 0.028951051562500003 0.7124238218750001 0.0250249703125 0.71788919375 0 0.671889621875 0
2 0.46511690625 0.0664961484375 0.45483172656250004 0.06002544375 0.44989482656249996 0.059734653125 0.4476149359375 0.0622884375 0.44274660312499997 0.06297916875000001 0.43741198593749997 0.0710712953125 0.43603709999999996 0.10065688749999999 0.438487325 0.121875 0.440455165625 0.121875 0.4866162515625 0.11385076093749999 0.5354024093749999 0.1084157453125 0.5828125 0.1079507546875 0.5828125 0.10780847499999999 0.565147246875 0.09785149062500001 0.5476795609375 0.0941345421875 0.5169508390625001 0.0835761109375 0.5006350828125 0.0822729671875 0.4761083484375 0.069000775 0.46511690625 0.0664961484375
7 0 0.309375 0 0.40850179531249997 0.028399907812500003 0.4081714328125 0.0353162671875 0.40121556406250003 0.1216817015625 0.4139617453125 0.1312020796875 0.4659077 0.1468051078125 0.48537023437500004 0.1663660578125 0.4998757203125 0.179124978125 0.50169170625 0.5705418 0.5390625 0.595189659375 0.5390625 0.6013288765625 0.53115748125 0.6102384859375001 0.5192674187499999 0.6201590140625 0.5024545843749999 0.6232432125 0.47884586250000005 0.6265625 0.4611197390625 0.6265625 0.44148260937499995 0.6264245890625 0.438538578125 0.6236662265625 0.40615800156250004 0.6139972218749999 0.37975102656250004 0.6032944328125 0.362195890625 0.5983999078125 0.35930622031250004 0.39861407656250003 0.309375 0.137869265625 0.309375 0.13305330937499998 0.31659147499999996 0.1242180125 0.31571205 0.094554615625 0.309375 0 0.309375
9 0.341236934375 0.8613246421875 0.499822046875 0.8671875 0.521875 0.8671875 0.521875 0.77958923125 0.519503453125 0.6107538734375 0.3535060203125 0.6097382359375001 0.3501817328125 0.67460223125 0.34028406875 0.687485990625 0.341236934375 0.8613246421875
9 0.3671875 0.5213717734375 0.3671875 0.520408753125 0.2072839515625 0.5055839078125001 0.1817080609375 0.68071335625 0.3121890234375 0.6875 0.33715815 0.6875 0.3477397953125 0.6758353859375 0.3671875 0.5213717734375
9 0.3390625 0.6885494875 0.1868516046875 0.683489246875 0.152297925 0.9078125 0.2385156078125 0.9078125 0.31422840625 0.9069317703124999 0.3390625 0.6969802062499999 0.3390625 0.6885494875
9 0.7796875 0.3654376015625 0.7682920625 0.3412474734375 0.6245053281249999 0.40578099375 0.629199778125 0.44305005937499997 0.7204759984375 0.624677840625 0.7796875 0.5983953046874999 0.7796875 0.3654376015625
9 0.7796875 0.6892733984375 0.756276734375 0.688632440625 0.6864566484375 0.70221325 0.5773031546875 0.723127015625 0.5978619359375 0.871875 0.6021794625 0.871875 0.65708289375 0.8547962343750001 0.7796875 0.8395969609375001 0.7796875 0.6892733984375
9 0.64954793125 0.5871753249999999 0.65 0.5781773390625 0.65 0.5433372234375 0.42868869375 0.5917088765624999 0.4274316515625 0.6084209312500001 0.5217014953125 0.613217546875 0.5176978437499999 0.6260327453125 0.627742209375 0.6208238453125 0.64954793125 0.5871753249999999
9 0.5947249593749999 0.861894790625 0.5854332375 0.7706581 0.554204315625 0.735662103125 0.6265625 0.6233947390625 0.6265625 0.62193863125 0.5184695828125 0.630982184375 0.5220035984375 0.8676517328125 0.49466895624999996 0.871898509375 0.49630407656250003 0.88125 0.49862019531249996 0.88125 0.5947249593749999 0.861894790625