7 0.3365116 0.31875 0.340625 0.30517578125 0.35 0.28267578125 0.35 0.2646381578125 0.34208984375 0.236328125 0.33134765625 0.2138671875 0.319140625 0.19384765625 0.319140625 0.162109375 0.31181640625 0.14990234375 0.30791015625 0.1240234375 0.30009765625 0.1005859375 0.29521484375 0.09423828125 0.2888671875 0.09033203125 0.256494140625 0.0890625 0.228125 0.0890625 0.2234375 0.08935546875 0.21513671875 0.09716796875 0.20439453125 0.1162109375 0.19365234375 0.14697265625 0.18486328125 0.15478515625 0.182421875 0.15966796875 0.17998046875 0.18212890625 0.153125 0.19921875 0.1326171875 0.22119140625 0.09111328125 0.2978515625 0.0837852578125 0.31875 0.3365116 0.31875
2 0 0 0 0.31875 0.027931315625 0.31875 0.051220703125 0.301708984375 0.098583984375 0.261669921875 0.104443359375 0.255322265625 0.112744140625 0.239697265625 0.123486328125 0.225537109375 0.133740234375 0.214794921875 0.156201171875 0.198193359375 0.163037109375 0.190380859375 0.182568359375 0.157666015625 0.191845703125 0.146435546875 0.204052734375 0.118603515625 0.214794921875 0.100537109375 0.227490234375 0.087353515625 0.2390625 0.0591171875 0.2390625 0.0561401375 0.237744140625 0.053173828125 0.232861328125 0.049267578125 0.201123046875 0.040478515625 0.169384765625 0.027294921875 0.1280288234375 0 0 0
0 0.8140625 0.31875 0.8140625 0.3181122265625 0.7907845453125001 0.29130859375 0.7683289312499999 0.27080078125 0.749778640625 0.26103515625 0.7214650406249999 0.24931640625 0.70291475 0.25029296875 0.660932515625 0.28349609375 0.6209029421875 0.31767578125 0.6196141859375001 0.31875 0.66668310625 0.31875 0.67753014375 0.30888671875 0.6999857578124999 0.30205078125 0.7419679921875 0.30791015625 0.8098738046874999 0.31875 0.8140625 0.31875
0 0.8412835203125001 0.31875 0.8640625 0.297524609375 0.8640625 0.29515000156250004 0.8325516796875 0.2419921875 0.7700664921875 0.272265625 0.805214409375 0.307421875 0.8157848218750001 0.31875 0.8412835203125001 0.31875
1 0.7265324640624999 0.24658203125 0.7372721078125 0.25244140625 0.7708406671875 0.26875 0.77213933125 0.26875 0.7899939843749999 0.26123046875 0.8212365765625 0.22216796875 0.834375 0.205271709375 0.834375 0.203947853125 0.8163549234375 0.18212890625 0.7480117500000001 0.22314453125 0.700171528125 0.24755859375 0.7265324640624999 0.24658203125
1 0.26796875 0.46796875 0.267447915625 0.44296875 0.24244791562499998 0.55703125 0.23984375 0.5783854156249999 0.23723958281250002 0.58203125 0.23515625 0.600260415625 0.240885415625 0.6091145828125001 0.2684895828125 0.6111979156249999 0.32682292031250004 0.6203125 0.3353841140625 0.6203125 0.35625 0.50107886875 0.35625 0.4848958328125 0.3419270828125 0.48203125 0.29921875 0.47890625 0.27005208281250004 0.47265625 0.26796875 0.46796875
1 0.39375 0.6268229171874999 0.3427083328125 0.61328125 0.3380208328125 0.61484375 0.3369791671875 0.620052084375 0.3291666671875 0.62109375 0.259375 0.6096354171874999 0.246875 0.61171875 0.23854166718749997 0.6049479171875 0.23541666718749998 0.6049479171875 0.23125 0.60859375 0.2270833328125 0.6174479171874999 0.2203125 0.6205729171875 0.2130208328125 0.6299479171875 0.1859375 0.67890625 0.18125 0.68359375 0.1682291671875 0.68046875 0.1588541671875 0.680989584375 0.1526041671875 0.6752604171875 0.1442708328125 0.6721354171874999 0.09114583281250001 0.66171875 0.0838541671875 0.66328125 0.071875 0.682552084375 0.07291666718749999 0.6950520843750001 0.08072916718749999 0.69921875 0.0848958328125 0.705989584375 0.096875 0.713802084375 0.21770833281250002 0.76328125 0.2828125 0.7846354171875001 0.32196740468749996 0.8 0.331536459375 0.8 0.3369791671875 0.795052084375 0.403125 0.6346354171874999 0.3994791671875 0.6294270843750001 0.39375 0.6268229171874999
1 0.43671875 0.7065104156249999 0.437239584375 0.69609375 0.42890625 0.669010415625 0.42265625 0.66796875 0.40286458437499995 0.64921875 0.399739584375 0.65078125 0.396614584375 0.6580729156249999 0.3830729171875 0.6981770828125 0.380989584375 0.71015625 0.379427084375 0.71171875 0.371614584375 0.7111979156249999 0.37005208437500003 0.7143229156249999 0.36796875 0.7216145828125 0.37421875 0.7236979156250001 0.44244791718750004 0.7419270828125 0.45711805781250003 0.7453125 0.4671875 0.7453125 0.4671875 0.7434895765625 0.46692708437499997 0.74140625 0.43932291718750005 0.71328125 0.43671875 0.7065104156249999
5 0.1638020828125 0.4934895828125 0.14296875 0.4934895828125 0.14557291562500002 0.5153645828125 0.149954709375 0.5265625 0.1580729125 0.5265625 0.17109375 0.5252604156249999 0.178125 0.5222470218749999 0.178125 0.51695601875 0.1747395828125 0.514322915625 0.1731770828125 0.49869791562500004 0.17109375 0.49557291562500005 0.1638020828125 0.4934895828125
6 0.40204213125 0.46097909843749996 0.3763201609375 0.4542810796875 0.36544498281250004 0.450164184375 0.3426043 0.4475735453125 0.311504796875 0.4475361515625 0.3001642375 0.452208590625 0.324599346875 0.46172262656249996 0.31333985468750003 0.4788525828125 0.35973385 0.48174152968749995 0.3535509203125 0.5218765671875 0.3921420703125 0.5375 0.4014109 0.5375 0.409132765625 0.5353236890625 0.43182738593750003 0.5308563734374999 0.4563344234375 0.513874346875 0.4803045390625 0.5042026390625 0.5015625 0.49455960625 0.5015625 0.49310350312499995 0.48332261875000004 0.46934594843749994 0.4564694578125 0.4578105265625 0.428779996875 0.45371195625 0.40204213125 0.46097909843749996
7 1 0.592375 0.9950520828125 0.5880208328125001 0.9815104156250001 0.5848958328125 0.9674479156250001 0.5885416671874999 0.95390625 0.5947916671875 0.9388020828125001 0.6119791671874999 0.93828125 0.6276041671874999 0.94921875 0.6520833328125001 0.9533854156250001 0.6697916671874999 0.9591145828125001 0.6786458328125 0.9684895828125001 0.71875 0.9809895828125 0.7276041671875 0.99140625 0.7552083328125 1 0.7625289343749999 1 0.592375
6 0.9581250000000001 1 0.959375 0.98984375 0.9677083328125 0.9643229171875 0.9557291671874999 0.9565104171875 0.9473958328125001 0.9544270843749999 0.9427083328125001 0.9481770843749999 0.9505208328125001 0.9471354171874999 0.9572916671874999 0.9486979171875 0.9645833328125001 0.93671875 0.9864583328125001 0.94296875 0.9953125 0.9419270843749998 0.9994791671875 0.9377604171874999 0.9994791671875 0.8643229171875 0.9953125 0.83828125 0.996875 0.8002604171875 0.9875 0.75546875 0.9822916671874999 0.74140625 0.9703125 0.7294270843749999 0.9604166671875 0.7252604171875 0.9463541671875 0.7252604171875 0.9229166671875 0.71953125 0.9041666671874999 0.726302084375 0.8869791671874999 0.71953125 0.8755208328125 0.72734375 0.8729166671874999 0.7361979171875 0.8729166671874999 0.74921875 0.8677083328125 0.7528645843749999 0.8583333328125 0.751302084375 0.8416666671874999 0.7393229171875 0.8369791671875 0.7393229171875 0.8161458328125001 0.7486979171875 0.7973958328125 0.748177084375 0.7885416671875 0.7518229171875 0.7890625 0.7565104171875 0.7953125 0.76171875 0.7963541671875 0.7763020843749999 0.809375 0.79453125 0.8151041671874999 0.798177084375 0.8151041671874999 0.8013020843749998 0.8067708328125001 0.8106770843749999 0.7947916671874999 0.8153645843749999 0.7901041671875 0.8221354171874999 0.7875 0.8346354171874999 0.7723958328125 0.86796875 0.7692708328125001 0.9111979171875 0.7786458328125001 0.9184895843749998 0.7765625 0.9341145843749998 0.7786458328125001 0.94921875 0.7869791671874999 0.98046875 0.7874931468749999 1 0.8710655984375 1 0.884375 0.9841145843749999 0.8890625 0.98671875 0.8916666671875 0.99140625 0.8979166671875 0.99296875 0.9078125 0.99921875 0.908258928125 1 0.9581250000000001 1