1 0.6296589906250001 0.56875 0.5987915265625 0.3229987765625 0.5891692546875 0.224507321875 0.588230159375 0.21927734375000002 0.5849514124999999 0.21705437500000002 0.5220958625 0.2005693453125 0.4826627125 0.2054764890625 0.44832624374999996 0.20669405625 0.413212046875 0.21320247656250002 0.3780440609375 0.2162039546875 0.3752902640625 0.22331930625 0.368293940625 0.27736978749999996 0.368101421875 0.308371471875 0.36447525468749997 0.3394949125 0.367140875 0.36396235312499997 0.3904601109375 0.490623734375 0.3952126078125 0.526713346875 0.3980772140625 0.5330446640625001 0.4148345390625 0.5429770078125 0.4286229140625 0.5459969265625 0.43194898437499996 0.538861278125 0.4338647953125 0.5206642796875001 0.43932506406250005 0.5157921890625 0.4446842203125 0.516771771875 0.45020151249999996 0.5218394078124999 0.48200695312499997 0.56875 0.6296589906250001 0.56875
10 1 0 0.71545530625 0 0.6856201343749999 0.29240361875 0.678448053125 0.3568663484375 0.6734375 0.3857461390625 0.6734375 0.3926675671875 0.6735141312499999 0.39769081562499997 0.6785749484375 0.412273865625 0.6858407109375 0.41904610781249996 0.699071909375 0.4221416484375 0.7598497515625 0.425 0.80572503125 0.425 0.9126377281250001 0.4222924078125 0.947574071875 0.4244301046875 1 0.4242739078125 1 0
10 0.9504119171875001 0.56875 0.9473411578125 0.543461153125 0.9416928546874999 0.526377190625 0.9289931984375001 0.429321875 0.9278423984374999 0.42728912656249995 0.9196523734375 0.426409296875 0.8129464875 0.425842884375 0.8010684640625 0.4297361765625 0.78499650625 0.4260123796875 0.7602195375 0.427815071875 0.69653883125 0.427788140625 0.6888592703125 0.4299002578125 0.6825283625 0.448399471875 0.6778013390625001 0.48478175781250005 0.6770523046875 0.552019840625 0.67535295625 0.56875 0.9504119171875001 0.56875
4 0.2448149390625 0.56875 0.2476090359375 0.571643503125 0.2470143765625 0.5795135328125001 0.22192527968750003 0.598738265625 0.2296774234375 0.621269296875 0.229605321875 0.66393245 0.2520779125 0.6793358609375 0.26958062968749996 0.677095240625 0.28099439375 0.7345843734375 0.31384061875 0.76875 0.3158210859375 0.76875 0.3328123625 0.757851121875 0.35535705625 0.73059138125 0.3544776984375 0.7005202781250001 0.36875 0.689303265625 0.36875 0.6805798359375 0.3668681921875 0.6616650578125001 0.34315945000000003 0.6209125625 0.3012175171875 0.56875 0.2448149390625 0.56875
4 0.15242920625 0.56875 0.1583459484375 0.5878484734375 0.1557294453125 0.6224766140625 0.1489755875 0.6284426812499999 0.14731054062499999 0.65047876875 0.1340641078125 0.6798074609375 0.097202596875 0.7505619515624999 0.07175670468749999 0.7745087015625 0.0727315796875 0.7824612234374999 0.09979383281250001 0.7996861125000001 0.122100659375 0.77557438125 0.15920003437500002 0.7016718765625 0.1924701703125 0.6575930046875 0.20029441406249998 0.63746088125 0.203267715625 0.5981107203125 0.1949975453125 0.56875 0.15242920625 0.56875
4 0 0.8985430703125001 0.0108043859375 0.892985021875 0.0074761453125 0.8327603265625001 0.061245710937499996 0.7676352453125 0.059058103125000004 0.7548782140625 0.0382739765625 0.7379832859375 0.00983136875 0.7807356234375 0 0.7906299421874999 0 0.8985430703125001
4 0.2009808828125 0.81606601875 0.223667921875 0.8077768437499999 0.23027943125 0.7828402109375 0.22202814375000002 0.74606063125 0.24928143125000002 0.7190483578125 0.25926986875 0.69112869375 0.2524925953125 0.6765501859375 0.22507354687499997 0.6640473171875 0.19722559687500002 0.698929621875 0.1631950375 0.7113633859374999 0.1479988640625 0.72478703125 0.116678471875 0.7847709484375001 0.1188660796875 0.79752798125 0.172729309375 0.8145811953125 0.2009808828125 0.81606601875
4 0.10612250000000001 0.6325114703125 0.08812063906249999 0.62050354375 0.0534720046875 0.6202627656249999 0.028835221875 0.6126468968750001 0.004958862499999999 0.6366761375000001 0.0010106921875 0.6680737765625 0.0316156375 0.721830771875 0.0769410296875 0.7684601484375 0.1043132484375 0.7398738671875 0.1429821578125 0.666053853125 0.1441714765625 0.6503137890625 0.1331613375 0.629191784375 0.10612250000000001 0.6325114703125
4 0.3438803921875 0.7809094703125 0.329754603125 0.780167059375 0.308756028125 0.7869647203125 0.3043087109375 0.804113809375 0.27453443593750004 0.8436356437500001 0.275390375 0.8531621734374999 0.2857824390625 0.8616096375 0.3076369546875 0.8643385046875001 0.33032399375 0.856049328125 0.3529876171875 0.8272155796874999 0.35826745781249997 0.7990484437500001 0.3438803921875 0.7809094703125
4 0.297994540625 1 0.30392479375 0.99688500625 0.294246321875 0.9789935046875 0.2761255296875 0.9685595828124999 0.25291593125 0.9420556375 0.269301428125 0.9128919265625001 0.26915908125 0.8939213593750001 0.28254785781249997 0.8835632359375 0.27636525 0.8611146953125001 0.22454727812500003 0.8378479453125 0.20725901093750002 0.8163959796875 0.17213465 0.822451228125 0.126475875 0.8010884468749999 0.09460950781250001 0.8057346671874999 0.08504996875000001 0.7862691578125001 0.061863785937500006 0.7803097859375 0.0302587 0.8023525703125 0.0059066125 0.8326778359375 0.0047172921875000004 0.8484179000000001 0.0170825140625 0.89331498125 0.062526840625 0.9383703499999999 0.092229015625 0.9415116703124999 0.13379726875 0.9753015234374999 0.141644928125 0.9757139734375 0.149350240625 0.9571558578125 0.180241734375 0.9445571140624999 0.2082554453125 0.9491899515625001 0.20357026562499997 0.9694870546875001 0.22133426093750003 0.98464299375 0.22796918437499997 0.980250934375 0.22880170937500002 0.9692328890624999 0.2564820390625 0.9991323203124999 0.2607080578125 1 0.297994540625 1
4 0 0.56875 0 0.6399388671875 0.001463003125 0.6412331765625 0.0282405609375 0.620516928125 0.0753265203125 0.622991634375 0.1028645015625 0.6339204953124999 0.1519957203125 0.6301816671875 0.15706111250000002 0.6257071171875 0.1577278734375 0.5751739312499999 0.1555909015625 0.56875 0 0.56875
4 0.193583565625 0.56875 0.199081678125 0.632656371875 0.19090063906250002 0.6575105140625 0.15161365468750002 0.7186559859375 0.1987951296875 0.6990121125 0.2269998734375 0.6594077875 0.2302110375 0.616909615625 0.21689435937499998 0.5846045828124999 0.19831149374999998 0.56875 0.193583565625 0.56875
6 0.9431774015624999 1 0.94375 0.995099109375 0.94375 0.9905626999999999 0.9251824 0.9731642749999999 0.9213821937500001 0.9504289203124999 0.9157458484375001 0.9333616375 0.8991904890625 0.8992276984375 0.88328981875 0.8745615703125 0.8767805515625 0.8750132 0.7980898937500001 0.925582421875 0.7622776328125 0.9356986671874999 0.759688975 0.9377600156250001 0.7591847875 0.9470991468750001 0.7563929515625001 0.9508995171875 0.7343818421874999 0.9584378156250001 0.7034835125 0.9767332140625001 0.6844448437499999 0.9939966734375 0.6810081671875 1 0.9431774015624999 1
6 0.6390625 0.56875 0.6390625 0.614193009375 0.6892838390625 0.6240076218749999 0.7097673375 0.6245204281250001 0.7509224671875 0.60384073125 0.7676734875 0.581038509375 0.76848620625 0.5740824124999999 0.7654836656249999 0.5696386625 0.765523725 0.56875 0.6390625 0.56875