1 0.268076240625 0.10598083750000001 0.18958158281249998 0.12067986093750001 0.1627205984375 0.1307726921875 0.1228810390625 0.1493922 0.09777464687500001 0.1639117578125 0.094579521875 0.16904029375000001 0.09142182343750001 0.31211610156249997 0.11437561562500001 0.47511853437499996 0.1188466359375 0.4919297703125 0.12490318281249999 0.501678896875 0.1405932734375 0.5140337765625 0.2180866890625 0.5484375 0.2744976 0.5484375 0.2948268734375 0.5402275953125 0.3173859078125 0.5248123640625 0.356345715625 0.5082280171875 0.36255706718749997 0.50347620625 0.364316571875 0.49940588750000003 0.36326774375 0.4899522140625 0.35496364687500004 0.467299628125 0.348071078125 0.43459315 0.3427492984375 0.4203157078125 0.336881471875 0.3880672265625 0.3049989703125 0.3203939203125 0.3000300734375 0.30360300156250003 0.296414715625 0.2757609296875 0.3021331046875 0.2625323921875 0.3116555734375 0.2546465703125 0.3180119140625 0.252387915625 0.332595184375 0.2542918578125 0.3460618078125 0.26273895937499997 0.3623416765625 0.26807236875 0.37417460468749997 0.2655902203125 0.378125 0.2616623359375 0.378125 0.21300820781250002 0.377563825 0.1779843734375 0.370840796875 0.10528581562499999 0.3675395015625 0.091425734375 0.268076240625 0.10598083750000001
2 0 0.3315626828125 0.02123478125 0.33126623125 0.0439048984375 0.3263425671875 0.0521077359375 0.3215094875 0.0562986078125 0.3163403171875 0.08329967031249999 0.3172376890625 0.089158140625 0.3149993515625 0.091270528125 0.308415559375 0.093315565625 0.266347684375 0.0953125 0.1384673421875 0.0953125 0.1102789796875 0.08669963750000001 0.109675921875 0.0519017015625 0.1205924703125 0.013826557812500001 0.1266446078125 0 0.1278122453125 0 0.3315626828125
2 0 0.39801558593749997 0.0041658109375 0.3992570109375 0.018536276562500002 0.41466462968749995 0.042496559375 0.45767050937500003 0.0645621703125 0.4852594609375 0.0709136 0.49149785156250003 0.0843512265625 0.499446321875 0.0899354484375 0.5015625 0.097783709375 0.5015625 0.1012208703125 0.497758259375 0.10740813593750001 0.4840107734375 0.1088196671875 0.473956878125 0.1125 0.4702975171875 0.1125 0.4621688609375 0.0994480265625 0.3728769828125 0.092173578125 0.342185346875 0.08670190156249999 0.33391179375 0.0903369015625 0.32776568125 0.088176340625 0.3163581171875 0.0572212984375 0.31612191875 0.04084461875 0.3262867109375 0.025613578125 0.3304069765625 0 0.3310539421875 0 0.39801558593749997
9 0 0.47333589062500003 0.0143214203125 0.4765625 0.0208622625 0.4765625 0.025 0.4660937828125 0.025 0.46435682500000003 0.00792436875 0.453431084375 0.010235296875 0.4073538390625 0.0033230875 0.40863554999999996 0 0.40907605468749997 0 0.47333589062500003
9 1 0.23019905000000002 0.7460510234375001 0.2267908625 0.7708663109375 0.5101117000000001 1 0.523473959375 1 0.23019905000000002
9 0.45 0.5047684671875 0.7179033046875001 0.5125 0.77020470625 0.5125 0.7444239859375 0.22629382812499999 0.45 0.23515877500000001 0.45 0.5047684671875
9 0.45 0 0.45 0.2328125 0.4779594578125 0.2328125 0.6984375 0.2254949765625 0.6984375 0.2190082484375 0.6854366859375001 0 0.45 0
9 1 0 0.6822579484375 0 0.697317175 0.22819554687500002 0.9294525265625001 0.2296875 1 0.2296875 1 0
9 0.066023771875 0.6 0.070714415625 0.6649920375 0.063391928125 0.7902273703125 0.064248675 0.8208908203125 0.06744635 0.8363578 0.0785212015625 0.851876659375 0.08542352656249999 0.85625 0.09638973906250001 0.85625 0.132348190625 0.8547274874999999 0.1392000484375 0.8525103359375 0.1470374375 0.8446829749999999 0.20020897187500003 0.8412887109374999 0.2459551296875 0.8346471453125 0.29285068124999997 0.8239566437500001 0.307251990625 0.8186688249999999 0.309375 0.81552224375 0.309375 0.795042453125 0.309143471875 0.79168993125 0.29401655 0.7150627953125 0.2847583078125 0.626850871875 0.28749858906250003 0.6 0.066023771875 0.6
9 0.2849022046875 0.6 0.28824579375 0.6422348203125 0.29257645 0.6834970375 0.29913095625 0.7459479578125 0.3037327015625 0.759375 0.3090471359375 0.759375 0.3239156890625 0.75714455 0.32714150625 0.7343202296875 0.33125 0.7130761046874999 0.33125 0.6890471359375 0.327795175 0.665564753125 0.3188341640625 0.633744515625 0.311473025 0.6 0.2849022046875 0.6
7 0.45 0.6 0.3496771078125 0.6 0.3456947171875 0.613122715625 0.33965415781249997 0.6519760953125 0.32417306562500003 0.74013594375 0.325340678125 0.772684765625 0.33219205 0.8058283656249999 0.3465427890625 0.8461538328125 0.35245780312499997 0.8703758734375 0.353334221875 0.8894382703125 0.34636013593750004 0.89797321875 0.33792157343749996 0.9032666671874999 0.3404485421875 0.91875 0.3481718546875 0.91875 0.4385540296875 0.9103004265625 0.44668085468749996 0.86832405 0.45 0.862699171875 0.45 0.6
1 0.6417899140625 0.7234107015625 0.6058294921874999 0.72053755 0.601151365625 0.7225604640625 0.588582478125 0.7592791234374999 0.5772048546875 0.8020149640625001 0.573967715625 0.8081098609375001 0.573343409375 0.8129728515625001 0.575879475 0.8161630343749999 0.6238621546875 0.8324648031249999 0.7712008734375 0.8664310343749999 0.7779923859375 0.8670666062500001 0.7887415296875 0.8636432734374999 0.81745389375 0.86875 0.823989015625 0.86875 0.840625 0.7792733640625 0.840625 0.7646947859375001 0.83427235 0.7537273640625 0.8259149906250001 0.74999240625 0.7892484125 0.7411474734375 0.6417899140625 0.7234107015625
0 0.5507538390625 0.6590205328125001 0.54555685 0.6536127656249999 0.5228048671875001 0.6549285515625 0.4886170015625 0.6650169640625 0.470389609375 0.673154015625 0.4632091765625 0.6793720296875 0.4927984109375 0.8160035734375001 0.530679846875 0.8077372437499999 0.5555165421874999 0.8169515234375 0.558038109375 0.8171875 0.5738498859375 0.8171875 0.57474790625 0.8162905500000001 0.57275938125 0.8126594656249999 0.5633069421875 0.8098063109375 0.5563568125 0.8027580546875001 0.5637102 0.799016934375 0.569531496875 0.7995617109375 0.5746947312499999 0.7975841953125 0.5765625 0.794510153125 0.5765625 0.7752651296875 0.5618835578125 0.7176426421875 0.55927998125 0.6996818984375001 0.5514169843750001 0.6767996859375 0.5507538390625 0.6590205328125001