2 0 0.4390625 0.2984375 0.4390625 0.2984375 0.438543265625 0.22635474375000003 0.317590309375 0.21120749062500002 0.31252702499999996 0.181880715625 0.28286841875 0.15167035625 0.28740036406249997 0.0916283171875 0.2997259171875 0.0492160015625 0.310629378125 0.01004351875 0.3215707953125 0 0.3260088296875 0 0.4390625
4 0 0.2171875 0.0065673640625 0.2171875 0.039381465625 0.21490776406249998 0.0658260421875 0.15007297656250002 0.07966894687500001 0.11603423906250002 0.1078125 0.087904965625 0.1078125 0.086501284375 0.0683716125 0.0605290109375 0.0711803 0.0660249859375 0.03271245 0.08779772500000001 0 0.10487924687500001 0 0.2171875
4 0.0818344984375 0.1170662828125 0.0573885203125 0.1851817109375 0.0180056578125 0.22217848906249998 0.029997239062499997 0.2418623359375 0.0583773078125 0.2633667796875 0.08802249375 0.2703125 0.1024322 0.2703125 0.12336324218750001 0.265756671875 0.11987095625 0.221743175 0.140277671875 0.20243885781249998 0.15879098125 0.166826215625 0.1625 0.1388571359375 0.1625 0.1337845359375 0.1343449859375 0.10953834375 0.11120334218750001 0.09135249375 0.1079635125 0.091314540625 0.0818344984375 0.1170662828125
2 0.4594485625 0.4390625 0.4625 0.43529292656249996 0.4625 0.42969714843749995 0.46220037031250005 0.4271163765625 0.45535254687500004 0.409935709375 0.3929963328125 0.33266036718750003 0.30998094374999996 0.2307137984375 0.2508645609375 0.153476409375 0.23428672968750003 0.1500249828125 0.230815490625 0.20372858906250002 0.2074424375 0.2392843 0.1938940609375 0.2619261890625 0.201025896875 0.2815531046875 0.2004578734375 0.27666060937500003 0.2366219546875 0.3373429796875 0.2756471828125 0.394801640625 0.30261130625 0.4390625 0.4594485625 0.4390625
2 0.1289427078125 0 0.12368613749999999 0.0091999796875 0.12187687968750001 0.007550171875 0.1261475671875 0.0304008 0.162963825 0.11063418437500001 0.191322859375 0.15982482343749999 0.17365106875 0.2166193078125 0.1504673546875 0.25380585 0.1753420671875 0.25625 0.1893641453125 0.25625 0.23015875000000002 0.21565265 0.23459772499999998 0.1424170078125 0.264976390625 0.16720209218749998 0.314667815625 0.2329287734375 0.340625 0.226918828125 0.340625 0.22562798125 0.324218996875 0.20372560312500002 0.3222414359375 0.1727587640625 0.3210422703125 0.1206290609375 0.3099342765625 0.0667546640625 0.2967224984375 0.0226273109375 0.2934721734375 0 0.1289427078125 0
4 1 0.068876 0.9974309296874999 0.07556906875 0.9919339890625001 0.080727565625 0.987936215625 0.088171175 0.9764426140625 0.099047175 0.9724448406249999 0.127787171875 0.9724448390625 0.1802852390625 0.9654487343749999 0.23119931562499998 0.9694465093750001 0.23366100156249997 0.9809401109374999 0.23417609218750002 0.9909345453124999 0.21754812656250003 1 0.21497323906250002 1 0.068876
9 0.51875 0.6139448828124999 0.37360998125 0.6019321921875 0.2390424296875 0.594434978125 0.23408235937500002 0.5979063828125 0.22621487031249998 0.6765217921875 0.226028115625 0.7085993687500001 0.23337843593750002 0.718814171875 0.451864953125 0.7363876328125001 0.51875 0.7533776875 0.51875 0.6139448828124999
1 0.353642903125 0.7893824921875 0.33765735 0.7775316984374999 0.3043869703125 0.7648764218749999 0.19456949375000002 0.7486584421875 0.185919896875 0.7494899531250001 0.183357259375 0.765413815625 0.1863644109375 0.8852602390625 0.18157814218749999 0.90601695625 0.41711822343750005 0.9169796140625 0.4234375 0.90684733125 0.4234375 0.8936684796875 0.41611344375000003 0.8774420562499999 0.39400501875 0.8566676765625001 0.386762440625 0.82794658125 0.353642903125 0.7893824921875
0 0.7251803062500001 0.7059252453125 0.694363128125 0.7067273609375 0.6762791703125 0.713803734375 0.670450890625 0.719159425 0.6614697015625 0.7231954828125 0.6380262296875 0.747634459375 0.6333009359374999 0.7579398671875 0.6323539953124999 0.766519678125 0.6357061890625 0.7898906484375 0.64143858125 0.800084978125 0.650211078125 0.8065912171875 0.65639531875 0.8082347328124999 0.6630571 0.8178731906250001 0.6707178390624999 0.8234416859374999 0.680054990625 0.8264048265625 0.6830612031250001 0.8265625 0.71160761875 0.8265625 0.7268366374999999 0.825670528125 0.7418804890625 0.8222822390625 0.7765719093750001 0.8042045124999999 0.7865088140625 0.787576671875 0.7875 0.7788127265625 0.7875 0.7600640453125 0.784494621875 0.74657720625 0.76833964375 0.7204460734375 0.7508466640625 0.7119434359375 0.7251803062500001 0.7059252453125
0 0.7349825531249999 0.8245570046875 0.7118348890625 0.826915640625 0.6963047203125 0.82632095625 0.6694138015625001 0.814357303125 0.6513217015625 0.7968639765625 0.6480559875 0.790536634375 0.644347196875 0.7887481296875001 0.63985691875 0.7764753234375 0.636521640625 0.7736620796875 0.6295816015625 0.7780800187500001 0.619279959375 0.7917206296874999 0.6160919515625001 0.8064488875 0.617742040625 0.8158794515625001 0.6237175890625 0.8280652640625 0.63916064375 0.84019799375 0.6567752015625 0.8496963734375 0.687657365625 0.859375 0.726065590625 0.859375 0.7414093203125001 0.8567736765625 0.7532394734375 0.8515678874999999 0.7653215578125 0.8443416156249999 0.772088003125 0.8344180906249999 0.7734375 0.8287747984375 0.7734375 0.8206065203125 0.7691268703125 0.80199843125 0.7665906296875 0.8016455484375001 0.7547429265625001 0.81487528125 0.7349825531249999 0.8245570046875
2 1 0.6304159125 0.9927888515625 0.6235185375000001 0.9852064531250001 0.610423975 0.9730817609375 0.5805467609375 0.9637533843749999 0.573571646875 0.938095803125 0.5635414859375001 0.9018157140625 0.5441048453125 0.8839667734375001 0.52860300625 0.8681000453125 0.511480771875 0.6827197625 0.5223386015625 0.6821522984375 0.54192769375 0.6858347640625 0.5557521109375 0.6771919859375 0.574811315625 0.6776175125 0.5782964171875 0.6813870921875 0.5805827921875 0.7051946671875 0.5877127140625 0.7327285796874999 0.5886071984375001 0.746582334375 0.5918072328124999 0.7538263203125 0.589878653125 0.7591682843750001 0.5805399921875 0.7612012937499999 0.556352171875 0.7707910124999999 0.5287131578125 0.7751340203125 0.5234444640625 0.7792858859375 0.520694125 0.78621715 0.52028815625 0.8082355078125 0.525015715625 0.8199177562500001 0.5308500984375 0.8446891875 0.5499579406249999 0.8790841671875 0.582542228125 0.9082506218749999 0.6008912203125 0.9160761781250001 0.6159772703125 0.9749210937499999 0.6732039859375 0.9880973874999999 0.674939403125 1 0.6783492140625 1 0.6304159125