1 0.3806879921875 0 0.353392853125 0.053721375 0.3696966796875 0.10278826875 0.374188290625 0.1064814765625 0.39115120000000003 0.11228508749999999 0.4046729921875 0.11439548906250001 0.41381120625 0.1275855171875 0.42506371249999997 0.13233392500000002 0.4892855765625 0.1465791515625 0.5312261828125 0.153125 0.5368656953125 0.153125 0.5625829718750001 0.067966603125 0.584375 0.0695006484375 0.584375 0.0674782640625 0.5824210359374999 0.061635390624999994 0.5756734421874999 0.0521385734375 0.566063996875 0.0463349625 0.5380035750000001 0.041586553124999995 0.5281381578125 0.031562134375 0.5053638703125001 0.026286125 0.488569259375 0.0178445078125 0.45388258125 0.00993049375 0.42433721406249997 0 0.3806879921875 0
0 0.49800462031250003 0.41875 0.5140625 0.392944678125 0.5140625 0.3882698484375 0.51231815 0.38679237031249997 0.5019815015625 0.38415436718749996 0.4829786734375 0.4020928 0.4749316671875 0.4047308046875 0.4708643265625 0.4026204015625 0.46694492656250003 0.389957978125 0.45914683749999996 0.38046115937499997 0.4530345359375 0.3796875 0.4506751015625 0.3796875 0.433848096875 0.41475522343750004 0.43265748750000005 0.41875 0.49800462031250003 0.41875
1 0.3499946171875 0.070696528125 0.34013625468750003 0.0770277390625 0.2253044140625 0.180965134375 0.20835561249999998 0.2078727875 0.2091704921875 0.21156599531250003 0.23694833437499999 0.228976825 0.268473415625 0.246875 0.27563449218749997 0.246875 0.2993987484375 0.22159041093749998 0.31642191875000003 0.2099831921875 0.4015625 0.13305420625 0.4015625 0.1311090921875 0.3919478890625 0.11290460625000001 0.3705270296875 0.1028801890625 0.3652338453125 0.0870521578125 0.3499946171875 0.070696528125
1 0.1767088671875 0.2992302171875 0.160547534375 0.3055614296875 0.150973359375 0.3815359734375 0.168973459375 0.3957812015625 0.16804429999999998 0.4021124125 0.1610477859375 0.40475041718749993 0.15920277031250002 0.408971225 0.16201358125 0.4109375 0.1746595515625 0.4109375 0.233935828125 0.39841920468750003 0.2356125484375 0.3968364015625 0.23947712812500002 0.360959534375 0.26099191093749996 0.35304551875 0.2640625 0.3242036734375 0.2640625 0.315313384375 0.2336844953125 0.28709539375 0.21460729375 0.2897333984375 0.1926345828125 0.2965922125 0.1767088671875 0.2992302171875
5 0.20323726562500002 0.258726203125 0.17845591249999998 0.2355117625 0.166967790625 0.23445655781250002 0.1615266625 0.22918054687499997 0.1578835921875 0.22865294687499998 0.1539712453125 0.2323461546875 0.15244951874999998 0.2397325671875 0.163331771875 0.250284590625 0.1640120140625 0.25608819843749997 0.152988875 0.27244383125 0.144120740625 0.2961858765625 0.13758215625 0.299879084375 0.1366529953125 0.30621029375000003 0.1453129265625 0.310431103125 0.1460268265625 0.3157071109375 0.1516025921875 0.3188727171875 0.1557866484375 0.325 0.15598056093749998 0.325 0.1614405984375 0.3046274890625 0.17595886875 0.2993514796875 0.196712790625 0.2951306734375 0.20625 0.2904894140625 0.20625 0.28751234531250003 0.20290772499999998 0.2803578453125 0.19539926875 0.2745542328125 0.2032239625 0.26716782031249997 0.20323726562500002 0.258726203125
1 0.23985141250000003 0 0.233115478125 0.0114319484375 0.2056288765625 0.080020078125 0.245346521875 0.1243385625 0.26209417031250004 0.1417493953125 0.26644781875 0.14375 0.266813359375 0.14375 0.3183958046875 0.09901371249999999 0.3418698859375 0.0768544703125 0.34706834375 0.0694680578125 0.3539302171875 0.0689404578125 0.3539231640625 0.052584825 0.378125 0.0020173609374999997 0.378125 0.0019002265625 0.37598233125 0 0.23985141250000003 0
1 0.17200664062499998 0 0.20189109218749998 0.10498976093750001 0.20818075781249998 0.11343137656249999 0.2307397875 0.130314609375 0.2410631328125 0.14139422968749998 0.251236378125 0.146875 0.25868943906249997 0.146875 0.25911019375 0.146670240625 0.25944678906249996 0.14139422968749998 0.208422621875 0.08494092343750001 0.20550675468750002 0.08124771562500001 0.205843346875 0.07597170625 0.2372086359375 0.0042179703125 0.240247384375 0 0.17200664062499998 0
1 0.13644618749999998 0 0.1360710921875 0.0003322984375 0.1111534296875 0.0615854875 0.10287405937500001 0.1913622296875 0.1141182546875 0.1921875 0.1310961078125 0.1921875 0.131051209375 0.18604785 0.1273204625 0.17866143437499998 0.134498571875 0.1649438109375 0.1394277546875 0.161778203125 0.1457369703125 0.13698095625 0.1489894359375 0.1353981546875 0.151447375 0.138036159375 0.16414017812499998 0.1037420921875 0.1785238125 0.10057648749999999 0.184375 0.0950530375 0.184375 0.0867036 0.181001303125 0.0699756296875 0.18135745 0.03146075625 0.17236008593750002 0 0.13644618749999998 0
1 0.2322855109375 0.41875 0.2323144734375 0.4182960203125 0.2304490984375 0.4146028140625 0.2328125 0.411957453125 0.2328125 0.3995152421875 0.1634194 0.411437209375 0.15938571875000002 0.40879920312499995 0.159554015625 0.40616119843750004 0.16819358906249998 0.40246799062500005 0.168139571875 0.3950815765625 0.1586984234375 0.3866399625 0.1520385046875 0.3840019546875 0.1429751453125 0.41875 0.2322855109375 0.41875
1 0.24055667500000003 0 0.2313275703125 0.0145874015625 0.20585428437500003 0.076316715625 0.20551769062499997 0.081592728125 0.2614607828125 0.1421875 0.269746365625 0.1421875 0.288238296875 0.12696641250000001 0.330223615625 0.08634113593750001 0.33955673124999997 0.08000992500000001 0.345873003125 0.071568309375 0.34909180625 0.07051310625 0.35460025 0.07473391562500001 0.3588695484375 0.0736787109375 0.353946615625 0.0520470703125 0.3765625 0.0050560578125 0.3765625 0.0017147515625000002 0.375208665625 0 0.24055667500000003 0
0 1 0 0.8945754812500001 0 0.8938248671875 0.0017619921874999999 0.8901733296875 0.017208284375 0.888828021875 0.0373892453125 0.8822410328125001 0.0772948109375 0.8825464203125 0.08923605625 0.8846473015624999 0.0954348578125 0.8902944078124999 0.1010568765625 0.900180140625 0.104695028125 0.9692196656250001 0.1207181109375 1 0.1299896765625 1 0
0 0.73814475 0 0.7330667640625 0.0221394734375 0.7035912062499999 0.09111221093750001 0.697588678125 0.11273195 0.690314565625 0.1257697109375 0.6889534640624999 0.139003959375 0.6832694953125 0.1477634078125 0.6828125 0.151021753125 0.6828125 0.1549270890625 0.6862918125 0.1615110546875 0.7012691531249999 0.1712022265625 0.7326691828125 0.1838089921875 0.782363740625 0.196574215625 0.7972489375 0.1963333625 0.81004115625 0.19336706875 0.8242339609375 0.19453330625 0.84804659375 0.2047632296875 0.8581467140625 0.20625 0.86611359375 0.20625 0.8694003 0.20428786406250002 0.86962671875 0.1814955484375 0.877637984375 0.1561425875 0.8829033562499999 0.14683805 0.882171475 0.130878359375 0.886757621875 0.0981793734375 0.8852806890625 0.091061528125 0.8868840015625 0.0619816765625 0.8921875 0.018006465625000002 0.8921875 0 0.73814475 0
0 0.9316263031249999 0.2559315875 0.9073108296875001 0.2386979078125 0.8743654171875 0.21946134062499997 0.8364652921874999 0.19319566562499998 0.8194792124999999 0.187237715625 0.8125921078125 0.1869271421875 0.8003632875000001 0.19293579375 0.79542436875 0.192853396875 0.7946714203124999 0.1982218875 0.79016689375 0.2056312875 0.770169015625 0.2211473015625 0.73430656875 0.26506496875 0.7093487046875 0.301826765625 0.6964748671875001 0.33008264375 0.6956692624999999 0.34288589062499997 0.7052285375 0.35591097656250004 0.71054524375 0.3600061140625 0.9452895140625 0.3875 0.9455595265625 0.3875 0.942351825 0.3841795609375 0.9594721828124999 0.357413171875 0.962720921875 0.34836849999999997 0.975618446875 0.330532690625 0.9792778828125 0.3185597546875 0.9884922859374999 0.3022768140625 0.9890625 0.2932145453125 0.9890625 0.28929365625000003 0.97856706875 0.2812718828125 0.946056046875 0.269527115625 0.9379052546875 0.26410792031249997 0.9316263031249999 0.2559315875
8 1 0.12687221875000002 0.9285466375 0.10713417031250001 0.9114315515625 0.1056256671875 0.9000846828124999 0.10181638281250001 0.894240121875 0.10113185312499999 0.888403459375 0.1039206765625 0.884667675 0.112908303125 0.882751078125 0.12657354999999998 0.884099009375 0.138140840625 0.8883692203125 0.1500503953125 0.894366475 0.1567055484375 0.8968175015625001 0.1639374828125 0.896080346875 0.17625268593750001 0.9002900046875 0.1921236421875 0.9003768734375001 0.2303305609375 0.9057501796875 0.23790475937500002 0.9298603046875 0.25660257343750004 0.9375319453125 0.26543808125 0.955568465625 0.27449543125 0.9847386109375 0.285352840625 1 0.288545778125 1 0.12687221875000002
9 0.53748878125 0.85639016875 0.5284648546875 0.8021120125 0.5228762140625001 0.790053796875 0.518348565625 0.786619003125 0.510101965625 0.772023153125 0.5085662609375 0.75000873125 0.5145195140625 0.726899590625 0.5155812453124999 0.70216454375 0.5123880515625 0.68097765 0.49811820312500005 0.655557584375 0.48923426562500005 0.669146146875 0.48062305156249996 0.6897176546875 0.4648765453125 0.7142583625000001 0.46161188124999997 0.7258550390625 0.4731523015625 0.78152104375 0.4700385765625 0.8229426046875 0.466692971875 0.83864775625 0.46871359687499997 0.8693698046874999 0.47672757812500005 0.8916077046875 0.494887025 0.9171875 0.4958576453125 0.9171875 0.5072084359375 0.91056143125 0.52129745625 0.8868482437499999 0.533769090625 0.8785875796875 0.53748878125 0.85639016875
0 0.5695058703125 0.8425109296875 0.5701424671875001 0.8476849828125002 0.5670396906249999 0.8510647140625001 0.5536281062499999 0.8612184812500001 0.5437539109375 0.8667585171875001 0.5396506609375 0.866773090625 0.5481707234375001 0.8549934218749999 0.565402621875 0.842525503125 0.5736295390625 0.8331296218750002 0.586090965625 0.8295523249999999 0.587465521875 0.8264252234375 0.59676364375 0.8209693968749999 0.595177625 0.7890133500000001 0.586809978125 0.763900975 0.56635499375 0.7358736359375 0.5412002640625 0.7173118171875 0.5168133874999999 0.7097572031249999 0.5104773140625001 0.6773250453124999 0.5048179390625 0.6646919328124999 0.4986430140625 0.6574012953125 0.492508190625 0.6647356531249999 0.477175871875 0.697409096875 0.4644008859375 0.7127369171875 0.44770495468749993 0.7104956296875 0.3634567234375 0.7216404531249999 0.338159790625 0.7352873078125001 0.3191792484375 0.757374590625 0.305797559375 0.7868367218750001 0.3099708046875 0.8207555078125001 0.3224110703125 0.8599034109375001 0.3335380390625 0.8740782125 0.3505672140625 0.888560709375 0.363442825 0.8931161484375 0.39491468125 0.8867599296875 0.41627972343749997 0.8935858015625 0.4661859421875 0.8845348749999999 0.476605584375 0.8929607296875 0.4946022359375 0.915625 0.4976265796875 0.915625 0.50651036875 0.9119986640625001 0.514595821875 0.9014529953124999 0.5355568859375001 0.8954627625 0.5470681500000001 0.8984619375000001 0.558548784375 0.9155112109375001 0.5659772203125 0.909158225 0.58186519375 0.88576730625 0.5974403421875001 0.8407684453125001 0.6081028125 0.8368688828125 0.615625 0.8412452859374999 0.615625 0.8333959046875 0.6145913000000001 0.832409 0.6063140671875 0.8318632499999999 0.5792385999999999 0.8358211046874999 0.5695058703125 0.8425109296875
0 0.5052766765625 1 0.49993314062499994 0.99104505 0.4786286203125 0.9894774406250001 0.45870886874999994 0.9800993625000001 0.44276111093750004 0.9648735546874999 0.441336240625 0.9580590265625 0.415948890625 0.9471392562500001 0.3824666203125 0.91809005625 0.3771404875 0.91769815625 0.36359765 0.9220187656250001 0.3522271140625 0.9535278453124999 0.35242910156249996 0.9599358984374999 0.3892161453125 0.9920134171874999 0.399483278125 1 0.5052766765625 1
0 0.9504777296875 1 0.9417171234375001 0.9834402687499999 0.9296614 0.9561597796874999 0.9153801125000001 0.933736434375 0.9082340906249999 0.9276790968749999 0.9002435671875 0.9245474828125001 0.8766606296875 0.9235070125 0.861604775 0.9265924640625001 0.8414697890625 0.9364321624999998 0.8254443703125001 0.950294834375 0.8145559109375 0.9691862296875 0.8129126265625001 0.976020546875 0.8137692390625 0.9838949234375001 0.8229019984375 1 0.9504777296875 1
0 1 0.8989920625 0.9983043484374999 0.8970034984375002 0.9797319578125 0.8877344781249998 0.9639216906250001 0.8746026203125 0.9520502093750001 0.8723623671875 0.9499039796875 0.8683851453125001 0.930052728125 0.8527046109375 0.9083524421875 0.8394354937500002 0.89234853125 0.8326808312499999 0.875602315625 0.820508965625 0.8554095 0.8185656937499999 0.8428992640625002 0.8236740703125001 0.8204701312499999 0.8368966140625 0.8009967625 0.8398791187499999 0.7904498640625001 0.8450332484375 0.7903019437500001 0.8523933124999999 0.793704175 0.862290615625 0.8118435578125001 0.883331165625 0.86069979375 0.9006694218749999 0.87929504375 0.9104298765625 0.9072618796875 0.9213905234374999 0.9236208125 0.9463167890624999 0.9386444046874999 0.9741573406249999 0.9482674624999999 0.9807633046875001 0.9513318140625 0.98125 0.963544725 0.98125 0.9736537125 0.978409490625 0.9850451124999999 0.9703296390624999 0.99952944375 0.9549583484374999 1 0.9540210218750002 1 0.8989920625
0 0.8831433296875 0.6745897281250001 0.869936509375 0.6752637625 0.8445623671875 0.688417678125 0.8380107328124999 0.6951376125 0.8211515640625 0.70161734375 0.8092693296875 0.709685759375 0.757539375 0.7359707125 0.7504969046875 0.7426792078125001 0.7437744890625 0.7562677750000001 0.7356817671875 0.761479096875 0.7330568109375 0.768290534375 0.734004865625 0.7781306453125 0.738571653125 0.7919822937500001 0.748229678125 0.8098797921875001 0.7592001796875 0.82437156875 0.772556275 0.8374462375 0.781642775 0.84305789375 0.786167278125 0.84375 0.7947602 0.84375 0.8001573359374999 0.8405439484375 0.819185590625 0.8385328703125001 0.83118213125 0.8329216234375 0.9168348171874999 0.7769913421875 0.9315020359374999 0.7655515218750001 0.9355537734375 0.7577915281250001 0.9359375 0.7550771796875 0.9359375 0.7457315906249999 0.9319444421874999 0.7223625546875001 0.9217041390624999 0.7024878828125 0.9012020234375001 0.6833558765625 0.8831433296875 0.6745897281250001
0 1 0.5934823796875 0.998101884375 0.590231603125 0.9883513 0.582640865625 0.8974445828125 0.5805224078125 0.8947979421875001 0.5829152359374999 0.8870131656249999 0.5842065265625 0.8817740093750001 0.5875207390625 0.88003928125 0.592389321875 0.8706340796875001 0.6010063625 0.8624162999999999 0.614069184375 0.860202840625 0.6297264281249999 0.8609115328125 0.6449608703124999 0.8646109546874999 0.6612468093749999 0.8700908312500001 0.67364703125 0.8858889906249999 0.6759787875 0.8933886796875001 0.6790989640625 0.9085709484375 0.6892707843749999 0.9234909890624999 0.7043455015625 0.932089778125 0.70625 0.9373797906250001 0.70625 0.9831886078125001 0.68070073125 1 0.6634574828125 1 0.5934823796875
0 0.8234015203125 1 0.8156658312499999 0.9866364734375 0.8138504140625 0.9792306546875 0.814614225 0.9640305281250001 0.8112805796875 0.9556075265625001 0.803575140625 0.9480644484375 0.7921259109375 0.944361334375 0.77842825625 0.9450239296875 0.770734925 0.948280953125 0.7490252359375 0.9664292718749999 0.7348380984375 0.9881891984374999 0.7326229984375 1 0.8234015203125 1
0 0.7925614249999999 0.8598454562499999 0.782356090625 0.8512623203124999 0.7714205546875 0.848062078125 0.7606221875 0.8478104375000001 0.7309555890625 0.85300990625 0.7079899000000001 0.8652381453124999 0.6906062828125 0.8815236734375 0.6860865703125001 0.8897636609374999 0.6847068640625 0.9128038499999999 0.6872202203125 0.945752778125 0.722619515625 0.9794680671875 0.7276113515625 0.9828125 0.7372859671875001 0.9828125 0.7589170859375 0.9587142968750001 0.7713358796875001 0.9516401859375 0.8036395375 0.9504293765625 0.8133311796875 0.9585096390625001 0.8180687453125 0.9654926546875 0.8289800656249999 0.947092696875 0.840302884375 0.9375385421875 0.840625 0.9309257515624999 0.840625 0.9154716015624998 0.836945021875 0.9075153390625001 0.823166678125 0.8959035328125001 0.801990840625 0.8728286187500001 0.7925614249999999 0.8598454562499999
0 0.8769039421875 0.67238344375 0.86572769375 0.6534687640625 0.86210760625 0.628348459375 0.8639673953125 0.6156283765625 0.86795055 0.6063940828125001 0.8795584562500001 0.5924284640625 0.874563478125 0.5795486390625 0.7839057078125 0.5774359828125 0.759463928125 0.593066128125 0.739328940625 0.602905828125 0.7281204296875 0.6149171499999999 0.727321646875 0.61882574375 0.7307467390625 0.629214478125 0.7086269062499999 0.659625759375 0.7061848390625001 0.6703686703124999 0.7015050984375 0.6751686234375001 0.7007749000000001 0.6805515156249999 0.7057182171874999 0.691957434375 0.726563246875 0.71846094375 0.7272598312499999 0.7228952843750001 0.73314985 0.7230325437499999 0.7455699953125 0.737067203125 0.746571625 0.7375 0.75552549375 0.7375 0.8204256687499999 0.7019940484375 0.8406749578125 0.6946115171875 0.8481625421875 0.6869315921875 0.8769039421875 0.67238344375
0 0.6296875 0.7702858828125001 0.6368164078125 0.784375 0.637263396875 0.784375 0.6392863484375 0.780447084375 0.6599242765625 0.7814189234375 0.6593298921875 0.7686416484375 0.6530969578125 0.7611328859375 0.6529597921875 0.758184284375 0.656657859375 0.7533614546875 0.648222221875 0.7512012703125001 0.64808505625 0.74825266875 0.6551732484375 0.7425270390625001 0.6609718234375 0.7406985625 0.6660509515624999 0.7339443125 0.68871945 0.7153274375 0.6947573890625 0.70810463125 0.6968457875 0.700298884375 0.6964679031250001 0.6816358453125 0.693282178125 0.6658527796875 0.6849823515625 0.6455324265625 0.6736124578125 0.6329949453125 0.6665121609375 0.627920475 0.64354511875 0.61903994375 0.6296875 0.6190728062499999 0.6296875 0.7702858828125001
0 0.7003893640625 0.7381596546875 0.693026840625 0.7379880796875 0.67953493125 0.743073578125 0.6696953734375 0.742353378125 0.664011103125 0.746639021875 0.6590005578125 0.7548675734375 0.6606801640625 0.780433559375 0.6686263218749999 0.803691075 0.681252215625 0.8221486359375 0.686880009375 0.8271887937500001 0.69184113125 0.828125 0.6931064906250001 0.828125 0.6980549078125 0.8249947031249999 0.7207247578125 0.8274865968749999 0.7312945140625 0.822823903125 0.7329606640625 0.81648101875 0.7353233921875 0.814572475 0.7441584203125 0.8147783640625 0.7484375 0.8120714812500001 0.7484375 0.8092620390625 0.73512704375 0.7787321374999999 0.73526285625 0.760571971875 0.7113706203125 0.7423427625000001 0.7003893640625 0.7381596546875
0 1 0.6741069968750001 0.990127871875 0.6794333359375 0.9789650812499999 0.692427525 0.972984971875 0.7114333 0.9739679953125 0.732564946875 0.9917671703125001 0.7884515296875 1 0.8013780640625001 1 0.6741069968750001
0 0.9457376046875 0.7603647109375 0.9353614875 0.7586502078125 0.9261391765625 0.7711987171875 0.8794547375 0.80054665 0.8713848750000001 0.806249403125 0.8691135890625 0.8101236796875 0.8730066531249999 0.8200324218749999 0.8861341375 0.8281927546875 0.8903580109375 0.834672896875 0.9089989828124999 0.84541621875 0.9174574796874999 0.8480678375 0.9291810437500001 0.8576681562499999 0.9468403453124999 0.8683885984374999 0.951903928125 0.875 0.9582423390624999 0.875 0.9646932906250001 0.8727318468749999 0.9756167187500001 0.8651319859375001 0.9848390281249999 0.8525834781250001 0.9859375 0.8463543703124999 0.9859375 0.8424082859375 0.9806823874999999 0.8264688671875 0.97328489375 0.8150057578125001 0.9518562328125 0.76541630625 0.9457376046875 0.7603647109375