7 0.36875 0.06812351718750001 0.30973720937500004 0.0632935984375 0.270472071875 0.03953513125 0.2216182828125 0.028605903125 0.17025273125 0.033752921875 0.0779569578125 0.028495454687499998 0.026591407812500002 0.0336424734375 0 0.0330151375 0 0.2630666328125 0.253609821875 0.23375694062500002 0.29060285 0.2208191078125 0.331391778125 0.191676353125 0.36875 0.1856701765625 0.36875 0.06812351718750001
7 0.36875 0.36434297187500003 0.28458527031249997 0.3680844484375 0.2396121546875 0.3646786421875 0.212863975 0.368677625 0.17652714375 0.38550584374999997 0.148494825 0.3896334984375 0.023001915625 0.381108940625 0 0.38341381874999997 0 0.46885216406249997 0.0149799984375 0.4729039890625 0.0404440390625 0.469033684375 0.1505838015625 0.49492124375 0.1847123859375 0.5191944125 0.208730075 0.529974884375 0.36875 0.5514819171875 0.36875 0.36434297187500003
7 0.36875 0.27714002656250003 0.2817807078125 0.256923396875 0.225659553125 0.2493598125 0.204428875 0.2396187859375 0 0.26355448125000003 0 0.3795922046875 0.137662603125 0.390625 0.1551180828125 0.390625 0.17455567968750002 0.387670659375 0.2196627484375 0.36864491718750003 0.24406138593749999 0.3662000828125 0.2941710546875 0.3690911875 0.36875 0.3626792984375 0.36875 0.27714002656250003
7 0.36875 0.5673257296875 0.367981640625 0.5672748453125 0.35229672500000003 0.5517032578125 0.3336625828125 0.5496143265625 0.3285542859375 0.5580384765625 0.3154376484375 0.542209540625 0.2074852171875 0.529289934375 0.153191359375 0.49385026875 0.072862040625 0.48211886406250004 0.0636334203125 0.535792140625 0.052104429687499995 0.54485966875 0.051314275 0.56340083125 0.0415351515625 0.5828427234375 0.043313275 0.6011265359375 0.0562111796875 0.615658678125 0.110229784375 0.633982653125 0.169137953125 0.6425856828125001 0.2690888921875 0.66875 0.2919986046875 0.66875 0.2949061125 0.6682259312500001 0.295580365625 0.66875 0.34119826875000003 0.66875 0.36340293125 0.663999721875 0.36875 0.665109425 0.36875 0.5673257296875
7 0.0813850578125 0.481594515625 0.041301504687500004 0.4684677625 0.0265480390625 0.47390225468749997 0.0210305359375 0.4876422640625 0.028467459374999997 0.5317333109375 0.046938350000000004 0.5640625 0.052923540625 0.5640625 0.0678948140625 0.540969675 0.0686849671875 0.5224285140625 0.08225998906250001 0.48678169687499995 0.0813850578125 0.481594515625
7 0.1841449 0.66875 0.1785254671875 0.647124621875 0.0861731734375 0.6260482578125 0.090547834375 0.6519841671875 0.09855784375 0.66875 0.1841449 0.66875
7 0.5232230046875 0 0.51875 0.008349609375 0.51337890625 0.035693359375 0.51044921875 0.071826171875 0.50849609375 0.169970703125 0.5041015625 0.249560546875 0.50654296875 0.270556640625 0.51142578125 0.288134765625 0.5119140625 0.327685546875 0.505078125 0.421923828125 0.49921875 0.445361328125 0.4962890625 0.477587890625 0.493359375 0.561572265625 0.49873046875 0.578173828125 0.50703125 0.587939453125 0.52705078125 0.598193359375 0.5591064453125 0.603125 0.6268332734375 0.603125 0.665234375 0.592822265625 0.6759765625 0.586474609375 0.69111328125 0.573779296875 0.696484375 0.561572265625 0.6984375 0.544482421875 0.6984375 0.433642578125 0.6916015625 0.350146484375 0.6916015625 0.324267578125 0.6935546875 0.285693359375 0.6974609375 0.271044921875 0.6994140625 0.244677734375 0.7015625 0.1257975265625 0.7015625 0.0625162765625 0.70087890625 0.044970703125 0.69306640625 0.020556640625 0.680296371875 0 0.5232230046875 0
0 0.708069490625 0 0.70478515625 0.00693359375 0.70234375 0.22470703125 0.6984375 0.36923828125 0.6994140625 0.37265625 0.70869140625 0.37802734375 0.7150390625 0.386328125 0.719921875 0.3873046875 0.7599609375 0.38681640625 0.79267578125 0.38876953125 0.82587890625 0.38828125 0.8287434890625001 0.3890625 0.8385986328125 0.3890625 0.85224609375 0.38779296875 0.86103515625 0.37802734375 0.868359375 0.37412109375 0.8703125 0.36875 0.86396484375 0.00595703125 0.8612416296875001 0 0.708069490625 0
0 0.36875 0.7106757734375 0.319942096875 0.710391240625 0.29922967031250003 0.7161429828125 0.280333959375 0.7258203046875 0.256651540625 0.746725325 0.2484468640625 0.75793309375 0.23465562968749998 0.7612783125 0.228659846875 0.76515835 0.22707564374999997 0.7685747328125 0.22718880000000002 0.7793416203125 0.2334279484375 0.7965060796875 0.246923109375 0.8156703359374999 0.261211915625 0.868116646875 0.3120737546875 0.9922247593750001 0.3309272125 1 0.36607116562500003 1 0.36875 0.9991059953124999 0.36875 0.7106757734375
0 0.2441101640625 0.66875 0.2529817171875 0.6723661359374999 0.275351196875 0.6891352562499999 0.3075886109375 0.7030256578125 0.347978434375 0.7140625 0.3562083828125 0.7140625 0.36240631562500003 0.71362208125 0.36501823437500003 0.70874356875 0.36875 0.706225209375 0.36875 0.6705305 0.363957971875 0.669098096875 0.3633140546875 0.66875 0.2441101640625 0.66875
1 0.885785378125 1 0.8838005796874999 0.8015201921875 0.8567247671875 0.848150759375 0.80106893125 0.9278739843749999 0.759854065625 1 0.885785378125 1