10 0 0.45 0 0.8001261328125 0.222635509375 0.7838357296874999 0.2477092546875 0.7764610984375 0.2624585171875 0.74106286875 0.25360896093749996 0.6289684734375001 0.25360896093749996 0.5286734875 0.2477092546875 0.5006498890625 0.237384771875 0.4859006265625 0.2258452828125 0.45 0 0.45
10 0.4645234140625 0.6761661140624999 0.384877396875 0.612744284375 0.2860573375 0.5581720125 0.266883296875 0.5566970875 0.25508388593750003 0.6171690640625 0.2609835921875 0.6953401546875 0.38340247031249997 0.745487646875 0.399626659375 0.767611540625 0.42470040625000005 0.7646616890625 0.45124907812500004 0.71156434375 0.4645234140625 0.7130392703125 0.47042311875 0.7056646390625 0.4645234140625 0.6761661140624999
10 0.2993316734375 0.509499446875 0.2565588125 0.5050746687500001 0.2654083703125 0.5286734875 0.2654083703125 0.5522723078125 0.271308075 0.5581720125 0.2978567484375 0.5655466453125 0.33767975625 0.5876705390625 0.3450543875 0.5861956125 0.36570335468750004 0.54932245625 0.3568537984375 0.5286734875 0.2993316734375 0.509499446875
10 0.389302175 0.7499124265624999 0.3745529125 0.7395879421875 0.2580337390625 0.6982900078125001 0.2580337390625 0.7513873531249999 0.24623432968749998 0.7720363203125 0.23148506562499999 0.7794109515625001 0.16658831093749998 0.7867855828125 0.16658831093749998 0.7912103609375001 0.1975617625 0.80743455 0.271308075 0.78531065625 0.39667680625 0.767611540625 0.389302175 0.7499124265624999
4 0.6464884265624999 0.726905878125 0.65140008125 0.719477846875 0.6454528890625 0.695156103125 0.6489124578125 0.6796730703125 0.638192459375 0.654881103125 0.6363157734375 0.580323990625 0.6529749125000001 0.539240815625 0.6551767859375 0.5046452203125 0.6474442687499999 0.491224296875 0.6238579375000001 0.47307664843749997 0.5599428265624999 0.48260348124999997 0.5564832578125001 0.49808651406250004 0.5468265671875 0.5034646671875 0.5573244078124999 0.5408938515624999 0.5870800890625001 0.5707260296875 0.5978278593749999 0.593938346875 0.600204403125 0.64006173125 0.5784114484375 0.7012101484375 0.58427533125 0.730270846875 0.6001291453125 0.7349975734375 0.6464884265624999 0.726905878125
4 1 0.5505293421874999 0.9748436953125001 0.5424689875 0.9539393781250001 0.553068553125 0.957351459375 0.6309417125 0.9296946234375 0.6630294328125 0.883029871875 0.68849729375 0.882891021875 0.696395553125 0.9000580718750001 0.7170755343749999 0.8918534671875001 0.7305086890625001 0.913959940625 0.7421809875000001 0.9346420999999999 0.744218634375 0.9719833984375 0.705173109375 1 0.661117940625 1 0.5505293421874999
4 0.8408046890625 0.7333912 0.8421456953125 0.7477648078125 0.858027278125 0.7509118796875001 0.8836488609375 0.74394184375 0.8999747640625 0.7218144890625 0.9001136140625 0.7139162328124999 0.876749440625 0.683131371875 0.8808199468750001 0.6328960015625 0.8873225375 0.6256247109374999 0.902807290625 0.5606900203125 0.9174311765625 0.5447245296875 0.9318329046875 0.5413962546875 0.9163678687499999 0.51455440625 0.9170343453124999 0.47664276718750004 0.8822836984375 0.458977575 0.834389021875 0.46375322499999994 0.8132625453125 0.486990003125 0.8146949140625 0.5868215421875 0.8285690125 0.613506646875 0.8266170687500001 0.6338853765625 0.84378411875 0.654565359375 0.8159884328124999 0.694551340625 0.8157662734375 0.7071885531250001 0.8408046890625 0.7333912
4 0.7173029578125 0.7781895203125 0.7218258359374999 0.7928766109375001 0.7313714453125 0.7938170640625 0.7445432453125 0.769796575 0.7574651171875 0.75999295 0.7670107296875 0.7609334015625 0.786601809375 0.7343805765625 0.8200669906249999 0.7345128578125 0.8329333218749999 0.7278685359375 0.8236931796875 0.7095519140625 0.822463253125 0.6888597015625 0.8437008078125 0.6593043156249999 0.843867428125 0.6498264046875 0.817793475 0.59187398125 0.7953259921875 0.600737153125 0.7348704500000001 0.5947809546875 0.7108675718749999 0.60032808125 0.7075746234375 0.6063332031249999 0.71000670625 0.6492972828125 0.6885469890625 0.6914898812500001 0.6864284265625 0.721346521875 0.6714713015625 0.75626783125 0.6745143234375 0.764479575 0.7173029578125 0.7781895203125
4 1 0.6607304703125 0.99549030625 0.6674019046874999 0.9605876656250001 0.7188193296875001 0.9440118359374999 0.7551635484375 0.9585643515625 0.77347609375 0.9703608046875001 0.7672538265625001 0.9819536093749999 0.772615675 0.9970800375 0.7582820828125 1 0.756910925 1 0.6607304703125
4 1 0.46186164375 0.9875075843750001 0.456685340625 0.97974998125 0.47490969843749997 0.9702228828125001 0.47291614375 0.953924753125 0.493463846875 0.9398404359375 0.5089550328125 0.9299800984375001 0.5259172984375 0.9528880109374999 0.5524375078125 0.9563660921875 0.535901375 0.963063071875 0.5175725234375 0.9669538156249999 0.5379994234375001 0.9849288734375001 0.5429351375 1 0.5508927453125001 1 0.46186164375
4 0.8804245953125001 0.6856033046875 0.8910863703124999 0.6834889468750001 0.93179735625 0.6642915234375 0.9439640734375001 0.6370072359375 0.9349738593750001 0.6044737515625 0.9214264265625001 0.5894250046875 0.923695778125 0.581209184375 0.9155440296874999 0.56141740625 0.9075457546875001 0.593332078125 0.9044749624999999 0.5866999859375 0.8993014374999999 0.5788058078125 0.8925118921875 0.6024001625000001 0.8878435921874999 0.6262035078125 0.8803266624999999 0.6307375515625 0.8811095859375001 0.6466385625 0.8804245953125001 0.6856033046875
4 0.7088018671875 0.5969597875 0.731074959375 0.5991541765624999 0.75455678125 0.5930282531250001 0.77884004375 0.6017502390625 0.7937072859375001 0.6021600625 0.809801771875 0.593196471875 0.8131502609375 0.584032046875 0.788324746875 0.5457187359375 0.7622349640625 0.5188850406250001 0.7441673375000001 0.519214834375 0.7195508390625001 0.52944866875 0.7215424921875 0.5370293640625 0.7169297328124999 0.5576734109375 0.71028829375 0.5728429578125 0.7088018671875 0.5969597875
4 0.6412629890625 0.45 0.6411148703125 0.45842549843749997 0.6590899296874999 0.4633612125 0.6641893999999999 0.475467796875 0.6832806234375 0.47734870156250003 0.707674965625 0.47975208125 0.7270624015625 0.46478336875000004 0.7309397437499999 0.45 0.6412629890625 0.45
4 0.9381789328125001 0.45 0.9344764109374999 0.45146060468750004 0.9449160265625001 0.46198346093750003 0.9573287828125 0.48114011718749994 0.9681201500000001 0.4716540546875 0.9765681109374998 0.4745962140625 0.9917500796875001 0.45710331875000004 0.9990078265625 0.46731269218750005 1 0.46746242968749996 1 0.45 0.9930950234375 0.45 0.9694584718750001 0.4559620328125 0.9494613421875 0.45 0.9381789328125001 0.45
4 0.8822615796874999 0.45 0.8864521390625001 0.4636079609375 0.9170806296875 0.4740100140625 0.9142188515624999 0.51592506875 0.9278773656249999 0.524655209375 0.9496452328124999 0.4951520703125 0.934217225 0.46620401874999995 0.9363387843750001 0.45 0.8822615796874999 0.45
4 0.6370312171875 0.569845225 0.6354337109375 0.6002806640625 0.6379676171875 0.6374526875 0.637560325 0.6606209125 0.65213135625 0.6778803546875001 0.6830930828125 0.6693265890625 0.7000630609374999 0.6709985046875 0.7079872828125 0.6432962359375 0.7119837359375 0.597273271875 0.710473425 0.562311946875 0.6935775046874999 0.556427625 0.676996303125 0.5326405859375 0.65135620625 0.540663725 0.6370312171875 0.569845225
4 0.8028548421874999 0.45 0.7941223546874999 0.4576762234375 0.758510840625 0.48898023281249997 0.7674640296874999 0.5236199203125 0.8121822046875 0.578662046875 0.81755400625 0.51484085625 0.8150200999999999 0.4776688359375 0.8444855265625 0.45 0.8306369640625 0.45 0.8207305078125 0.4550230828125 0.8199398984374999 0.45 0.8028548421874999 0.45
4 0.7317313984375 0.45 0.7259832640624999 0.465731975 0.7000284421874999 0.49165783125000007 0.6675987984375 0.523275325 0.6525093984375 0.5355027140625 0.6748750578125 0.532431596875 0.6968149140625 0.5535818078125 0.7195693515625 0.5283955671875 0.7411335734375 0.510476540625 0.7675010546875 0.5215137171875 0.7572835984375 0.49835364687499994 0.741374246875 0.49678622812500006 0.775758515625 0.47485563124999997 0.8080585656249999 0.45060984218750005 0.80858784375 0.45 0.7317313984375 0.45