0 0.3149033234375 0.1316060640625 0.29916015156250003 0.131599809375 0.2932914078125 0.1355031796875 0.28960172968750003 0.1427371625 0.289758590625 0.18965963749999998 0.2995080140625 0.28804399062499997 0.3165581421875 0.375 0.3517805765625 0.375 0.3928284453125 0.366573065625 0.44864535937500005 0.3594317890625 0.45 0.35748725000000003 0.45 0.3234102765625 0.44118428906249996 0.215781803125 0.429212084375 0.133505334375 0.42452337812499996 0.1182766359375 0.41831676875 0.11685227812500001 0.3858521078125 0.12405682968750001 0.3149033234375 0.1316060640625
9 0.6698099671875 0 0.6681100625 0.0027781140625 0.6636048703124999 0.014885140625000001 0.67649463125 0.0175282 0.7174097640625 0.03265991875 0.7527556765625001 0.0397943171875 0.8146778484375 0.056287446875 0.8744433359375 0.075 0.8970132749999999 0.075 0.9008689546875001 0.06942855 0.9051361984374999 0.055799679687500006 0.9061522484375001 0.043883690625 0.914852509375 0.015640140625 0.9213637296874999 0 0.6698099671875 0
9 0.51875 0 0.51875 0.15209383125 0.53252835 0.1556771015625 0.5457282375 0.1623496515625 0.5724702671874999 0.1707225734375 0.59477135625 0.1731991671875 0.5973086984375 0.16692076250000001 0.599798065625 0.12862201874999998 0.59907350625 0.1270570546875 0.5909562328125 0.1283387 0.5882852406250001 0.126601240625 0.592400203125 0.08744605625 0.6029774999999999 0.0333557828125 0.605049653125 0.021033134375000002 0.6030310421875 0.0183529875 0.6058277515625 0.00759530625 0.5953817421875 0.0021673078125 0.586319053125 0 0.51875 0
9 0.51875 0.43914474062500003 0.516296640625 0.43825902031249997 0.47886893593749996 0.416081834375 0.47022607812499995 0.417903 0.46729484218749995 0.431912659375 0.4434140703125 0.47876052500000005 0.3816521421875 0.5773194671875 0.371442946875 0.6051614734375 0.35648234843750004 0.6154198359375 0.33656890625 0.6461265765624999 0.3489776625 0.6661963140625 0.361032321875 0.671035509375 0.36136112656249997 0.6851781562499999 0.45981999374999993 0.7174530015625 0.482603246875 0.74375 0.48422586093750003 0.74375 0.49818262031250005 0.7331471390625 0.51875 0.7026627296875001 0.51875 0.43914474062500003
9 0 0.6474590250000001 0.0351240578125 0.666461509375 0.0440747015625 0.671875 0.044932640625 0.671875 0.06661791875 0.6201959171875 0.0871501234375 0.569407428125 0.09375 0.5509091609375 0.09375 0.5474048875 0 0.49560159375 0 0.6474590250000001
9 0.1128014125 0.6076033187500001 0.061880771875 0.6938338500000001 0.055341946875000006 0.70443575625 0.1737092921875 0.7758346765624999 0.284021384375 0.8509807406250001 0.314188509375 0.8060196093750001 0.3523476578125 0.7545915890625 0.3387009203125 0.7513177453125 0.1128014125 0.6076033187500001
9 0.2220126234375 0.9272489 0.23660670781249998 0.912899846875 0.27858798125 0.8507591 0.2234635515625 0.8145459374999999 0.16840235312500001 0.7810525140625 0.09542966875 0.7359597953125 0.0567002953125 0.7044911671875 0.0225845828125 0.754725546875 0.001831065625 0.7959949453125 0.2220126234375 0.9272489
9 0.1086294046875 1 0.1376379328125 0.9754330953124999 0.1575073390625 0.954506334375 0.051080603125 0.8713672812500001 0.0010440734375 0.937255175 0 0.9383862046874999 0 0.9900820078125001 0.011682385937500001 1 0.1086294046875 1
9 0.199455590625 0.4 0.161761865625 0.4370608625 0.11144079062500001 0.490709925 0.1600896265625 0.5402447359375 0.2002089640625 0.5731286437499999 0.222227121875 0.5862540390625 0.21979496250000002 0.5983820468750001 0.25290123750000004 0.6214698140625 0.2912816984375 0.579560884375 0.33342105312500003 0.524219484375 0.3479202875 0.505790821875 0.38153128125 0.49221751718749995 0.4213017078125 0.4517238671875 0.465020725 0.40595696875 0.47043610625000004 0.4 0.199455590625 0.4
9 0.3427104671875 0.6319262546875001 0.3558829671875 0.61480205 0.3718670171875 0.6018682796875 0.37755221250000004 0.5545498859375 0.39884320156249997 0.5363982765624999 0.4156165140625 0.4990422578125 0.4232607625 0.4776168015625 0.436053871875 0.44417416249999997 0.40664439375 0.4633531796875 0.3869014515625 0.48971942031250004 0.356007159375 0.503403546875 0.3279244171875 0.5212781046874999 0.3070760515625 0.5584678921874999 0.278204046875 0.600764696875 0.3087833140625 0.6319008625 0.3206606953125 0.6174409875 0.3427104671875 0.6319262546875001
9 0.0712879140625 0.4 0.0369200609375 0.43740257812500005 0 0.4048645046875 0 0.44510067343750004 0.0128807546875 0.45408349843749996 0.050441471875 0.4936559359375 0.063961746875 0.49149030156249995 0.0740065375 0.45657696875 0.10079529843749999 0.49978573125 0.1308675734375 0.4507449890625 0.14520872812500002 0.425516978125 0.1554088515625 0.4 0.0712879140625 0.4
9 0.347989196875 0.8006055218749999 0.357718965625 0.8105124828125 0.38665420156249997 0.7709354187499999 0.41404139375 0.723143725 0.40162654218749994 0.7144858109375 0.3582236859375 0.7738514078125001 0.347989196875 0.8006055218749999
9 0.306324084375 0.876344965625 0.327868 0.8690723140625 0.347705790625 0.8467856843749999 0.3593934765625 0.8241665906249999 0.350863978125 0.8075156906250001 0.3347534671875 0.8150099843749998 0.31393671562500003 0.8535596421874999 0.30603953906250003 0.8641061375 0.289834178125 0.8675208218750001 0.2875601015625 0.886448178125 0.306324084375 0.876344965625
9 0.25028506250000004 0.9175335624999998 0.24295697343749997 0.9525577140625 0.26955490000000004 0.9291882656249999 0.2879394921875 0.9027666156249999 0.2779251828125 0.8806208265625 0.25028506250000004 0.9175335624999998
9 0.41900169375 0.7613863109375 0.41950754999999995 0.7831442281250001 0.43084859375000006 0.8039855593749999 0.445221365625 0.7801174171875 0.4411451765625 0.7215321937500001 0.42370792812499997 0.730330946875 0.41900169375 0.7613863109375
9 0.41754849375 0.757251290625 0.3898451453125 0.7914442875000001 0.36261603125 0.8460353296874998 0.3785696015625 0.8901606796875001 0.41268531406250003 0.8399262953125 0.4293637796875 0.7984906703125001 0.41754849375 0.757251290625
9 0.2804533234375 0.9309914203125 0.354435446875 0.9027619874999999 0.37177785 0.8898836265625001 0.3740203109375 0.8695963984375 0.3613209125 0.8486996578125 0.3415147390625 0.8723461578125 0.32657288125 0.87173664375 0.29833205937499996 0.8828118515625001 0.2866759890625 0.9067908140625001 0.2804533234375 0.9309914203125
9 0.407473221875 0.84922374375 0.4335980484375 0.8638752406249999 0.453562303125 0.8470280890625 0.46667156875 0.8271841468750001 0.5050204140625 0.783915346875 0.47292471562499994 0.7459244203125 0.45555070000000003 0.7574429125 0.44654809999999995 0.77881295625 0.4401357375 0.7948543421875 0.4256681171875 0.8146428734375 0.407473221875 0.84922374375
9 0.41047446875000004 0.86157339375 0.390636678125 0.8838600234375 0.36397551875 0.9045097312500001 0.33962005156249997 0.9075919531250001 0.34568577500000003 0.9350109906250001 0.3673561546875 0.9331778187499999 0.40857978125 0.8968191890625 0.4281962609375 0.8650134671874999 0.41047446875000004 0.86157339375
9 0.3498872921875 0.9406167015625 0.344011265625 0.92135688125 0.31431724375000003 0.9282970718750001 0.284559990625 0.9325175203124999 0.2904360171875 0.9517773390625 0.3498872921875 0.9406167015625
9 0.24441017187499997 0.9566927328125001 0.273062 0.96329583125 0.3372206484375 0.9794988203125001 0.35986998593749997 0.9614026203125 0.35791093281249997 0.9355096843750002 0.3135279796875 0.9527193171875 0.29722777031250003 0.9520543921875 0.26431119375 0.9371258421875 0.24441017187499997 0.9566927328125001
9 0.44958209687500006 0.8509414671875 0.43742017187500004 0.8531625125 0.41916204375 0.8850236437500001 0.4317349765625 0.9004809046875 0.4875210703125 0.8484133500000001 0.48000214999999996 0.8168592921875 0.44958209687500006 0.8509414671875
9 0.51875 0.800167653125 0.4828137 0.8210497234374999 0.4911218828125 0.8281815359374999 0.4874894546875 0.8470534796875 0.456911321875 0.87433630625 0.46679917031249996 0.8910426171874999 0.49102817187500003 0.8825209171874999 0.512255928125 0.8616495671875001 0.51875 0.857719046875 0.51875 0.800167653125
9 0.51875 0.9325946578125001 0.51399480625 0.93644240625 0.477888421875 0.95942398125 0.4771623921875 0.9865659656249999 0.5081515296875 0.9769614499999999 0.51875 0.958353390625 0.51875 0.9325946578125001
9 0.47913882343749997 1 0.4853757265625 0.9896181687500001 0.47782519062500006 0.9567042421874999 0.45230106875000003 0.9678902718749999 0.43783345156250003 0.9876788046874999 0.43621632187500003 1 0.47913882343749997 1
9 0.51875 0.8812857953125001 0.5152255578125 0.8726393453124999 0.48439449687499997 0.8890432140625 0.49440880781249996 0.9111890031249998 0.484900353125 0.9108011312500001 0.47292812343749996 0.9211813953124999 0.43953844062499997 0.9442737906249998 0.45492292343749996 0.9639214828124999 0.51875 0.934230384375 0.51875 0.8812857953125001
9 0.39796703906249997 0.965673853125 0.43498915 0.9237095125 0.462882196875 0.897675734375 0.47220095625 0.889904390625 0.46095475781250006 0.8731426671874999 0.43448329531249996 0.90195159375 0.424943221875 0.9002038531250001 0.4172357421875 0.9189095671875 0.3891529984375 0.936784125 0.39796703906249997 0.965673853125
9 0.391670890625 1 0.40103151718749996 0.9807432437500001 0.392565253125 0.96681208125 0.3737696546875 0.9755554234375001 0.3649397765625 1 0.391670890625 1
9 0.41449887500000004 1 0.42816691562500003 0.9804915828125 0.4118350921875 0.9784667859375 0.3983148140625 0.980632421875 0.38890031875000003 1 0.41449887500000004 1
5 0.7172465156250001 0.4 0.7267857624999999 0.409046578125 0.708672165625 0.43883969843750004 0.738241509375 0.449606765625 0.7918425499999999 0.4524689046875 0.8427804468750001 0.43281768749999994 0.845464725 0.427368234375 0.874294303125 0.40374010312499997 0.8616952031249999 0.4 0.7172465156250001 0.4
5 0.5626096375 0.4 0.555541428125 0.4106887203125 0.51875 0.41888574062500006 0.51875 0.485992884375 0.5226537328124999 0.48443525000000004 0.57627590625 0.459334578125 0.5597897859375001 0.488815115625 0.5751979703125001 0.4924342609375 0.6084027187500001 0.5057923578125 0.6180830296875 0.4891314109375 0.6518161703125 0.4366027234375 0.6686616093750001 0.438301190625 0.6776655671875 0.429993309375 0.6565295078125 0.40609406875 0.6554095531249999 0.4 0.634031084375 0.4 0.6297289890625001 0.40466300000000005 0.620222228125 0.4 0.5626096375 0.4
8 0.8327196984375 0.5728991375 0.829042015625 0.49959703437499997 0.8185585265625 0.439114521875 0.7612164046875 0.446838709375 0.7832824687500001 0.6333779390625001 0.8263366187500001 0.6596459953125 0.8327196984375 0.5728991375