7 0.19636656875 0.20731646874999998 0.1988467265625 0.2364583328125 0.21234801874999998 0.315625 0.21429811718749997 0.315625 0.257750496875 0.29598214375 0.4357018859375 0.2352182546875 0.4598834328125 0.21909722187499997 0.47848462343750003 0.19987599218750002 0.47910466406249996 0.1856150796875 0.4890252984375 0.184995040625 0.4989459328125 0.18189484218750002 0.5156870046875001 0.1756944453125 0.5375 0.1650827171875 0.5375 0.1527313890625 0.5212673609375 0.112450396875 0.4890252984375 0.12237103125 0.4772445453125 0.12485119062500001 0.45616319531249994 0.134771825 0.43136160781250005 0.1217509921875 0.19636656875 0.20731646874999998
1 0 0.39482563437499996 0.0171502984375 0.3963169640625 0.03742560625 0.396875 0.098569253125 0.396875 0.1374379953125 0.39321676562499996 0.1845610109375 0.38701636875 0.19820188593750002 0.380815971875 0.1882812484375 0.3770957359375 0.2140625 0.3387236375 0.2140625 0.33132338125 0.2000620046875 0.23448660625 0.1895213296875 0.174962796875 0.0779141859375 0.1476810515625 0 0.1254590484375 0 0.39482563437499996
2 0.007355925000000001 0 0.0083705359375 0.022321429687499998 0.011470734375 0.05084325468749999 0.009610615625 0.0607638890625 0 0.052849265624999996 0 0.109375 0.0011160828125 0.109375 0.0232514890625 0.10726686562500001 0.0548735125 0.103546628125 0.062934028125 0.09920635 0.071614584375 0.0917658734375 0.090215775 0.08680555625 0.09579613125 0.0756448421875 0.13485863125 0.06572420625 0.1733010921875 0.0502232140625 0.2396453375 0.0285218265625 0.26196676406249997 0.005580357812500001 0.266322165625 0 0.007355925000000001 0
1 0.4162450390625 0.0412450390625 0.40694444374999994 0.0579861109375 0.4001240078125 0.0939484125 0.398883928125 0.1175099203125 0.4000436984375 0.1296875 0.4044229453125 0.1296875 0.5609375 0.09898656875 0.5609375 0.09352324375 0.556994046875 0.040004959374999996 0.5501736109375 0.0040426578125 0.54893353125 0.002802578125 0.4348462296875 0.0269841265625 0.419965278125 0.0443452375 0.4162450390625 0.0412450390625
5 0.2674453953125 0 0.23969494062500002 0.030319940625000003 0.199392359375 0.0613219234375 0.184511409375 0.085503471875 0.1783110125 0.1152653765625 0.16653025625 0.1704489078125 0.1919518859375 0.1834697421875 0.19443204375 0.1723090265625 0.2310143859375 0.1890500984375 0.2291542640625 0.1995907734375 0.23969494062500002 0.1995907734375 0.2682167640625 0.22067212343749998 0.2694568453125 0.2349330359375 0.27379712343749996 0.2436135921875 0.273177084375 0.2485739078125 0.278757440625 0.26035466406249996 0.28371775625 0.2684151796875 0.29921875 0.27523561406249997 0.3085193453125 0.2863963296875 0.32704037656249996 0.303125 0.3281358515625 0.303125 0.355642359375 0.2591145828125 0.3804439484375 0.23059275625 0.40958581406250005 0.2008308515625 0.41268601250000003 0.19277033593749998 0.40028521875 0.1375868046875 0.39656498125 0.117125496875 0.4102058515625 0.047061010937499995 0.41888640937500005 0.042100695312500006 0.44058779843749996 0.017919146875 0.4608961640625 0 0.2674453953125 0
2 0 0.12461009687499999 0.0061764968750000005 0.1268159890625 0.08244137812499999 0.14851737812500002 0.1552788140625 0.16875 0.167718471875 0.16875 0.17606736875 0.1317763078125 0.18164772812500002 0.1007743234375 0.1847479265625 0.08093305468749999 0.1990088390625 0.0623318625 0.2225703453125 0.044970753125 0.2359375 0.0305342265625 0.2359375 0.02974633125 0.1587062578125 0.0548913859375 0.13638483125 0.0654320625 0.09670229218750001 0.0772128140625 0.08926181562499999 0.0883735296875 0.070660625 0.09395388593750001 0.05701975 0.10263444375 0.0415187578125 0.1051146015625 0.0024562578125000003 0.110694959375 0 0.11089964687500001 0 0.12461009687499999
3 0.1547588046875 0.55 0.169295634375 0.5370783734375 0.21083829375000002 0.4893353171875 0.2610615078125 0.434771825 0.2640625 0.42705498906250006 0.2640625 0.422271825 0.2406001984375 0.3988095234375 0.21207837343749997 0.3758680546875 0.135193453125 0.4546130953125 0.096130953125 0.5017361109375 0.10233135 0.5221974203124999 0.07594245937500001 0.55 0.1547588046875 0.55
1 0.0729511140625 0.55 0.10243055625 0.5210565484374999 0.09499007968749999 0.5005952390624999 0.13033234062500001 0.45967261875 0.15 0.39709370312500003 0.15 0.3946279765625 0.07638888906249999 0.40014880937499997 0.005084325 0.3976686515625 0 0.3972106046875 0 0.5375204250000001 0.0440317078125 0.55 0.0729511140625 0.55
5 0.3904947921875 1 0.40234375 0.9908854187500001 0.416927084375 0.97491319375 0.42456597343749997 0.96171875 0.43012152812500004 0.9443576406249999 0.4390625 0.8587797625 0.4390625 0.8157769109374999 0.43359375 0.808940971875 0.3474826390625 0.7797743046875001 0.3252604171875 0.7665798609375 0.2967881953125 0.76796875 0.267621528125 0.7610243046875 0.2217881953125 0.764496528125 0.207204859375 0.7533854171875 0.192621528125 0.7624131953125 0.15234375 0.7783854171875 0.13359375 0.7811631953125 0.12387152812499999 0.7853298609375 0.0974826390625 0.81171875 0.07248263906249999 0.827690971875 0.040538195312500004 0.8561631937499999 0.0224826390625 0.8797743046875001 0.01484375 0.8957465296875 0.014149306249999999 0.9144965296875001 0.0224826390625 0.9325520828125 0.02039930625 0.9415798609374999 0.006510417187500001 0.9672743046875001 0.006510417187500001 0.9811631937499999 0.017447917187500002 1 0.3904947921875 1
10 0.7280625 0.64146875 0.7140625 0.6794687500000001 0.6990624999999999 0.68446875 0.7000625 0.71646875 0.7130625 0.74746875 0.7360625 0.76846875 0.7710625 0.7824687499999999 0.8053750000000001 0.784375 0.8072781250000001 0.784375 0.8300625 0.7744687499999999 0.8520625 0.75146875 0.8609375 0.72750625 0.8609375 0.68940056875 0.8510625 0.66246875 0.8330624999999999 0.64146875 0.8040625 0.62646875 0.7760625 0.6244687499999999 0.7480625 0.62946875 0.7280625 0.64146875
10 0.6296875 0.8021956515625 0.639625 0.8127812500000001 0.6413303578125 0.81875 0.64471875 0.81875 0.668625 0.81078125 0.6916249999999999 0.79478125 0.7140625 0.77234375 0.7140625 0.7646437500000001 0.669625 0.67478125 0.665625 0.67478125 0.6296875 0.7136326015625001 0.6296875 0.8021956515625
2 0.7440013750000001 0.55 0.7303867453125 0.5629974 0.7303867453125 0.5653225875000001 0.7393605640625001 0.5742911578125 0.7516580312500001 0.5875779234375 0.746672559375 0.595217821875 0.7376987406250001 0.6048507515625 0.7263983734374999 0.6171410015625 0.718089278125 0.62644175 0.7263983734374999 0.639728515625 0.737034015625 0.6344137812499999 0.7599671265625 0.6257773921875 0.776917665625 0.6234522046875 0.79453293125 0.6244487203125 0.8108187484375 0.6271060640625 0.8124805703125 0.5849206015624999 0.8144747453125 0.562000884375 0.8136522953125 0.55 0.7440013750000001 0.55