10 0.5961247359375 0.6512751328124999 0.60609784375 0.6583987812500001 0.68873216875 0.5942859421875 0.7072536546875 0.5615171578125 0.7400224390625 0.550119321875 0.7528450062500001 0.538721484375 0.7585439265625 0.525898915625 0.7528450062500001 0.48458175312499996 0.655963384375 0.356356075 0.6488397359375 0.35778080624999997 0.6046731140625 0.44896350937499996 0.566205409375 0.45751188750000005 0.4949689234375 0.4304420234375 0.47787216718750003 0.4304420234375 0.41375932656250003 0.4760333734375 0.3966625703125 0.4945548609375 0.3909636515625 0.520199996875 0.402361490625 0.5486945921874999 0.466474328125 0.637027834375 0.483571084375 0.6526998625 0.55338284375 0.64700094375 0.5961247359375 0.6512751328124999
10 0.537710815625 0.6455762140625 0.5177646 0.6455762140625 0.5106409515625 0.65412459375 0.483571084375 0.6626729703125 0.3980873 0.6612482421875 0.38526473125 0.666947159375 0.36959270625 0.68831810625 0.35819486718750004 0.8193932437500001 0.7229256828125 0.8193932437500001 0.7229256828125 0.7937481078124999 0.732898790625 0.7624040546875 0.7257751421874999 0.7410331078125 0.7257751421874999 0.7096890515625 0.715802034375 0.6897428359375 0.6958558171875 0.6797697281249999 0.6303182484375001 0.6726460796875 0.5918505453125 0.6498504031250001 0.537710815625 0.6455762140625
10 0.7699417640624999 0.7082643234375 0.7927374390625 0.69971594375 0.815533115625 0.6797697281249999 0.8297804140625 0.6526998625 0.8326298718749999 0.6299041859375001 0.8283556828125 0.6071085109375 0.818382575 0.590011753125 0.779914871875 0.5586677 0.7499955468749999 0.5486945921874999 0.721500953125 0.554393509375 0.7015547375 0.567216078125 0.6759096015625 0.619931078125 0.6744848703125 0.6512751328124999 0.684457978125 0.6726460796875 0.7257751421874999 0.703990134375 0.7699417640624999 0.7082643234375
10 1 0.2279333109375 0.982226496875 0.2480766140625 0.9779523078125001 0.2694475609375 0.9708286578124999 0.276571209375 0.9010168999999999 0.28796904687499997 0.8981674406250001 0.3050658046875 0.8782212250000001 0.306490534375 0.8582750078125001 0.319313103125 0.7756406828125 0.4047968875 0.7371729796875 0.45466242812499996 0.7400224390625 0.47175918437500003 0.7656675749999999 0.5059527 0.7898879796875 0.5586677 0.85400081875 0.614232159375 1 0.5766895125 1 0.2279333109375
10 0.68303325 0.23382931718750002 0.680183790625 0.24665188593749998 0.7101031140625 0.3022163453125 0.7542697375 0.306490534375 0.969403928125 0.27799593906250003 0.9765275765625001 0.265173371875 0.969403928125 0.2623239125 0.95515663125 0.223856209375 0.6958558171875 0.223856209375 0.68303325 0.23382931718750002
10 0.68303325 0.3335604 0.6858827093750001 0.37060337187500003 0.70013000625 0.3862754 0.7243504125 0.3990979671875 0.7585439265625 0.401947428125 0.7756406828125 0.3976732390625 0.7970116296875001 0.38057648125 0.8098341984375 0.35920553437499997 0.8098341984375 0.29794215468749996 0.7542697375 0.3050658046875 0.7229256828125 0.3050658046875 0.7015547375 0.29794215468749996 0.68303325 0.3335604
10 0.6132214921875 0.436140940625 0.6502644656250001 0.35778080624999997 0.6545386546875 0.3449582375 0.65168919375 0.3107647234375 0.6744848703125 0.3107647234375 0.697280546875 0.28796904687499997 0.68303325 0.2580497234375 0.6773343296875 0.223856209375 0.3781410828125 0.223856209375 0.3254260828125 0.319313103125 0.3254260828125 0.3463829671875 0.33967338125 0.3634797234375 0.40378621875 0.3933990484375 0.435130275 0.39197431875 0.43655500312499995 0.407646346875 0.4622001390625 0.4261678328125 0.5063667609375 0.4318667515625 0.5605064921875 0.45751188750000005 0.5932752765625 0.45466242812499996 0.6132214921875 0.436140940625
10 1 0.578305225 0.8767964953125 0.60568378125 0.851151359375 0.621355809375 0.84260298125 0.6427267546875 0.8440277109375 0.691167565625 0.8468771703125 0.715387971875 0.8611244671874999 0.7438825671875 0.868248115625 0.8193932437500001 1 0.8193932437500001 1 0.578305225
10 0.42515716562500006 0.46463553593749995 0.3168777046875 0.42189364375 0.28695838125 0.4275925640625 0.26986162187499996 0.45751188750000005 0.21572189218750001 0.7082643234375 0.200049865625 0.756705134375 0.1957756765625 0.80087175625 0.20432405625 0.8193932437500001 0.359619596875 0.8193932437500001 0.368167975 0.7096890515625 0.3752916234375 0.6797697281249999 0.3980873 0.6626729703125 0.42230770624999997 0.6583987812500001 0.435130275 0.641302025 0.4622001390625 0.638452565625 0.4622001390625 0.6313289171875 0.40378621875 0.5529687812499999 0.3909636515625 0.525898915625 0.3966625703125 0.49313013124999994 0.42515716562500006 0.46463553593749995
10 0 0.6858475421875 0.19007675625 0.6968664859375 0.2142971640625 0.6925922953125 0.22569500156250002 0.66979661875 0.23709283750000001 0.6227805375 0.2613132453125 0.5159258078125 0.2598885140625 0.4945548609375 0.04332959375 0.48885594218749995 0 0.4913319203125 0 0.6858475421875
10 0.1658563515625 0.49170540156250003 0.20147459531249998 0.4817322921875 0.22427027187499998 0.46036134687499997 0.2427917578125 0.43329148125000005 0.2513401359375 0.401947428125 0.24991540625000003 0.3791517515625 0.2399422984375 0.36205499531249996 0.19720040625 0.325012021875 0.17298 0.3164636421875 0.1516090546875 0.31788837187499996 0.11599081093750001 0.3349851296875 0.0917704046875 0.36205499531249996 0.08179729687500001 0.39197431875 0.0860714859375 0.4204689140625 0.117415540625 0.47175918437500003 0.134512296875 0.48458175312499996 0.1658563515625 0.49170540156250003
10 0.0917704046875 0.74815675625 0.06754999843750001 0.7082643234375 0.0476037828125 0.6954417546875 0.0148349984375 0.7168127015625 0.00201243125 0.7424578359375 0.0005877015625 0.786624459375 0.01341026875 0.8122695953125 0.021958646875 0.8193932437500001 0.1516090546875 0.8193932437500001 0.164431621875 0.7965975671875001 0.16728108125000002 0.7795008109375 0.1302381078125 0.7795008109375 0.0917704046875 0.74815675625
10 0.2598885140625 0.3520818859375 0.3624690578125 0.4147699953125 0.38241527343750004 0.41049580625 0.3966625703125 0.38912485937499997 0.33824865000000004 0.36205499531249996 0.3268508140625 0.34923242656250003 0.324001353125 0.325012021875 0.3795658140625 0.223856209375 0.3282755421875 0.223856209375 0.2812594609375 0.2794206703125 0.24991540625000003 0.3292862109375 0.2598885140625 0.3520818859375
10 0 0.4881744453125 0.016259728125 0.48600648125 0.036205943750000004 0.4632108078125 0.0803725671875 0.401947428125 0.09604459531250001 0.356356075 0.117415540625 0.3321356703125 0 0.3861198265625 0 0.4881744453125
10 0 0.3871649015625 0.07324891875 0.34923242656250003 0.2100229734375 0.29509269531250004 0.22569500156250002 0.2836948578125 0.2342433796875 0.2552002625 0.254189596875 0.223856209375 0 0.223856209375 0 0.3871649015625