7 0.241423925 0.06359333125 0.22933459374999998 0.052838270312500005 0.223273428125 0.0621776921875 0.219459778125 0.071412059375 0.2109972484375 0.0638835171875 0.206059840625 0.073170409375 0.1957591578125 0.0861040375 0.20136145 0.10055835625000001 0.2431300546875 0.1608667828125 0.2537549328125 0.167162240625 0.25824996875 0.1669521359375 0.2682621265625 0.180068315625 0.2732682046875 0.186626409375 0.2951471765625 0.1776796484375 0.2922182703125 0.1687604375 0.28358539375 0.158975828125 0.284368459375 0.154411171875 0.285764240625 0.143025790625 0.283703571875 0.1306699546875 0.2605800015625 0.09326232031250001 0.241423925 0.06359333125
7 0.46049310156249995 0.6499249953125 0.475409659375 0.6831881875 0.5330620828125 0.6850214640625001 0.5659066234375 0.6868822953125 0.5780124578125 0.682920403125 0.5930637 0.6731607703125 0.59885284375 0.675154203125 0.6064636390625 0.67140241875 0.6260950921874999 0.6625607125 0.6211906890625001 0.642413703125 0.5803754953125 0.579796684375 0.571657446875 0.568884040625 0.560862221875 0.56033251875 0.5282045296875 0.5460108 0.50392419375 0.538089596875 0.49554683749999995 0.5316890843750001 0.485705025 0.52082896875 0.4805286015625 0.5120148140625 0.46964820312500005 0.5023352562500001 0.449759390625 0.510056978125 0.451038834375 0.52471335625 0.455874565625 0.52901538125 0.45568771406249997 0.5414762703125 0.45619875781249997 0.5482444656250001 0.449610046875 0.56553264375 0.445337521875 0.5985607515625 0.44860712343750003 0.6119920921875 0.46049310156249995 0.6499249953125
7 0.5068174359375 0.5017299140625 0.47968221875 0.5029982625 0.48744150468749997 0.51395571875 0.49615955468750006 0.5248683609375 0.5061717140625 0.5379845421875 0.5210361046875 0.540685796875 0.5068174359375 0.5017299140625
7 0.7040758828125 0.49096586875000003 0.6871622703125 0.4987829421875 0.6716758171875 0.5100465562500001 0.6595723625 0.535205040625 0.6667789203125001 0.568829609375 0.6928722781250001 0.5898605421875 0.7006595640625 0.58481221875 0.720303309375 0.53587961875 0.7301865875 0.49677190781249997 0.7260813390624999 0.48876621093750006 0.7040758828125 0.49096586875000003
7 0.3923973375 0.47990977968750004 0.3933342453125 0.49231813906250005 0.396348325 0.5023653828125 0.40091203281250004 0.5180002609375001 0.41264977500000005 0.5265077296875 0.42536271406250004 0.52817753125 0.434880334375 0.5198085640625 0.44232078281250004 0.5138007171875 0.4519235734375 0.506559778125 0.4629221515625 0.4879334625 0.46889814531249996 0.47746601093749996 0.4713490171875 0.45018311874999994 0.4620347515625 0.4313742453125 0.44087017343749996 0.419911359375 0.4106825140625 0.438302596875 0.3923973375 0.47990977968750004
7 0.6651849921874999 0.5679084375000001 0.6589178140625 0.529712903125 0.656005409375 0.506076740625 0.659920734375 0.483253453125 0.6647729671875 0.47283852499999995 0.6609923234374999 0.4526389875 0.6583354421875 0.43238692500000003 0.6460757640625 0.419375796875 0.6375280578125 0.41071922031249997 0.61816863125 0.4082280734375 0.6130608750000001 0.41525890312499997 0.600171978125 0.42378545 0.5966303515625 0.4216869640625 0.588167821875 0.41415842031250005 0.5712262578125 0.41381828593750003 0.5658629828125 0.4174650171875 0.5512211046875 0.44758176875 0.5529245765625 0.470142425 0.5620684953125 0.48669522656249997 0.57210785 0.5020741656250001 0.5701573265625 0.519145546875 0.568591196875 0.5282748625 0.5702094953125 0.549707484375 0.571572271875 0.5677560078125 0.588838025 0.5873252265625 0.604708 0.618279825 0.6285294625 0.6499947749999999 0.6379454015625 0.6552147234375 0.664932128125 0.639237134375 0.6899433625 0.6120317453124999 0.6918666906250001 0.5926976078124999 0.6841020515625 0.579476375 0.6651849921874999 0.5679084375000001
7 0.4290591328125 0.6041434453125001 0.4433885484375 0.58785921875 0.4454289203125 0.56336628125 0.44931944375 0.5504976953125 0.45209409218749996 0.5357294625 0.443387403125 0.5234496921875 0.4297477484375 0.5231113296875 0.4142434921875 0.5238360281250001 0.40878207499999997 0.5416575531250001 0.3878308578125 0.5475163640625 0.37304641875 0.5706531765625 0.3684071671875 0.5864844687499999 0.344093878125 0.599331746875 0.317901528125 0.625929496875 0.2875983734375 0.66247841875 0.3238925375 0.6666373812499999 0.3673369515625 0.675341640625 0.3908870515625 0.6781444796875 0.3936617015625 0.6633762453125 0.403072609375 0.6463460171875 0.4089011625 0.63338684375 0.41666774687499997 0.620337084375 0.4290591328125 0.6041434453125001
7 0.166044328125 0.59809025625 0.2103889703125 0.5362922593749999 0.2012932171875 0.2767369234375 0.1863874890625 0.24932764375 0.15000498281250002 0.2311198140625 0.1142697546875 0.2369391234375 0.14594266875 0.6564129249999999 0.14826830625 0.6563042203125 0.1598257359375 0.6393688375 0.1599485453125 0.6100860171875 0.166044328125 0.59809025625
7 0.3098253171875 0.4004831015625 0.3323767984375 0.3900603375 0.3411146046875 0.3357820875 0.33915876875 0.32533375625 0.32693113125 0.3024836328125 0.30349851562499996 0.3012367453125 0.2941959609375 0.301671565625 0.283272671875 0.31155080625 0.25592975625 0.36669869374999997 0.2618146171875 0.382818790625 0.260810675 0.400431965625 0.27599809375 0.41611724375000003 0.296840728125 0.41397193750000005 0.3098253171875 0.4004831015625
7 0.39096108125 0.5477604125 0.4067999875 0.5411646578125 0.4053020640625 0.5213262578125 0.39843060625 0.50759444375 0.32851991406250003 0.4780718609375 0.31224044375000004 0.47883279375 0.30829406875 0.48838592031249994 0.29227894062500004 0.4926477453125 0.29083443125 0.504426096875 0.299590959375 0.512214384375 0.2962613796875 0.5299362624999999 0.3126997296875 0.54673415625 0.3146555671875 0.5571824875 0.3728673 0.5708567296875 0.39096108125 0.5477604125
7 0.413933034375 0.4038145015625 0.4021459625 0.386799203125 0.379065803125 0.3902201765625 0.3669089296875 0.3837619109375 0.3097372046875 0.39931613593750004 0.295589796875 0.41285932656249996 0.2735843421875 0.415058984375 0.2638065234375 0.4401087640625 0.26459954531249996 0.4506114484375 0.2851604921875 0.4601901421875 0.2897063078125 0.47403066093749996 0.3300525328125 0.46746047500000004 0.381057709375 0.4475101515625 0.387699521875 0.4272912875 0.4113257078125 0.4156472078125 0.413933034375 0.4038145015625
7 0.3836289671875 0.388835803125 0.3999084359375 0.388074871875 0.40857685468750005 0.39469619375 0.419641671875 0.41760067031250003 0.44807801718749996 0.4232980046875 0.46058734218749997 0.43442413125 0.47334365937499995 0.4642760390625 0.483985259375 0.46612079843750004 0.4887419984375 0.4518454625 0.5092321796875 0.44503229843750003 0.5659099234375 0.39202649843750004 0.5863119921875 0.384046371875 0.620332790625 0.35552126093749997 0.657348065625 0.2893815203125 0.6575416374999999 0.27649055625 0.65022961875 0.2569239171875 0.6298622421875 0.234454259375 0.608860728125 0.21904074062499998 0.5558462984375 0.19692598125 0.5294539078125 0.20284394374999998 0.503308503125 0.22748769218749998 0.497565171875 0.24415131093750003 0.4967027609375 0.294548203125 0.4893560453125 0.3054313484375 0.48403593125000005 0.3431546890625 0.4387033234375 0.33004953125 0.43102150000000006 0.3210399296875 0.4111654578125 0.32079694999999997 0.4012287625 0.3282879109375 0.3924201890625 0.366174303125 0.38184935468750003 0.380721403125 0.3836289671875 0.388835803125
7 0.6595723625 0.535205040625 0.6730148625 0.5123261328125001 0.6897522484375 0.5021751328125 0.7300984749999999 0.4956049453125 0.7492455375 0.4555489515625 0.74421548125 0.388931234375 0.7086376734375001 0.41229006406249996 0.6692780390624999 0.4164719703125 0.6537915875 0.427735584375 0.6623371921875 0.463639728125 0.651731659375 0.5086366156250001 0.6595723625 0.535205040625
7 0.3693226796875 0.384820171875 0.38371708125000004 0.39000276562499997 0.3932132078125 0.376676984375 0.4032900625 0.3246783125 0.40188025156249996 0.30600687656250003 0.39026940625 0.29132550468749996 0.37113561562499997 0.2851933515625 0.35279484375000003 0.2895638828125 0.3396166828125 0.3159436875 0.34102649375 0.33461512031249996 0.3298922828125 0.3726102203125 0.3323767984375 0.3900603375 0.3693226796875 0.384820171875
7 0.48051003124999997 0.21918466718750002 0.4967187375 0.20203187812499998 0.4983394703125 0.1925874546875 0.4934238515625 0.1893039671875 0.49192592812499997 0.16946556875000002 0.48683408437500003 0.1638481546875 0.4556141875 0.16764959375 0.437344184375 0.1884119828125 0.38498261562499997 0.221307621875 0.3790630546875 0.23563731250000003 0.4000819171875 0.23582593593749998 0.43449123749999996 0.25881033124999997 0.45232067656249997 0.23221312031250002 0.48051003124999997 0.21918466718750002
7 0.2485802921875 0.2229989765625 0.27181933125 0.2371368265625 0.289772953125 0.258548225 0.315989121875 0.25029633281249997 0.3336076375 0.2518149796875 0.3545557359375 0.23561174375 0.35753286093750003 0.21322200625 0.3480006625 0.1797061421875 0.3201811109375 0.1821775625 0.2611243125 0.20367531562500002 0.2523504359375 0.21111191875 0.2485802921875 0.2229989765625
7 0.7157533734375 0.29016480312500004 0.7295136328125 0.3024035390625 0.73789059375 0.3051649015625 0.733078259375 0.241430675 0.708669621875 0.22725741249999998 0.6394104171875 0.175453796875 0.5999453234375001 0.19369363281250002 0.590889759375 0.2128542375 0.6149391671875 0.222269875 0.6413849765624999 0.24796866718750002 0.6517448906250001 0.261537425 0.6585108828124999 0.28932716875 0.6895545546874999 0.283191796875 0.7157533734375 0.29016480312500004
7 0.52740720625 0.036645781249999995 0.5070224859375 0.02940101875 0.49675068749999995 0.016999225 0.48521060625 0.0187097125 0.469036596875 0.0054127140625 0.455611440625 0.0130667296875 0.430153596875 0.06227108906249999 0.42273748749999995 0.1340538109375 0.45806263593749996 0.13825806875 0.477566225 0.1338331859375 0.5022497734375 0.136192684375 0.51264438125 0.119311653125 0.520906928125 0.089648365625 0.5319183296875 0.080936090625 0.52740720625 0.036645781249999995
7 0.43403194999999994 0.19090896875000002 0.4579398265625 0.167540890625 0.4904106546875 0.1648520625 0.5012458296875 0.1538058578125 0.49062157968750003 0.13673620625 0.45260099218749994 0.1431976875 0.429890628125 0.136061628125 0.4021591921875 0.1397000125 0.3537439953125 0.1630425234375 0.3891052109375 0.214088425 0.398407765625 0.21365360625 0.41371799375 0.20005606406249998 0.43403194999999994 0.19090896875000002
7 0.18823511875 0.11925103906250001 0.1116807375 0.202650365625 0.1139245390625 0.2323671203125 0.119683565625 0.23136600624999998 0.12382351093749999 0.2089219171875 0.13814714374999998 0.1977126546875 0.1652444453125 0.2011304109375 0.176414725 0.209976959375 0.1857880421875 0.2259339984375 0.1929411875 0.22794181562500002 0.2187167890625 0.21385510000000002 0.2538122921875 0.184108675 0.253019275 0.17360599375000002 0.2041621375 0.1138222484375 0.18823511875 0.11925103906250001
7 0.451739953125 0.2708860125 0.43563670937500004 0.273980875 0.42828999218749997 0.2848640203125 0.427638503125 0.3071450546875 0.4322724328125 0.322152540625 0.45068396875000005 0.33417386875 0.4860972296875 0.3395450875 0.4950993765625 0.28876773125 0.4787491390625 0.27313680625000003 0.451739953125 0.2708860125
7 0.4375217796875 0.2680373453125 0.4824138234375 0.2753076765625 0.49494049687499997 0.2712089109375 0.500718525 0.2240955015625 0.48990069687500004 0.2199168125 0.457870434375 0.228440465625 0.4387019484375 0.2527581 0.4375217796875 0.2680373453125
7 0.2582394171875 0.459106315625 0.2697260828125 0.425779075 0.2605983796875 0.3512563921875 0.2331312828125 0.3583956703125 0.20922340312499998 0.38176374687500003 0.2052596859375 0.40654176875000003 0.20830895 0.4778353203125 0.2388065921875 0.47992305625 0.2582394171875 0.459106315625
7 0.3408543859375 0.5641554875 0.312611615625 0.545567190625 0.29967907031249996 0.51338135 0.275647015625 0.4887408203125 0.2698502640625 0.4737876859375 0.2636837171875 0.4693915875 0.2508927015625 0.4699894640625 0.2356705890625 0.4847539703125 0.24627749531249998 0.5170485171875 0.24525620468749998 0.5498865859375 0.2965444421875 0.595503696875 0.32838112812500003 0.5998710078125 0.342440425 0.5851608546875 0.3408543859375 0.5641554875
7 0.5452047 0.1950812234375 0.55568741875 0.179367159375 0.5383679406249999 0.15089962031249998 0.539565453125 0.12039548281250001 0.5252591703125 0.1163798484375 0.5138072015625 0.11925730000000001 0.5067955890625 0.1500332015625 0.49049876875000004 0.166019028125 0.4930714 0.184636109375 0.500224540625 0.1866439265625 0.5054926109375 0.19459527031249998 0.49779344375 0.20081055781249998 0.49088729062500003 0.2175285328125 0.5028679375 0.2216528671875 0.5452047 0.1950812234375
7 0.257109925 0.3514194484375 0.2868665921875 0.2973298203125 0.2893858046875 0.28433015156249997 0.284681109375 0.2529308078125 0.2728940375 0.23591551093750002 0.2487565171875 0.2253329078125 0.21663814062500003 0.23268959374999998 0.19729342968750002 0.25467329843750003 0.20307283125 0.2848513265625 0.2032504296875 0.3644766859375 0.210756025 0.3711523609375 0.2256964515625 0.36811185156250004 0.240020084375 0.3569025890625 0.257109925 0.3514194484375
7 0.319125125 0.2454654171875 0.284592996875 0.2517638453125 0.2886635515625 0.2902193265625 0.2964334875 0.300395896875 0.323442671875 0.302646690625 0.33935234375 0.312442790625 0.3520725890625 0.2954530578125 0.34960542031249997 0.262778046875 0.3420117125 0.2549354078125 0.319125125 0.2454654171875
7 0.184784103125 0.243547175 0.1856999296875 0.22476703437499998 0.17891658906250002 0.212202184375 0.16640726249999999 0.20107605781250001 0.1485244078125 0.1960565203125 0.1324211625 0.19915137968750002 0.1125477703125 0.214133296875 0.11431229375 0.2375025140625 0.15858528593750001 0.2365741703125 0.184784103125 0.243547175