1 0 0 0 0.11094816874999999 0.037776264062499995 0.099622834375 0.1226599078125 0.07621169531250001 0.13125 0.025253248437499997 0.13125 0.018541309375000002 0.1082995796875 0 0 0
5 0 0.2046875 0.00352200625 0.2046875 0.1066892796875 0.18667631093749998 0.11971570312499999 0.14333552656249998 0.149935815625 0.0933523703125 0.055638176562499995 0.0977280984375 0 0.11298908125 0 0.12125652656250001 0.0033339156250000003 0.124189025 0.0020736515625 0.1801838953125 0 0.18117161875 0 0.2046875
7 1 0.24063841562500002 0.9366701265625 0.3013594796875 0.9306124921875 0.3243418390625 0.9050080859375 0.34842480625 0.8936799624999999 0.373007021875 0.8401047984375 0.408601021875 0.8169498546874999 0.447043 0.8158302484375 0.4612771984375 0.8638073765625001 0.49685419375000006 0.8659169921875 0.5 0.9658347781250001 0.5 0.9783060953125 0.46874322656249995 1 0.4534762625 1 0.24063841562500002
7 0.7128261968749999 0.010751875 0.7005006796875 0.013889182812500001 0.6887569765625 0.0295360203125 0.6811641546875 0.0578172015625 0.6550610515625 0.0711777140625 0.6369272500000001 0.102658609375 0.623066546875 0.11109473750000001 0.5995009437500001 0.21732077656249998 0.593946928125 0.3277450296875 0.583987759375 0.343454271875 0.5737401453125 0.391268471875 0.5761896078125 0.40562748125 0.5873124015625 0.414937296875 0.6139973171875 0.4140863125 0.6361723453125 0.428125 0.642061746875 0.428125 0.6748377578125 0.41978226875 0.710567565625 0.3835642078125 0.7447181687500001 0.3133917109375 0.7445079171875 0.27056430468750003 0.7671875 0.157743134375 0.7671875 0.153297378125 0.7564080140625 0.10505273906249998 0.7447034078125 0.083233396875 0.749181834375 0.0262966015625 0.7128261968749999 0.010751875
7 0.790646025 0.5 0.7976545765624999 0.482127509375 0.8312673859374999 0.4386987390625 0.8506039078125 0.3947707234375 0.8838451546874999 0.3816598328125 0.932687621875 0.3209219609375 0.9423143265625 0.29806441562499997 0.932433353125 0.238841296875 0.9547180375 0.21999474375 0.95625 0.21251898906250002 0.95625 0.203918246875 0.9404808515624999 0.1820293125 0.9184846140625 0.16877091093750002 0.8927139734375 0.189279728125 0.8881084109374999 0.20517619062499998 0.8507162812499999 0.2056527375 0.8191764562499999 0.2170389578125 0.75331979375 0.295023525 0.6992508562499999 0.396614509375 0.6476264609375 0.43584506718749993 0.6379997562499999 0.4587026140625 0.6373788453125 0.48365926562499995 0.648752403125 0.5 0.790646025 0.5
7 1 0.0304291078125 0.990120375 0.037465753125 0.97929095 0.0727704203125 0.9511148625000001 0.118173484375 0.9125 0.1573160234375 0.9125 0.1651402078125 0.9512028984375 0.19667999687499998 0.9438594265625 0.2303224046875 0.9317001421875 0.237033865625 0.9413751906249999 0.29375 0.9423889265625001 0.29375 1 0.24719799843749998 1 0.0304291078125
7 1 0 0.7845982031250001 0 0.7588246453125 0.008493226562500001 0.750483784375 0.020690725 0.7471249609375 0.0633933203125 0.7743916890625 0.0750518640625 0.7956398859375 0.0722265859375 0.8104148656250001 0.0834482890625 0.856092284375 0.09375 0.8596330375000001 0.09375 0.970690596875 0.08191653125000001 0.9823511859374999 0.06448261875 0.98322144375 0.0448871921875 1 0.0315344625 1 0
4 1 0.66530976875 0.991131871875 0.65733955625 0.9821818562499999 0.6558495671875 0.9737838171875 0.6513266843750001 0.9598199000000001 0.651380146875 0.9452429609374999 0.6579406156250001 0.936932134375 0.6484547140625 0.9235201937500002 0.6454752781249999 0.8700144999999999 0.6538508296875 0.843919546875 0.663167146875 0.804964628125 0.6664711343749999 0.7528096078125 0.6831185609375 0.74975940625 0.6864268765625 0.7495588140624999 0.69784181875 0.754162809375 0.7196245515624999 0.7519636375000001 0.7312598296875 0.7527561453125 0.7712950187500001 0.7618918375 0.7905967828125 0.7808434890625 0.79048878125 0.8023718578124999 0.7856386390625 0.8139509203124999 0.779408678125 0.8345061656249999 0.7731798 0.9030971640625001 0.7576923953125 0.9215230046875 0.75912838125 0.9329276421875001 0.7628244546875 0.9853555499999999 0.7590257890625 0.9958917187499999 0.75538750625 1 0.752250559375 1 0.6930586328125 0.9922645124999999 0.6780189765625 0.9928164875000001 0.6749860828124999 0.9993642078124999 0.6712921734374999 1 0.6692365578125 1 0.66530976875
0 0.6312055109375 1 0.6414006140625 0.9926256921875 0.6514958171874999 0.9855686421875 0.667636984375 0.9619941531249999 0.6824442421875 0.9266785593750001 0.6860693437500001 0.8906144046875 0.6865577375 0.8628215062500001 0.703065890625 0.831281115625 0.7112327546875 0.8204739374999999 0.7125 0.8186968453125001 0.7125 0.810721771875 0.7095660578125 0.8018347562500001 0.699715053125 0.7949953578125 0.6908456609375 0.7890384203125 0.6800130453125 0.781316559375 0.658138503125 0.7777840828125 0.6421710734375 0.7785537640625 0.6201395453125 0.78395471875 0.6090452890625 0.7911219125000001 0.5999142578125001 0.8000540234375 0.5195237640625 0.8921340078125001 0.5041890921875 0.9136382218750001 0.4998614640625 0.9329382578125 0.4965677734375 0.950142946875 0.50228301875 0.9653637453125 0.510960540625 0.9822393234375 0.5217757125 0.9909537859374999 0.5308900859375 1 0.6312055109375 1
0 0.64446546875 0.5210358625 0.5984043046874999 0.5320580546875 0.5764076609375 0.535473803125 0.53837381875 0.543629646875 0.5112772484375 0.553551728125 0.4992362671875 0.5578512531250001 0.49608211874999997 0.5671151140624999 0.55357690625 0.7921875 0.5662656390625 0.7921875 0.589890428125 0.789582934375 0.62890588125 0.78230955 0.662014221875 0.7707340078125 0.684115521875 0.7613626390625 0.7070667281249999 0.74793485 0.709510509375 0.7347865828125 0.7126646578125 0.7255227234375 0.715625 0.7142207390624999 0.715625 0.7023224406249999 0.6813258296875 0.5229161953125 0.6753838296875 0.5205992421875 0.6594338437499999 0.5203763218749999 0.64446546875 0.5210358625
0 0.7642102140625 0.5 0.752198359375 0.5054003406249999 0.7431196531250001 0.5113546437500001 0.7358995171875 0.5250294906249999 0.7335176671875001 0.5470870531250001 0.734992496875 0.5766448734375 0.7406379703124999 0.5958360859375 0.7473173828125 0.6129319484375 0.7629359578124999 0.6320143359375 0.7698770109374999 0.634221146875 0.772648903125 0.634375 0.7851127328125 0.634375 0.8038274218750001 0.6314688921875 0.8269452171874999 0.6209947781249999 0.8369008781249999 0.6218785546875 0.8659606734375 0.61372139375 0.877037484375 0.6075468046875 0.9030652312499999 0.6017052781250001 0.9111099953124999 0.597846325 0.9172961921875 0.5862668296875 0.923639371875 0.5657539015624999 0.9265625 0.547350971875 0.9265625 0.5421036515625 0.9233729109375 0.5241746968750001 0.9167632703125002 0.5031084203125 0.91528111875 0.5 0.7642102140625 0.5
0 1 0.5 0.947930015625 0.5 0.9451626734375 0.507416484375 0.9345965203125001 0.541273828125 0.93314395625 0.5671916609375 0.9328125 0.5860537265625 0.9328125 0.5902135828125 0.9365471218749999 0.600499609375 0.9453292984375 0.6114195671875 0.9701661218750001 0.616606821875 1 0.6177528203125 1 0.5
0 1 0.8211689343749999 0.9814401890625 0.822026390625 0.9815099609375 0.8180559765625001 0.980929528125 0.794343634375 0.962034709375 0.7914733328125 0.9601761421875 0.7837527921875 0.9072262500000001 0.7895903640624999 0.9021263234374999 0.7960967 0.898077778125 0.79951508125 0.8799901390624999 0.807453275 0.8640052656249999 0.8092155609375 0.8490194484375 0.8108677046875 0.8429902359374999 0.81351376875 0.8270053656249999 0.8152760546875001 0.8169973781250001 0.8173700875 0.7920035703125 0.8211162625 0.7860441296875 0.8197919125 0.7760710296875001 0.8199007375 0.7620842624999999 0.8214427375 0.749131440625 0.8208893890625 0.738298825 0.813167528125 0.7172663531250001 0.8184583406249999 0.7072234796875 0.82253758125 0.6969712937500001 0.8385280625 0.6916097234375 0.8599234484375 0.6831986624999999 0.884627075 0.684830475 0.9052514640624999 0.6873218015625 0.9337065359375 0.6928975046875 0.9568681640625 0.7065702984375 0.9731930281250001 0.7175444640624999 0.9734375 0.7224332312499999 0.9734375 0.9482542796875 0.9515014640625001 0.9579467546875 0.958358340625 0.9602778171875 0.94819454375 0.9614164140625 0.9401435718750001 0.9615036281249999 0.9351805562500001 0.964588003125 0.9298871078125 0.9697053765625 0.9223881703125001 0.97380625 0.915991978125 0.978871290625 0.9114708484375 0.9870904843750001 0.897685859375 0.9922252984375 0.8891943187500001 0.9984463828125001 0.8756296156250001 0.9955713156249999 0.86901181875 0.99173208125 0.860518959375 0.98591218125 0.85125378125 1 0.854384478125 1 0.8211689343749999