10 0.56875 0.007405004687499999 0.5551651234375 0.007707465625 0.5208959890625 0.028384743750000004 0.497575609375 0.0318478109375 0.4983359328125 0.039103928125 0.47977302968749996 0.0531974734375 0.5045976734375001 0.1684073921875 0.533044771875 0.2486433609375 0.56875 0.25189135937499996 0.56875 0.007405004687499999
10 0.0741713078125 0.2640625 0.07745520312500001 0.2640625 0.10609845625 0.25546807031249996 0.0982996859375 0.21581312812500003 0.1249546703125 0.19201518906249998 0.17388186249999998 0.17213714687499998 0.233182103125 0.1643230640625 0.2453125 0.147834096875 0.2453125 0.14099964062499998 0.2381460453125 0.0726068140625 0.22169041250000002 0.0024939265624999997 0.05492852031249999 0.010536 0.0408407046875 0.015178853124999999 0.03979253125 0.0225618203125 0.0741713078125 0.2640625
10 0.059571828125000004 0.2983877765625 0.050909503125 0.30265008125000004 0.05138197343749999 0.324545278125 0.09544845625000001 0.3452101234375 0.1528424296875 0.35397599999999996 0.157602803125 0.3671875 0.1598299640625 0.3671875 0.1837769609375 0.3536335921875 0.2296875 0.306714190625 0.2296875 0.3062257640625 0.22528554375 0.297728665625 0.1528533515625 0.284535496875 0.12506334218749998 0.262729009375 0.0941288125 0.26307141562499997 0.06595318125 0.272357121875 0.059571828125000004 0.2983877765625
10 0.33455297812499996 0.201826996875 0.299333440625 0.2134341265625 0.2657268578125 0.25782063125 0.25506595781249997 0.2603957546875 0.2204112015625 0.312165225 0.1625 0.365350446875 0.1625 0.36800795625 0.163386465625 0.3764679109375 0.3157616015625 0.44375 0.32441214375 0.44375 0.47538744375 0.433160484375 0.4828125 0.42425601874999996 0.4828125 0.4170903609375 0.48119855625 0.4016877421875 0.45930651093749997 0.40139590625 0.44188955312499995 0.3916533734375 0.4001149625 0.3233163765625 0.39108885937500004 0.219789865625 0.33455297812499996 0.201826996875
10 0.22354992031249998 0 0.2212076578125 0.0018935953125 0.23689750781250002 0.09947061874999999 0.24875060468750002 0.115625 0.25421161406250004 0.115625 0.2957198171875 0.1044815890625 0.3059082453125 0.08001126562500001 0.3673971484375 0.075698390625 0.453125 0.041001578125 0.453125 0.036631814062500004 0.44288701406250003 0.013755270312500002 0.381685965625 0.0034290640625 0.371850403125 0 0.22354992031249998 0
10 0.27827209375 0.160843234375 0.28264394843749996 0.2025659046875 0.2886396828125 0.2076274453125 0.398670153125 0.2145287203125 0.42065996875 0.19836744687500002 0.447787425 0.196464709375 0.476055365625 0.20544614375 0.489901984375 0.21875 0.49480390781250005 0.21875 0.4974694796875 0.21856303437500002 0.50625 0.202148190625 0.50625 0.1936469265625 0.505186859375 0.17051033437500002 0.48463084062500006 0.1481964484375 0.3879278640625 0.129396203125 0.267426571875 0.12688407968749998 0.2645699015625 0.13439389375 0.27827209375 0.160843234375
10 0.56875 0.24983278437499998 0.5422798484375 0.24203989843749998 0.5193450890625 0.214410775 0.5032586968749999 0.217366446875 0.47860775 0.2081313140625 0.418927346875 0.212317340625 0.3963672875 0.2230365265625 0.39027378437500004 0.2344280984375 0.39064302500000003 0.30749665937500004 0.3987296453125 0.33251251718749997 0.43136944218749995 0.38321662343749996 0.45716087187500004 0.40333593125 0.4742954390625 0.3929972953125 0.4875251625 0.3975514375 0.4867593765625 0.42501557031250004 0.4774062078125 0.4328125 0.47980933124999997 0.4328125 0.56875 0.4265741390625 0.56875 0.24983278437499998
10 0.17053436718749998 0.16471693437499998 0.1353148265625 0.1763240671875 0.0866700265625 0.21628327656250002 0.09056940937499999 0.23611075 0.116550921875 0.2580440859375 0.1364443890625 0.25664874531250004 0.15233524062499998 0.28659929375000004 0.193930675 0.2836817609375 0.20049665 0.2941853859375 0.22809934375 0.2953125 0.2336245171875 0.2953125 0.3078125 0.2124011171875 0.3078125 0.21145407500000002 0.2837962046875 0.2024567078125 0.27961443125 0.162548065625 0.264864065625 0.143481690625 0.25020600625 0.14268245468750002 0.2195538671875 0.1631060328125 0.17053436718749998 0.16471693437499998
10 0.56875 0 0.5558263234374999 0 0.397505453125 0.068050975 0.3038437671875 0.07827519375 0.29317740468750003 0.115570571875 0.2888000859375 0.10856815312500001 0.2649094640625 0.10658913750000001 0.2491054609375 0.129625978125 0.2979348828125 0.1262010484375 0.4519395234375 0.1355000296875 0.473982240625 0.1421875 0.48090441093749997 0.1421875 0.496103775 0.1397117625 0.4787955109375 0.0440756171875 0.520108553125 0.021076915625 0.56875 0.007361207812499999 0.56875 0
7 0 0.8778903781249999 0.008009487499999999 0.8768167015625 0.0243691546875 0.8692977234375 0.032869734375 0.861125221875 0.040424571874999995 0.8448857234375 0.0453159 0.8069483515625 0.040766009375 0.784479128125 0.049691153125 0.77686425 0.059180682812499996 0.76487198125 0.0658092796875 0.751965871875 0.0694515265625 0.73911868125 0.07305986406250001 0.7188333531250001 0.0734375 0.710230484375 0.0734375 0.6601567875 0.070308125 0.620808615625 0.066843796875 0.6014713828125 0.059307553125 0.579061071875 0.054227184375 0.5684073734374999 0.0440619453125 0.5555235859375001 0 0.5490813421875 0 0.8778903781249999
7 0.56875 1 0.56875 0.811419659375 0.552483840625 0.801677184375 0.5386685250000001 0.790625 0.532099865625 0.790625 0.5270489984375 0.7910207546875 0.50929021875 0.7978396249999999 0.49967527343749996 0.8108046468750001 0.42945118750000005 0.86644478125 0.34471061718749996 0.9422620140625 0.2901944359375 1 0.56875 1
7 0.56875 0.6615166328125 0.568403171875 0.6613040531250001 0.4886005171875 0.62089458125 0.3393671875 0.59907535625 0.333449996875 0.6006879359374999 0.3278247484375 0.6058120171875 0.3204436390625 0.62455464375 0.3111278375 0.6390500375 0.3114464875 0.6519808031250001 0.31621330937500003 0.6650663875 0.3542020546875 0.709273203125 0.4558457171875 0.7949973671875 0.4855118 0.8151922546874999 0.49373274218749996 0.8168897749999999 0.5161083125 0.7973661984375 0.52624444375 0.7919105562500001 0.5349043499999999 0.7902034390624999 0.54488625625 0.7936450625 0.5684059109375 0.8114546546875001 0.56875 0.8115681515625 0.56875 0.6615166328125
8 0.0896952046875 0.6207000296875 0.10720825 0.631189315625 0.13349222031250002 0.6429609828125 0.172696140625 0.6546394828125 0.19727674687500002 0.6488180265625 0.21976844375 0.6476466046875 0.2474176171875 0.6526802468749999 0.26704164375 0.6625 0.2734908734375 0.6625 0.2825496203125 0.6612856703125 0.308760671875 0.6428184203125 0.31042502031249997 0.6376107656250001 0.3212026453125 0.6233291015625 0.33125 0.600284728125 0.33125 0.5980386734375001 0.047539125 0.55655765 0.0535733375 0.5658641734375001 0.0623349640625 0.5864714625 0.069316121875 0.5939342562500001 0.07700658593750001 0.6074473031250001 0.0896952046875 0.6207000296875
8 0 1 0.288260059375 1 0.29070020625000004 0.9949857296874999 0.29404330624999997 0.9806081640625 0.3018489796875 0.9624231578125 0.30263029375 0.9486621265625 0.300738803125 0.9325281265625 0.2977041453125 0.9291111624999999 0.286747690625 0.9255270515625 0.2769395109375 0.924588553125 0.268766878125 0.9263669140624999 0.26369161406249997 0.9310758640625 0.2475200734375 0.9371357109374999 0.25143776875 0.949106053125 0.2548342828125 0.9535670140625001 0.2539707515625 0.9564140328124999 0.22821306562500002 0.9675143875 0.21747864843750003 0.969909284375 0.2126059125 0.969196846875 0.2025129890625 0.9627657187499998 0.1872574765625 0.934766878125 0.181598321875 0.932452825 0.11264701875000001 0.9397156203125 0.1038133859375 0.9389196109375 0.094313646875 0.9201865843749999 0.08896293281249999 0.9000779984375 0.0686846609375 0.8455764328125 0.06920073593750001 0.8377231640625 0.0720904703125 0.830712490625 0.0851307328125 0.81428391875 0.08135286093750001 0.7973785671875 0.0752208328125 0.791031015625 0.05695527500000001 0.786378246875 0.0456996734375 0.7812637640625001 0.042226048437500004 0.7812514359375 0.0404506828125 0.7834695875 0.0435387546875 0.80572508125 0.039071990625000004 0.8442200734374999 0.035005178125 0.8565096453125 0.0284536921875 0.8649671187500001 0.0195912578125 0.8720956203125001 0.009155984374999999 0.876020890625 0 0.8772808062499999 0 1
7 0.39063109687500003 0.79033196875 0.3704884515625 0.7655829484375 0.3630581203125 0.7307994921875001 0.35665575 0.7149970531250001 0.346591628125 0.7006414140625 0.30082090781250004 0.65133244375 0.295948171875 0.6506200062499999 0.2890975390625 0.6575471078125 0.2720141625 0.662978090625 0.271875 0.6640574406249999 0.271875 0.664491234375 0.2961660140625 0.691286565625 0.306278446875 0.709118084375 0.312555396875 0.7258932765624999 0.31679174374999997 0.7507943828125001 0.3174578484375 0.7687314031250001 0.31138944375 0.811947671875 0.34324105625 0.8344442859375001 0.346449440625 0.8403643781250001 0.3523450328125 0.84469518125 0.3563881453125 0.8556927703125 0.3679428921875 0.8623376265625 0.3740122078125 0.8691715578125001 0.3818157203125 0.8703125 0.3895292265625 0.8703125 0.397541159375 0.8676562453125 0.40712730468749997 0.8626157359375 0.424239484375 0.8492602390625 0.428125 0.840938309375 0.428125 0.8329542265625001 0.4279732421875 0.8280021578125 0.4185074109375 0.8167072640624999 0.41768708437499996 0.8076675140624999 0.40840938125 0.7949134921875001 0.402875646875 0.791626684375 0.39063109687500003 0.79033196875
0 0.710315759375 0.7062574859375 0.7002763171875 0.7106145953125 0.6885328328125 0.7212965796875 0.6805529640625 0.7233027953125 0.6699512515625 0.7296038109375 0.6579900624999999 0.73236655625 0.6278090890625 0.7330802296875 0.6007605484375 0.7290346718749999 0.595161328125 0.733650290625 0.5924361109375 0.7409040328125001 0.5905535171875 0.7664907640624999 0.595084575 0.7924508937500001 0.6099761484374999 0.8190142093749999 0.624787846875 0.8337130296874999 0.6374256390624999 0.8398845625 0.6454724953125 0.8421875 0.694085959375 0.8421875 0.7146995796875 0.835488540625 0.72394181875 0.8256492546875001 0.7325011859374999 0.821205975 0.7353297734375 0.810993290625 0.7359375 0.7935973328125 0.7359375 0.7699431234375 0.732021934375 0.750018996875 0.7285700015625001 0.7073202421875 0.7272449828124999 0.70279565625 0.7181296109375 0.694852559375 0.71726349375 0.6913430140625 0.710315759375 0.7062574859375
0 0.759209109375 1 0.7582876187500001 0.9808734796875 0.7609654609375001 0.9513797640625 0.7634710203124999 0.926817625 0.765625 0.906653040625 0.765625 0.9031001812499999 0.755386471875 0.8752837171875001 0.7526724796875 0.8586537 0.740840234375 0.820079209375 0.703980471875 0.843013209375 0.705337090625 0.84601464375 0.7023159359375 0.8458387546875 0.6714206546875 0.8736896562500001 0.65581943125 0.8958421703124999 0.638574071875 0.9178989640624999 0.63543680625 0.9605435374999999 0.6441530625 0.9939950124999999 0.648612190625 1 0.759209109375 1
0 0.56875 0.5390625 0.56875 0.68009135625 0.59873623125 0.72695894375 0.626421003125 0.7359375 0.6339809015625 0.7359375 0.65129116875 0.7316658765625 0.686220034375 0.7221690171875 0.7029485390625 0.7149069406249999 0.7203125 0.70508819375 0.7203125 0.671316128125 0.7198131796875 0.6565895625 0.715569909375 0.6365761078125 0.7136024828125 0.5985759453125 0.7114053421875 0.5671512109375 0.7016165640625001 0.5390625 0.56875 0.5390625
7 0.7126525296875 0.5390625 0.711643078125 0.5679576546875 0.7230307671875 0.7135743234375 0.7269294703125 0.74345091875 0.7381300078125 0.80010784375 0.7455466953125 0.8236004515625 0.748432971875 0.8352988984374999 0.7583339406249999 0.8819969531249999 0.7627494968749999 0.897078834375 0.7702810421875 0.9172837265625 0.7707191874999999 0.9519004562500001 0.77014490625 0.96833903125 0.764638215625 0.9844904453125001 0.7616834296875 1 1 1 1 0.9564473937500001 0.9849376390625 0.9034257515625 0.9816132171875 0.8571105812500001 0.9824172109374999 0.834096578125 0.9840251984374999 0.7880685671875 0.95300785625 0.5441242140625 0.9520717828125 0.5390625 0.7126525296875 0.5390625