8 0.9668473468750001 0.409375 0.96296268125 0.40606395781250004 0.9444719124999998 0.37916112968750004 0.8541498624999999 0.2193266578125 0.8458562687500001 0.2098315390625 0.8315592781250001 0.208249021875 0.7939924265625 0.2177441375 0.7459357421874999 0.24148193125 0.72924920625 0.25888964375 0.7303446328125001 0.2857924765625 0.766250328125 0.409375 0.9668473468750001 0.409375
8 0.4796875 0 0.4796875 0.2474946921875 0.51966741875 0.238316890625 0.5897991921875001 0.21299657968750002 0.6300133375 0.19084130625 0.646699875 0.1734335921875 0.6456688859375 0.14811327968750002 0.6219479625 0.14811327968750002 0.5624348953125 0.1623559546875 0.5521437546875 0.10380273437500001 0.5366224640625 0.07215234375 0.546908221875 0.208249021875 0.5312231484375001 0.21141405937500002 0.5097736640624999 0.034171875000000004 0.4913084625 0 0.4796875 0
8 1 0 0.9110497515624999 0 0.9013796296875001 0.0199292 0.8946969578124999 0.0499970703125 0.90201861875 0.11329785 0.9308998734374999 0.16235595625000002 0.9713368578124999 0.184511228125 1 0.1707492109375 1 0
0 1 0.409375 1 0.157776971875 0.9786639015624999 0.1702685546875 0.9579419843749999 0.2050839828125 0.9439913265625 0.328520503125 0.95308769375 0.39656884375 0.9642733453125001 0.409375 1 0.409375
10 0.525138665625 0 0.53287974375 0.0579096671875 0.5521437546875 0.10380273437500001 0.563887415625 0.1591909171875 0.6235293578125 0.14811327968750002 0.647443590625 0.1528608390625 0.646699875 0.1734335921875 0.6330472546875 0.1876762671875 0.549327296875 0.22882177499999998 0.5610011390625 0.3601708953125 0.563033590625 0.3712485296875 0.572586396875 0.3728310515625 0.6191261234375001 0.35067577656250004 0.685064115625 0.300035153125 0.7181794421875 0.25888964531249997 0.754685778125 0.1845112296875 0.766534165625 0.12595800625 0.7640855609375 0.0658222640625 0.753050709375 0.0278417984375 0.7356875437499999 0 0.525138665625 0
10 0.4796875 0.391410928125 0.48954571874999997 0.3918212828125 0.5319211921875 0.3839086859375 0.5409585015625 0.37283105 0.5294135328125 0.24464696875 0.524282728125 0.235151853125 0.48487673437499995 0.238316890625 0.4796875 0.2399171921875 0.4796875 0.391410928125
5 0.4796875 1 0.4796875 0.7962063546875 0.4742061234375 0.799313671875 0.41410350156250003 0.8274379374999998 0.388123065625 0.8442273546875001 0.3541380984375 0.852636928125 0.3455618125 0.856445734375 0.3408451890625 0.8622191296875 0.3405586328125 0.8788584343749999 0.35982061718749997 0.9210476562500001 0.3950687921875 0.9804841109375001 0.4164217671875 1 0.4796875 1
5 0.4796875 0.681432603125 0.4772855640625 0.6810138515624999 0.4290727125 0.6768150859375 0.39444873125 0.67778598125 0.382229371875 0.6855434890625001 0.367291153125 0.70913903125 0.36504045937499996 0.7255273578125 0.35569869375 0.73512396875 0.3550475671875 0.7384740453124999 0.3743458890625 0.7482970078125 0.3766638390625 0.75153600625 0.3764808765625 0.7554363703125 0.3691368765625 0.7750976203125 0.3592677421875 0.816997746875 0.3747521390625 0.823881025 0.37854319375 0.82730825625 0.3788848921875 0.841085028125 0.3810884921875 0.8467617546875001 0.3916060453125 0.8436914734375 0.40195274999999997 0.8337328062499999 0.42683676718749997 0.8192556296875001 0.4796875 0.791982359375 0.4796875 0.681432603125
8 0.847282765625 1 0.83557373125 0.9921247046874999 0.8187804968750001 0.9828430265625 0.8011068140625 0.9690962750000001 0.7680273078125 0.9469064609375 0.7444412734375 0.9326500187499999 0.7339851078125 0.92509510625 0.7183649046875 0.9169340390624999 0.69151325625 0.897502528125 0.678181140625 0.885739778125 0.6692175578125 0.8797730171874999 0.6510719640625 0.8699025703124998 0.6370454671875 0.8658602640625 0.6242931281249999 0.8654691843750001 0.6112873078125001 0.86689133125 0.589613184375 0.8735006999999999 0.5766302875 0.880515915625 0.55989773125 0.8915755843750001 0.5430519203124999 0.9054478609375 0.53041149375 0.9185236812500002 0.521302296875 0.9296181203125 0.510254096875 0.9468021468749999 0.5177183609375 1 0.847282765625 1
8 0.6971221390625 0.561018209375 0.6829459874999999 0.575818178125 0.6287505859375 0.6438517359375 0.600429290625 0.6754825953125 0.5729884453125 0.711578525 0.553597021875 0.732646790625 0.5481282671875001 0.7407283109374999 0.546335015625 0.7460467640624999 0.5469579375 0.7541061328125 0.5495763625000001 0.761908275 0.5635314015625 0.781730396875 0.5831493546875001 0.8020943640624999 0.6082899937499999 0.822000796875 0.631801871875 0.8375386218750001 0.6557856578125 0.8492001453124999 0.6725910265625 0.8531386046874999 0.6872687546874999 0.8527727625000001 0.6932242515625 0.849970153125 0.702578840625 0.840624634375 0.7361585515625 0.799413178125 0.7548016625 0.7784413750000001 0.7754402765625 0.757212340625 0.791343615625 0.734813153125 0.8137673937500001 0.711827815625 0.8374855499999999 0.683588334375 0.847518340625 0.6736466625 0.863308421875 0.654060084375 0.8671713343749999 0.6472030203125 0.865258078125 0.642616721875 0.85943201875 0.635482425 0.840383053125 0.615553840625 0.8130837625 0.5893121890625 0.793247384375 0.57101129375 0.7654060734374999 0.5481462484375 0.7537108078125 0.5371899578125 0.7392717265625001 0.5265873578125 0.7337921828124999 0.5237325921875 0.7276263515625001 0.5250361265625 0.7079153765624999 0.5456368546875 0.6971221390625 0.561018209375
8 0.4796875 0.7289538343749999 0.50008928125 0.8743574468750002 0.50756028125 0.8787360546875 0.51891711875 0.8818506671874999 0.583911171875 0.8744900796875001 0.608079671875 0.8675591765625 0.6359465921874999 0.86345826875 0.6452189359375 0.8589562781249999 0.651077353125 0.8518419859375002 0.651151509375 0.8505606015625 0.6466697171875 0.8475772218750001 0.6413384890625 0.84215969375 0.6134809999999999 0.8264189453124999 0.582186659375 0.802472825 0.56971206875 0.7895820765625 0.5583444421875 0.775531175 0.5507143375 0.762779040625 0.5469970390625 0.75257490625 0.546374115625 0.7445155343750001 0.550241071875 0.7358773984375 0.573386196875 0.70898360625 0.58253449375 0.6963579375 0.5845461734375 0.6889764125 0.5847066203125 0.6810704281250001 0.5872063875 0.66268830625 0.5913430046875 0.645112646875 0.600222984375 0.6251449921875001 0.6049083671875 0.616910084375 0.6119829609374999 0.6076041046875 0.613211271875 0.60006919375 0.60706970625 0.5906862875 0.6044863359375 0.5831339921875001 0.6032593687500001 0.5743893921875001 0.6003874625 0.5684004796875 0.5934625265625 0.5588641859375001 0.58493175 0.550552353125 0.581915575 0.5453451296875 0.5775915296875 0.5199573281250001 0.575109284375 0.5149356453125 0.57105625625 0.5113882656250001 0.5527353828125 0.5002685875 0.5023367999999999 0.4650494078125 0.49906309843749996 0.46343648593750003 0.4970675953125 0.4636937171875 0.48745143437499994 0.47841461093749993 0.4796875 0.49541080156249995 0.4796875 0.7289538343749999
8 1 0.78984845 0.9943684765625 0.7791012796875 0.939256159375 0.623412159375 0.9346462765624999 0.614086175 0.9294161703124999 0.6111992562499999 0.9220462937499999 0.6093512578125 0.9084054171875 0.6080572546875 0.902497109375 0.6057664890625001 0.89263285625 0.604240028125 0.8869389312500001 0.6016672625 0.8830921953124999 0.6014000312500001 0.8541223546874999 0.6048800171875 0.8410774328125001 0.60783339375 0.8365835078125 0.6101932343750001 0.83583115 0.61207076875 0.8365403624999999 0.6135055359375 0.86010213125 0.6384484203125 0.8643614515625 0.645275946875 0.8638194296874999 0.6486525578125001 0.8519192296875 0.6651940625 0.835525103125 0.684095409375 0.82984196875 0.6924589296875 0.800518878125 0.7259994781250001 0.780418240625 0.745632978125 0.7784497078125 0.7497022 0.777439821875 0.7551740375 0.77950409375 0.7716960078125 0.7834007328125 0.8284257531249999 0.782382759375 0.8374597359374999 0.77736569375 0.850570328125 0.77868569375 0.8654076875000001 0.7798897390625 0.86855921875 0.7893751203124999 0.8800547406250001 0.7921418593749999 0.8852941171875 0.7948330968749999 0.9080943843749999 0.7948007421875 0.9223429750000001 0.7965414171875 0.9401784796874999 0.7962124359375 0.9595526 0.797583671875 0.9675155078125 0.7991113109375 0.96935350625 0.803881640625 0.9707735046875001 0.816957575 0.9698510468750001 0.951705221875 0.9456135859374999 1 0.9379631156249999 1 0.78984845
8 0.5737834015625001 0.409375 0.580661640625 0.5327885375 0.59165039375 0.5568084984375 0.60587509375 0.567693096875 0.6084840875 0.5953368953125 0.6197290093750001 0.58498460625 0.677625546875 0.5813369359375 0.7304793796875 0.5236509 0.7644433796875 0.5485247109375 0.7838186109375 0.4875232859375 0.7900142609375 0.409375 0.5737834015625001 0.409375