10 0 0.6307220578124999 0.0391939125 0.6523628 0.0660859984375 0.6626425546875 0.084516125 0.6587825015625 0.109099371875 0.6450948796875 0.1568479390625 0.6055095640625 0.1853649046875 0.5787136453125 0.197092396875 0.57092718125 0.2717172765625 0.48939655000000004 0.2948899078125 0.457093196875 0.2919578890625 0.45091026250000005 0.2806977796875 0.44535839531250004 0.178533396875 0.4235379109375 0.1418806765625 0.4144904734375 0.1366477078125 0.4104526984375 0.125795934375 0.4102895953125 0.11811352343749999 0.4064374296875 0.09678850312500001 0.4046044375 0.06340189375000001 0.406148921875 0.047042684375 0.4113301546875 0 0.4394828171875 0 0.6307220578124999
10 0 0.7967378140625 0.002328665625 0.7965613578124999 0.07173635 0.763218025 0.14322225625 0.7247902046875 0.1633520828125 0.71735245 0.181262509375 0.7066339687500001 0.19329428125 0.6963609421875 0.197524971875 0.687171746875 0.1875404546875 0.62042834375 0.19486626406250002 0.6065703125 0.19585334999999998 0.6000904078125 0.20747678593750002 0.5844286171874999 0.20729117968750002 0.581979178125 0.2025109734375 0.57741439375 0.1944129203125 0.5745791234375 0.1830268296875 0.580368915625 0.1287837390625 0.6317784703125 0.095523690625 0.6544994921875 0.0657001671875 0.6705550015624999 0 0.701202321875 0 0.7967378140625
10 0 0.4410585203125 0.017894653125 0.42979797968749994 0.056877559375 0.4110776125 0.0939976625 0.40678671718750004 0.1563843921875 0.417333053125 0.178169490625 0.41223337187500003 0.26021750625 0.3636438921875 0.2644037671875 0.3603704703125 0.2681074484375 0.3507285109375 0.2732363640625 0.34689096093750005 0.29397475 0.33448008749999997 0.3040525140625 0.3309307859375 0.29925972968750003 0.2676809609375 0.284717465625 0.25782756406249996 0.27560251562500004 0.25457665 0.23049572343750002 0.2575019375 0.07583238125 0.2775975359375 0.0584562734375 0.28236312343750003 0.0456747625 0.28924405625 0.026176001562500002 0.3050099 0 0.3301727953125 0 0.4410585203125
10 0.1929078703125 0.671755190625 0.19722069375 0.6896583093750001 0.20434627968750002 0.6861621609374999 0.2146114171875 0.672081396875 0.21588758593750002 0.6434080609375 0.23523786093750002 0.6256826625 0.2387115046875 0.6195070390625 0.2217504640625 0.5907375312500001 0.21440945625 0.5848886921875 0.20743966406249997 0.5839387296874999 0.19517785468749999 0.597678090625 0.19396073281249998 0.6076243296875 0.1884459875 0.619374328125 0.19128914375 0.6373888078125 0.1929078703125 0.671755190625
10 0 0.8429108546874999 0.0087202890625 0.8418981890625 0.017731184375 0.8372737781249999 0.15071175 0.7325985953124999 0.16768682968749998 0.7160385812500001 0.16324071874999999 0.7158827859375 0.155283840625 0.7214127296874999 0.007116178125 0.7947204812499999 0.0008961234375 0.7971626125 0 0.79719308125 0 0.8429108546874999
3 0.7410325828125 0.7200993234374999 0.7436431890625 0.6416827265625 0.7382136046875 0.5696308609375 0.7317197999999999 0.5195395312500001 0.72002185625 0.5144503234375 0.7076220390625 0.516685346875 0.7079387500000001 0.545945803125 0.7001410781249999 0.5575334468750001 0.6999984390625 0.599341046875 0.69178991875 0.6245204156249999 0.694845675 0.690329096875 0.6917471562499999 0.7133585234375001 0.7025977140624999 0.7226382171875 0.7318054765625 0.7233424640624999 0.7410325828125 0.7200993234374999
3 0.8141989390625 0.7474643640624999 0.8165955828125 0.7317591640625001 0.79632103125 0.6766029375 0.77851444375 0.5848377124999999 0.7567391390625 0.54224078125 0.7427158703125001 0.5319529703125 0.736564465625 0.5341150640625 0.7338767953125 0.5435527671875 0.742553284375 0.6406502984375 0.740935575 0.7180101609375 0.7468473296875 0.7555665031250001 0.7557605953125 0.7680042515625 0.766271625 0.769971865625 0.7775815359375 0.7667044171875 0.7977305218749999 0.7518371687500001 0.8141989390625 0.7474643640624999
3 0.8670023484375001 0.85240805 0.8829372218749999 0.8365448390625 0.8777530265625 0.8146572296875 0.8830085406249999 0.8156410390625 0.882814525 0.811462709375 0.8700009874999999 0.782348109375 0.8497007468749999 0.70419891875 0.8317287046875 0.6761896734375 0.8252605859374998 0.649091309375 0.8045780562499999 0.6524681515624999 0.8017933796874999 0.6598166921875 0.8026436359375001 0.7005675546875 0.8100561453124999 0.7255646 0.8109777234374999 0.7454116640625 0.8062557546875 0.755918259375 0.81008470625 0.7934989109374999 0.8224388906249999 0.8351606546875001 0.8544570203124999 0.8515093265625 0.8670023484375001 0.85240805
3 0.8997765968749999 0.952359765625 0.909996603125 0.9480598890625 0.9256404500000001 0.9259291843749999 0.9237744796874999 0.908183440625 0.904738215625 0.9021347328125 0.9023158828125 0.8948469687500001 0.8927007437500001 0.8897334499999999 0.8903269156250001 0.8834902671875 0.8522772078124999 0.8494444703124999 0.8300197296875 0.8413430625 0.8093115125000001 0.8217269421874999 0.7817015125 0.8105525625000001 0.7567791828124999 0.789940478125 0.7446703890624999 0.7984429937499999 0.7419827203125 0.8078806984375 0.7794275625 0.8513398890625 0.80202456875 0.866753371875 0.8154914765625 0.887499159375 0.8260995140624999 0.8915559406250001 0.8296602562500001 0.900920715625 0.8510703484375 0.9132126078125001 0.886189865625 0.9514731968749999 0.8997765968749999 0.952359765625
3 0.8429360171875 0.9624295203125002 0.856425740625 0.9612269265624999 0.8665487390625 0.9548378859375 0.8732565046874999 0.9422178156250001 0.87059165 0.9297071375 0.8499319374999998 0.9111355984374999 0.8339713765625 0.90400584375 0.8023155921875 0.8730208656249999 0.7725742859375 0.8608262124999999 0.756225690625 0.845339803125 0.71934008125 0.8363639812500001 0.6978329828125001 0.821982925 0.6886543796875 0.8262706468750001 0.682891009375 0.8367894 0.6885830609375001 0.8471744484375 0.718663896875 0.8666811750000001 0.7451354859375 0.8757785453124999 0.7679750109375 0.8964149406249999 0.7936477187500001 0.910747375 0.8057822 0.9252378234374999 0.830607521875 0.9437607437499999 0.8429360171875 0.9624295203125002
3 0.43957084843749994 0.5334008578125 0.42390131249999996 0.532538596875 0.42765894531250004 0.5910230484375 0.44579931562499997 0.60021765625 0.46335763906250005 0.596877278125 0.5004343953125 0.5650900828125 0.5080865546875 0.55036869375 0.53145675625 0.5375541453125 0.5331030218749999 0.5281285953125 0.5271199453125 0.5114760515625 0.5461305203125 0.4945317953125 0.55523493125 0.46620652656249995 0.5698373765625 0.44408797656250004 0.5684079421874999 0.4357434734375 0.5596401890625 0.4264394703125 0.5533917765625 0.4265124 0.5476284046875 0.43703115312499996 0.530555121875 0.450817353125 0.5141352078125 0.45623474062499997 0.5105031453125 0.46777376406250004 0.5015670625 0.47728439843750003 0.473135365625 0.49329346718749995 0.4634489046875 0.5090837484375 0.45134011249999995 0.5175862656250001 0.43957084843749994 0.5334008578125
3 0.8114952671874999 1 0.7799440343749999 0.9746613703125 0.7640804828125 0.96962078125 0.7508075921875 0.9530533234374999 0.72627329375 0.9407978968750002 0.6998245203125 0.9097521437499999 0.675484240625 0.9016750468750001 0.6452093875 0.8779899890625 0.6370236828125 0.8812209750000001 0.627337221875 0.8970112562499999 0.6459626359375 0.9166516890625 0.6662600046875 0.9498595328124999 0.695396446875 0.9714675812500001 0.71223008125 0.9973998156250001 0.7153628953125001 1 0.8114952671874999 1
3 0.7920300109375 0.9881072359375 0.8057622562500001 0.9921275515625 0.8280653640625001 0.9563321953125001 0.8272892984375 0.9396188796875 0.7883437015625001 0.9087189859375 0.76078220625 0.8985891875 0.7487932359375 0.8872324875 0.7473152984375 0.8778434 0.7199478171875 0.8718919328125001 0.6981496953125 0.8512433828125001 0.658938759375 0.8370689609374999 0.6488870828125 0.8225542015624999 0.6395629671874999 0.8237081765625 0.6286895953125 0.836376865625 0.6379423890625 0.8561266906250001 0.6538544453125 0.8622118624999999 0.6700575265625 0.8745645281249999 0.7185469437500001 0.931481740625 0.7355489046875 0.9385993375 0.7422823578125 0.9489722328125 0.77553590625 0.969487078125 0.7920300109375 0.9881072359375
3 0.7009562125000001 0.559882325 0.7064922296875 0.5396606453125 0.702299490625 0.5156214640625001 0.698267025 0.5261846546875001 0.6710431640625 0.5390578140625 0.6495276125 0.5414871796874999 0.59526528125 0.5701125296875 0.56229450625 0.5877627875 0.562632296875 0.6028913124999999 0.5790241796875 0.6289592390625 0.6113431390625 0.6212867937500001 0.641096625 0.615176175 0.6757880421875 0.5875591015625 0.6829210625 0.573873353125 0.7009562125000001 0.559882325
3 0.4921146625 0.7449527078125 0.579686578125 0.701079521875 0.6016273421875 0.67992046875 0.6282672609375 0.6702032046874999 0.673578225 0.63622960625 0.677549815625 0.63200265625 0.6770647765625 0.6215568359375 0.6661657140624999 0.6112325609375 0.6144351359375 0.6191523765625 0.52955089375 0.6535878578125 0.52696023125 0.6651147265625 0.49644572968750006 0.68114810625 0.48295600624999996 0.6823507015625 0.4596828140625 0.6972544125 0.46026486250000004 0.7097894 0.4683792484375 0.727462215625 0.48274204374999996 0.7450621 0.4921146625 0.7449527078125
3 0.6747050906250001 1 0.6642513937500001 0.9739213890624999 0.635719815625 0.942899946875 0.6055390984375 0.8763627078125001 0.59558443125 0.8639371140625001 0.5852674171875 0.8661478265625 0.57524143125 0.8746260328125001 0.5871134437500001 0.9507832984375 0.593193528125 0.9695250046874999 0.6016217546875 0.9715169312499998 0.6060783859375001 0.9777358062499999 0.6032576656249999 1 0.6747050906250001 1
3 0.49090765000000003 0.42724168906250004 0.459714090625 0.428650915625 0.43326819062500005 0.44254651093749997 0.42055453125 0.46046242031250006 0.4234647765625 0.52313735625 0.428720290625 0.524121165625 0.43557356875000003 0.5146348406250001 0.4632548890625 0.504905421875 0.4741282625 0.49223673125000006 0.49546416249999997 0.48049107343749997 0.51294829375 0.45311314999999996 0.5272369 0.44667548749999997 0.5482817734375 0.42866234062499997 0.551816828125 0.41503415156249995 0.5482560859375 0.405669375 0.5081264437499999 0.4165892359375 0.49090765000000003 0.42724168906250004
3 0.6875186875 0.487655828125 0.62428418125 0.49466476562500006 0.5547784499999999 0.5236950140625 0.544293109375 0.5447203640625 0.5518511312500001 0.5728511546874999 0.5604248671875001 0.5779768265625 0.5832872109375 0.5766648390625 0.655577621875 0.5402860515625 0.690571571875 0.508523165625 0.6940581234375001 0.49385039375 0.6875186875 0.487655828125
3 0.5373115453125 0.8207210187499999 0.5915100890625 0.7761922046875 0.6584479765625 0.73674044375 0.6872905218750001 0.70713965 0.6949426843750001 0.6924182609375 0.6944804578125 0.6600240562499999 0.6848168140625 0.6538659546875001 0.6475688578125001 0.6595264421875 0.6056959421875 0.6777826859375 0.580679475 0.7000227828125001 0.497224665625 0.7428027703125 0.4841714796875 0.7534066046875 0.48143530468750007 0.7617997265625001 0.48780641406249997 0.7868089265625 0.5102350921875 0.8210370453125 0.5155876140625 0.8241100171875001 0.5373115453125 0.8207210187499999
3 0.530358234375 0.40169767812499996 0.538349921875 0.3942883640625 0.5388577796874999 0.382785803125 0.5458565703125 0.376433225 0.5646018078124999 0.3762144390625 0.6071280953125 0.34958938125 0.6084348328125 0.3328517546875 0.5978752984375 0.32983955625 0.567215284375 0.3427391890625 0.51444330625 0.3506711609375 0.503472925 0.361250684375 0.47896431406249995 0.371988221875 0.466008134375 0.3846812234375 0.418928209375 0.4029982421875 0.419632953125 0.4406153578125 0.44745978593749997 0.4340196859375 0.49439420156249997 0.41256891875 0.530358234375 0.40169767812499996
3 0.9120729203125 1 0.8788287312499999 0.9724620796875 0.8400058265624999 0.9666443140624998 0.8223990015624999 0.968940109375 0.8176285265625001 0.978402125 0.8348730078125 0.990742634375 0.840753184375 1 0.9120729203125 1
3 0.6037301015625001 1 0.6028828609375 0.9986760703125 0.60498848125 0.9767033796875001 0.59423493125 0.9695128515625001 0.5827766359375 0.92470520625 0.551266365625 0.8968539765625 0.5407296484375 0.8718933953124999 0.5231456375000001 0.8522408109375 0.5116645265625 0.8293815484374999 0.4900376015625 0.834859709375 0.489481240625 0.8453176875 0.5262042671875 0.9629908374999999 0.5474230312499999 1 0.6037301015625001 1
3 0.500445725 0.3633763140625 0.504077790625 0.3518372890625 0.5195048046874999 0.34747663906250004 0.5557341765625 0.31987992656249997 0.5517368953125 0.301113909375 0.51875155625 0.308814940625 0.4906336984375 0.3091431203125 0.4733664015625 0.31875099218749997 0.44023555 0.3233182765625 0.41572694062500004 0.33405581250000005 0.4176442859375 0.3977874859375 0.4311825140625 0.397629475 0.459905234375 0.3878878984375 0.4818945046875 0.367773428125 0.500445725 0.3633763140625
3 0.45522602812499996 0.309556384375 0.4800256625 0.3050863390625 0.49014865781250005 0.2986972984375 0.533354 0.286696390625 0.534007371875 0.2783275796875 0.5248515859375 0.2606669171875 0.5083831671875 0.265039725 0.472975496875 0.2654529875 0.4483213734375 0.2730567796875 0.4117752921875 0.2713930328125 0.4145885296875 0.33197880468749996 0.45522602812499996 0.309556384375
3 0.586381175 0.25 0.5936326281250001 0.26090928281250003 0.58845130625 0.283963021875 0.596808209375 0.3068587453125 0.5908508203125 0.31319916875000003 0.59119035 0.32051124531249997 0.6084605203125 0.35584472031250003 0.6202069703124999 0.3619785109375 0.6241528734375 0.334758596875 0.6298192359375 0.32215068125 0.641831021875 0.3115590015625 0.6419993500000001 0.292744365625 0.6293241296875 0.25 0.586381175 0.25
3 0.5688475046875 0.871565215625 0.5823857312499999 0.8714072015625 0.592460225 0.8639735796875 0.60892864375 0.8596007734375 0.624016128125 0.847928046875 0.6454718515625 0.8163231734374999 0.6954819703125 0.7937913609375 0.6992823609375 0.7634377 0.7072255484375 0.754983803125 0.720521253125 0.7496028781249999 0.73185398125 0.724387046875 0.7004179015625001 0.7205733624999999 0.6885259421875001 0.7113058265625 0.67622313125 0.7156300124999999 0.6553722734375 0.737821490625 0.5975644843750001 0.771940946875 0.5444073453125 0.81645760625 0.528084440625 0.8239641593750001 0.5202867687499999 0.835551803125 0.519924421875 0.8501881093750001 0.5285466624999999 0.8563583640625 0.566134146875 0.8580099562499999 0.5688475046875 0.871565215625