9 0 0.30190031875 0.11147018906249999 0.2932252734375 0.1378801421875 0.2853867859375 0.1438674734375 0.2942900515625 0.153125 0.1800087953125 0.153125 0.16734550937499998 0.13986688125 0.090625 0.13647365625000002 0.090625 0.0182823546875 0.0976376140625 0 0.09694995625 0 0.30190031875
9 0.190724690625 0.148118 0.17732274374999998 0.1758761734375 0.1559024078125 0.275 0.190341471875 0.275 0.3524549765625 0.27141259687499997 0.359375 0.1734223359375 0.359375 0.14581307968749999 0.3470228984375 0.1332711984375 0.3112300390625 0.144149321875 0.2743466765625 0.149210828125 0.23691806718750003 0.151364028125 0.215765425 0.1460509625 0.190724690625 0.148118
9 0.1504304046875 0.4015625 0.2183552765625 0.39328918281249997 0.33940587187500004 0.392228815625 0.34548516875 0.34195279218749997 0.346875 0.29648326875 0.346875 0.2722697015625 0.2714025328125 0.27265045625 0.20058117968750003 0.275327125 0.15736374687500002 0.2780302046875 0.1380914203125 0.38860567343749997 0.1484485875 0.4015625 0.1504304046875 0.4015625
9 0.3598907859375 0.185347440625 0.358759509375 0.22066453125000002 0.3546875 0.26147841562499996 0.3546875 0.2683103015625 0.3567025171875 0.26875 0.37471883125 0.26875 0.457424265625 0.26395099375000003 0.5479102859375 0.263612834375 0.55597695 0.199126496875 0.55625 0.1813159484375 0.55625 0.1301709390625 0.54127050625 0.1272998984375 0.507495578125 0.13736315937500002 0.46684132968750003 0.1421596828125 0.40893781875 0.1409607734375 0.358030834375 0.13738351875000002 0.3598907859375 0.185347440625
9 0.54497858125 0.26420695312500003 0.49865271875 0.26190828125 0.43591839062500004 0.2680232234375 0.3904027546875 0.26673815 0.35446211562499996 0.2718659015625 0.34666043750000003 0.3344575296875 0.34100918281250003 0.3952869390625 0.49113638281250005 0.3905298078125 0.544178509375 0.3856471203125 0.5467213281250001 0.3198159578125 0.54497858125 0.26420695312500003
9 0 0.4890625 0.05089929375 0.4890625 0.0671875 0.3725963984375 0.0671875 0.36798341093750003 0.03876771875 0.371596665625 0 0.3725697234375 0 0.4890625
2 1 0 0.9983526015624999 0 0.9864955343750001 0.014012896875 0.9468129953125001 0.02021329375 0.9244915671874999 0.036334325 0.9096106140625 0.054935515625 0.8798487093749999 0.088417659375 0.8798487093749999 0.08717757968749999 0.876128471875 0.0859375 0.8810887890625001 0.1181795640625 0.9207713281250001 0.12437996093749999 0.966654265625 0.1181795640625 1 0.11976745625 1 0
1 0.6738763359375 0 0.6815848203125 0.0290550609375 0.7063864078125001 0.1046999015625 0.7274677578125 0.18034474218750002 0.7522693453125 0.2497891875 0.7659102171875001 0.30807291718749996 0.7807911703125 0.31055307499999996 0.813033234375 0.3068328375 0.8663566453125 0.3130332328125 0.8829737109375 0.3171875 0.8864666015625 0.3171875 0.8984375 0.2812748046875 0.8984375 0.2803612765625 0.8911582328125001 0.2609499015625 0.8750372015625001 0.24110863125 0.8713169640625 0.20514632968750002 0.8886780765625 0.1927455359375 0.8824776796875 0.18034474218750002 0.8837177578125001 0.1431423625 0.8651165671874999 0.034015378125 0.8569276796875 0 0.6738763359375 0
5 0.650321709375 0 0.6645213296875 0.07266865 0.6918030765625 0.2053571421875 0.7091641875000001 0.276041665625 0.7166046625 0.3231646828125 0.7408606171875001 0.33125 0.7435620796875 0.33125 0.7674479171875 0.31572420625 0.75380704375 0.2512400796875 0.7327256953125 0.194196428125 0.712884425 0.12103174531250001 0.6880828375 0.044146825 0.674232853125 0 0.650321709375 0
6 1 0.11940753125 0.9806671609375 0.11760912812499999 0.93602430625 0.11884920624999999 0.9124627984375 0.13621031875 0.8901413703125 0.133730159375 0.8901413703125 0.135590278125 0.8913814484374999 0.13621031875 0.8901413703125 0.13571428593749998 0.8901413703125 0.137450396875 0.8890563 0.1352802578125 0.8851810515625 0.133730159375 0.8814608140625 0.1659722234375 0.888901290625 0.19325396875 0.8765004968750001 0.1944940484375 0.8690600203125 0.2341765875 0.880220734375 0.24905754062500002 0.8951016875000001 0.2701388890625 0.8901413703125 0.286259921875 0.9087425578125 0.30734127031249997 0.9347842265625002 0.32470238125 0.9620659734375 0.33710317500000003 0.979427084375 0.3631448421875 0.9986978921875 0.3640625 1 0.3640625 1 0.11940753125
7 0.0890670375 0.4890625 0.0850001859375 0.49890279531250004 0.07778554843749999 0.5330395343750001 0.0725609890625 0.5828264875 0.071875 0.605887240625 0.071875 0.6120816 0.0773170890625 0.633069790625 0.0845199296875 0.6455116859375 0.0942655984375 0.657331275 0.1287174640625 0.6765625 0.147269178125 0.6765625 0.15161337187499999 0.676054253125 0.1721148765625 0.6686211890625 0.189800128125 0.658302025 0.1999839953125 0.6478860640625 0.2055780671875 0.63878661875 0.218870071875 0.603549090625 0.2348830015625 0.5726704437500001 0.2468271015625 0.5273267265625 0.27363430312500003 0.49206706718750004 0.2753770109375 0.4890625 0.0890670375 0.4890625
0 0.38944095 0.586049778125 0.3843360765625 0.5798585625 0.37364969062500003 0.5748400453125 0.357750546875 0.57302984375 0.32405160624999996 0.575575765625 0.277594190625 0.5896508812500001 0.2310288890625 0.6131255281250001 0.2145452203125 0.62807876875 0.2038847109375 0.645858640625 0.20331274531250002 0.6546953328125 0.206644071875 0.6650891624999999 0.228220815625 0.7029057734374999 0.28803758749999997 0.8458707140625 0.29858431093750004 0.8607796875 0.3061158 0.8640625 0.3157958109375 0.8640625 0.3452390421875 0.8591215796875 0.368346925 0.85008435625 0.389121853125 0.84615969375 0.423360984375 0.83526800625 0.474166553125 0.8158770453124999 0.489308975 0.806180184375 0.49375 0.8013725046874999 0.49375 0.7995411921875 0.48638407812500006 0.7740417296875 0.4595243640625 0.7250527203124999 0.440490446875 0.68661380625 0.4349976046875 0.6709511515625 0.4092441453125 0.628069003125 0.38944095 0.586049778125
0 0.270572165625 0.4890625 0.2587680234375 0.504510234375 0.24751633125 0.52369098125 0.23383045781249998 0.5727463859374999 0.21741700156250002 0.6020803406249999 0.2166351640625 0.6064267765625 0.221036721875 0.6109375 0.23715673437499998 0.6109375 0.23736575625 0.6109197906249999 0.25874442656249996 0.5976675078125 0.27719895625 0.5909286578125 0.2856092796875 0.5847153125 0.31345328437500003 0.579833684375 0.32424755625 0.5754526703125 0.3566044921875 0.539511240625 0.3663752765625 0.5354773328125 0.37851079374999996 0.5258399421875 0.3801890140625 0.523110109375 0.3802969 0.5137105765625 0.39412319375 0.4934166015625 0.39812369531249997 0.4890625 0.270572165625 0.4890625
0 0.5186292859375 0.507943946875 0.48850921718749996 0.5015937078125 0.44632974531249997 0.49597226406250006 0.421746853125 0.49686700781250004 0.41495119999999996 0.5013323765625 0.4147479859375 0.5122046890624999 0.4130379890625 0.5154254500000001 0.40174786406249996 0.51973455 0.39643977656249996 0.5244156484375 0.39823254218750004 0.5276488546875 0.3975334734375 0.538449259375 0.3859389078125 0.5783927734375001 0.39887623906249997 0.6104966515625 0.435004984375 0.6786691640625 0.455723778125 0.7297408109375001 0.46110207656249996 0.7394404265625 0.472271759375 0.752457603125 0.4828377 0.7748024015625 0.489430140625 0.781209346875 0.50496053125 0.7809839296875 0.5167147390625 0.7772376640624999 0.5256526906250001 0.7706052984375 0.5334526140625 0.7583570015625 0.5549317484375 0.6816907343749999 0.55872639375 0.6539955140625 0.56289645 0.6436984828125001 0.5747067875 0.58495590625 0.5796875 0.572805271875 0.5796875 0.568521059375 0.57799301875 0.5651155265625001 0.5632252453125 0.5535586859375 0.5648458140625 0.5285213890625 0.5621248890625 0.524162509375 0.55391778125 0.51950354375 0.5186292859375 0.507943946875
0 0 0.8448227109375 0.013379715625 0.8539250640624999 0.16947551875 0.8765625 0.176669078125 0.8765625 0.1877040890625 0.8628533812500001 0.1939654515625 0.8434444624999999 0.2 0.7502124484375 0.2 0.7362090390625 0.19199230625000002 0.719274409375 0.18023144375 0.7076581046875 0.1580576171875 0.694531684375 0.14980617499999999 0.69829039375 0.14583933124999998 0.6977151125 0.13374149062500001 0.683572259375 0.1107666109375 0.6673564546875 0.0927694984375 0.6592955734375 0.0725029859375 0.655365396875 0.0441121296875 0.653230221875 0.03398515 0.647301759375 0.0310424421875 0.646875 0.0289793359375 0.646875 0.0223262734375 0.6495752421875001 0.013407539062500001 0.6636434265625 0 0.6740216796875 0 0.8448227109375
1 0.64900543125 0.9450069625000002 0.6337028484375 0.972147009375 0.6389209921875 0.9777615093750001 0.6525212 0.98125 0.6590891765625 0.98125 0.7101026734375 0.9400658968750001 0.7193285125 0.931248878125 0.7255799406250001 0.927041365625 0.7359375 0.8130283390624999 0.7359375 0.811526396875 0.7253904125 0.818410740625 0.721325509375 0.8162734031250001 0.679827096875 0.8965568765625 0.6643941171875001 0.917048415625 0.6587479109375 0.9312789375000001 0.64900543125 0.9450069625000002