1 0.409375 0 0.32220591718749997 0 0.26146022812499997 0.075246728125 0.2439968890625 0.1000073171875 0.23352665625000002 0.1114497015625 0.207106515625 0.1472904515625 0.2069022140625 0.1491446984375 0.2092749140625 0.15101404375 0.22301917656249998 0.153321125 0.33407610781249997 0.1584250484375 0.409375 0.1635839390625 0.409375 0
7 0.515867940625 0 0.515277503125 0.0048263953125000005 0.5206525937500001 0.0184162609375 0.5362975078125001 0.038457796875 0.5516805312499999 0.0524219296875 0.572813853125 0.08101794375 0.5757544765625 0.08985323281249999 0.5766100390625 0.11162331406249999 0.5806328578125 0.1321579109375 0.5830591468749999 0.1616339234375 0.5894289203125 0.175311134375 0.5927535703125 0.189225484375 0.61527441875 0.227024946875 0.62755125 0.241725390625 0.65713059375 0.26702678125 0.663552621875 0.2761677765625 0.6958717609375 0.303727884375 0.7014212343749999 0.31178319062500004 0.724657246875 0.33551850625 0.7534162875 0.35519799375 0.7610162 0.362928815625 0.7765954125000001 0.3703125 0.7818583 0.3703125 0.8078974234375 0.3700726734375 0.8162213125000001 0.3677763921875 0.835093915625 0.3573247890625 0.8435921890625 0.3494939515625 0.8567931874999999 0.33198538437499997 0.8615569796875 0.32180848281249996 0.8640625 0.306265359375 0.8640625 0.280409534375 0.8633795109375001 0.274037809375 0.8528213453125 0.24939760625 0.8172033640624999 0.19127579687500001 0.8118282765625 0.1776859328125 0.80184615 0.16066431875 0.79355688125 0.1503502921875 0.7792554203125001 0.11932698281250001 0.767537 0.104171040625 0.7276179484374999 0.06888010624999999 0.7031606125 0.05512822656250001 0.6565670921875 0.0374144234375 0.641690228125 0.0275310078125 0.6218745531250001 0.004600568750000001 0.6197059625 0 0.515867940625 0
9 0.9680661624999999 0.2814844703125 0.9683016125 0.2754507390625 0.9479716015624999 0.273161021875 0.9265159562499999 0.2677452578125 0.9189336749999999 0.2680885234375 0.9176424718749999 0.27453408281249997 0.9199900624999999 0.296435178125 0.9208116390625001 0.359574046875 0.9418398234375001 0.36848400937500003 0.9483052843750001 0.36905174375 0.9786608593749999 0.379789815625 0.9799432484375 0.3693072109375 0.9756497203125001 0.33865816875 0.9747242765624999 0.313350215625 0.979095228125 0.29405721093750004 0.97430499375 0.292122978125 0.9730484125000001 0.2859582328125 0.9680661624999999 0.2814844703125
9 0.9031672624999999 0.277803815625 0.874539803125 0.2899215109375 0.8690167765624999 0.29397733593750003 0.8649599718750001 0.314811525 0.8487314734375001 0.3406313234375 0.8491765656249999 0.34521121093749996 0.8634597640624999 0.3394019484375 0.8814774421875 0.335938746875 0.9059429546875 0.3249691921875 0.9140225796875001 0.3246695984375 0.9196243031249999 0.3281886890625 0.9192925296875 0.3185734140625 0.9155316015625001 0.30411622031249996 0.9090919468750001 0.2869011359375 0.9031672624999999 0.277803815625
9 0.9147275703125001 0.4890625 0.9150645234375 0.48873457499999995 0.9302813390625001 0.483511828125 0.9697716562500001 0.46477999687500005 0.9703823171875001 0.45978828125 0.9622321734374999 0.42779152031249995 0.9558712125 0.418151353125 0.933009775 0.3666995734375 0.9208727046875002 0.359074875 0.918917953125 0.34628988125000004 0.9097995687499999 0.326316909375 0.9026535640625 0.32720301875 0.8814163749999999 0.33643791875 0.8612261234374999 0.341223946875 0.82230303125 0.3635373234375 0.8218145031249999 0.367530696875 0.8280709609375 0.38624329375 0.838681378125 0.4063472828125 0.853436746875 0.4459875234375 0.8542923078125 0.46775760312500003 0.8632098671874999 0.4811540015625 0.866622496875 0.4890625 0.9147275703125001 0.4890625
7 0.6194234734374999 0.4193843484375 0.6328693734374999 0.4286375765625 0.6492905203125 0.43411579375000003 0.671487771875 0.43757854218750003 0.7201052890625 0.4428567265625 0.73750349375 0.44034819687500004 0.7509053203125 0.42941620468749997 0.760127571875 0.4115582625 0.7648649187500001 0.3892702296875 0.7619765468749999 0.375898721875 0.75236963125 0.359919121875 0.7284618921874999 0.3416746953125 0.7112638796875 0.32200131718749997 0.69924894375 0.3133782765625 0.6794074609375 0.307095184375 0.6618172453125 0.30706418593749996 0.6426827484375 0.3114383859375 0.6252669140625 0.30587282656250003 0.6152589828125 0.30549855937500003 0.5953828765625 0.311825775 0.5821119984375 0.32579646875 0.577906615625 0.33551786875 0.577435715625 0.3475853296875 0.5814409078125 0.3600458390625 0.58780186875 0.36968600625 0.599572540625 0.3803057328125 0.6053316546875 0.398974659375 0.6106368625 0.40902665312500003 0.6194234734374999 0.4193843484375
3 0.8613731078125 0.4890625 0.858978040625 0.47876426875 0.85224186875 0.46808208906250004 0.8424083187499999 0.4621732640625 0.8325835843749999 0.46030148281249994 0.8288402874999999 0.453918378125 0.8230553656249999 0.4518968 0.7490821515625 0.4484283953125 0.6746638453125 0.44038010312500003 0.6627364203124999 0.443369021875 0.6536532921875 0.43954422812500005 0.6387940578125 0.43773490156249995 0.6300338906249999 0.4394883375 0.6250082046875 0.443587834375 0.619371859375 0.45267904843749995 0.6093645624999999 0.4810632640625 0.60790009375 0.4890625 0.8613731078125 0.4890625
9 0.035619310937499996 0.4890625 0.035939645312500004 0.502840746875 0.036323024999999995 0.507656703125 0.257641621875 0.6294469781250001 0.314437153125 0.5040572765625 0.2869088078125 0.4890625 0.035619310937499996 0.4890625
9 0.409375 0.5938036921875 0.36886716875 0.5687722953125001 0.3301377953125 0.5373036671875 0.29602208281250003 0.587538046875 0.275268565625 0.6288074453125 0.409375 0.7087505609375 0.409375 0.5938036921875
9 0.141551759375 0.7143776781250001 0.211902590625 0.763439184375 0.24219617968749999 0.7239175296875 0.27909182499999996 0.676513709375 0.211362846875 0.623483415625 0.13968528125 0.5757263671875 0.050285923437500005 0.52452924375 0.0370083265625 0.5488070515625 0.0389749015625 0.63339358125 0.0393581578125 0.638204203125 0.141551759375 0.7143776781250001
9 0.08914403125 0.6782753343750001 0.0391874328125 0.6425350421875 0.0430894921875 0.8103709234375 0.13681617968749998 0.8609111546874999 0.170805428125 0.8052372953125 0.20387895 0.7685462015625 0.17475288125 0.7415450546875 0.1361815875 0.716875775 0.08914403125 0.6782753343750001
9 0.409375 0.8142323890625001 0.37386362812499996 0.84205071875 0.346160275 0.8762437125 0.409150265625 0.9005505109375 0.409375 0.9006890390625 0.409375 0.8142323890625001
9 0.409375 0.7704687828125 0.324518103125 0.70417978125 0.2744815734375 0.770067675 0.24668337343750002 0.8001810609375 0.2937525484375 0.8401413703125 0.31017921875 0.8462457765625 0.34755024218749997 0.8776589921875001 0.380465684375 0.83416855 0.409375 0.8096856671874999 0.409375 0.7704687828125
10 0.409375 0.8780508265625 0.5361238109375 0.890625 0.5613383953125 0.890625 0.56138969375 0.8906113343750001 0.5935035828124999 0.8526343000000001 0.6159947390625 0.7557385390625 0.625 0.6592946734374999 0.625 0.646787190625 0.6221358312499999 0.6269786265625 0.6113802515625 0.5981896546875001 0.592199365625 0.5786455593750001 0.5680786953125 0.5670120046875 0.5555496921875 0.5649289984375 0.409375 0.550427671875 0.409375 0.8780508265625
10 1 1 1 0.9326859656250001 0.9818246078125 0.9290771531249999 0.6957488328125001 0.8973366375000001 0.634664046875 0.89463693125 0.616226121875 0.912129153125 0.6087663875 0.9290303546875001 0.6010415078125 1 1 1
10 1 0.6110147921875 0.974127621875 0.6065708296875 0.7795559609375 0.5872682609375 0.7784078593749999 0.587994421875 0.6797042640625 0.5832428421875 0.6625098453125 0.587417478125 0.6462809921874999 0.5992484375 0.6375448140625 0.6118227125 0.630295846875 0.6354652953125 0.6091681140625 0.8257429046875 0.6140183406249999 0.8547860937499999 0.6227650703125001 0.869094765625 0.6411911531250001 0.8877239203125 0.7815760453125 0.9050111062500001 1 0.9250839171875 1 0.6110147921875