10 0.026594290625 0 0.0161515125 0.0142320890625 0.009135171875 0.0254624796875 0 0.0346396 0 0.2674567 0.0035836874999999996 0.27279563906250004 0.0115309640625 0.282019428125 0.0309760890625 0.3004616890625 0.0448252515625 0.311119725 0.07032390937500001 0.32387083125 0.1041876453125 0.334661275 0.14121161875 0.3390625 0.17557525937500001 0.3390625 0.1929444890625 0.336566865625 0.2075274390625 0.33555293750000004 0.22029401875 0.33288219531249996 0.23624535781249997 0.32712211875 0.2589394515625 0.31622904531249996 0.27786401562499996 0.30507102812500003 0.29887853125 0.2894724375 0.3018766703125 0.28586026875 0.31252575 0.277943509375 0.3281160703125 0.2591602296875 0.3384491671875 0.25173097968749997 0.34491570625 0.24479455312499998 0.35341494375 0.2318843671875 0.369298496875 0.192987803125 0.37389620468749996 0.1729221984375 0.378125 0.14524101250000002 0.378125 0.12085809843749999 0.378077803125 0.12046019999999999 0.37351412812499996 0.09669238125 0.3633719765625 0.0689644515625 0.36008229531249997 0.0491090640625 0.344677653125 0.0169335140625 0.3346222921875 0 0.026594290625 0
10 0.5796875 0 0.333387209375 0 0.345481146875 0.0224699828125 0.3621322390625 0.048871371875 0.3717044734375 0.06916832187500001 0.38259310156250004 0.09898759375 0.38811479375 0.1271553546875 0.391018540625 0.1322017703125 0.3974479453125 0.135457109375 0.4200380609375 0.153100978125 0.4382240421875 0.16355410312500002 0.46476024843749997 0.1761232734375 0.487193453125 0.18509089375 0.4988280921875 0.191260671875 0.510957909375 0.1995041296875 0.5318435328125 0.21065671406250003 0.54513650625 0.2140625 0.5502837375 0.2140625 0.552037296875 0.2133503140625 0.55834213125 0.20767681875 0.5685384359375 0.2032962671875 0.5796875 0.1970098984375 0.5796875 0
4 0.7398331765625 0 0.687575190625 0.0491914234375 0.6505153359375 0.06734007812500001 0.5796875 0.075797634375 0.5796875 0.131708746875 0.5990154609375 0.1436953671875 0.6109110515625 0.15917628281250001 0.61238816875 0.159375 0.62124934375 0.159375 0.6524089796875 0.13352767031249999 0.676334653125 0.12749266718750002 0.70773955 0.09932951875 0.7727694453125 0.0976675671875 0.7842138609375 0.080699725 0.7940021406250001 0.049628484375 0.8314557046875001 0.00145816875 0.8322003734375001 0 0.7398331765625 0
4 1 0.1594770859375 0.9828678890625 0.129979128125 0.962096153125 0.1294981328125 0.950831778125 0.136079746875 0.943386184375 0.1489586859375 0.9025747984375 0.14231159843750002 0.8503189984375 0.152632353125 0.8302912703124999 0.1823260765625 0.83213936875 0.22190306093749998 0.8528221484374999 0.28599149687500003 0.9032319812499999 0.35292240625 1 0.396755621875 1 0.1594770859375
4 0.7772289515625 0.4390625 0.781160046875 0.429037340625 0.7971889546875 0.403432521875 0.80727006875 0.3700872421875 0.8112233468750001 0.3393877328125 0.8038547875 0.2527994203125 0.780423696875 0.20106513593750003 0.7563060593750001 0.18162655156250002 0.7496598015625 0.1703219796875 0.7218025546875 0.1619474671875 0.6955559015625 0.1410657484375 0.6573127859375 0.1324507390625 0.6430408921875 0.14441133281250002 0.6321148953125 0.17532951562500002 0.6295921703125 0.20390804375 0.6327916546875001 0.22400265312499998 0.6184644265625 0.2903214765625 0.6166065406250001 0.331713328125 0.6218222453125 0.3451388796875 0.6435180296875 0.36540836875 0.6736626296875 0.4099488078125 0.70560846875 0.4390625 0.7772289515625 0.4390625
4 1 0.0305142203125 0.845281203125 0.011991925 0.8186408421875001 0.021131868749999998 0.8133242624999999 0.0354539421875 0.7910211 0.06484155 0.793262909375 0.074396871875 0.82453330625 0.0832305578125 0.8301546390624999 0.10249425937500001 0.8410589296875 0.1166850984375 0.8694345968749999 0.1390099515625 0.8852162140625 0.142289775 0.8983167671875 0.13942533125 0.89053279375 0.12796770156249998 0.8928418515625001 0.11902460937499999 0.8988232703125 0.117515859375 0.9042190187500001 0.1205551828125 0.9067200375000001 0.13708567656249998 0.9441182703125 0.1432735921875 0.959381465625 0.132603071875 0.9783170218749999 0.1293669 0.999686346875 0.161159634375 1 0.16127478125 1 0.0305142203125
4 1 0.39688105 0.9962774609375 0.3943577609375 0.9117480453125001 0.358694940625 0.8991203671875001 0.3488991203125 0.855649628125 0.2909987453125 0.83041598125 0.2262980796875 0.8098698296875 0.24204146093749998 0.8034610765625001 0.2828210828125 0.8104912593750001 0.345072828125 0.8054002640625001 0.37561927968750003 0.7989123421875 0.3990375015625 0.7753914890625 0.4390625 0.948605253125 0.4390625 1 0.409225271875 1 0.39688105
4 0.7025892953125 0.4390625 0.6659914484375 0.40660336875 0.64421649375 0.3689724796875 0.6265986984375 0.3619754890625 0.5999919609375 0.361866221875 0.5796875 0.3832518734375 0.5796875 0.42029436093749994 0.5833655140625 0.4390625 0.7025892953125 0.4390625
3 0.3105867703125 0.4390625 0.3425269984375 0.5452630468749999 0.3513009265625 0.5683022875 0.3707762671875 0.598713975 0.38402738125 0.611670190625 0.38873686093750004 0.6189241265625001 0.4082830609375 0.6850597875 0.425013740625 0.7079309109375 0.4391833125 0.7401092265625 0.4434914609375 0.758340528125 0.4500119296875 0.77376754375 0.453147946875 0.7765625 0.4706767046875 0.7765625 0.4878346859375 0.7682499390624999 0.4917193859375 0.762223828125 0.49375 0.7543059234375 0.49375 0.7475921109375 0.49184348906249997 0.7284566531250001 0.4659199375 0.5883085328125001 0.4690102859375 0.529293146875 0.44370787656250005 0.4390625 0.3105867703125 0.4390625
3 0.43754585625000003 0.4390625 0.45342277343750004 0.49262124687500003 0.4886799125 0.5663911859375 0.5096585921875 0.62189536875 0.5225571171875 0.6463181484375 0.535804428125 0.6642380171875001 0.5416950796875 0.668341784375 0.5495852953125 0.6703125 0.572174525 0.6703125 0.5727833875 0.670258634375 0.5796875 0.66810801875 0.5796875 0.4898954 0.5520965296875 0.4390625 0.43754585625000003 0.4390625
3 0.28214805468750004 1 0.287363378125 0.98153241875 0.2870450171875 0.9483260999999998 0.30063801562500003 0.8996900171875 0.30867393593750003 0.8603018734375001 0.32048946875 0.8238365265625 0.341244165625 0.7870597484375 0.3483312046875 0.76815873125 0.3578125 0.6765527015625 0.3578125 0.611511509375 0.3565672921875 0.5957303421875 0.350639309375 0.5762464140625 0.34441127968749996 0.5637545984375001 0.3340061078125 0.5543536921875 0.324628284375 0.550262325 0.3091572421875 0.5500377000000001 0.2806673734375 0.5541938171874999 0.2651437859375 0.558443646875 0.258851803125 0.5653172421875 0.249451159375 0.5910077984375001 0.24681848906249998 0.6296077125 0.2423413015625 0.639690734375 0.22332983906249998 0.7089696609375 0.21741630937499998 0.719641746875 0.2242708921875 0.78844048125 0.2256237265625 0.792015084375 0.22650104999999998 0.8008206781249999 0.2256551125 0.8023337515625 0.2453490765625 1 0.28214805468750004 1
3 0.5796875 0.663772359375 0.556807446875 0.673907934375 0.5304600765624999 0.6595534750000001 0.4928644453125 0.582319634375 0.4926893 0.59723448125 0.51063675 0.6773346078125 0.547244903125 0.7613299671875 0.5796875 0.8288961546875001 0.5796875 0.663772359375
3 0.5126243859375 0.6472660578125 0.49318937968750004 0.585580965625 0.477666259375 0.5464863296875 0.46420450312500006 0.59477239375 0.48787633281250004 0.6823092765625 0.4927249921875 0.7643202640625001 0.4912374328125 0.7827352984375 0.5359459281250001 0.7646326343750001 0.5210853546875 0.7155151484375001 0.5126243859375 0.6472660578125
3 0.32628922656250003 0.8944794406250001 0.314490175 0.9094356250000001 0.3188894640625 0.9369180781249999 0.339662240625 0.9620119609375 0.37732126093749996 0.9565182437499999 0.390770340625 0.9247776921875002 0.39128309687499996 0.8965786640625 0.3889958796875 0.8902948609374999 0.387122340625 0.7714538046875 0.406620734375 0.7504113390625 0.4030464578125 0.7145367 0.3931232859375 0.6316116203125001 0.3741503234375 0.607909546875 0.3579646609375 0.5788377609375 0.35972644374999996 0.629866103125 0.350813765625 0.7238108000000001 0.3463637671875 0.7625103921875 0.3363518515625 0.7954038921875 0.31437841718750004 0.8416229109375 0.32628922656250003 0.8944794406250001
9 0.7962376078125001 1 0.9 0.6026278015625 0.9 0.5977822359375 0.67511116875 0.5671028765624999 0.5843149750000001 1 0.7962376078125001 1
9 0.5796875 1 0.5811494781250001 1 0.6730257453124999 0.56716548125 0.5796875 0.5544322687500001 0.5796875 1