10 0.559375 0.22168138593750003 0.5497144828125 0.20874094843750002 0.5365960390625 0.20237197812500002 0.500484846875 0.2235303828125 0.5295628796875 0.3140625 0.5329187875 0.3140625 0.559375 0.3039328140625 0.559375 0.22168138593750003
10 0.38268717812499997 0.405916671875 0.43322647031250006 0.4233469890625 0.484375 0.311377021875 0.484375 0.30998804375 0.45042125625 0.2927257859375 0.39853683125 0.28174879062499997 0.38853155781250004 0.3124231609375 0.38268717812499997 0.405916671875
10 0 0.26825671562500003 0.0484375 0.2311600078125 0.0484375 0.2236829828125 0.046784773437499996 0.20960955 0.0351424296875 0.2000092328125 0 0.19826101875 0 0.26825671562500003
10 0 0.29893859843750004 0.0043216578125 0.3069268234375 0.0235779984375 0.309375 0.02895243125 0.309375 0.037611621875 0.295453090625 0.05502739375 0.2889060421875 0.10464992656250001 0.2837825359375 0.1046875 0.282740909375 0.1046875 0.2613287296875 0.0931085390625 0.23712013125000003 0.057294753125 0.22604941250000002 0 0.26794255625 0 0.29893859843750004
10 0.059918609375 0.20590460156249998 0.05625 0.22712261875 0.05625 0.2285243125 0.0851377765625 0.23315080312499997 0.107856371875 0.259375 0.1097989 0.259375 0.1328125 0.23674852343750002 0.1328125 0.2196537921875 0.132760346875 0.218370740625 0.1158384296875 0.19752162812500001 0.0736618703125 0.1880993859375 0.059918609375 0.20590460156249998
10 0.08531968281249999 0.1884325203125 0.1129671828125 0.1963281265625 0.1279546203125 0.2091316734375 0.13503770625 0.225204059375 0.14405530312499998 0.228125 0.14499215000000001 0.228125 0.1609375 0.2065705734375 0.1609375 0.17441993125 0.14540586875 0.16391155468750002 0.1066398859375 0.1593035296875 0.10252472187499999 0.15625 0.08418590312499999 0.15625 0.084075509375 0.15782375625 0.0495058984375 0.1773618015625 0.0661658828125 0.1917669640625 0.08531968281249999 0.1884325203125
10 0.0380395140625 0.2951233890625 0.03052805625 0.30805815000000003 0.0630567640625 0.3964937609375 0.1109412671875 0.38815765 0.1140625 0.3632855640625 0.1140625 0.3510385609375 0.11022642499999999 0.2914796515625 0.0955009171875 0.2851200546875 0.0665737671875 0.2852887609375 0.0380395140625 0.2951233890625
10 0 0.40794460781249997 0.011102353125 0.4109375 0.0203293953125 0.4109375 0.0486559734375 0.39627572031249997 0.0625 0.3961949796875 0.0625 0.390178253125 0.060464759374999996 0.37042494062500003 0.0498401328125 0.3463163609375 0.0216687703125 0.3255328546875 0 0.32438423437499997 0 0.40794460781249997
10 0 0.4796875 0.08158309531249999 0.4796875 0.0984375 0.46730683125 0.0984375 0.4345970171875 0.0870776875 0.41221560625000003 0.0753698609375 0.4010043 0.0509364859375 0.3930899484375 0.0303065875 0.399655740625 0.0042961562500000005 0.43203482343750005 0 0.43549674375 0 0.4796875
10 0.20835431249999997 0.4796875 0.2359375 0.41711277343750003 0.2359375 0.40872537031249995 0.2345691453125 0.3989852078125 0.213873765625 0.4039400140625 0.19550575625 0.4266063078125 0.15444240468749998 0.4445708546875 0.11692059531250001 0.4705715921875 0.1172911359375 0.4796875 0.20835431249999997 0.4796875
6 0.23519984843750003 0.2165204546875 0.221914965625 0.2456025828125 0.20223183281249998 0.315006259375 0.20580338125000003 0.3633265140625 0.2457480546875 0.39693231406249996 0.275133584375 0.408040521875 0.300308596875 0.409375 0.3359600875 0.409375 0.3680813609375 0.4010529703125 0.3821520390625 0.39130269218749997 0.3849732703125 0.381618021875 0.3859375 0.3589100375 0.3859375 0.31888259375 0.3597950484375 0.2367416125 0.35881280625 0.21257680156249997 0.2646863390625 0.1905665765625 0.23519984843750003 0.2165204546875
6 0.511703015625 0.1999925515625 0.434718415625 0.1537118140625 0.27563184218750003 0.1546396125 0.26156038125 0.17566948124999998 0.261953278125 0.18533540625 0.353062065625 0.2121973375 0.355585890625 0.2347417890625 0.386049153125 0.311909859375 0.3924119265625 0.31026138125 0.4011375484375 0.287651321875 0.417077225 0.2843356203125 0.47404477187499994 0.30172845000000004 0.48401457031249995 0.309727153125 0.48768677499999996 0.325 0.49842013124999995 0.325 0.5103169375000001 0.32407608125 0.534375 0.311623675 0.534375 0.3080694484375 0.5067153796875 0.23547176718750001 0.5061260328125 0.220972878125 0.5153755234374999 0.2112507171875 0.511703015625 0.1999925515625
6 0.559375 0.3160269203125 0.5365528078125 0.3150181796875 0.48250197968749997 0.32983573125 0.4671516515625 0.34765031875 0.43467749062500005 0.4187399640625 0.4327075359375 0.44936747187500004 0.4531055109375 0.476641790625 0.45765619687500003 0.4796875 0.501241778125 0.4796875 0.5198818843749999 0.458527284375 0.559375 0.4474753734375 0.559375 0.3160269203125
6 0.559375 0.4796875 0.731420409375 0.4796875 0.7321087359375 0.47920377812500004 0.76498823125 0.4472674203125 0.7756767578125 0.4332663296875 0.79525131875 0.3953599921875 0.7903465046875 0.38239634375 0.7917336625 0.37043685000000004 0.793931940625 0.36293422343750004 0.807266578125 0.33829648125 0.8063132875000001 0.3190716578125 0.816067053125 0.23279778437499998 0.8157855062499999 0.208871928125 0.8134422640625001 0.19599653749999998 0.8171875 0.180635678125 0.8171875 0.1700907875 0.8151294968749999 0.15491494687500001 0.8078926140625 0.1515161390625 0.797009875 0.13647652500000002 0.7819544921875 0.13487515156250002 0.77260945625 0.1394741796875 0.7673116515625 0.14952736093750002 0.76232509375 0.1528986765625 0.73869213125 0.162910621875 0.7269713609374999 0.1796319203125 0.7165940796875 0.186951153125 0.7119243546874999 0.1948607234375 0.6972322625 0.2008502390625 0.680789721875 0.211208359375 0.6504253390625 0.24018034375 0.6293623265624999 0.267110728125 0.6082147734375 0.304766021875 0.593304353125 0.323542665625 0.564073509375 0.372729890625 0.559375 0.3742417484375 0.559375 0.4796875
7 0.9866430937499999 0.077096909375 0.9824592765624999 0.0680949171875 0.9740507734375001 0.058258415625000004 0.9594404296875 0.0479129609375 0.948292903125 0.0426078421875 0.918539840625 0.035775865625 0.9001145578124999 0.035239426562499995 0.8842071796875001 0.0373486703125 0.8621007484375 0.0445590234375 0.84794940625 0.05351978281250001 0.8392817000000001 0.06463789375 0.8356470140625 0.0754373203125 0.8324685359374999 0.099932903125 0.8337302796875001 0.10686580625 0.8251991562500001 0.1215317578125 0.8215644718749999 0.132331184375 0.8173184609374999 0.17893457343750002 0.8115291609374999 0.19467920156250001 0.813782275 0.20705938281249997 0.8067238734375 0.2913592984375 0.8077236234375 0.31363675468749996 0.8054816796875001 0.323696809375 0.8067434234374999 0.330629709375 0.8170417499999999 0.34525550781250003 0.8330912968749999 0.35791421875 0.863114734375 0.3662318171875 0.8919228828125 0.37066914375 0.91470664375 0.369977875 0.9216146671875001 0.371875 0.9218230890625 0.371875 0.9571281828125 0.36809325937500004 0.9718202734375 0.36210374375 0.9808949359374999 0.3560190953125 0.9901470531250001 0.345314803125 0.9931536609375 0.3366589828125 0.9953125 0.22427179375 0.9953125 0.1426241265625 0.99440219375 0.136514915625 0.986528853125 0.118429540625 0.9895791265625 0.10721629531250002 0.9866430937499999 0.077096909375
4 0.76852551875 0.147592346875 0.7631598343749999 0.1568423265625 0.763715184375 0.16079479375 0.7481297796875 0.156719953125 0.7158318671874999 0.194380665625 0.6730490375 0.2516491890625 0.6237604343750001 0.3339960453125 0.6079116359375 0.374249028125 0.6027533515625 0.41293556249999996 0.60204021875 0.425 0.6028137421875 0.425 0.61895593125 0.41485006562500004 0.638194521875 0.4160908734375 0.6593541703125 0.425 0.6625959781249999 0.425 0.7566425406249999 0.28130129375 0.8015625 0.20330160468749997 0.8015625 0.201657746875 0.7951062453125 0.191181378125 0.7988851828125 0.18296920156250002 0.7947596421875 0.1706895671875 0.79589568125 0.15523470781249998 0.8015625 0.15350481875 0.8015625 0.1506822171875 0.8007680468749999 0.1463169453125 0.7914844734375001 0.135417734375 0.77840635625 0.134795115625 0.76852551875 0.147592346875
4 0.6914282390625 0.39138895156250003 0.6794779656250001 0.3984571421875 0.66950764375 0.4108098359375 0.667986696875 0.42483154843750004 0.6630438046875 0.42564543749999995 0.6637648015625001 0.429607096875 0.6774246500000001 0.4263377859375 0.6881596359375 0.41538932656250005 0.7025376859375 0.41047161406250005 0.7239667859375001 0.3967421765625 0.7288195515625 0.395433078125 0.7296875 0.3941948296875 0.7296875 0.3886858953125 0.7295349625 0.3881746203125 0.7063470374999999 0.389442484375 0.69160569375 0.38676930625 0.6914282390625 0.39138895156250003
4 0.7829514312500001 0.24262964843749998 0.777964871875 0.246000965625 0.7656596875 0.2623084453125 0.761754625 0.27162225 0.7538924578125 0.2759771109375 0.75389525 0.28158716875 0.7497662734375 0.292467984375 0.7365189703125 0.311990875 0.7286187203125 0.3301232765625 0.7198580984375 0.3351361234375 0.7196369765625 0.34231319375 0.7125366796875 0.342462228125 0.705799671875 0.3502021484375 0.704767428125 0.3529223515625 0.707107878125 0.3601876828125 0.70230156875 0.364549415625 0.7066219671875 0.3770992484375 0.715699421875 0.3766246609375 0.72442176875 0.3796875 0.73310259375 0.3796875 0.7475169703125 0.378016228125 0.7674251234374999 0.37830850312500003 0.779602103125 0.3752833578125 0.7881824749999999 0.36928009687499996 0.7927156156249999 0.3578226828125 0.8054686312499999 0.33838118437500003 0.8071726203124999 0.3309599453125 0.8058179593749999 0.317921778125 0.8140625 0.21825403593749998 0.8140625 0.2051565171875 0.813220103125 0.2019423375 0.8095477437499999 0.2015625 0.8072251140625 0.2015625 0.79583265 0.209905809375 0.7928260421875001 0.21856162812500002 0.7850103328125 0.225969121875 0.7829514312500001 0.24262964843749998
1 0.370322775 1 0.37080525625 0.9916681671875001 0.3558920875 0.9208234734375 0.3550212703125 0.903748846875 0.358024671875 0.8762272359375001 0.36660393125 0.86442288125 0.377598428125 0.8584317562500001 0.38423784843750003 0.8573364921875001 0.3978212 0.8616706453124999 0.40880749843749997 0.8721363171875 0.42322440781250004 0.8800744875 0.435183359375 0.879700015625 0.44081287031249994 0.8759742890625001 0.45883500625 0.7956280078125 0.46875 0.7279220140625 0.46875 0.7102559609375 0.37028740312499997 0.707325059375 0.29136795625 0.7081022203125 0.2631831484375 0.7132602484375 0.22053051093749998 0.724437490625 0.1930029140625 0.7341730921874999 0.1887360125 0.738582175 0.152395425 0.8762932578125 0.140238534375 1 0.370322775 1
2 0 0.86631664375 0.027493548437499998 0.8730618515625 0.0776481046875 0.88125 0.09733052812500001 0.88125 0.10434225781249999 0.88098115 0.11335692500000001 0.8777141078125 0.118591015625 0.873436078125 0.14435238749999998 0.8789216124999999 0.15050821406249998 0.877760825 0.154072453125 0.8717603578125 0.1658314625 0.8314608343749998 0.1976806125 0.7076041765625 0.203315584375 0.6929072515625 0.2044645890625 0.681093553125 0.1959362484375 0.678940525 0.1599257640625 0.68353690625 0.12189545937499999 0.682872359375 0 0.6717637046875 0 0.86631664375
5 0 0.6728528125000001 0.05635896875 0.678125 0.06146399375 0.678125 0.0631753328125 0.6779348984375 0.06300171875 0.6734228546875001 0.070958290625 0.675997134375 0.0735098890625 0.672851803125 0.07083286093749999 0.663013303125 0.07567153125000001 0.6581829703125 0.087277784375 0.6597556046874999 0.09325999375 0.6540827703125001 0.0965651734375 0.6385714359375 0.10078662499999999 0.6371485390625 0.101799265625 0.6342934046875 0.096397021875 0.6230881921875 0.09833413125 0.6178646999999999 0.103125 0.614335028125 0.103125 0.61208675 0.0998785515625 0.6066033046875 0.09425177500000001 0.6048434328125 0.08857954375 0.60606975 0.081718321875 0.61112475625 0.06149281875 0.613371465625 0.049090260937500005 0.6216654203124999 0.03176905625 0.618819690625 0.021346328125 0.6243895640625 0.01167445 0.6230790359375 0.0098737015625 0.6193439640625 0.003456084375 0.6164794875 0 0.6105362109375 0 0.6728528125000001
2 0.14107254062500002 1 0.146976809375 0.9365042515625 0.1471241015625 0.9056032921875001 0.14378712656249998 0.8966728203125001 0.1484375 0.8916540828125001 0.1484375 0.8798046062499999 0.11957290937500001 0.8744402875 0.1014554 0.8814611515624999 0.08584676718749999 0.8828372671875 0.023639503125 0.8734107999999999 0 0.8672090718749998 0 0.9203972546875001 0.049191735937499995 0.9456970765625 0.0594271859375 0.9630431515625 0.069979140625 1 0.14107254062500002 1
9 0 1 0.040822103124999995 1 0.039624278125 0.9988369125000001 0.052572278125 0.9547087015625 0.0456256125 0.9547648859375 0.002363953125 0.9528927734374999 0 0.9531553687500001 0 1