7 0.659375 0.509375 0.659375 0.3863012046875 0.5997404671875 0.3683324953125 0.5375770375 0.3577700453125 0.50684235 0.3407947953125 0.46948035 0.3322598578125 0.45441272499999996 0.3340728625 0.43457075156249997 0.36076722499999997 0.421875 0.3953949203125 0.421875 0.39569517187500003 0.4282484421875 0.42693101875000006 0.4837446015625 0.44456036406250005 0.5056793125000001 0.44254755156250003 0.5378273796874999 0.4608562546875 0.6324186140625 0.499341328125 0.6413573234375 0.509375 0.659375 0.509375
7 0.3562506421875 0.509375 0.35664911250000003 0.49594748125 0.36190300937500003 0.487547128125 0.3328214734375 0.48014583593750004 0.297127325 0.43444871406249996 0.2663127125 0.41472662812500005 0.1928169796875 0.3453869796875 0.1523085234375 0.323197796875 0.1135331453125 0.31332940468750003 0.08255868281249999 0.28811365312500004 0.0132084671875 0.266763678125 0 0.259210471875 0 0.3430301328125 0.028846134375 0.379024221875 0.0453124421875 0.42528081875 0.0683261375 0.460350265625 0.12028932031249999 0.509375 0.3562506421875 0.509375
7 0.26886193281250004 0.1153022578125 0.1320756375 0.1192823328125 0.189848475 0.2220693890625 0.195327446875 0.2686456828125 0.2087272203125 0.30399486875 0.23731451093749997 0.3416513 0.30372865 0.45105981718750005 0.3343365359375 0.48125 0.37034012031249997 0.48125 0.3910531734375 0.47601053281250005 0.410041240625 0.46721055624999996 0.4205490296875 0.4504098515625 0.4359375 0.4390803140625 0.4359375 0.4313315453125 0.4320306125 0.4198350140625 0.43111147499999997 0.388246421875 0.4359375 0.38105668593750003 0.4359375 0.3644065875 0.36855254843749996 0.22236794999999998 0.34993884375 0.19679253593749998 0.29215013437500004 0.1476145578125 0.26886193281250004 0.1153022578125
7 0.53665006875 0.509375 0.5232877296875 0.48758040312500006 0.49372664843749997 0.46369810468750006 0.4518847375 0.4429223015625 0.42991006406250004 0.4435616984375 0.421789446875 0.44792172187499996 0.409988165625 0.46750922343749995 0.371852184375 0.47961550781250006 0.3611845484375 0.4909225421875 0.35822311875 0.509375 0.53665006875 0.509375
7 0 0.509375 0.04328315 0.509375 0.054871546874999996 0.49709201875 0.0609375 0.474504953125 0.0609375 0.4458348 0.038220123437499996 0.3972321921875 0.008539153125 0.3692296421875 0 0.3663532625 0 0.509375
3 0.659375 0.509375 0.8888292109375 0.509375 0.822705078125 0.4101888015625 0.764111328125 0.30764973906250004 0.71121419375 0.21569010312499998 0.6754069015625 0.16279296875 0.659375 0.14962390625 0.659375 0.509375
7 1 0.509375 1 0.1622899375 0.9102213546875 0.1391438796875 0.8687174484375 0.13507486875000002 0.8141927093750001 0.140771484375 0.797102865625 0.148095703125 0.78408203125 0.1489095046875 0.7539713546875 0.1635579421875 0.733626303125 0.1904134109375 0.73037109375 0.21319986875 0.738509115625 0.2254069 0.7376953125 0.24900716093750003 0.7417643234375 0.267724609375 0.7710611984375 0.3149251296875 0.8467447921875 0.410953775 0.9020833343750001 0.4744303375 0.9289388031250001 0.5061686187500001 0.9327177515624999 0.509375 1 0.509375
3 0.712760415625 0.14401041718750002 0.7168294265624999 0.15458984375 0.7119466140624999 0.16435546875 0.710319009375 0.18307291718750002 0.705436196875 0.2009765625 0.705436196875 0.2074869796875 0.7217122390624999 0.2319010421875 0.73741164375 0.259375 0.73798828125 0.259375 0.73798828125 0.2245768234375 0.73310546875 0.21399739687500002 0.7306640625 0.19609375 0.7363606765624999 0.18307291718750002 0.7510091140624999 0.16110026093750002 0.771354165625 0.15458984375 0.7754231765624999 0.14970703125 0.778125 0.1402506484375 0.778125 0.1379113421875 0.7697265625 0.13180338593750002 0.7404296875 0.128548178125 0.7143880203124999 0.13424479218750002 0.712760415625 0.14401041718750002
1 0.40021863125 1 0.40506149062499996 0.9677665984375 0.40988620156250005 0.9507248 0.4171204515625 0.9017835078124999 0.42202768281249997 0.890679609375 0.426400921875 0.861018153125 0.43053060624999995 0.84694099375 0.42635644843750004 0.8313308093749999 0.426314784375 0.8250220609374999 0.4375 0.7450708703125001 0.4375 0.7357833312500001 0.43702094375 0.734539196875 0.431703103125 0.7326525875 0.4301892734375 0.7296750078125 0.430391965625 0.7144615671875 0.43415150156250004 0.683683246875 0.43194183906249994 0.6769907046875 0.36232320625000003 0.686973175 0.346902071875 0.6865117109375001 0.264970484375 0.691226784375 0.2158036015625 0.6961338749999999 0.213308721875 0.6987168734375 0.21330952500000003 0.7053964703125 0.230253325 0.782311103125 0.2187203296875 0.8000557640625001 0.20857737968749998 0.8118711546874999 0.19152304375 0.8362630515625 0.108335228125 0.9393092281250001 0.0908718890625 0.9640698171875 0.08040165625 0.9755122015625 0.062350385937499996 1 0.40021863125 1
5 0.462347134375 0.6927318484375 0.44758136718749997 0.69969599375 0.4356385625 0.711129746875 0.4313446359375 0.720010709375 0.42897394375 0.7348403578125 0.4294242078125 0.7374406171875 0.43265577187500004 0.7382017328125 0.4341696046875 0.7411793125 0.421875 0.8329790703125 0.421875 0.8348439140625 0.423300809375 0.8398251734375 0.42297432968750004 0.8461317625 0.4253061671875 0.8483719624999999 0.42322109531249996 0.8572658656249998 0.421875 0.8756056843750001 0.421875 0.8779325421875 0.42269232343749996 0.8821257015625001 0.456382409375 0.8890625 0.461104809375 0.8890625 0.4625342625 0.8882966171875001 0.46523344062499994 0.8838593703125 0.467358971875 0.8712548171875 0.46711260625 0.863460515625 0.46940278125 0.8593919624999999 0.47304013593749994 0.8330659921875 0.4770067828125 0.8238120234374999 0.47753756249999996 0.8156511859375 0.482117109375 0.8008344828125 0.4851419640625 0.7834110484375 0.49242149218750003 0.7708366984375 0.49375 0.765430628125 0.49375 0.761320378125 0.49111075625 0.7559854765624999 0.4816155453125 0.7117702890625 0.47036455468750005 0.6935210125 0.462347134375 0.6927318484375
3 1 0.5723375625 0.902979271875 0.610697075 0.8857200640624999 0.6211372390625 0.8728374437499999 0.624613040625 0.8684753374999999 0.6275913890625 0.8580141328125 0.6393262109375 0.8404395749999999 0.65222175625 0.8184884265625 0.6720816671875001 0.8099875265625001 0.684046084375 0.8068288890625 0.693146946875 0.80625 0.699844759375 0.80625 0.7063298375 0.8144136203125001 0.7309215984375 0.827539171875 0.7449204765624999 0.8447890296875 0.753919303125 0.851347990625 0.7546875 0.8586822421875 0.7546875 0.8718208078125 0.7525991375000001 0.8786818828125 0.75340271875 0.9055193156250001 0.7381028093750001 0.918528075 0.7336448531249999 0.9275676359375 0.725232771875 0.9474519546875 0.7175923859375001 0.9597959125 0.7105642484375 1 0.6767488828125 1 0.5723375625
3 0.8069987328125 0.7089808609375 0.8041988984374999 0.7036683015625 0.8020587296875 0.6854729484375 0.7859637515625 0.6791017046875 0.774691984375 0.6777815359374999 0.759121184375 0.6789486390625 0.7515663375 0.6835469015625 0.7472187171875 0.6825392375 0.74260433125 0.6874818921875 0.742953784375 0.6925074578125 0.7504217265625 0.7118252734375 0.7924047890625 0.7954996640625 0.832815240625 0.86875 0.8338523562500001 0.86875 0.834375 0.8663040453124999 0.834375 0.8618289734375001 0.8301850703125 0.8383062625000001 0.8054074968749999 0.72524379375 0.804694109375 0.719178678125 0.8069987328125 0.7089808609375
3 0.9480177812499999 0.7162043640625 0.9456935375000001 0.71493521875 0.915551709375 0.7288511828124999 0.9061482109375 0.7362237125 0.9024509093749999 0.741772240625 0.8705202 0.8432082984375 0.8601706531250001 0.8579469796874999 0.8546929046875 0.8812316734374999 0.8508353609375 0.88028140625 0.8476963390625001 0.9008492328125 0.8560523984374999 0.9287449500000001 0.8574595578125 0.9294082218749999 0.859686628125 0.923687496875 0.861457725 0.925390321875 0.8637871031250001 0.9421124437499999 0.87591288125 0.9445295640625 0.9038813593749999 0.9552822359375 0.9421320140624999 0.9765625 0.945023771875 0.9765625 0.9518551640625 0.9419593921875 0.9448824328125 0.9381519515625001 0.9357260828125 0.928107196875 0.91426409375 0.8976795640624999 0.9165542343749999 0.8914677624999999 0.9317414796874999 0.8777941437500001 0.9372584640625 0.877443375 0.9449394515625 0.8718629578125 0.95625 0.8578553140625 0.95625 0.784147396875 0.9517449687500001 0.7530287484375 0.9476155265624999 0.7425758265625 0.9490806234375 0.7272950484375 0.9480177812499999 0.7162043640625
3 1 0.675433053125 0.9926110687499999 0.6816270515625 0.9893407703125 0.68772405625 0.9769337437499999 0.69524326875 0.9624257859375 0.7075010546875 0.9506980453124999 0.7136044375 0.948233178125 0.7173034578124999 0.9472147062499999 0.744599675 0.9525620984375 0.7571890984375 0.9592454078125 0.8546875 0.9607227890625 0.8546875 0.9647817515625 0.8518329953125001 0.991550978125 0.8215711875 1 0.8102863140625001 1 0.7985157859375001 0.9952235296874999 0.78910271875 0.9940831343750001 0.782489125 0.9955337437499999 0.771194359375 1 0.7611208859375 1 0.675433053125
3 0.8736946171875001 0.77997715625 0.8517673046875001 0.7764120640625001 0.8455079609375 0.778669740625 0.832086678125 0.7785932078125001 0.8212956390624999 0.7967694265625 0.83548495 0.872203928125 0.8446651359375 0.85882368125 0.858445221875 0.844486790625 0.8807210703124999 0.8027325093750001 0.8843211999999999 0.7901941062500001 0.8839717468749999 0.7851685406250001 0.8736946171875001 0.77997715625
3 0.8087555015625 0.6891279390625 0.8073483421875001 0.688464665625 0.8023700187499999 0.69236776875 0.8015501078125 0.6987517671875001 0.805189475 0.709147290625 0.8039135890625 0.722954840625 0.8153609984375001 0.7771327296875 0.8241193093750001 0.7786569828125 0.8293354296875 0.7767755859375 0.8370505171874999 0.7786761171875 0.85078715 0.7762972671874999 0.8889500671875 0.7812654375 0.9009684078125 0.7457867328125 0.9011721015624999 0.7403274890625 0.891482221875 0.7421833765625 0.8817147890625 0.7485163531250001 0.864533134375 0.7544794265625001 0.850131696875 0.754288096875 0.835443878125 0.7485801249999999 0.8249920234375001 0.7408759578125 0.8139529203125001 0.7261245187500001 0.8089208781250001 0.711079709375 0.8087555015625 0.6891279390625