9 0.8969720265625 0.37027900156250004 0.9016685890625 0.3451690765625 0.9172724796875 0.2702308515625 0.9053472734374999 0.271863378125 0.8888818390625 0.27189032968750004 0.8628865890625 0.27145662187499997 0.84360288125 0.27180284062500004 0.8282136484375 0.2730328265625 0.8154174078124999 0.27542651406249996 0.796555334375 0.2777620796875 0.780519128125 0.2784856828125 0.7679545156250001 0.2783191640625 0.7599427078125001 0.277603728125 0.7494663125000001 0.27748153593749997 0.7452728453125 0.299941859375 0.7455568593749999 0.324745046875 0.7471799359375 0.3407353078125 0.7466511453125 0.357756734375 0.7474909921874999 0.36019034375 0.7857070937499999 0.36324495625000003 0.8154261421874999 0.36346367968750004 0.860369503125 0.3683970609375 0.8930623953125 0.3719806140625 0.8969720265625 0.37027900156250004
9 0.706841115625 0.40739130625 0.7222634250000001 0.40803788750000003 0.71290101875 0.394806546875 0.7099675328125 0.38461349375 0.702915309375 0.370046771875 0.6876162625 0.348335465625 0.6796316593749999 0.33572246875 0.6725620171875001 0.32413229062500004 0.6668527921875 0.3161369953125 0.6618405296875001 0.30707708125 0.604715428125 0.3114365140625 0.5742746750000001 0.3198133125 0.5516742125 0.32612268437499997 0.547495859375 0.3278231421875 0.55365250625 0.3421618546875 0.560988403125 0.3475967390625 0.578826409375 0.368228371875 0.6014439375 0.39835109218750003 0.619735421875 0.42018101874999997 0.632883690625 0.4159809375 0.6545544703124999 0.4111673921875 0.6709239 0.40734163749999996 0.6886578046875 0.406423878125 0.706841115625 0.40739130625
9 0.46875 0.4796875 0.6007126609375 0.4796875 0.5907347578125 0.47527736562499995 0.5677856546875 0.460142221875 0.5134008890625 0.429690128125 0.46875 0.39371300625 0.46875 0.4796875
9 0.46875 0.2393482953125 0.48059340937500006 0.2531216203125 0.5447453671875 0.2528598109375 0.58562724375 0.253752221875 0.5887993890625001 0.2537700796875 0.5535579687500001 0.1925009359375 0.5231596234375 0.1468772609375 0.517550528125 0.14166555625 0.5038030921875001 0.14182180625000002 0.5084211328125 0.13569404062499998 0.4993348125 0.12236155468750001 0.46875 0.1243851484375 0.46875 0.2393482953125
9 0.5603402875000001 0.2021739890625 0.572430809375 0.218049784375 0.5845533515625 0.22845384375000002 0.5982285890625001 0.2421671453125 0.6103099656250001 0.2596062609375 0.62121083125 0.2772992875 0.6387495015625 0.30241239062499997 0.7055928781249999 0.28004639062500003 0.7037402578125 0.2778944390625 0.6682061390625 0.2385659796875 0.65651293125 0.22195419374999997 0.6695307343750001 0.2136894140625 0.7144457 0.1946605171875 0.686006134375 0.1518544 0.6230477234375 0.1648754890625 0.59309376875 0.179385296875 0.5603402875000001 0.2021739890625
9 0.6572984140625 0.2220454734375 0.7373243921875 0.31464969374999996 0.744229046875 0.3118967578125 0.7493332125000001 0.2773261375 0.7811616750000001 0.27828712968749997 0.8476159625000002 0.2723210296875 0.83402991875 0.2433651234375 0.8106640875 0.20662400937499997 0.78258295625 0.1697260515625 0.7660189921875 0.17953424843750002 0.731381790625 0.1884154984375 0.6572984140625 0.2220454734375
9 0.9023532171875001 0.14667013125 0.9062541296875001 0.109117321875 0.913790790625 0.0793135203125 0.8615567734375 0.11994984687500002 0.8296409828125 0.14829435 0.7917179515624999 0.1809777359375 0.8213793687500001 0.22334652031250002 0.8516103968750001 0.2470074 0.8704902421875002 0.2446223234375 0.8963613078125 0.22702296562500002 0.8909049359375001 0.2158571203125 0.8900521593749999 0.2043104015625 0.895196015625 0.19025515625 0.8980085859375 0.1814239 0.8773107937500001 0.17993451875 0.9023532171875001 0.14667013125
9 1 0.081420915625 0.9825229890625 0.078963175 0.9444910140625 0.1001411078125 0.920894509375 0.126608246875 1 0.17961908437500002 1 0.081420915625
9 1 0.22881917812500002 0.92070000625 0.26812125937500003 0.9122149296875002 0.3070342890625 0.9565638828124999 0.3643048109375 1 0.340897759375 1 0.22881917812500002
9 0.9077382187499999 0.3237481203125 0.8973516187499999 0.373839084375 0.810892828125 0.3641507140625 0.810949253125 0.365960715625 0.8760845374999999 0.435221171875 0.8898532124999999 0.42318955625 0.974861140625 0.3728019046875 0.965907678125 0.36279327031249997 0.9590506265624998 0.36414878906250003 0.9522186921875001 0.3612025125 0.9356080015625 0.3660880421875 0.9241937312499999 0.3453903625 0.9177954734375 0.3299390296875 0.9077382187499999 0.3237481203125
9 1 0.4796875 1 0.43197354062500004 0.9995903109375 0.43172732500000005 0.9831892609375 0.4226397515625 0.936812025 0.4057597421875 0.9304370359374999 0.40990243125000003 0.9212176156249999 0.40682022656249994 0.9130882421875001 0.41478079375 0.9158136515624999 0.4796875 1 0.4796875
3 0.7957493031249999 0.4796875 0.80003884375 0.49598114843749996 0.8019296562499999 0.509713728125 0.808995346875 0.5258075140625 0.820724965625 0.536345890625 0.8367479234375 0.5433687625 0.8443186328125 0.54394184375 0.8499725250000001 0.55372488125 0.8558054 0.55849928125 0.8659954828125 0.5607477546874999 0.8739367828125001 0.5592809265625001 0.88554535625 0.5523801921875 0.890611809375 0.5452796624999999 0.8904588312499999 0.5273457640625 0.898917771875 0.5183356015625 0.9064951734375001 0.5034487265625 0.9092170421875 0.4911485296875 0.9084825546874999 0.47976838906249997 0.9084491953124999 0.4796875 0.7957493031249999 0.4796875
3 0.72859333125 0.4796875 0.7282099390625 0.48030259218750004 0.712723171875 0.497151084375 0.7125501140624999 0.52559705 0.710441690625 0.5318382765624999 0.7161527578125 0.558070846875 0.71305360625 0.5878709046875 0.7293832859375 0.5918642921874999 0.7439944453124999 0.5925764156250001 0.7638317265625 0.588661953125 0.77357473125 0.583983384375 0.7792991828125 0.5792960453125 0.78759845 0.5678119390624999 0.7927480859375 0.5542184046874999 0.7949085218749999 0.5020921015625001 0.797483340625 0.495295334375 0.794546384375 0.4796875 0.72859333125 0.4796875
0 0.46875 0.7736068140625 0.48721255625 0.7694965093749999 0.5013447 0.7627868015624999 0.52346939375 0.747622471875 0.5456134 0.724975559375 0.5510823765625 0.7163299109375 0.553497521875 0.7070592015624999 0.552443690625 0.6907311734375 0.49341315 0.5932045484375 0.48131963125 0.569246125 0.46875 0.5504786515625 0.46875 0.7736068140625
6 0.46875 0.4796875 0.46875 0.555502509375 0.48197763125000004 0.571659315625 0.48609198437499995 0.57315245 0.4955602 0.5719981546875 0.50581415 0.5752362046874999 0.5335600359375 0.6082574078125 0.5511863984375001 0.6245597609375 0.564717721875 0.6318863953125 0.57223718125 0.6394472703125 0.576785996875 0.6398900750000001 0.5786835031249999 0.6381627 0.5833348078125 0.624629915625 0.59017103125 0.61382285625 0.6075359921875 0.6027295718750001 0.6170680749999999 0.602564853125 0.6577771578125 0.6185465375 0.6992467343750001 0.6229658265625 0.7049073171875 0.617288909375 0.713488065625 0.5868205765625 0.7183057375 0.5603017796875001 0.7139619140625 0.5319077984375 0.722874628125 0.514364721875 0.7226384671874999 0.5029238296875 0.7247149578125001 0.4961878140625 0.7293788859375001 0.49063240312499995 0.7334339234374999 0.4796875 0.46875 0.4796875
6 0.9070610734375 0.4796875 0.90754976875 0.48087947187499996 0.9063674359375 0.501469571875 0.8984513781250001 0.5188911421875 0.8904588312499999 0.5273457640625 0.8912252531250001 0.5392206921875 0.887877321875 0.5496024875 0.8802553640624999 0.5560172 0.8699821 0.5602617343749999 0.861944996875 0.5602441953125 0.85424655 0.5576919609375001 0.84435056875 0.54443663125 0.8243409937500001 0.5378997796875 0.8084650859375 0.5253734796875 0.802970865625 0.5180643843749999 0.7973682234374999 0.50129355 0.7933749140625 0.5172395234375 0.7920262203125 0.5508156343749999 0.7864740593749999 0.5659542890625 0.779605903125 0.576266559375 0.7739133859375 0.5814486875 0.7563568203125 0.5895732406249999 0.7368262578125 0.5904582171875 0.7162544875 0.582992540625 0.71025525 0.591204153125 0.700933321875 0.6257523015625 0.7012526625 0.6307001890625 0.7069384890625 0.640978015625 0.7172563078125 0.64520564375 0.7216261359375 0.6506570890625 0.724487596875 0.6872107 0.7232800234375001 0.69184605625 0.7194850140625 0.6953008078125 0.7098251921875001 0.6934863703125 0.7059663125 0.6959515453125 0.7051612625000001 0.6990417828125001 0.71019501875 0.7303437453124999 0.7168901171875 0.7484774406250001 0.719343128125 0.76313884375 0.721847384375 0.770812453125 0.7302483843750001 0.7842500390625 0.7372888328125 0.7843890828125 0.7728171093749999 0.7745722328125 0.7992284484375001 0.7713523546875 0.8213464484375 0.7716479828125 0.8302524671875 0.7695648609375001 0.8585999375 0.749652440625 0.867876546875 0.7455294125 0.87353713125 0.739852496875 0.89725260625 0.7259902765625 0.928213521875 0.6843159234374999 0.9339060390625 0.6791337953125 0.94610205 0.6891166312499999 0.959972028125 0.6939085687500001 0.985693434375 0.6877807109375 0.9914178859374999 0.683093371875 0.9932708359374999 0.6728938359375001 0.9927153343749999 0.65650505625 0.9967212640625001 0.6485364546875 0.9972389046875 0.64099311875 0.9922430125 0.6336232703125 0.9799511984375 0.6221560687500001 0.9697678078124999 0.6044476421875 0.958600384375 0.5948380921875 0.9562431765625 0.581661053125 0.964056740625 0.578215071875 0.968107225 0.5787186296875 0.9916236406250001 0.6162449125 0.9968623859375001 0.6195956984375 1 0.6178690234374999 1 0.600856575 0.9972589812500001 0.5946132546875 0.9771157406250002 0.5626599203125 0.9733021796875001 0.5346999734375 0.961994396875 0.5151338953125 0.961981778125 0.5071565234375 0.983448471875 0.48957900312499997 0.9904443640625 0.4812458859375 0.9906525765625 0.4796875 0.9070610734375 0.4796875
5 0.6922166140625 0.7474959984374999 0.6945552703125 0.7292583390624999 0.692856065625 0.718494490625 0.6974880578125 0.7124442921874999 0.6976351078125 0.7069408625 0.6967535703125 0.7010641515625 0.6922047593749999 0.7006213453125 0.693655184375 0.6919669265625 0.699603175 0.690743109375 0.7084260125 0.6951529953125 0.716399246875 0.69418095625 0.7245834015625 0.6886950656249999 0.7218689890625 0.6466380265625 0.7165983078125 0.6427924515625 0.7063443578124999 0.6395544015625 0.69771981875 0.62265329375 0.6918869421875 0.6178788953125001 0.6860028203125 0.6200922906249999 0.6813582046875 0.61816511875 0.674879953125 0.6189549 0.6550939171875 0.61588156875 0.6528896890625 0.6206384296875 0.645785371875 0.6195098078125 0.642520621875 0.6233985953125 0.622619471875 0.6263234796875 0.6181219062500001 0.6188928796875001 0.618639546875 0.6113495453125 0.6164226968750001 0.608129034375 0.6178731234375 0.5994746156249999 0.615189884375 0.5968096453125 0.611203265625 0.597295665625 0.5975375140625 0.6034498312500001 0.5871172015624999 0.6131977921875 0.5796356 0.629569034375 0.5764473406249999 0.642424771875 0.573118721875 0.64532398125 0.5747859953125001 0.6555930390625 0.571469996875 0.666469621875 0.5711885156250001 0.68545385 0.5775895156249999 0.7145944 0.5810265578125 0.721156928125 0.5934461093750001 0.7346032828125 0.6037698578125 0.7622682375000001 0.6156910828125 0.7757753453125 0.6219903515625 0.7799942046874999 0.6424982546875 0.786470303125 0.6580741328124999 0.786566134375 0.6705516218750001 0.777564740625 0.68145764375 0.7597786546874999 0.6922166140625 0.7474959984374999