3 0.51875 0.3890625 0.51875 0.026517704687499997 0.43957155937500003 0.037167446874999996 0.434411296875 0.0712672953125 0.4407397125 0.1675965484375 0.43301863906250004 0.20204083437499998 0.4435037828125 0.2598498828125 0.47302392343750005 0.312061778125 0.48237810156250005 0.3890625 0.51875 0.3890625
3 0.3741904484375 0.3890625 0.44508498750000003 0.167743446875 0.446875 0.1388996296875 0.446875 0.1256806046875 0.4369665734375 0.0929131765625 0.4394372515625 0.0531013078125 0.4350251296875 0.0385103078125 0.4283385671875 0.039409671875 0.352884771875 0.089037990625 0.258434625 0.110852490625 0.2457593453125 0.11863113125 0.221886940625 0.181061375 0.21589606562500002 0.2289389453125 0.1812551765625 0.361147584375 0.1681911515625 0.3890625 0.3741904484375 0.3890625
3 0 0.1607450265625 0.028555465625 0.1656721890625 0.0330944671875 0.1703125 0.0392129765625 0.1703125 0.0487439265625 0.1690305578125 0.348866578125 0.092220478125 0.4234375 0.0400760046875 0.4234375 0.0396740203125 0 0.096627653125 0 0.1607450265625
3 0 0.3890625 0.096875 0.3890625 0.096875 0.37096053125 0.07992502968750001 0.262089321875 0.050893323437500006 0.19007195 0.036251451562499995 0.17078310624999998 0 0.163584290625 0 0.3890625
3 0.170517971875 0.3890625 0.1931249421875 0.3136977171875 0.19352508125 0.2696090078125 0.20626015781249998 0.22689810000000002 0.20544703125 0.2087861359375 0.2000641875 0.16699370156249999 0.177909134375 0.13656784375 0.0524735390625 0.165586871875 0.041484310937500005 0.17465717812499998 0.06820908125 0.228763503125 0.086739990625 0.29004570625000003 0.09662392656249999 0.3890625 0.170517971875 0.3890625
3 0.481541975 0.3890625 0.4717676234375 0.3087382625 0.44451026718750003 0.26229579062499997 0.43724912656250003 0.2177191046875 0.43199873125000005 0.212351521875 0.4188350140625 0.2399356375 0.37344036875 0.3890625 0.481541975 0.3890625
8 0.39375 1 0.39375 0.9894485562499999 0.392991634375 0.9817229140624999 0.388328603125 0.9645944171874999 0.377532834375 0.9432297484374998 0.316116296875 0.8560290546874999 0.25604163125 0.7773521359375 0.24049248906249998 0.7597784359374999 0.2250632171875 0.74719134375 0.204385753125 0.7383749859375 0.183220846875 0.7360149093749999 0.160998684375 0.741084153125 0.1398110453125 0.7521737500000001 0.0430040609375 0.8378853984374999 0.03270253125 0.8494201984374999 0.026059624999999996 0.8650899859375001 0.0227679921875 0.8823913375 0.022715146875 0.9028141671875 0.0302420140625 0.9280305140625 0.040048134375 0.9493547093749999 0.0764120421875 1 0.39375 1
8 0.1929921671875 0.58988838125 0.17948137656250002 0.624207775 0.1743899625 0.6653477109375 0.17571648281250002 0.6937976796875001 0.19255523125000001 0.7074387546875001 0.207278715625 0.7125 0.2098848828125 0.7125 0.21946315468750002 0.7060483328125 0.235327609375 0.69972274375 0.24363507968749998 0.6751539624999999 0.2727700015625 0.6574149921875 0.29287085625 0.6278486421875 0.322710809375 0.5941970453125001 0.329436090625 0.5840105046875 0.3296875 0.5829767828125 0.3296875 0.5762685234375 0.3242032453125 0.5678550437500001 0.31856533125 0.563639109375 0.2114919953125 0.5592602125 0.20918669374999999 0.5726165390625 0.2057678109375 0.5784547640625 0.1929921671875 0.58988838125
10 0.51875 0.3890625 0.51875 0.6694503093749999 0.52231525625 0.6673940359375 0.5266201890625 0.659184615625 0.5253580578125 0.6425284343750001 0.5300415171874999 0.63281223125 0.5390524109375 0.628187821875 0.54206598125 0.6289448703125 0.5483827812500001 0.6407837265625 0.553957153125 0.642824828125 0.566100290625 0.634021465625 0.5871946968749999 0.6068025953125 0.5930952765625 0.5871401515625 0.58145664375 0.5830950703125 0.5807811484375 0.580682753125 0.5979120234375 0.5596766265625 0.5971543984375 0.530172 0.5994626578125 0.5216211796875 0.5964935203125 0.514948359375 0.5886626265625 0.509136640625 0.5859606453125 0.49948737187500003 0.5963073343749999 0.4799807234375 0.5990683625 0.47090289218750003 0.59694513125 0.44938495468750006 0.5988748671875 0.4423409203125 0.622605778125 0.3890625 0.51875 0.3890625
10 0.622280965625 0.3890625 0.5989011625 0.44151634531250006 0.596889875 0.45398626562499994 0.5975507515625 0.46920990937500007 0.58730811875 0.49659188125 0.58808766875 0.5068795234375 0.5976109562499999 0.5155192046875 0.5981258015625001 0.515625 0.6023660828125 0.515625 0.6106151953125 0.511577596875 0.6304553578125 0.49381508125 0.6850100375 0.4335133015625 0.7300366734375 0.3890625 0.622280965625 0.3890625
10 1 0.515917865625 0.9963904234375001 0.514138140625 0.894226040625 0.49231765625 0.8575733203125001 0.48327021875 0.8523403515625001 0.47923244374999996 0.841488578125 0.479069340625 0.8338061671875 0.47521717500000005 0.8131014390625 0.4734375 0.81132860625 0.4734375 0.7790945375 0.4749286671875 0.762735328125 0.4801099 0.7118320125 0.5105729546875 0.680627684375 0.5149082796875 0.6649810890625 0.5229917171875 0.6635041187499999 0.52950874375 0.6677573125 0.5336207609375 0.6679800421875 0.5365600859375 0.6000347140625 0.57619771875 0.59324321875 0.58410285625 0.5896880234374999 0.5957043687500001 0.590207725 0.6025627968749999 0.5949063765625 0.612553465625 0.6196015671875 0.63285370625 0.6320124390624999 0.6535920921875 0.637772421875 0.6580826328125 0.6489582859375 0.6626547265625 0.75488655625 0.7211425453125 0.7813279015625 0.73125 0.7826013015625 0.73125 0.8002087687499999 0.727562246875 0.824792015625 0.7138746250000001 0.8725405828125 0.674289309375 0.9010575484375 0.647493390625 0.912785040625 0.6397069265625 0.9874099203124999 0.5581762953125 1 0.540625340625 1 0.515917865625
10 0.51875 0.9880391453125 0.5327007453125 0.9630800015624998 0.5367385203125 0.95784703125 0.545185284375 0.9522799687500001 0.5530752265625 0.9393645890624999 0.5872548453124999 0.8702600281249999 0.602997609375 0.84393938125 0.6050387125000001 0.8383650109375 0.6031010859375 0.8192965093750001 0.60458536875 0.8063738218750001 0.61875 0.763395025 0.61875 0.7606900703124999 0.6049183031250001 0.7457464187499999 0.56145889375 0.72489724375 0.5355983234374999 0.702221809375 0.534098846875 0.6954376250000001 0.57712625625 0.6325604281249999 0.5754709859375 0.6302223515625001 0.5706463515625 0.6315733437500001 0.5571820375 0.6424476203125 0.5514147484375 0.6443627421875 0.54389544375 0.6296588015625 0.5389223249999999 0.629050240625 0.5267420656249999 0.6373637140625 0.5251166078125 0.6419211890625001 0.526831503125 0.6580503640625001 0.5233949828125 0.664715875 0.51875 0.6676313515625 0.51875 0.9880391453125
10 0.6980015265625 0.7757811671875 0.6855316015625 0.773769878125 0.6663961671875 0.768322065625 0.6576153109375 0.769480140625 0.64410656875 0.786270190625 0.6367807546875 0.8001282249999999 0.6316147187500001 0.8034758890625 0.625840121875 0.811796671875 0.6196054484375 0.8270501249999999 0.6199766640625001 0.831949003125 0.630375671875 0.8326391125000001 0.6526135359375 0.8270124234375 0.692740475 0.8624024343750001 0.7020125375 0.865625 0.715233771875 0.865625 0.7176060765625 0.8654452375 0.7870137609375 0.8321019046875 0.8584996671875 0.793674084375 0.8786294953125001 0.7862363296874999 0.8965399218750001 0.7755178484374999 0.9085716921875001 0.765244821875 0.9128023828125 0.7560556265624999 0.9028178656250001 0.6893122234375 0.9101436749999999 0.6754541921875 0.9111307609375 0.6689742875 0.921875 0.6544971546875 0.921875 0.6502007234375 0.9177883859375001 0.6462982734375 0.9105100468749999 0.64375 0.9091259296875001 0.64375 0.8983042421875 0.6492527953125 0.8440611499999999 0.70066235 0.8108011015625 0.723383371875 0.780977578125 0.73943888125 0.7053127171875 0.7747344578125 0.6980015265625 0.7757811671875
10 1 0.3890625 0.7257057640625 0.3890625 0.7128986046875 0.4013739765625 0.5996102921875 0.5188452875 0.5955652109375 0.5304839218749999 0.5947046859375 0.5581403625 0.590815396875 0.565332884375 0.57677889375 0.5796875 0.589940484375 0.5796875 0.5967908 0.5791684140625 0.610633634375 0.5667873515624999 0.6288410328125 0.5599879703124999 0.6541813265625 0.5432867796874999 0.6685067421875 0.5372742578125 0.6691153015625 0.5323011375 0.66573051875 0.5266452140625 0.6702953015625 0.521865009375 0.6830396921874999 0.5144941890625 0.7086252203125 0.5140335359375 0.7335498671874999 0.4983492421875 0.772532771875 0.47962887500000007 0.8096528765625 0.4753379796875 0.8720396046874999 0.485884315625 0.8938247046875001 0.48078463437499996 0.9758727203124999 0.43219515468749997 0.9800589796875 0.4289217328125 0.9837626609375001 0.41927977343749995 0.9888915765625 0.4154422234375 1 0.40879439531250006 1 0.3890625
10 0.61853464375 0.6315283296875001 0.6001635640625 0.6166612875 0.5930081640625 0.6132618843750001 0.5328125 0.6949474906249999 0.5328125 0.698009096875 0.5336738609375 0.7015170749999999 0.5625851234375 0.72543944375 0.5985477296874999 0.7448858890625 0.6941695984375 0.7765625 0.70055305625 0.7765625 0.7043567484375 0.7757915093750001 0.7210202375 0.7681237171874999 0.784375 0.7332804671875 0.784375 0.7300352984374999 0.7670392921875 0.7252205515625001 0.7517115984375 0.7180061046875 0.702417965625 0.6916866140625 0.6585502203125 0.6654486765625001 0.6340704515625 0.6544934265625 0.61853464375 0.6315283296875001
10 0.9121991953125 0.7578125 0.913738853125 0.7578125 0.9194875249999999 0.7549919296875001 0.9297526640625 0.7409111656249999 0.9310288312499999 0.7122378296875 0.9503791078125001 0.69451243125 0.953125 0.689630640625 0.953125 0.687102390625 0.9368917109375001 0.6595673 0.9295507031250001 0.6537184609375 0.9251965312500001 0.653125 0.9222627484375 0.653125 0.9103191015625001 0.666507859375 0.909101978125 0.6764540984374999 0.903587234375 0.6882040968750001 0.906430390625 0.7062185765625 0.908049115625 0.740584959375 0.9121991953125 0.7578125
10 0.6927239921874999 0.8617266640625001 0.6547422109375 0.82863760625 0.6452487359375001 0.826893475 0.6244805359375001 0.8324088 0.620375825 0.830256334375 0.6205316203125 0.8258102218750001 0.629408646875 0.8064149374999999 0.64046064375 0.7962161562500001 0.6458269046874999 0.7825066093749999 0.6554907906249999 0.7669933046875 0.654852415625 0.7650708749999999 0.6466801203125 0.7612558296875 0.6301797328125 0.7580718484375 0.6240710421875 0.7619836421875 0.61592125 0.7714698078125 0.6033034203125001 0.800017165625 0.6015625 0.81350251875 0.6015625 0.8156683359375 0.6034896062499999 0.8349848 0.6183353031250001 0.868348903125 0.6376344171875 0.8954631390625 0.6514924515625 0.9027889515624998 0.6659219234375 0.9046517546875 0.6741684640625 0.9094465765624999 0.6790673421875 0.9090753609375 0.6908319546875 0.901778784375 0.711047903125 0.9109375 0.7169937765625 0.9109375 0.7244711046875001 0.9100691765625001 0.7334820000000001 0.905444765625 0.8664625656249999 0.8007695828125 0.8828125 0.784819428125 0.8828125 0.7841876624999999 0.878991534375 0.7840537734374999 0.87103465625 0.7895837171875 0.72286699375 0.86289146875 0.7166469390625 0.8653335999999999 0.7048525140625 0.865734625 0.6927239921874999 0.8617266640625001