0 0.3476826359375 0.0252402203125 0.31930685937500003 0.0163844875 0.27654172187500003 0.014614984375 0.24991625 0.0181797546875 0.23060672499999998 0.025327284375 0.21511502187499998 0.0391872484375 0.2084213171875 0.0562686046875 0.2088488625 0.11617251875000001 0.21722814375000002 0.25577470468749997 0.2213742328125 0.27183927343750003 0.2349895171875 0.28087890937500004 0.2540589921875 0.2874503015625 0.28597772187500003 0.290625 0.328231975 0.290625 0.3691874125 0.28621185 0.38853123125 0.27710446875 0.39375 0.2695264703125 0.39375 0.2412959140625 0.37621521874999997 0.05324732343750001 0.3724402640625 0.044085085937500004 0.3676229765625 0.038266846874999996 0.3476826359375 0.0252402203125
0 0.45 0.2778666140625 0.4335214921875 0.27542960625 0.3896968765625 0.27798402499999997 0.36200335625 0.2863626796875 0.3334218203125 0.289266025 0.31760185 0.2937738484375 0.3168449203125 0.3089197921875 0.313837953125 0.312092328125 0.313752221875 0.316991940625 0.3169931515625 0.32856112187500003 0.3222758765625 0.33589211093750004 0.321190678125 0.34168591875 0.32555109843749996 0.3455014453125 0.3238718640625 0.357131925 0.328043671875 0.37172660625 0.327261025 0.388342434375 0.3410209375 0.4734547171875 0.34530668593749997 0.5096505734375001 0.34505806250000004 0.5238594625 0.34940990781250003 0.5281649484375001 0.3547955140625 0.5296164 0.3861385734375 0.5328125 0.45 0.5328125 0.45 0.2778666140625
0 0.45 0 0.23545892031250001 0 0.2355375875 0.00045971562499999997 0.23492640312500002 0.0072763140625 0.2245177578125 0.0117657046875 0.22396658593750002 0.015152567187499999 0.22832700468749997 0.01896809375 0.24200230312499998 0.0245779984375 0.2750728546875 0.01814075625 0.30946256875 0.020651421875 0.3383209328125 0.030039984375000002 0.3577786875 0.0425337828125 0.36552578125 0.049589140625 0.370739921875 0.060839821875 0.37289565156250004 0.078202809375 0.3773188953125 0.090625 0.4432621890625 0.090625 0.45 0.08847871406249999 0.45 0
0 0.45 0.0972323859375 0.43126390781249996 0.0916822421875 0.40326669062500003 0.09905297187499999 0.3832534734375 0.118570403125 0.38642068125 0.2186244875 0.40264588437500004 0.2282190453125 0.42702655624999997 0.2401610734375 0.4323422203125 0.240625 0.45 0.240625 0.45 0.0972323859375
0 0 0 0 0.29356909375 0.0310969671875 0.2953125 0.0712029578125 0.2953125 0.1107417359375 0.28404265 0.1700383703125 0.2679536890625 0.184375 0.242474384375 0.184375 0.23481741562499997 0.1639320671875 0 0 0
0 0.1053830453125 0.47065329218749996 0.1217465234375 0.4765625 0.12591206875 0.4765625 0.161148865625 0.4689774765625 0.2006894796875 0.4577071046875 0.2234375 0.44303655781250006 0.2234375 0.4335939796875 0.21642096875 0.4018305953125 0.1721413921875 0.40287317500000003 0.148101121875 0.278125 0.147997959375 0.278125 0.13491554687500001 0.28185391718749997 0.09873428125 0.28851038125 0.05434039375000001 0.2960857859375 0.1053830453125 0.47065329218749996
0 0.223293634375 0.276455653125 0.2153667859375 0.2610425390625 0.209411778125 0.13293825625 0.17478158906250002 0.1446371890625 0.18449603125 0.2452626875 0.1759976359375 0.26251368125 0.1462492984375 0.276274378125 0.1719603265625 0.399560075 0.211779959375 0.4015625 0.21723600781250002 0.4015625 0.325 0.3789095234375 0.325 0.372288228125 0.3114527078125 0.29723536093749997 0.29511319375 0.2941736234375 0.24282103593749998 0.284702709375 0.223293634375 0.276455653125
0 0.162167734375 0 0.1704518546875 0.1046875 0.1722051640625 0.1046875 0.20734151562499997 0.067096321875 0.20934983125 0.04600750625 0.23125 0.026409073437500003 0.23125 0.021117806250000003 0.226138103125 0.0065802234375 0.219636865625 0 0.162167734375 0
3 0.45 0.26743768125 0.45238345156250004 0.2685215484375 0.45396925781249997 0.26875 0.4764391734375 0.26875 0.4811312484375 0.268247271875 0.50035014375 0.25883474375 0.5057059359375 0.253261925 0.5078125 0.24776981562499997 0.5078125 0.24163497500000003 0.5058608296875 0.22663785625 0.4959016765625 0.19995251875 0.48624611562500003 0.12108401093750001 0.4783859078125 0.0996242859375 0.45 0.05195833125 0.45 0.26743768125
3 0.575047775 0.155466984375 0.5660637453125 0.14417400625000001 0.5444860359375 0.1015273640625 0.53976185625 0.09003598125 0.5371985828125 0.07312057968749999 0.534028478125 0.069009534375 0.5244469109375001 0.068923465625 0.5153792390625 0.072007484375 0.5121564703125 0.076948621875 0.51361760625 0.1003034 0.50530820625 0.1560534734375 0.50097400625 0.1690314296875 0.5014352359375 0.1812537015625 0.5206661671874999 0.26127324218750003 0.518944809375 0.2826468984375 0.5220684453125 0.2947451640625 0.53210814375 0.3075859859375 0.5395381 0.3114986265625 0.5444535265625 0.3125 0.557074540625 0.3125 0.5634904671875 0.3119800390625 0.573623103125 0.30884641875 0.5848485828125 0.3008708640625 0.5902198625 0.2926356375 0.5921875 0.2834515234375 0.5921875 0.2787961578125 0.5914366234375 0.2664944484375 0.5830315421875 0.2471894484375 0.5776575187499999 0.16439516406250002 0.575047775 0.155466984375
3 0.5404998812499999 0 0.5387159875 0.0025596875000000003 0.54070960625 0.0258896640625 0.5362050234375 0.068154096875 0.5408424609375 0.09455495781249999 0.566094875 0.1460801765625 0.5729675671875001 0.15427747187500002 0.5766453703125001 0.16262356875 0.5830874546875 0.24483576875000002 0.5883998781249999 0.2467176859375 0.6145472265625 0.2359177890625 0.615625 0.23269059531249997 0.615625 0.21605769062500002 0.6147269046874999 0.2050338703125 0.6053497968749999 0.1698040296875 0.6025111671875 0.10871747812500002 0.593632465625 0.07932013437499999 0.583639234375 0.0584920921875 0.5783515953125 0.052350324999999996 0.5652223375000001 0.0215539421875 0.5616393000000001 0 0.5404998812499999 0
3 0.6287990796875 0 0.6256986328125 0.0036634156250000003 0.626091709375 0.027600276562499998 0.6113770421875 0.0863103640625 0.6101447953125 0.11511395937499999 0.6178470109375 0.16373023281250002 0.6201903359375 0.2184518109375 0.627047534375 0.229311509375 0.6328831453125 0.23276607187499998 0.6403798015625 0.234375 0.6473909875 0.234375 0.64778023125 0.23420157656249999 0.6521237281250001 0.21962617343750002 0.6665905625 0.2035145953125 0.680583778125 0.1773106703125 0.679367371875 0.111889865625 0.6763242796875 0.08594708281249999 0.6521802 0.026917521875 0.648589134375 0.003661946875 0.64477064375 0 0.6287990796875 0
3 0.709817271875 0 0.71040523125 0.0121584921875 0.6945481546875 0.08423021562500001 0.7027374421875 0.1375 0.7029295937500001 0.1375 0.7150454109375 0.129588865625 0.7412887953125 0.1022820453125 0.7557866093750001 0.080845653125 0.7625 0.0786185609375 0.7625 0.076549434375 0.73490556875 0.009952695312499999 0.7330961281249999 0 0.709817271875 0
3 0.7417499265625 0.10134893593750001 0.7053398312500001 0.13764667343749998 0.668774840625 0.20056847968749997 0.652691975 0.2199493484375 0.649444421875 0.2291503359375 0.6515278796875 0.237038353125 0.6647624671875001 0.2497303703125 0.6658880984375 0.25 0.6687484265625001 0.25 0.6765792859374999 0.2316128703125 0.6926776421875 0.20956959375 0.735567353125 0.15753228749999998 0.7463161140625 0.13999687031250002 0.75595034375 0.13103075625 0.7624454484375001 0.1126287796875 0.7734375 0.0946026578125 0.7734375 0.0894742234375 0.7705999546875001 0.083502775 0.7589070484375 0.080321021875 0.7530249703124999 0.0848536796875 0.7417499265625 0.10134893593750001
3 0.8380331 0.0734724203125 0.8251575125 0.0905745609375 0.8053627656250001 0.107466628125 0.7642594703125 0.12694816874999998 0.7514334484375 0.13553060625 0.6715330093749999 0.23560503906250002 0.6682823578124999 0.245338509375 0.6692884609374999 0.25540605312500003 0.6872905984375001 0.2721347125 0.707964434375 0.287141928125 0.7109432171875 0.2875 0.72332954375 0.2875 0.73514266875 0.28214972031249996 0.7554915828125 0.26150548281249997 0.7940935609374999 0.214458915625 0.7969046671875001 0.18877580624999998 0.832150665625 0.1695670734375 0.8350980796874999 0.1204547859375 0.8415591078125001 0.1079101046875 0.8538867218749999 0.0934951734375 0.8546875 0.09148516718750001 0.8546875 0.0825658796875 0.8534471781249999 0.0775455328125 0.8486858234374999 0.07244392499999999 0.8428347265625 0.0716517703125 0.8380331 0.0734724203125
3 0.8436880406249999 0 0.8244118484375 0.0646848484375 0.82324465625 0.082306334375 0.8253436031250001 0.0875319453125 0.8280029125 0.0879404234375 0.8339159687500001 0.0780829515625 0.84140788125 0.071345965625 0.8488564249999999 0.0720637171875 0.8568002765625 0.07914644531250001 0.8578311625000001 0.0849541390625 0.85352174375 0.093672246875 0.8406492546875001 0.11024190468749999 0.8406337656249999 0.11290431249999999 0.8486240828125 0.1119998203125 0.8544689875 0.1138569375 0.85816228125 0.11954062812499999 0.8580693437499999 0.13551506875 0.8681864890625001 0.1350438546875 0.870369078125 0.12589246875 0.8735825546874999 0.1225487765625 0.882653325 0.11893227656250001 0.883309721875 0.09760822031250001 0.8913434109375 0.08924898906249999 0.8924858203125 0.075887353125 0.8878359921874999 0.051616418750000004 0.8725677609375001 0 0.8436880406249999 0
3 0.857780625 0.1225734546875 0.8568085578125 0.1169879671875 0.8512107234374999 0.1122212234375 0.84618888125 0.1120529203125 0.8369233234375001 0.11610424687500001 0.8342744625 0.122461675 0.8320193546875 0.1302084640625 0.8304721562499999 0.154412371875 0.8269082484375 0.1799168046875 0.8233977328125001 0.1924147375 0.821194571875 0.195064215625 0.8423964609375 0.21137122343749998 0.8429818140625001 0.214360440625 0.8459974953125 0.21401887187500002 0.8490155156250001 0.21327501875000002 0.8538469109375001 0.2116422921875 0.8582845859375 0.20862023437500002 0.8605092656250001 0.206103425 0.8617326203125 0.203029965625 0.862961828125 0.198950740625 0.862772565625 0.1969485671875 0.862592665625 0.1933371796875 0.861206965625 0.18978193593749998 0.8592300609375 0.18424324375 0.8590536562499999 0.18002838906250002 0.859681140625 0.17577609375 0.8623241484375 0.17042443125 0.8609501359374999 0.16485765624999998 0.8590048281249999 0.15388783125 0.858478003125 0.140840953125 0.857780625 0.1225734546875
3 0.8955666484375 0.1546294171875 0.8951892953125 0.1504239140625 0.89501058125 0.1466113671875 0.8946285187499999 0.14321048281249998 0.8946507531249999 0.13938856875 0.894477890625 0.13457025625000002 0.8940946859375 0.13137052031250002 0.8935292265625 0.1249617015625 0.8925349234375 0.12319811875 0.89073440625 0.12187429062499999 0.8875271078125 0.12061598124999999 0.8827085875 0.120036021875 0.8792909625 0.1203962921875 0.8752645937499999 0.12179041406249999 0.8724346640625 0.124737603125 0.8693979203125 0.1286999234375 0.868971415625 0.1329428546875 0.8693417468749999 0.1383552734375 0.870095296875 0.14696741875 0.8692574875 0.15283830468749998 0.868016578125 0.1589290625 0.8651620718749999 0.16610046875 0.8637459453125 0.1677752140625 0.8604918515625 0.1745630453125 0.860449721875 0.1818045421875 0.861024528125 0.186604159375 0.8629979234375 0.1927462875 0.8639512671875 0.2015502390625 0.8605079140624999 0.2063358765625 0.8580693937500001 0.21107472968750002 0.8562208968749999 0.2179981828125 0.8561163828125 0.22530818749999998 0.8923839921875001 0.2527440171875 0.8946638421875001 0.240741709375 0.896313715625 0.233425315625 0.9042509031249999 0.2159622453125 0.9042696281249999 0.21274379687499997 0.9040815515624999 0.210540459375 0.9026935109374999 0.20738753124999998 0.9012995890625 0.205240371875 0.9009280859375 0.2000291125 0.9009514921874999 0.196006040625 0.9013803375 0.1913607984375 0.9024015578124999 0.18849785624999998 0.903427459375 0.184830290625 0.9038598453125001 0.1795816046875 0.9034742703124999 0.1767841625 0.90249166875 0.1730090578125 0.9013092890625 0.16904215312499998 0.8999224187500001 0.16568806875 0.898336909375 0.1619410359375 0.8965480781250001 0.1586056796875 0.8955666484375 0.1546294171875
3 0.9019436046875 0.094543509375 0.898547059375 0.09128302499999999 0.8911112750000001 0.09162935312500001 0.8836520703125 0.0959987453125 0.8810008859374999 0.10275848125 0.8808527453125 0.1188942609375 0.8861347515624999 0.11820506718749998 0.89154681875 0.12036619687500001 0.8935377828124998 0.1234910265625 0.894520384375 0.1272661546875 0.8952903031249999 0.1330621453125 0.8944642109375 0.1369214921875 0.8952434921875 0.141108265625 0.8956044609374999 0.14812990937499998 0.8967646359374999 0.15591872499999998 0.8979306640625001 0.162701775 0.9031136656250001 0.1696999234375 0.9076227109375001 0.154407509375 0.907448678125 0.149790353125 0.9046190718750001 0.1181485421875 0.904653009375 0.112315096875 0.90506313125 0.110888303125 0.906889378125 0.10778676250000001 0.9069045906250001 0.105171771875 0.9063145875 0.10298716875 0.9047255671875 0.099843596875 0.9019436046875 0.094543509375
3 0.9330596078125 0.16799684374999999 0.930476284375 0.163089696875 0.9264709796874999 0.1608630625 0.9188295343749999 0.1620233640625 0.91420376875 0.16284210625 0.910562946875 0.1670336546875 0.908316046875 0.1733723703125 0.9078790093750001 0.17942568750000001 0.9092483250000001 0.18579706093749998 0.907767834375 0.19853524218750002 0.9038499625 0.2158111109375 0.9017817765625 0.22596237343749997 0.8971173921875 0.233419178125 0.8948459156249999 0.24398209999999998 0.8936329265625 0.2539586296875 0.9007965265625 0.25717855312500004 0.9072075796875 0.26029864062499997 0.9130250859375 0.261837578125 0.9178483203125001 0.2616129328125 0.9268930203124999 0.26099055781249997 0.9323296640625 0.258927465625 0.9387805078125 0.255208325 0.9436564031250001 0.2459317859375 0.9432790203125 0.241726290625 0.94150309375 0.23617823750000003 0.938925621875 0.2302653234375 0.9379465312499999 0.22588675937499997 0.9363820859375 0.21851898749999998 0.934807140625 0.2129615625 0.9334331125 0.20739479843750003 0.9318686984374999 0.2000270078125 0.93110928125 0.1924206296875 0.9323525453125001 0.1859275625 0.9346006171875001 0.179387696875 0.934638065625 0.1729507921875 0.9330596078125 0.16799684374999999
3 0.9531443187499999 0.1691270453125 0.9509793078125 0.1613850296875 0.9492080625 0.1550323734375 0.9482453546875 0.1478376609375 0.9470723078125001 0.1422615265625 0.9459179828125001 0.1334669515625 0.9441642921875001 0.12409699062499999 0.9438197078125 0.1142592 0.9440651265625 0.1066060203125 0.9440920437500001 0.10197949843750001 0.9413089390625 0.0968805515625 0.9336850484374999 0.095023559375 0.9266453421874999 0.09635693125 0.9207927250000001 0.100852590625 0.92217676875 0.1046928484375 0.921541090625 0.11035321875 0.9208972234375 0.11742166093749999 0.9198291921875 0.1283307390625 0.9159640140625 0.1365547109375 0.9108766375 0.1476509921875 0.9077919109374999 0.1598605875 0.90315595 0.171616875 0.90649511875 0.175554128125 0.9077313625000001 0.1702679875 0.9109784484375 0.1646871 0.9156158859375001 0.16185681093749998 0.9208504109375 0.1600042203125 0.928085246875 0.15966725312500002 0.9312878328124998 0.1617301875 0.9346609703125001 0.1690137203125 0.934623521875 0.175450615625 0.933970321875 0.184128290625 0.932526078125 0.19063070937499998 0.9298737375 0.197591603125 0.9342119234374999 0.211667553125 0.93661884375 0.2123598484375 0.9442790140625 0.2079810953125 0.9459160140625 0.20287738281249998 0.9475471343749999 0.1987794390625 0.9498057687500001 0.1904291984375 0.9530750906249998 0.1810263890625 0.9537319828124999 0.17171396249999998 0.9531443187499999 0.1691270453125
3 0.9482448 0.078860825 0.9470589109375 0.0754973796875 0.9452618874999998 0.073570090625 0.9426551890624999 0.07268600625 0.9392469125 0.07143706875 0.9352263953125 0.07182541718749999 0.929393675 0.072901478125 0.9249489953125 0.07713046875 0.9247140765624999 0.0829732671875 0.9240748906250001 0.0892371015625 0.9244588859375 0.0940021140625 0.9264547421875001 0.0945872109375 0.9306726968749999 0.0947929515625 0.9354924203125 0.0951717671875 0.9393061062499999 0.09579854531250001 0.9419069859375 0.09768839375 0.9432961953125 0.10064017031250001 0.9438780390625 0.1042328421875 0.9438441015624999 0.1100662796875 0.9437984609375001 0.117911259375 0.9441594296875 0.1249329015625 0.9449188156249999 0.1325392828125 0.9466748781250001 0.14150693281249999 0.9494287234375001 0.151634709375 0.9555875171875 0.16358359218750002 0.9505472578124999 0.13204474375 0.9477223328125 0.099598325 0.9477527609374998 0.0943683453125 0.94838024375 0.09011605 0.9488008984375 0.0868788734375 0.9486163328125 0.0840720921875 0.9482448 0.078860825
3 0.9689589796875001 0.18787979531250001 0.9626890484375 0.1879304546875 0.9566533156249999 0.189177025 0.9530127734375 0.19320838125 0.95201145 0.19953044375 0.9517280921874999 0.2067845109375 0.9460792671875 0.22442569843750002 0.9440232109375 0.24624406875 0.9374222031249999 0.261757340625 0.9330545046874998 0.273869890625 0.935161465625 0.277309828125 0.9406895140625 0.28043143125 0.9486281875 0.2836821171875 0.9582623265624999 0.28564702343750004 0.9669442859374999 0.2854840125 0.975633284375 0.2841138640625 0.98071121875 0.281705090625 0.9831401203125001 0.27869562187499997 0.9838805781249998 0.27576477499999996 0.983907265625 0.2711776625 0.983222990625 0.26445138125 0.9813284624999999 0.2585055625 0.9787215640625 0.2506620171875 0.9770823 0.2422906953125 0.9764064359375 0.23411586875 0.975960553125 0.22786120156249998 0.97461584375 0.210304375 0.9751502343750001 0.2013490875 0.9751881578125001 0.1948305359375 0.9744912249999998 0.190277109375 0.9689589796875001 0.18787979531250001
3 0.9927069156249999 0.19678374999999998 0.9935139609375 0.1920643390625 0.9935958734374999 0.177984628125 0.9936231187499999 0.1733015296875 0.992876240625 0.1676790890625 0.9903805078125 0.1611627171875 0.988851559375 0.155966871875 0.9890794265625 0.1502990171875 0.99008141875 0.1455705109375 0.9910777328125 0.141817646875 0.9920842671875001 0.1363086203125 0.9915323484375002 0.1306770984375 0.9905791734375 0.1270150390625 0.9900181578125 0.12294455468750001 0.9890729296874999 0.1179165875 0.9877366703125 0.11310190625000001 0.9863981265625 0.10867748749999999 0.9854563031249999 0.10306412499999999 0.9847117093750001 0.097051428125 0.9853147109375 0.0939021171875 0.9865105140625001 0.08935965625 0.986725909375 0.08583824375 0.9861648953125 0.0817677703125 0.9846302703124999 0.077547553125 0.9826978078125 0.07471140468750001 0.978023578125 0.074148803125 0.9721796406250001 0.073640684375 0.9663220812500001 0.0754741171875 0.9641469765625 0.08084250468750001 0.9631290906250001 0.0883028234375 0.9632911312499999 0.0939524984375 0.96325366875 0.10039178124999999 0.9606841296875 0.10655883125000001 0.9545703203125001 0.11893834375000001 0.9500635859375001 0.1280766625 0.9492077421874999 0.136190134375 0.9521172218749999 0.13859061875 0.955033515625 0.139820328125 0.958933634375 0.13944360312499998 0.9640091375000001 0.13803674375 0.96849636875 0.13724251875 0.9755134046875 0.13711077656249998 0.9797864031250001 0.139642828125 0.981334634375 0.141521484375 0.9815034859375 0.14600038437500001 0.982046321875 0.1531929421875 0.9814331015625001 0.15809842031250002 0.9800491499999999 0.161479184375 0.9796376875 0.1652048078125 0.9795854671875001 0.17418078125 0.9807097500000002 0.1819314859375 0.9831748484375 0.1937163328125 0.9886864593750001 0.21784422343749998 0.9908729171874999 0.2105245390625 0.9918851249999999 0.204039871875 0.9927069156249999 0.19678374999999998
3 0.9804608125 0.145847228125 0.9791314281249999 0.1425343828125 0.9772545765625 0.140596940625 0.9741643859375 0.1385810125 0.9705251687499998 0.13821055625 0.9667471124999999 0.1385215078125 0.9593172687500001 0.140622434375 0.9578192031250001 0.143122040625 0.955493659375 0.14876496875 0.953975171875 0.154775275 0.9546221890624998 0.159469809375 0.9559327203125001 0.1660233125 0.9527113406249998 0.18655692343750002 0.9580978859375 0.1879469359375 0.9633606531249999 0.18743183593749999 0.9684814390625001 0.18813826718749999 0.9727857499999999 0.1900976375 0.9746531765625001 0.19365541875 0.9761064625 0.198852353125 0.9753966015625 0.2049599921875 0.975227134375 0.21090746875000002 0.9753235437499999 0.21751751718749998 0.9737893421875 0.2262283734375 0.9771108406250001 0.23484805937500003 0.9844057734374999 0.23275341093750002 0.989341609375 0.21888947499999997 0.9791977671875 0.177493846875 0.9781539046875001 0.1714678890625 0.9784504140625 0.166864403125 0.9799586921875001 0.1626094421875 0.9805202984375001 0.15880355 0.9805438656250001 0.1547527359375 0.9808443046875001 0.14947410781249998 0.9804608125 0.145847228125
3 1 0.16548915 0.9985798406249999 0.166233059375 0.996980828125 0.1700558453125 0.9965647046874999 0.17382354687499998 0.9959342265625001 0.18056042187500002 0.995503178125 0.186893453125 0.9944531328124999 0.1979900359375 0.99042630625 0.21257901562499998 0.985797703125 0.22897153593750003 0.9791869156249999 0.2447772109375 0.9789784375 0.24924510781250003 0.98149546875 0.25701907031250004 1 0.268366796875 1 0.16548915
4 0.45 0.8992977874999999 0.42765826406249996 0.911320371875 0.43122102812499996 0.8467813968750001 0.425666971875 0.8138270703125 0.390302378125 0.8366190281250001 0.358774828125 0.9137684734375 0.32892790625 0.9343574796875 0.3615651546875 0.9796253968749999 0.3385764859375 0.9782039953125 0.3028816453125 0.9741466953125 0.2718690546875 0.9643655421874999 0.2362059875 1 0.45 1 0.45 0.9976471171875 0.4353785296875 0.9915903859374999 0.45 0.9727258750000001 0.45 0.96443985 0.4366001671875 0.9299133359375 0.45 0.92533373125 0.45 0.8992977874999999
4 0.23046981406249997 1 0.2465574015625 0.9803336203124999 0.30273465625 0.975249621875 0.2971344234375 0.9707402593750001 0.308344684375 0.9161567406250001 0.3326739328125 0.8977706874999999 0.322437625 0.8705402140625 0.3606848984375 0.8567152515625001 0.3570246890625 0.860822828125 0.37899130937500003 0.863860509375 0.3921875 0.85535575625 0.3921875 0.852935328125 0.38651985624999996 0.8319463734375001 0.3596017921875 0.8330574078125 0.30493024375 0.8317585781249999 0.27742445 0.8494856593750001 0.2822354421875 0.8220291546875 0.2510941125 0.8339806515625 0.22129337031250002 0.8261246921875 0.2586226640625 0.8020665140625001 0.24019730312499998 0.7530516640625 0.2416666265625 0.7115115578125 0.2725966546875 0.714580396875 0.26244290625 0.6940622390625 0.23013590781249998 0.675643578125 0.2059717859375 0.7074542593750001 0.19092447968749998 0.7076802890625 0.1769602796875 0.7315641640624999 0.1105467125 0.7094176921875001 0.0817926875 0.690062296875 0.07073495625000001 0.7312870859375 0.085923596875 0.7361117640625 0.1329014703125 0.7559001015625 0.1629862875 0.8190502828125 0.1369498171875 0.79523725625 0.0963250328125 0.776766865625 0.13343323125 0.831331265625 0.1182208015625 0.81813266875 0.0917617265625 0.8243603125 0.0529729 0.826356353125 0.0398679078125 0.862135046875 0.0333161125 0.9026207953125001 0.0296875 0.9249632265625 0.0296875 0.9253289921875 0.05521188125 0.9439865984375 0.0427533890625 0.961487646875 0.07213153125 0.999384275 0.096084353125 0.98259393125 0.091060140625 1 0.23046981406249997 1
2 1 0.7838461671875 0.9771838625000001 0.7745961687499999 0.9326188406250001 0.751835575 0.9049224656250001 0.7338286390625 0.8925880968750001 0.7292341203125 0.8539034140624999 0.7211068265625 0.8230188249999999 0.7174149046875 0.7621292171875 0.716498559375 0.7347634218750001 0.6869062078125 0.7185169 0.67557129375 0.69661009375 0.6646651609374999 0.472442271875 0.6816463921875 0.4662590671875 0.6951830328125 0.4640087390625 0.7169663749999999 0.4510567140625 0.7621785187500001 0.45 0.76946504375 0.45 0.9575175281250001 0.45288713124999996 0.957560978125 0.48271721406249996 0.9517829078125001 0.49852641249999996 0.955611575 0.5253140468749999 0.966650596875 0.544505678125 0.9767571609375001 0.5882202750000001 0.993550678125 0.6017344953125 1 0.93093064375 1 0.9411118390625 0.983907578125 0.9684538875000002 0.9526841046874999 0.9938035265625 0.9045223124999999 1 0.8976835093750001 1 0.7838461671875
2 1 0.8965874234375001 0.9993565 0.8962665015625 0.9880133953125 0.90868614375 0.9725392421875 0.9364974703125 0.9284609828124999 1 0.9884832218749999 1 1 0.9777820640625 1 0.8965874234375001