9 0 0.36784155625000003 0.010342068749999999 0.3507887796875 0.0203223015625 0.34973948906249996 0.0333657359375 0.35631042343749997 0.04015825 0.34940129999999997 0.0484201109375 0.34718248749999997 0.1038059734375 0.22619631875 0.10443464531249999 0.17911191875000002 0.0155899484375 0.162004975 0 0.1602486078125 0 0.36784155625000003
9 0.04901959375 0.37963620625 0.097694334375 0.404461096875 0.17562494374999998 0.4358202765625 0.26100807656249997 0.4764031953125 0.274300540625 0.4794533453125 0.2801404828125 0.4732797546875 0.2978096453125 0.42718357031250004 0.3368585609375 0.3079944390625 0.3546875 0.27586074374999997 0.3546875 0.26534860781249997 0.3019181828125 0.2417758875 0.2488354078125 0.20288007187499998 0.1463743453125 0.13637411093750001 0.075517028125 0.2851170046875 0.0644971484375 0.3135970453125 0.04901959375 0.37963620625
9 0 0.659375 0.09121505937499999 0.659375 0.12897531874999998 0.5767949 0.1653036546875 0.508801821875 0.1765625 0.4664983875 0.1765625 0.4619847609375 0.0910710171875 0.39969603125000003 0.0528932828125 0.37924769375 0.0447372203125 0.367238703125 0.014696828125 0.3463319421875 0.0061859421875 0.3520715421875 0 0.362816709375 0 0.659375
9 0.4296875 0.29799856875 0.3646309453125 0.2677199609375 0.3166601625 0.3729950421875 0.298492946875 0.42613279843749996 0.274983840625 0.47840257499999994 0.273719984375 0.48353908749999996 0.2794541328125 0.49159330468749995 0.2750399953125 0.5158048125 0.327400509375 0.539447965625 0.4296875 0.5921165828125 0.4296875 0.29799856875
9 0.3997652453125 0.659375 0.4175026234375 0.621867628125 0.4203125 0.59993164375 0.4203125 0.5891678625 0.4156658390625 0.5841760625 0.363554353125 0.557012125 0.28071765000000004 0.5186235890625001 0.2756870453125 0.5133546265625 0.27991441250000004 0.49178370625 0.18981196250000001 0.44153084218750005 0.1819423625 0.45093588906250004 0.16149645937499998 0.510825890625 0.1221859 0.5827859578125001 0.0882798265625 0.659375 0.3997652453125 0.659375
10 1 0.2112751640625 0.9803687343749999 0.21318985000000001 0.9392795046875001 0.2243819390625 0.8972503734374999 0.23223344687499997 0.8881101625 0.2359501765625 0.86887005 0.2515998671875 0.8621385078125 0.2543643203125 0.7830884828125 0.26963404999999996 0.7744427328125 0.273258409375 0.776082609375 0.28199362968749997 0.788306490625 0.30984863125 0.7892902312500001 0.32523644687500003 0.7868325421875 0.3297140453125 0.7794156375 0.3310996046875 0.767533975 0.3293007578125 0.719414825 0.3292483796875 0.7115670921875 0.3312167328125 0.7098437890625 0.33354790156249997 0.7078125 0.35008457656249997 0.7078125 0.3569241921875 0.7100535578125 0.37419576875 0.7153799671875 0.37621459062499996 0.735045728125 0.3755546640625 0.756703940625 0.37854100156250003 0.7657461109374999 0.381874915625 0.77344678125 0.39048253437499997 0.7793803046875001 0.389374084375 0.7813727609375001 0.393020346875 0.7808533265625 0.420242084375 0.782635084375 0.4339738921875 0.7988377703125 0.5354273890625 0.807595246875 0.5795015421875 0.8105276031249999 0.5864883812499999 0.8189480421875001 0.5889338265624999 0.8964020312500001 0.5769761078125 0.9198955281250001 0.590625 0.9315443421874999 0.590625 0.956432071875 0.5868588234375001 0.9968505531249999 0.578303584375 1 0.5774104171875 1 0.2112751640625
0 0.809136296875 0.659375 0.810312865625 0.656800825 0.815625 0.6345863281249999 0.815625 0.6094327359375 0.8155765671874999 0.6075958140625 0.8098735328125001 0.5870619046875001 0.8053210937499999 0.5597830296875 0.7822313 0.40134824375000006 0.7756322046874999 0.38952098749999997 0.7660809625 0.382263696875 0.7522068453124999 0.3768185859375 0.738159446875 0.375 0.727415709375 0.375 0.6922206453124999 0.3789831078125 0.6644964578125 0.39169693125 0.6556598046875 0.393850025 0.6170230812499999 0.41613707343749995 0.5767413015625 0.44526145625 0.56949550625 0.45967509375000004 0.57081203125 0.4815307609375 0.620608571875 0.659375 0.809136296875 0.659375
10 0.7517673640625 0.1613045703125 0.753818271875 0.181013809375 0.7633195671874999 0.24252983281249998 0.76852814375 0.263156115625 0.7718276875 0.26906974375 0.776723271875 0.27167135937500003 0.810106653125 0.2674442125 0.8680075375000001 0.2531115203125 0.8976020921875 0.22749055624999998 0.8813975546874999 0.2275038875 0.8268160109375 0.23619339843749998 0.8112822234374999 0.23356987812500002 0.8005657703125 0.2290418109375 0.7915726218750001 0.2221825703125 0.786456909375 0.21007820000000002 0.7906086765625 0.1952379453125 0.7975509140625 0.18238794375 0.7968509375 0.176993303125 0.777586775 0.1690389484375 0.7538432453125 0.153884440625 0.7517673640625 0.1613045703125
7 0.4296875 0.7656131203125 0.25934538749999997 0.738428471875 0.24744344687500003 0.73780471875 0.2404487046875 0.7463694328125 0.23145298749999998 0.757806378125 0.2214365875 0.7741516625 0.21832258124999998 0.79780525 0.2142282921875 0.8194227265624999 0.215110459375 0.8383239140625 0.217895478125 0.871217946875 0.22765792812500002 0.8985234562500001 0.23846415156249998 0.916952371875 0.2434059765625 0.9201884609375 0.4296875 0.9787071624999999 0.4296875 0.7656131203125
9 0.0787782828125 0.659375 0 0.689320834375 0 0.7704706531250001 0.0713309421875 0.9265625 0.072795321875 0.9265625 0.215625 0.8715630734375001 0.215625 0.86231854375 0.21198657812500002 0.8331806453125001 0.1274205609375 0.659375 0.0787782828125 0.659375
9 0.2092582109375 0.659375 0.19121641875 0.686078696875 0.1889730375 0.7306175953125 0.4142101 0.6957805687499999 0.4154792921875 0.6789768625 0.320298396875 0.668034446875 0.3230570640625 0.659375 0.2092582109375 0.659375
1 0.7353225265625 1 0.7336539453124999 0.9219290062500001 0.6678910828125 0.934454428125 0.6689691015625 0.975143465625 0.53812965625 0.9045573671875001 0.530976703125 0.911198109375 0.52416525 0.9024876234375 0.4695977078125 0.821062346875 0.4559933359375 0.8585531156249999 0.502815525 0.9234616843750001 0.4626646359375 1 0.7353225265625 1