4 0.05251114531249999 0 0.07282093437500001 0.0308781296875 0.08745013125 0.047349734375 0.149299553125 0.0966364078125 0.1756015203125 0.1087041921875 0.20062896718749998 0.11682056249999999 0.22181192031250002 0.1270692421875 0.22866860312499998 0.132324084375 0.24356249062500002 0.138297075 0.260796484375 0.14918323125 0.2689729765625 0.1518944875 0.2874676046875 0.152247234375 0.3178926375 0.1661689234375 0.328521034375 0.1671875 0.33954923125 0.1671875 0.3653149703125 0.1590174609375 0.3892872984375 0.159178803125 0.3936645875 0.15752737187500002 0.397011109375 0.15541246250000001 0.402509746875 0.1412345140625 0.4080675578125 0.1350463875 0.417424571875 0.1332209578125 0.43111358437499997 0.1362390875 0.43602366718749996 0.13506853125 0.44247295937500003 0.127350778125 0.45356423125 0.10748298125 0.4581713890625 0.0948346625 0.46144826875 0.0917232015625 0.47600440781250003 0.08572015 0.499941915625 0.0853832171875 0.50625 0.0812001296875 0.50625 0.0726146234375 0.50562513125 0.066703378125 0.4978526171875 0.055486615625 0.4684478796875 0.049021678125 0.45446982656249996 0.0490106046875 0.4462236921875 0.0453027953125 0.44445119999999994 0.0413687828125 0.44179428437499996 0.0104930265625 0.441641975 0 0.05251114531249999 0
9 0 0.6928257375 0.02674514375 0.69375 0.0570820875 0.69375 0.059375 0.54463625625 0.059375 0.48301042031249997 0.055921781250000004 0.4875012609375 0 0.483897615625 0 0.6928257375
9 0.25357684375 0.476326025 0.13202675625 0.483537925 0.0578139765625 0.48074654218749996 0.053380878124999996 0.6924983546875 0.225214590625 0.6791255828125 0.25162454218749997 0.671287096875 0.257611875 0.6801903625 0.2675678203125 0.5572873453125 0.25357684375 0.476326025
9 0.4010314265625 0.9992750749999999 0.42850022968749996 0.8545786765625 0.25664615468749996 0.8352316765625 0.2006603796875 0.9839831296875001 0.4010314265625 0.9992750749999999
9 0.5296875 1 0.5296875 0.8448638015625001 0.4253734484375 0.8531471671874999 0.4047803 0.998326721875 0.42207783125000004 1 0.5296875 1
9 0.269863496875 0.661787771875 0.46658154375 0.65743460625 0.4753208671875 0.533682340625 0.46114946718749994 0.5192932078125 0.42535660625 0.53017133125 0.38847324375 0.5352328375 0.351044634375 0.5373860374999999 0.3298919921875 0.532072971875 0.3048512578125 0.534140009375 0.2914493109375 0.5618981828124999 0.269863496875 0.661787771875
9 0.45352608437499997 0.77801358125 0.45960538125 0.7277375578124999 0.46173544375000003 0.6580507328125 0.38552274531249997 0.658435221875 0.31470139218750004 0.6611118906250001 0.271483959375 0.6638149703125 0.25221163281250003 0.7743904390624999 0.26274463593749997 0.7875672359375 0.3324754890625 0.7790739484375 0.45352608437499997 0.77801358125
9 0.5296875 0.526646525 0.5229716437499999 0.526507471875 0.472064659375 0.5229302171875 0.473924609375 0.5708941390625 0.4727933328125 0.6062112296875 0.4680542296875 0.6537114328125 0.47452079375 0.65512250625 0.5296875 0.6519214421875 0.5296875 0.526646525
9 0.5296875 0.6531530890624999 0.5044076265624999 0.6524393453125 0.4684669875 0.657567096875 0.46066530937500005 0.720158725 0.4550140546875 0.780988134375 0.5296875 0.77862193125 0.5296875 0.6531530890624999
9 0 0.8871218703124999 0.0117104875 0.8875966906249999 0.054265467187500006 0.8896303828125 0.1310234171875 0.8921542015625 0.1629281859375 0.8886561765625001 0.181741896875 0.75413186875 0.15266529375 0.7578286296875 0.072416725 0.759842846875 0.012892751562499999 0.7566167359375 0.0025992359375 0.7893766640625001 0 0.802944609375 0 0.8871218703124999
9 0 0.9687012218749999 0.006105090625 0.9685192765625 0.0447566921875 0.9712353406249999 0.101055025 0.9771047781250001 0.1463056796875 0.980284559375 0.15468317812500001 0.933996690625 0.1619854640625 0.8885899312500001 0.0985733984375 0.8927439203125 0 0.8874804171874999 0 0.9687012218749999
3 0.5296875 0.7704097453125 0.5465706156250001 0.765572728125 0.55896155 0.7590184453125 0.5694358625 0.758389346875 0.580917321875 0.7607922171875 0.6351612359375001 0.7362384859375 0.6462337265625 0.728638859375 0.6471142140625 0.7261729203125 0.6413490671875 0.721974203125 0.6250073671874999 0.7159039593750001 0.5895756921875 0.71814915625 0.5372865328125 0.7113094828125 0.5313367484375 0.714595296875 0.5296875 0.71478883125 0.5296875 0.7704097453125
3 0.5296875 0.8258010171875 0.5563857546875 0.8448248781250001 0.58089145 0.8681629953125001 0.5879750390625 0.8734070546874999 0.594620675 0.8751398343750001 0.6083834625 0.8661369562499999 0.6576603234375 0.844903725 0.666767353125 0.8372347234374999 0.6304200703125 0.8074857968749999 0.62289851875 0.7987304578125001 0.5979502984375 0.78136955625 0.5764172125 0.7611327828125 0.5685309578125 0.7578580046875001 0.56009993125 0.7580598171874999 0.5488717921874999 0.7666527578125 0.53280325625 0.78406410625 0.5296875 0.7884985015625 0.5296875 0.8258010171875
3 0.6867209843750001 0.754039284375 0.664409653125 0.7387690734375 0.6528259546874999 0.7338655765625 0.6490995203125001 0.7387280765625001 0.646949421875 0.7461432328125 0.6462154390625 0.7665928562500001 0.6416039453125 0.7834097953125 0.6394447031249999 0.80980195 0.6455944015625 0.8210058859375 0.662889840625 0.8336020390625001 0.6661203390625 0.8382106921875 0.6685771625 0.8382974109374999 0.6962583875 0.8192983421874999 0.7044406671875001 0.7986122156250001 0.7175900015625001 0.7746055875 0.7000610890625 0.76349940625 0.6882439140625001 0.7600858781250001 0.6867209843750001 0.754039284375