6 0.17081557812499998 0 0.15771484375 0.02275390625 0.14306640625 0.07158203125 0.13525390625 0.09892578125 0.11875 0.12319623125000001 0.11875 0.1259765625 0.11962890625 0.14970703125 0.12841796875 0.15556640625 0.14892578125 0.15361328125 0.17041015625 0.15849609375 0.18310546875 0.16630859375 0.20947265625 0.18583984375 0.25341796875 0.19365234375 0.26123046875 0.18291015625 0.29736328125 0.18974609375 0.33154296875 0.19462890625 0.35009765625 0.24052734375 0.37060546875 0.27861328125 0.39501953125 0.31572265625 0.41259765625 0.34404296875 0.4260498046875 0.346875 0.43211914062499995 0.346875 0.43994140625 0.33818359375 0.45263671875 0.32158203125 0.44384765625 0.30107421875 0.42626953125 0.27861328125 0.43408203125 0.25126953125 0.47509765625 0.20634765625 0.484375 0.14140625 0.484375 0.13745716875 0.42919921875 0.07744140625 0.43310546875 0.06181640625 0.41455078125 0.02568359375 0.4086649578125 0 0.17081557812499998 0
1 0.60349799375 0 0.6018227875 0.0295728828125 0.60221895625 0.11728475468749999 0.598049059375 0.20737838593750002 0.5977911140625001 0.317707021875 0.6058142921874999 0.3681885546875 0.6080775359375 0.3796875 0.9780729000000001 0.3796875 0.986204046875 0.3348449890625 0.9920408171874999 0.3223306 0.9907054171875 0.314418259375 0.9771066390625001 0.2809421734375 0.8657454640625 0.0479416875 0.843846371875 0.0006088937499999999 0.8436260624999999 0 0.60349799375 0
1 0.5 0.3266717453125 0.503991559375 0.332312403125 0.5245121187499999 0.359702878125 0.5280440109375 0.3625 0.5337502234375 0.3625 0.5810792124999999 0.3475217015625 0.6 0.33912071250000003 0.6 0.33047027500000004 0.5989233671874999 0.3119566234375 0.599517965625 0.2271715125 0.5975148640625 0.2153030015625 0.5761137484375001 0.1473718984375 0.564205784375 0.129801225 0.5356432828125 0.06947966562499999 0.5134642578124999 0.0352062609375 0.5095335390625 0.0325217046875 0.5065935890625 0.0327639078125 0.5 0.035568565625 0.5 0.3266717453125
10 0 0.8207618765625 0.0360630953125 0.81715556875 0.1028205890625 0.822605159375 0.11916936250000001 0.8076187828125001 0.1804772640625 0.72315011875 0.190625 0.6977807796875 0.190625 0.6925206515625 0.18592685625 0.6713790015625 0.1695780828125 0.6536678296874999 0.1082701796875 0.6100711000000001 0.09192140625 0.6100711000000001 0.023801515625 0.6359566578125 0 0.6306674328125 0 0.8207618765625
10 0 0.98125 0.2231951921875 0.98125 0.21239781875000002 0.8570802109375 0.19741144375 0.83664424375 0.1851498625 0.8311946531250001 0.10340599375 0.8325570500000001 0.077520434375 0.8243826640624998 0.0707084453125 0.8162082765625 0.0516348765625 0.8162082765625 0 0.8202847140625 0 0.98125
10 0 0.6333557937500001 0.029640667187500004 0.6359332421875 0.08141178437499999 0.6114100812500001 0.1236461171875 0.605960490625 0.148169278125 0.58824931875 0.149531675 0.5732629421875 0.179504428125 0.574625340625 0.2408123296875 0.5460149859375 0.2544363078125 0.5296662125 0.2544363078125 0.5037806546875 0.2040275890625 0.4125 0 0.4125 0 0.6333557937500001
10 0.179504428125 0.727213896875 0.1236461171875 0.8021457765625 0.1236461171875 0.808957765625 0.149531675 0.8116825609374999 0.16179325625000002 0.8280313343749999 0.18495401875 0.8321185281249999 0.20675238437500001 0.8484673031250001 0.21356437343749998 0.87707765625 0.22173876093749997 0.9819822890625 0.370240121875 0.9819822890625 0.378414509375 0.9642711171875 0.374327315625 0.9220367843750001 0.359340940625 0.8757152593749999 0.3075698234375 0.6359332421875 0.2912210484375 0.6073228890625 0.2626106953125 0.601873296875 0.1590684609375 0.6427452312499999 0.1863164171875 0.6699931875 0.1917660078125 0.7013283375 0.179504428125 0.727213896875
10 0.5 0.666542603125 0.3171066078125 0.6713555859375 0.315744209375 0.691791553125 0.3389049734375 0.7939713890625 0.34980415468750004 0.8389305171875 0.3607033375 0.8607288828125 0.3838641015625 0.8648160765625 0.5 0.8580835609375 0.5 0.666542603125
10 0.4833191421875 0.6005108984375 0.48740633437499997 0.5732629421875 0.47786955000000003 0.5446525890625 0.4547087875 0.5187670296875 0.4206488421875 0.50241825625 0.40021287499999997 0.5010558578125 0.3770521109375 0.5092302453124999 0.3361801765625 0.5446525890625 0.3266433921875 0.5610013625 0.3252809953125 0.582799728125 0.33345538124999996 0.6127724796875 0.351166553125 0.6386580374999999 0.37296491875000004 0.6590940046875 0.40702486406249994 0.6686307906250001 0.436997615625 0.6618188015625 0.45334638906249997 0.6495572203125001 0.4833191421875 0.6005108984375
10 0.5 0.8774122468750001 0.47786955000000003 0.9138623984375001 0.44108480937500005 0.94383515 0.405662465625 0.94383515 0.4083872609375 0.9601839234374999 0.4206488421875 0.9819822890625 0.5 0.9819822890625 0.5 0.8774122468750001
10 0.2517115125 0.4125 0.20266519062500002 0.4125 0.25579870625 0.5092302453124999 0.25307390937499996 0.5323910078124999 0.24217472812500002 0.5446525890625 0.1863164171875 0.5705381468749999 0.19994039531250002 0.5909741140625 0.2190139640625 0.5950613078125 0.3171066078125 0.535115803125 0.3266433921875 0.5133174390625 0.29667064062500004 0.465633515625 0.2517115125 0.4125
10 0.5 0.4125 0.3225561984375 0.4125 0.34162976875 0.44247275156250004 0.34980415468750004 0.4697207078125 0.36479053125 0.480619890625 0.495580721875 0.5323910078124999 0.5 0.5346795625 0.5 0.4125
9 0.828271484375 0.851611328125 0.811669921875 0.832568359375 0.800439453125 0.824755859375 0.795068359375 0.823291015625 0.791650390625 0.818408203125 0.785791015625 0.815966796875 0.771630859375 0.804736328125 0.763818359375 0.801806640625 0.746728515625 0.790576171875 0.706201171875 0.758837890625 0.686669921875 0.740283203125 0.652978515625 0.715380859375 0.607568359375 0.687060546875 0.600244140625 0.685107421875 0.596826171875 0.682177734375 0.590966796875 0.682177734375 0.582177734375 0.712939453125 0.566064453125 0.757861328125 0.569482421875 0.780322265625 0.573388671875 0.788134765625 0.580224609375 0.817919921875 0.582177734375 0.842333984375 0.592919921875 0.854052734375 0.629541015625 0.881396484375 0.632470703125 0.892138671875 0.639306640625 0.904345703125 0.639794921875 0.918505859375 0.661767578125 0.944384765625 0.6642578125 0.946875 0.8436664390624999 0.946875 0.8703125 0.9015299484374999 0.8703125 0.898729278125 0.851220703125 0.873583984375 0.843896484375 0.868701171875 0.835595703125 0.856494140625 0.828271484375 0.851611328125
1 0.5 0.756830234375 0.545849609375 0.77490234375 0.557080078125 0.78125 0.567333984375 0.7802734375 0.568310546875 0.7734375 0.565869140625 0.76611328125 0.566357421875 0.75830078125 0.583935546875 0.7119140625 0.590771484375 0.68408203125 0.593212890625 0.681640625 0.629833984375 0.701171875 0.673779296875 0.732421875 0.682568359375 0.7373046875 0.6859375 0.7368835453125 0.6859375 0.7352306546875 0.676220703125 0.70654296875 0.671337890625 0.6767578125 0.663525390625 0.66357421875 0.655224609375 0.64111328125 0.643505859375 0.63037109375 0.500927734375 0.5859375 0.5 0.5859375 0.5 0.756830234375
9 0.5 0.58751953125 0.6216796875 0.6240234375 0.628515625 0.625 0.634375 0.625 0.634375 0.6236979171874999 0.63388671875 0.62255859375 0.60849609375 0.59765625 0.59921875 0.583984375 0.5884765625 0.57568359375 0.57138671875 0.5712890625 0.53916015625 0.57275390625 0.5279296875 0.5771484375 0.5 0.5744884671875 0.5 0.58751953125
5 1 0.478914096875 0.972802734375 0.453173828125 0.962548828125 0.437548828125 0.941064453125 0.433154296875 0.8738952640625 0.4296875 0.858825684375 0.4296875 0.777978515625 0.435107421875 0.682763671875 0.449755859375 0.639794921875 0.460498046875 0.602197265625 0.477587890625 0.596337890625 0.482958984375 0.594873046875 0.487353515625 0.592919921875 0.549365234375 0.601220703125 0.583544921875 0.610009765625 0.598193359375 0.631494140625 0.618212890625 0.640283203125 0.623095703125 0.681298828125 0.627001953125 0.693994140625 0.626513671875 0.7047585234375 0.63125 0.70661515 0.63125 0.713525390625 0.620654296875 0.726708984375 0.557177734375 0.728662109375 0.554736328125 0.735009765625 0.554736328125 0.742822265625 0.560595703125 0.764306640625 0.568896484375 0.778466796875 0.576708984375 0.786279296875 0.577197265625 0.794091796875 0.569873046875 0.803369140625 0.554736328125 0.810205078125 0.548876953125 0.839013671875 0.540576171875 0.846826171875 0.540087890625 0.863916015625 0.530810546875 0.888818359375 0.523486328125 0.926416015625 0.522021484375 0.934716796875 0.523486328125 0.948388671875 0.531787109375 0.962548828125 0.534716796875 0.978173828125 0.534228515625 0.995751953125 0.528369140625 1 0.5150181359375 1 0.478914096875
6 1 0.767743715625 0.997802734375 0.76640625 0.942138671875 0.71220703125 0.907470703125 0.686328125 0.892333984375 0.67216796875 0.885498046875 0.66923828125 0.871826171875 0.6580078125 0.856689453125 0.64287109375 0.852783203125 0.635546875 0.837158203125 0.6189453125 0.835693359375 0.6091796875 0.832763671875 0.60478515625 0.825927734375 0.6033203125 0.809326171875 0.604296875 0.793212890625 0.59892578125 0.783935546875 0.5876953125 0.784423828125 0.5681640625 0.782958984375 0.56669921875 0.777099609375 0.56962890625 0.771728515625 0.56962890625 0.758056640625 0.56328125 0.749755859375 0.55595703125 0.732177734375 0.553515625 0.728759765625 0.5564453125 0.726806640625 0.5701171875 0.719970703125 0.58330078125 0.717529296875 0.60771484375 0.713623046875 0.62041015625 0.707275390625 0.6326171875 0.705810546875 0.6560546875 0.698974609375 0.68193359375 0.700927734375 0.6931640625 0.708251953125 0.71171875 0.707763671875 0.7166015625 0.705322265625 0.72099609375 0.694580078125 0.72685546875 0.694580078125 0.73466796875 0.696533203125 0.74150390625 0.706787109375 0.7498046875 0.719970703125 0.76689453125 0.728759765625 0.77177734375 0.732666015625 0.77763671875 0.738525390625 0.780078125 0.758056640625 0.799609375 0.837646484375 0.8513671875 0.867431640625 0.85478515625 0.891357421875 0.86455078125 0.913330078125 0.869921875 0.950439453125 0.8826171875 0.952978515625 0.8828125 0.9691503906250001 0.8828125 1 0.8788060578125 1 0.767743715625