7 0.8253798031249999 0.6630880140625 0.8259010140624999 0.676140315625 0.8179856140625 0.6848886703125 0.8148305765625 0.69966170625 0.7929329171874999 0.72045660625 0.7857402609374999 0.7343685718749999 0.7877278015625 0.748568496875 0.8042396546875 0.7545945859375001 0.8119535250000001 0.753734921875 0.8380903343749999 0.7259124 0.8601478312499999 0.7155879984375 0.8868475421875001 0.682458590625 0.9160976968749999 0.658222221875 0.9108161234375001 0.6391452390625 0.898522575 0.6352711249999999 0.8930394703125 0.624082834375 0.871364190625 0.62780945 0.8253798031249999 0.6630880140625
7 1 0.51934915 0.990956946875 0.521397828125 0.9832222296875001 0.5314370859374999 0.9755083609374999 0.532296746875 0.9652440453125 0.5242633703124999 0.9498163046875 0.5259826984375 0.92719590625 0.5416139875 0.9145201421875001 0.5443376609375 0.9015455421875 0.5169407484375 0.8784039328125001 0.5195197390625 0.8039755171875 0.5474799046875 0.7736412484375 0.563970859375 0.7638773 0.578169378125 0.7453153671875 0.58548214375 0.7473029078125 0.599682071875 0.75517661875 0.6092929046875 0.7941281859375 0.5983968 0.8380208015624999 0.5948162765625 0.89242095625 0.5730212546875 0.9416368374999999 0.570158525 0.9579680046875 0.5748937125 0.9961759828125001 0.56801359375 1 0.5635965140625 1 0.51934915
7 0.706030128125 0.2581674453125 0.7002829562499999 0.282406628125 0.7010057 0.2875702390625 0.7540576671875 0.2934572734375 0.7777204906249999 0.3039305859375 0.8586952796875 0.30408371875 0.8792655999999999 0.3017912828125 0.898390434375 0.28917162812499997 0.8949365640625 0.273824078125 0.900280675 0.2653622765625 0.8937134546875001 0.24642857187499997 0.8786679312500001 0.24155010781250003 0.8165956 0.24584560781250003 0.7859416515625 0.2413955703125 0.7638841546874999 0.251719971875 0.706030128125 0.2581674453125
7 0.6529990031249999 0.24310081718749998 0.6073342984375001 0.299320375 0.5903568453125 0.336610453125 0.598953296875 0.3513848953125 0.6110661578125 0.3539681078125 0.6218725296875001 0.3658741921875 0.6466820015625 0.3565541359375 0.700644328125 0.28498843281249997 0.7082400484375 0.2552990859375 0.742313103125 0.2095486171875 0.7366701578125 0.18788983125 0.7243766093749999 0.1840157140625 0.7093102421874999 0.18831684531249998 0.6976977453125001 0.2079655265625 0.6761614609375 0.231342234375 0.6529990031249999 0.24310081718749998
7 0.45448153593749996 0.33602045 0.44931810937499994 0.34577315 0.4527719828125 0.3611207046875 0.5557834234375 0.3601290265625 0.5954785796875 0.3452169359375 0.5899954734375 0.334028646875 0.6021708734375 0.309073078125 0.5757352296875 0.3067750109375 0.5601476484375 0.298023840625 0.5250738640625 0.2993105203125 0.5008481390624999 0.29414409531249996 0.45767826562499997 0.302888225 0.4479143171875 0.31708674375 0.45448153593749996 0.33602045
7 0.071477540625 0.6500888875 0.0657095234375 0.6835076640625 0.0739446046875 0.6957003015625001 0.144453546875 0.69570875 0.176594671875 0.6921268203125 0.21904180312500002 0.6782190796875 0.23246115625 0.6714794203125 0.2350532921875 0.662013271875 0.1902572484375 0.65913928125 0.17649737031249998 0.6541175406249999 0.16990930312500002 0.6443634312500001 0.1058077390625 0.65281819375 0.08782955625 0.6456444796875 0.071477540625 0.6500888875
7 0.22937558125000002 0.5748064234375 0.23222485937499998 0.6138200515625 0.24102284375 0.620705803125 0.2636780078125 0.670622575 0.27649276718750004 0.6875489906250001 0.30529816875 0.69744919375 0.3130120390625 0.6965895296875 0.32518743906249997 0.6716339609374999 0.3206494515625 0.6485409953125 0.296507109375 0.60665619375 0.28409541250000003 0.57395239375 0.26868851875 0.566492125 0.22825670156250003 0.5015129484374999 0.21761016875 0.5000773609375 0.203447228125 0.51083300625 0.22937558125000002 0.5748064234375
7 0.13553035156249998 0.258816253125 0.1344462375 0.2510708390625 0.145474984375 0.2459086375 0.1427855453125 0.21736550625 0.11163123281250001 0.1906835734375 0.10355599062500001 0.188961428125 0.08332619687500001 0.20301526406249998 0.08035184375 0.2190792015625 0.0625126515625 0.231555578125 0.0494338265625 0.2500566375 0.036070084375 0.3131647609375 0.00932868125 0.364653359375 0.0081820328125 0.3844467265625 0.018627031250000002 0.3937710046875 0.03682759375 0.38387643125 0.0416296484375 0.371541925 0.068669884375 0.3501739171875 0.07475758437499999 0.33769613125000003 0.10197850625 0.31761902656249996 0.09489007656250001 0.28563301874999997 0.102826321875 0.26770506875 0.11421644375 0.2651246734375 0.126690675 0.2702896921875 0.13553035156249998 0.258816253125
7 0.225886871875 0.25136865625000004 0.21594223750000002 0.26427627187499997 0.1953649921875 0.350475959375 0.1963865703125 0.38576015468749997 0.21211314374999998 0.41416141562500003 0.2218354015625 0.4183220859375 0.249841603125 0.37586980468750003 0.25528994374999997 0.32151003437500003 0.265053890625 0.3073115140625 0.2782925578125 0.29928095312499997 0.2829139265625 0.28565554375 0.2737962640625 0.2578288 0.26535965 0.253524853125 0.25415021718749997 0.2573961515625 0.24573445 0.2439126109375 0.225886871875 0.25136865625000004
7 0.41910905468750004 0.7922708515625 0.438949709375 0.8687220546875001 0.45728926249999996 0.8784775734375 0.46592740624999995 0.8748928296875 0.46759526874999996 0.8681517640624999 0.47970813124999995 0.8707349750000001 0.485976515625 0.8595480953125 0.4690893703125 0.7762125421875 0.45316126562500003 0.7556999734375001 0.4311663046875 0.738485596875 0.4232717484375 0.7380543562499999 0.4162806234375 0.744077628125 0.41910905468750004 0.7922708515625
7 0.433556909375 0.7369081390625001 0.432813321875 0.7409241234375 0.4637869515625 0.7663151578125 0.47274477499999995 0.7836714046875 0.5348935640625 0.826564778125 0.555463884375 0.82427234375 0.557694646875 0.8122243890625 0.5672570671875 0.8059145640625 0.56581158125 0.7955873437500001 0.5381528296875 0.7658937734375 0.5234686765625 0.7635971140625 0.509368275 0.746813975 0.4823697296875 0.7498227953125001 0.44880396562499997 0.7338979109375 0.433556909375 0.7369081390625001
7 0.3501357640625 0.196879684375 0.3563207671875 0.2224111796875 0.3897058453125 0.2370451609375 0.3993864125 0.25956501875 0.42359128906250004 0.273911040625 0.42614173437499997 0.2828040796875 0.442090684375 0.2941370546875 0.46024955468749995 0.30260167031249996 0.4810005609375 0.3016001390625 0.4938570109375 0.3001673671875 0.49827685 0.2944306484375 0.483815075 0.27506570468749997 0.47305039375 0.24480043125 0.45892914375 0.23719688749999998 0.40069982812499993 0.1663348984375 0.37978898125 0.15686593437500002 0.367293903125 0.1608805125 0.363013059375 0.186267321875 0.3501357640625 0.196879684375
7 0.38150552968749996 0.2904005859375 0.3603514625 0.30717950156249996 0.3294126 0.3473365296875 0.323665425 0.371575715625 0.295297853125 0.41144618906249997 0.3167299078125 0.433967453125 0.3548197390625 0.3982576484375 0.382763403125 0.3833441515625 0.4385534296875 0.3155078796875 0.4431956453125 0.292702875 0.427608065625 0.28395170468750003 0.427809596875 0.2760630125 0.4103943140625 0.2635824109375 0.397357178125 0.26372428124999997 0.39036605 0.2697475546875 0.38150552968749996 0.2904005859375
7 0.374757696875 0.512718134375 0.4414513953125 0.49479722343750004 0.46700445625000003 0.4814611828125 0.46744921093749997 0.44732461093750003 0.45555872500000005 0.4276731140625 0.4256275171875 0.42838668125 0.3833402265625 0.4527649203125 0.35577877812500003 0.46108062812500006 0.34876680625 0.4762834953125 0.35531317812499996 0.5043967921875 0.374757696875 0.512718134375
7 0.11466126562500001 0.47353025625 0.1475042875 0.48429153124999996 0.19591404375000002 0.51298356875 0.219437871875 0.503806790625 0.2236770234375 0.4967791703125 0.1985478703125 0.4851582328125 0.14214625625 0.41802567343749997 0.07176238593749999 0.3629396640625 0.0545069453125 0.36092955781249997 0.022483967187500002 0.393341171875 0.034735825 0.4155744765625 0.07910795937500001 0.44340544687500005 0.11466126562500001 0.47353025625
7 0 0.46464553124999997 0.06172744375 0.49647290625 0.0907343765625 0.49848441718750003 0.161542153125 0.5286134546875 0.16778969375 0.5266061640624999 0.177192271875 0.509825840625 0.177755175 0.5045189546875 0.170423521875 0.498780828125 0.1447523140625 0.48328718125 0.116127596875 0.47467788125 0.028509129687500002 0.4084021703125 0 0.393858209375 0 0.46464553124999997
7 0.302337665625 0.5456986328125 0.3034217796875 0.5534440468749999 0.314791053125 0.56004324375 0.3182449265625 0.5753907953125 0.3410043203125 0.5794095968749999 0.40106826250000005 0.5700937625 0.41229854218749995 0.557042871875 0.4438976125 0.549588234375 0.44540563281249995 0.532376671875 0.43899825468750003 0.5239134625 0.4178858765625 0.5223331921875001 0.3876141453125 0.5112853625 0.3093704859375 0.5213161703125 0.3113580265625 0.5355160999999999 0.302337665625 0.5456986328125
7 0.45016599687500003 0.5384013515625 0.49845760468750006 0.53826370625 0.5257966749999999 0.5470162843749999 0.5672986859375 0.5450132187500001 0.6045823921875 0.5408581796874999 0.612678478125 0.5334007296875 0.610871621875 0.52049170625 0.599161825 0.5021311093749999 0.5791752515625 0.48993706406250004 0.5229890890625 0.4896434703125 0.476865709375 0.5052719437500001 0.44968647656250005 0.5069898609375 0.439922528125 0.52118838125 0.45016599687500003 0.5384013515625
7 0.5543171625000001 0.60152355625 0.5651652265625 0.5950704531250001 0.5640811125 0.5873250375 0.5281872796875 0.545438828125 0.49827691874999996 0.5369728031250001 0.44703180312499996 0.5439947921875 0.4535781765625 0.5721080921875 0.45962418437499997 0.5779894953125 0.5131973671875001 0.5969288328125 0.53248204375 0.5947796734375 0.5543171625000001 0.60152355625
7 0.48352330312499997 0.646122178125 0.5153030578125 0.63995844375 0.5327391859375 0.6432594484374999 0.54505358125 0.637953971875 0.546380915625 0.6194515046875 0.52565075625 0.61127344375 0.4948578140625 0.5871733156250001 0.4418058421875 0.581286278125 0.4232230640625 0.5977786390625 0.42737883437499996 0.6274693953125 0.4403951234375 0.636507121875 0.47490600625 0.640527328125 0.48352330312499997 0.646122178125
7 0.7241959953125 0.425266965625 0.696273175 0.4310008703125 0.6822909203124999 0.4430474140625 0.6538052000000001 0.454088203125 0.648822459375 0.465131809375 0.6256600046874999 0.4768903921875 0.6179252875000001 0.48692965 0.6190094015625001 0.4946750640625 0.6322063765625 0.50500369375 0.6367443640625 0.5280966578124999 0.6437146453125 0.5312529796875001 0.6587810140625 0.5269518484375 0.6975935875 0.49640565312499996 0.7281085421875 0.481205603125 0.7454265203125 0.45567692343750005 0.7954485265625 0.42125942812500006 0.798402034375 0.41437508593750005 0.794385259375 0.40433441875 0.780264009375 0.396730875 0.76483626875 0.3984502015625 0.7241959953125 0.425266965625
7 0.2907877765625 0.7803506890625 0.30838374375 0.7941221921875 0.36858668125 0.80445645 0.40111002500000004 0.79427673125 0.4057522390625 0.771471728125 0.3971557859375 0.7566972843750001 0.38468155312499996 0.7515322656250001 0.331247365625 0.7522430203125 0.3119835359375 0.7452125859375001 0.2732335 0.748219996875 0.2629274953125 0.7585458078125 0.261982375 0.770450484375 0.2907877765625 0.7803506890625
7 0.3977116953125 0.592755490625 0.39985907656249997 0.6174259140625 0.3796084359375 0.64065934375 0.3961342109375 0.7214130875 0.40509203437499997 0.7387693343749999 0.414994978125 0.7442209046875 0.423452434375 0.7393452593750001 0.4407078765625 0.7413553625 0.45193815624999994 0.7283044703125 0.45159763125 0.716543071875 0.4403742765625 0.6456867140625 0.41767742031250005 0.6141291328125 0.40765632968750004 0.579847875 0.397934071875 0.57568720625 0.38304838750000003 0.5812792390625 0.3977116953125 0.592755490625
7 0.2521071328125 0.4293699125 0.2540738296875 0.4527494328125 0.29488786562499997 0.5111308218749999 0.311761090625 0.519738715625 0.354187375 0.5150105703125 0.3538676953125 0.49406957656249995 0.342359425 0.4678202859375 0.3322757984375 0.46107781406250004 0.3101418453125 0.42421334374999997 0.2927265609375 0.41173274375 0.278042409375 0.40943608437499995 0.2730596703125 0.420479690625 0.2589175765625 0.42205573906250005 0.2521071328125 0.4293699125
7 0.2740604015625 0.46494348125 0.27351834531249997 0.46107077343749997 0.2604812078125 0.46121264218749997 0.25262834375 0.442422215625 0.25524132499999996 0.4237764734375 0.2769166046875 0.420049859375 0.28007164375000004 0.4052768234375 0.26301773281249996 0.3953780265625 0.24979991093749998 0.39422899375 0.23656124531249997 0.4022595546875 0.2476247578125 0.4626454125 0.24350375624999998 0.4985027203125 0.2621004546875 0.5567380140625 0.27437315624999997 0.5697917234375 0.2824483984375 0.571513865625 0.2988004109375 0.5670694578125001 0.30414452187499996 0.55860765625 0.303261940625 0.5429735499999999 0.31007238125000003 0.5356593765625 0.3075219359375 0.5267663359375 0.2913923 0.514142459375 0.2939844359375 0.5046763078125001 0.26560294375 0.469819128125 0.264699515625 0.4633646171875 0.2740604015625 0.46494348125
7 0.847277390625 0.399750959375 0.84410150625 0.4237035890625 0.8565548937499999 0.43804820156249996 0.8488201765625 0.44808745625 0.8813991328125 0.4942762046875 0.8900164296874999 0.49987105468750004 0.9036164687499999 0.4944222984375 0.904783965625 0.46544933750000006 0.902858959375 0.423710628125 0.8903082687499999 0.37135673593749996 0.87476238125 0.344246378125 0.8424405703125 0.3465374046875 0.8334202093749999 0.3567199390625 0.8324333968750001 0.3869838046875 0.8333368265625 0.3934383171875 0.847277390625 0.399750959375
7 0.5663465734375001 0.39828298906250004 0.5665481046874999 0.3903942984375 0.5879037046875 0.3657266921875 0.58645821875 0.355399471875 0.5741646703125001 0.3515253578125 0.5623923343749999 0.36070354375 0.5374021765625 0.368732696875 0.5358941546875 0.385944259375 0.5693556921875 0.44776711406249997 0.571162546875 0.46067613906249993 0.58966194375 0.480902153125 0.6229427921874999 0.5414341078125 0.6370848890625 0.53985805625 0.648857225 0.5306798703125 0.6367443640625 0.5280966578124999 0.6164381109375 0.49496161875 0.6155346828125 0.48850710625 0.6280506078125 0.4753129359375 0.625924071875 0.44146291875 0.5998914906249999 0.42338746875 0.5778756859375 0.415352684375 0.5663465734375001 0.39828298906250004
7 0.4524871390625 0.6482699265625 0.44254250468749995 0.66117754375 0.44213944375 0.6769549265625 0.4498116203125 0.694454453125 0.462647225 0.7022012734375 0.4819319 0.7000521171874999 0.49259927656249997 0.6923081109375 0.513892340625 0.6951792859375 0.5429409640625 0.6788316078125 0.5442682999999999 0.6603291437500001 0.505740640625 0.64626826875 0.49545548124999994 0.6474144859375001 0.4910356421875 0.65315120625 0.4754480640625 0.644400034375 0.4524871390625 0.6482699265625
7 0.455051503125 0.731890621875 0.49082718593749997 0.744947146875 0.522224725 0.7453812046875 0.54956379375 0.75413378125 0.5694113734374999 0.7466777375 0.5720035078125 0.7372115890625001 0.5602728625 0.7280305859375 0.5455887109375 0.7257339265625 0.514434396875 0.69905199375 0.496275525 0.690587375 0.48064625625 0.70019539375 0.466504159375 0.7017714421875 0.453043115625 0.7268702890625 0.455051503125 0.731890621875
7 0.4012907125 0.795567634375 0.3803381734375 0.8044578578125 0.3885732546875 0.8166504968750001 0.39929624375 0.8652749562500001 0.4095605578125 0.873308334375 0.4240848703125 0.8651344953125 0.423487203125 0.8048933203124999 0.41664199375 0.7466594343749999 0.40673905 0.7412078625 0.3943065078125 0.7176836546875001 0.36636284375 0.732597153125 0.37184595 0.74378544375 0.3927567953125 0.7532544062500001 0.4039245375 0.7677422953125 0.4012907125 0.795567634375
7 0.43423789218750003 0.51788878125 0.45832462031250004 0.5034051171875 0.5031415109374999 0.4970995125 0.539904003125 0.479892175 0.5426768265625 0.47171692812500005 0.5255047671875 0.43298844687500004 0.48323832187500004 0.448187090625 0.46626086874999995 0.48547716718749995 0.3951473296875 0.5091347953125 0.41220124062499996 0.519033590625 0.43423789218750003 0.51788878125
7 0.1372468984375 0.392350903125 0.1352176640625 0.3965101640625 0.14415464375 0.42304600625 0.1972622265625 0.48530151093749996 0.2236770234375 0.4967791703125 0.24621404062500002 0.5178662562499999 0.2509952484375 0.5147113421875 0.24280185781250002 0.48415951718750005 0.2483475015625 0.4678090234375 0.24143975625 0.43711391875 0.213218103125 0.41272723593749994 0.200785559375 0.38920302812499996 0.1886935453125 0.3774402234375 0.1571153234375 0.375715265625 0.153960284375 0.3904883 0.1372468984375 0.392350903125
7 0.39138077187500003 0.63148115625 0.400964034375 0.6159917359375 0.39588399218750003 0.5890260609375 0.374611775 0.5769752921875 0.35201222187500003 0.5834269875 0.31976686875000004 0.6329068890625 0.3279394125 0.672638309375 0.3555008609375 0.664322603125 0.39138077187500003 0.63148115625
7 0.36636284375 0.732597153125 0.3936046125 0.703340453125 0.383604365625 0.6598796015625 0.37737767031249997 0.65270729375 0.3553201734375 0.6630317 0.342964090625 0.6866963671875 0.335910425 0.720258421875 0.32429792812499997 0.7399071046875 0.3343815578125 0.7466495796875 0.36636284375 0.732597153125
7 0.7535365281249999 0.522947128125 0.7386299984375 0.5377187546875 0.71896310625 0.546465703125 0.6878644031250001 0.5761522343750001 0.6786216671874999 0.603403053125 0.6839240859375 0.6133004421875 0.6940285609375 0.6108633218749999 0.723278715625 0.586626953125 0.770889271875 0.5629665109374999 0.7962824921875 0.539159975 0.8099242234374999 0.5153520281249999 0.804100590625 0.492402340625 0.786483778125 0.4878104296875 0.757636684375 0.49626941562500004 0.7618341453124999 0.5076009828125 0.7535365281249999 0.522947128125
7 0.6368625125 0.55692634375 0.63734203125 0.5883378328125 0.6430266671875 0.5916374296875 0.6648826328124999 0.5892017203125001 0.7491166921875 0.528683846875 0.762195515625 0.5101827875 0.752674790625 0.4981334265625 0.7523342640624999 0.486372028125 0.7345367671874999 0.48048921718750004 0.7121178984375 0.488231815625 0.662276578125 0.5239402125 0.647710575 0.5504732375 0.6368625125 0.55692634375
7 0.6723670609375 0.2042332796875 0.673701325 0.1018235671875 0.6669325734375 0.09077855312500001 0.6593694328125 0.016067173437500002 0.6236875328125 0.015028935937499998 0.6241309953124999 0.018197240625 0.6176610796875 0.0372728140625 0.6153260875 0.0952187375 0.6081125828125 0.1183102953125 0.6081473484375 0.18385835781249998 0.6152149328125 0.2250239578125 0.6243742875 0.23449151562499998 0.6420119484375 0.2299038296875 0.650448559375 0.2342077765625 0.659448075 0.23320483749999998 0.6686491218749999 0.2243132046875 0.6723670609375 0.2042332796875
7 0.093785115625 0.28706719999999997 0.118406978125 0.3603634890625 0.133952865625 0.38747385 0.1543425015625 0.3838905125 0.1596866125 0.3754287125 0.18686584374999998 0.3737107921875 0.1668653515625 0.2867890921875 0.13956797031249998 0.259677325 0.130749140625 0.2619711671875 0.1254050296875 0.2704329671875 0.1114644671875 0.2641203265625 0.10393128125 0.266270890625 0.093785115625 0.28706719999999997
7 0.058968540624999996 0.5793758078125 0.051233828125000005 0.589415065625 0.05121298125 0.598594659375 0.058725320312499996 0.6056236890625 0.061998507812500006 0.6196803390625 0.07648112812499999 0.6298656859375 0.0968707609375 0.62628235 0.100929228125 0.6179638265625 0.1593670015625 0.597029871875 0.156093815625 0.582973221875 0.138497846875 0.5692017218750001 0.140749459375 0.547974171875 0.12532171875 0.5496934984374999 0.0955295046875 0.570057159375 0.072207209375 0.571345246875 0.058968540624999996 0.5793758078125
7 0.1641482109375 0.593874959375 0.18104228125 0.5933032593750001 0.2263386921875 0.61840914375 0.23533820625000001 0.6174062046875 0.2326487671875 0.5888630734375 0.2184093703125 0.5524298453125 0.1786169109375 0.529332653125 0.153828284375 0.529473115625 0.151416834375 0.5402301656249999 0.1385395390625 0.55084253125 0.136670146875 0.5654722890625 0.1419725671875 0.5753696781250001 0.1641482109375 0.593874959375
7 0.2727677609375 0.3064518515625 0.26394893124999996 0.30874569531249996 0.25380276562500004 0.3295420046875 0.24988329375 0.3575106171875 0.25715241093749996 0.390787525 0.2826429328125 0.40499026875000005 0.3061667609375 0.39581349062500004 0.313380265625 0.37272193124999997 0.3218377234375 0.367846284375 0.31782095 0.3578056203125 0.32192110625 0.33112790625 0.3072577984375 0.3196516546875 0.30452667031249997 0.3094677140625 0.29333808125 0.304159415625 0.28267070625 0.311903425 0.2727677609375 0.3064518515625
7 0.5665272578125 0.3995738921875 0.5789806453125 0.413918503125 0.6484819328125 0.45337041093749997 0.66887156875 0.449787075 0.691672653125 0.4354466828125 0.6929791421875 0.426123815625 0.664959021875 0.3938484390625 0.655598134375 0.3922695734375 0.616007209375 0.3612836921875 0.5916007984375 0.3548263640625 0.5843872921875 0.377917921875 0.565804515625 0.3944102828125 0.5665272578125 0.3995738921875
7 0.752000665625 0.3907033796875 0.7533905375 0.34466213125 0.7434875953125 0.339210559375 0.6637984515625 0.3389141484375 0.6303091421875 0.37017813906249997 0.6350486609375 0.3853824125 0.64551450625 0.3855270984375 0.6721099890625 0.3982956609375 0.7321530875 0.3981594234375 0.752000665625 0.3907033796875
7 0 0.54722710625 0.00461008125 0.58281164375 0.039343342187500005 0.5697635671875 0.036452371875 0.5491091265625 0.0065072453125 0.475095040625 0 0.4646692859375 0 0.54722710625