0 0.359375 0 0.137353515625 0 0.137353515625 0.0107421875 0.145654296875 0.03662109375 0.157373046875 0.05126953125 0.171533203125 0.05859375 0.222314453125 0.06201171875 0.275537109375 0.0625 0.30887044218750004 0.065625 0.328759765625 0.065625 0.332177734375 0.06494140625 0.340478515625 0.05810546875 0.347802734375 0.04443359375 0.353173828125 0.02099609375 0.353662109375 0.0048828125 0.358056640625 0.00537109375 0.359375 0.006359862500000001 0.359375 0
0 0.1697265625 0.079833984375 0.13896484375 0.070556640625 0.11357421875 0.070556640625 0.108203125 0.071533203125 0.108203125 0.237060546875 0.13115234375 0.243408203125 0.14874845781249998 0.2515625 0.1517109375 0.2515625 0.162890625 0.228271484375 0.17021484375 0.218017578125 0.18291015625 0.205810546875 0.19462890625 0.199462890625 0.21123046875 0.185791015625 0.2125 0.179951171875 0.2125 0.144169921875 0.21123046875 0.134521484375 0.20537109375 0.116943359375 0.19755859375 0.103759765625 0.1697265625 0.079833984375
0 0.276611328125 0.1998046875 0.260009765625 0.191015625 0.238037109375 0.1861328125 0.222412109375 0.1861328125 0.196533203125 0.19345703125 0.182373046875 0.202734375 0.168212890625 0.2154296875 0.155029296875 0.2369140625 0.150634765625 0.24765625 0.148193359375 0.26181640625 0.146728515625 0.290625 0.149658203125 0.3052734375 0.155517578125 0.31943359375 0.170654296875 0.3365234375 0.190673828125 0.34921875 0.201611328125 0.353125 0.22569056875000001 0.353125 0.239990234375 0.35068359375 0.270751953125 0.33798828125 0.284423828125 0.3296875 0.294677734375 0.32041015625 0.304443359375 0.30771484375 0.312744140625 0.28818359375 0.3140625 0.281064453125 0.3140625 0.255859375 0.309814453125 0.2388671875 0.300048828125 0.22080078125 0.291259765625 0.21103515625 0.276611328125 0.1998046875
0 0.359375 0.25771484375 0.3501953125 0.26689453125 0.33310546875 0.28837890625 0.30478515625 0.31572265625 0.2921875 0.3249286359375 0.2921875 0.3251790359375 0.29794921875 0.3357421875 0.32431640625 0.366015625 0.3404296875 0.38212890625 0.3521484375 0.3904296875 0.359375 0.39183974843749997 0.359375 0.25771484375
0 0.24719290156249998 0.4890625 0.24384765625 0.4666015625 0.24384765625 0.45048828125 0.24873046875 0.42265625 0.26728515625 0.385546875 0.2828125 0.38022321406250004 0.2828125 0.3724609375 0.2814453125 0.37041015625 0.26728515625 0.35869140625 0.25166015625 0.35234375 0.23310546875 0.35234375 0.20673828125 0.35478515625 0.19501953125 0.36064453125 0.16474609375 0.38994140625 0.15546875 0.4041015625 0.14912109375 0.42021484375 0.14765625 0.4294921875 0.1486328125 0.44951171875 0.15693359375 0.471484375 0.16474609375 0.48125 0.17412109375 0.4890625 0.24719290156249998 0.4890625
0 0.359375 0.0992004390625 0.343408203125 0.082568359375 0.325341796875 0.077685546875 0.301904296875 0.087939453125 0.287255859375 0.097705078125 0.262841796875 0.118701171875 0.245263671875 0.137744140625 0.237451171875 0.154345703125 0.236962890625 0.184619140625 0.257958984375 0.190478515625 0.274072265625 0.198291015625 0.292138671875 0.212451171875 0.307763671875 0.236376953125 0.315087890625 0.264208984375 0.330224609375 0.279833984375 0.33333984375000003 0.28125 0.33662109375 0.28125 0.359375 0.25849609375 0.359375 0.0992004390625
3 0.5438747171875 0 0.54423828125 0.015087890625 0.55302734375 0.029736328125 0.57939453125 0.034130859375 0.5837890625 0.038525390625 0.5916015625 0.039501953125 0.604296875 0.045361328125 0.62333984375 0.050244140625 0.67705078125 0.055126953125 0.7294382203125 0.0625 0.751220703125 0.0625 0.7556640625 0.061474609375 0.7673828125 0.046337890625 0.78203125 0.039013671875 0.7869140625 0.027783203125 0.7927734375 0.001904296875 0.7928836031250001 0 0.5438747171875 0
3 0.514707671875 0 0.527893953125 0.032666015625 0.542054109375 0.060498046875 0.552796296875 0.072216796875 0.5576669015625 0.075 0.5650250296875 0.075 0.5671875 0.0725672203125 0.5671875 0.0655100609375 0.559143953125 0.039013671875 0.556702546875 0.035107421875 0.553772859375 0.034619140625 0.546448640625 0.022900390625 0.543518953125 0.006298828125 0.5436654375 0 0.514707671875 0
3 0.80841619375 0 0.790771484375 0.010986328125 0.783935546875 0.038330078125 0.781494140625 0.042236328125 0.778564453125 0.043212890625 0.784912109375 0.052978515625 0.802490234375 0.059814453125 0.820556640625 0.073486328125 0.838623046875 0.093017578125 0.849853515625 0.098388671875 0.863037109375 0.098388671875 0.870849609375 0.095458984375 0.878173828125 0.089599609375 0.884033203125 0.078857421875 0.884375 0.071337890625 0.884375 0.0677734375 0.878662109375 0.054443359375 0.863525390625 0.039794921875 0.858642578125 0.031494140625 0.855224609375 0.016357421875 0.850341796875 0.011474609375 0.8488813921875 0 0.80841619375 0
2 0.94375 0.19150390625 0.91103515625 0.1783203125 0.8890625 0.17734375 0.86123046875 0.19443359375 0.84658203125 0.206640625 0.84072265625 0.214453125 0.83876953125 0.214453125 0.8216796875 0.19345703125 0.7953125 0.16806640625 0.71328125 0.14169921875 0.70205078125 0.13974609375 0.69716796875 0.1431640625 0.69423828125 0.15048828125 0.69423828125 0.18173828125 0.71279296875 0.23984375 0.79189453125 0.31357421875 0.79873046875 0.31650390625 0.89296875 0.31650390625 0.89833984375 0.31259765625 0.91005859375 0.31064453125 0.9486328125 0.2974609375 0.95625 0.291187959375 0.95625 0.266357421875 0.95595703125 0.25595703125 0.94765625 0.22275390625 0.94716796875 0.1958984375 0.94375 0.19150390625
1 0.359375 1 0.359375 0.710595703125 0.321435546875 0.710595703125 0.218408203125 0.722314453125 0.196435546875 0.727197265625 0.185205078125 0.785791015625 0.159326171875 0.872216796875 0.153466796875 0.887841796875 0.147119140625 0.896630859375 0.146630859375 0.901513671875 0.152978515625 0.907373046875 0.188623046875 0.918115234375 0.221337890625 0.933740234375 0.259423828125 0.955712890625 0.311181640625 0.980126953125 0.344873046875 0.999169921875 0.34610630625 1 0.359375 1
10 0.20947265625 0.4890625 0.14326171875 0.505615234375 0.12763671875 0.511474609375 0.12470703125 0.515869140625 0.1271484375 0.548583984375 0.13349609375 0.587646484375 0.13935546875 0.607666015625 0.1408203125 0.634521484375 0.14619140625 0.667724609375 0.1544921875 0.712158203125 0.1603515625 0.729248046875 0.17060546875 0.736572265625 0.188101196875 0.74375 0.194439696875 0.74375 0.196484375 0.740478515625 0.196484375 0.730712890625 0.2072265625 0.725830078125 0.359375 0.7126407406249999 0.359375 0.60856416875 0.35126953125 0.596435546875 0.346875 0.583251953125 0.3390625 0.571044921875 0.32392578125 0.573486328125 0.29462890625 0.583740234375 0.28193359375 0.586181640625 0.231640625 0.583740234375 0.22578125 0.581787109375 0.2248046875 0.578369140625 0.22626953125 0.575439453125 0.25654296875 0.522705078125 0.25947265625 0.508544921875 0.2599609375 0.489501953125 0.2594482421875 0.4890625 0.20947265625 0.4890625
10 0.34905450937500004 1 0.343994140625 0.995361328125 0.310791015625 0.977294921875 0.265380859375 0.955322265625 0.221435546875 0.930908203125 0.19735440312500002 0.9203125 0.1970172015625 0.9203125 0.19468715781249998 1 0.34905450937500004 1
2 0.8798201203125 1 0.8540264546875 0.9551145046875 0.8359415671875 0.92765430625 0.778429225 0.8289252874999999 0.7676107625 0.8158768171874999 0.7416808734375 0.8174672109374999 0.6757245562499999 0.83091575 0.5919979 0.843141615625 0.5722992984374999 0.8474369296875001 0.5628407140625 0.8525004703124999 0.5581722984375 0.8614590796874999 0.5650631984375 0.8850133671875 0.565255990625 0.8983972078125 0.5435682140625 0.9157193124999999 0.5316231796875 0.9300985171875 0.5200434734374999 0.955167484375 0.51402524375 0.981924328125 0.496944971875 0.9977966203124999 0.49577194531249996 1 0.8798201203125 1
2 0.8166398796875001 0.4890625 0.8134629375 0.5088326265625 0.806845934375 0.5351025859375 0.8072822984375 0.5463225109375001 0.8153504828125001 0.55477264375 0.8187401187500001 0.5641424265625 0.8201304531249999 0.5785000359375 0.8183138140625001 0.5888327453125 0.8102354359374999 0.6002149343750001 0.8010508140624999 0.627231440625 0.7859799749999999 0.6461548640625 0.7779523109375 0.6698605750000001 0.773700003125 0.6739611875 0.769173665625 0.683980121875 0.75349379375 0.7501202671874999 0.7515857890625 0.7717161765625 0.76263763125 0.8024330515625 0.7810472578125001 0.8362984515624999 0.8255794984375001 0.909828584375 0.8350684703125001 0.9288819265625001 0.8792126890624999 1 0.9671875 1 0.9671875 0.9990855640625 0.89884634375 0.4890625 0.8166398796875001 0.4890625