0 0 0.448330028125 0.0049663171875 0.44679220468749997 0.0119840921875 0.43925824843749994 0.0130629390625 0.43490350937500005 0.01622033125 0.40424127031249996 0.028076684375 0.33581142812500003 0.033436821875 0.315502575 0.036934753125000004 0.29120788750000004 0.0368215125 0.2750747109375 0.029418148437500003 0.25717825156249996 0.017949424999999998 0.2459585609375 0.0025289921874999998 0.236532828125 0 0.23546344531250002 0 0.448330028125
0 0 0.55 0.0772600265625 0.55 0.0768834078125 0.5401811578125 0.0705706625 0.4964256890625 0 0.49793578125 0 0.55
0 0.159001909375 0.55 0.22994664999999997 0.5338372687499999 0.2447655609375 0.527109928125 0.2522829828125 0.5191075859375001 0.255371778125 0.5123910234375 0.2578125 0.4983913109375 0.2578125 0.4673150046875 0.2534426078125 0.44828690781249997 0.2421670875 0.42876643750000004 0.235967175 0.422160134375 0.22296541875 0.41381044375 0.20349099375000002 0.41057319999999997 0.1372661734375 0.4210708421875 0.1074014625 0.423275159375 0.0970566375 0.42676359374999995 0.08955058125000001 0.4342776546875 0.083884 0.4467541125 0.081033459375 0.4642327578125 0.0811694296875 0.47938937187499997 0.08960577187499999 0.5159002078125 0.0989395328125 0.5348528140625 0.1131549296875 0.55 0.159001909375 0.55
0 0.1539732171875 0.2329936171875 0.1487953265625 0.22447398281250003 0.1425499546875 0.21982080312500002 0.1318532265625 0.21742996875 0.12303006875 0.21853668437499998 0.109959715625 0.2341326703125 0.085988475 0.23511089687500003 0.070170271875 0.2427750078125 0.0611652765625 0.251694225 0.055555521875 0.261729275 0.046981575 0.294125784375 0.028800703125 0.340304425 0.021362428125 0.3659047875 0.012083859375 0.428574734375 0.0142525078125 0.4403929640625 0.020861148437499998 0.45043713125 0.0361906625 0.4637691140625 0.0496920640625 0.47165041875 0.0627847390625 0.476093859375 0.07428595625 0.4765625 0.07803961875 0.4765625 0.0809420640625 0.472923759375 0.08448545468749999 0.4466759484375 0.0896523890625 0.43466787656249994 0.0941719328125 0.42947584687499996 0.104516759375 0.4259874109375 0.1417852421875 0.42066356562499996 0.1472472546875 0.4169761703125 0.1584554015625 0.3973943484375 0.169504440625 0.3846484671875 0.184232840625 0.360811384375 0.193987509375 0.340681596875 0.20652412187500002 0.3270188390625 0.2078125 0.3227877046875 0.2078125 0.3010706078125 0.20533244375 0.29422441093749996 0.1901506734375 0.2745447703125 0.15850371875 0.248329296875 0.1539732171875 0.2329936171875
2 0.03214898125 0.198593515625 0.03250006875 0.24650476562499998 0.035701696875 0.2769373703125 0.0349175203125 0.3106287765625 0.0373021015625 0.3131696625 0.0433092203125 0.307060759375 0.0542109234375 0.279646540625 0.056981910937500005 0.2655858640625 0.063590959375 0.25461404375 0.07507145625 0.2443294625 0.0854390109375 0.23986446562500002 0.10311942031250002 0.2361861859375 0.11457718593749999 0.22687816718749998 0.124467825 0.22190499218749998 0.136186575 0.22238249531249998 0.1487568734375 0.228270884375 0.15538824375 0.237338490625 0.15802244375000002 0.25015317656249997 0.1681513375 0.2559420859375 0.18963530312500002 0.277833496875 0.2029094078125 0.2954804265625 0.2065315359375 0.307846625 0.20671296562500002 0.32105011562499997 0.20407835625 0.3292514171875 0.1859774484375 0.35099610000000003 0.15443114375 0.40445005156249997 0.1537837546875 0.4112660953125 0.1556914203125 0.413298803125 0.1630774703125 0.4140625 0.163683709375 0.4140625 0.170862234375 0.41245073281250005 0.180264590625 0.40745766093749997 0.21005056406249997 0.36663933593750003 0.24977304375 0.29787871875 0.253077771875 0.2818848109375 0.257063575 0.2786260125 0.27315412656250004 0.2802591390625 0.278559315625 0.27901315000000004 0.28704193437500003 0.2715388828125 0.3054156 0.238075446875 0.3337821890625 0.1952443078125 0.3510997390625 0.16515905 0.403125 0.0581123625 0.403125 0.056333953125 0.0748709703125 0.042958626562500005 0.0480711015625 0.1024709140625 0.0368170859375 0.14502185 0.03214898125 0.198593515625
5 0.51875 0.3836137828125 0.534895834375 0.4109375 0.5479166671875 0.4408854171875 0.5730729125 0.446875 0.5756944453124999 0.446875 0.5947916671875 0.42395833437499997 0.5869791671875 0.41223958437499997 0.5908854171875 0.38229166718749996 0.5984375 0.3634114609375 0.5984375 0.3604166609375 0.597395834375 0.35104166718749996 0.5830729171875 0.32890625 0.5518229171875 0.32760416718749996 0.521875 0.33932291718749996 0.530989584375 0.33151041718749996 0.521875 0.322395834375 0.5296875 0.318489584375 0.51875 0.3095407203125 0.51875 0.3836137828125
3 0.51875 0.55 0.59078125 0.55 0.6015625 0.54296875 0.6341145828125 0.5143229171875 0.671875 0.4869791671875 0.6765625 0.46705728906250005 0.6765625 0.46423611249999996 0.6692708328125 0.4557291671875 0.6458333328125 0.4348958328125 0.6341145828125 0.42578125 0.6028645828125 0.4505208328125 0.5234375 0.5169270828125 0.51875 0.5300520828125 0.51875 0.55
2 0.7550881390624999 0.55 0.7548177078125 0.5497395843749999 0.730078125 0.5145833343749999 0.7040364578125 0.48463541718750003 0.667578125 0.452083334375 0.6688802078125 0.47421875 0.6454427078125 0.48984375 0.6465277765625 0.509375 0.644140625 0.509375 0.649015625 0.55 0.7550881390624999 0.55
8 0.589453125 0.3923177078125 0.592057290625 0.42356770781249997 0.611588540625 0.43919270781249997 0.6123046875 0.440625 0.61494140625 0.440625 0.640234375 0.426171875 0.666276040625 0.43919270781249997 0.6884114578125 0.41575520781249997 0.6921875 0.383029509375 0.6921875 0.38170573124999996 0.674088540625 0.3545572921875 0.631119790625 0.344140625 0.607682290625 0.3571614578125 0.589453125 0.3923177078125
8 0.813281246875 0.55 0.81875 0.5472656234375 0.81875 0.44097222187499996 0.7734375 0.43971354218750003 0.7591145828125001 0.45013020781249996 0.7473958328125001 0.45403645781249996 0.71484375 0.47486979218750003 0.7395833328125001 0.5295572921875 0.7630924484375 0.55 0.813281246875 0.55
8 0 0.55 0 0.56340254375 0.000384425 0.5637028765625 0.0174975203125 0.5703993046875 0.0445312515625 0.57734375 0.0951264890625 0.593712796875 0.164554890625 0.6140625 0.1913559578125 0.6140625 0.19929315625 0.6105778765625 0.20946180625 0.6038814484375 0.21863839375 0.5927207328125 0.2295510921875 0.5741195421875 0.23327132968750003 0.56221478125 0.234375 0.5561445984375 0.234375 0.55 0 0.55
5 0.42774057499999996 0.5840525796875 0.41906001875000004 0.5828125 0.40963541562500005 0.5783482140625 0.3888020828125 0.5726438500000001 0.3689608125 0.5699156750000001 0.3424231140625 0.5684275796875 0.3300223203125 0.5661954375 0.3263020828125 0.5671875 0.3240699421875 0.5696676593750001 0.3238219234375 0.5778521828125001 0.325062003125 0.5818204375 0.3263020828125 0.5828125 0.32431795625 0.5843005953125 0.2962921625 0.585788690625 0.2796750984375 0.5835565484374999 0.272482640625 0.5813244046875 0.269010415625 0.5813244046875 0.2640500984375 0.5830605156249999 0.2516493046875 0.5783482140625 0.24594494218750002 0.578844246875 0.2390004953125 0.5840525796875 0.22833581249999998 0.5882688500000001 0.221143353125 0.597693453125 0.2179191484375 0.6038938500000001 0.21072668593750002 0.6086061515625 0.20750247968750002 0.6150545640625 0.19931795624999998 0.6215029765625 0.1928695453125 0.6304315484374999 0.187165178125 0.6428323421875 0.18369295624999998 0.6532490078125 0.175260415625 0.6649057546874999 0.1732762890625 0.6713541671875001 0.1730282734375 0.675818453125 0.174764384375 0.6802827390624999 0.17823660624999998 0.684995040625 0.18542906718750002 0.69169146875 0.1926215296875 0.6961557546874999 0.1951016859375 0.7023561515625 0.20576636874999998 0.716741071875 0.21072668593750002 0.7336061515625 0.209238590625 0.7375744046875 0.209238590625 0.7415426593750001 0.215687003125 0.7556795640624999 0.2176711328125 0.757663690625 0.2268477171875 0.760887896875 0.2328000984375 0.764112103125 0.23847345937500003 0.765625 0.24483595625 0.765625 0.24718501874999999 0.7643601203125 0.24941716249999998 0.7598958343750001 0.2511532734375 0.7589037703124999 0.2610739078125 0.7591517859375 0.27744295625 0.7571676593750001 0.284635415625 0.7571676593750001 0.2945560515625 0.7586557546874999 0.29902033906250003 0.7569196437500001 0.312165178125 0.747495040625 0.3322544640625 0.7380704375 0.3377108125 0.732366071875 0.3414310515625 0.723189484375 0.3449032734375 0.719469246875 0.3578000984375 0.71376488125 0.369456846875 0.7063244046875 0.3803695453125 0.701612103125 0.3823536703125 0.6988839296875 0.383841765625 0.694171628125 0.38781001875 0.68896329375 0.3977306546875 0.68152281875 0.4012028765625 0.6800347234374999 0.4081473203125 0.673586309375 0.4133556546875 0.6646577390624999 0.4136036703125 0.656969246875 0.4145957359375 0.6554811515625 0.437661209375 0.6477926593750001 0.44088541562500005 0.64481646875 0.44361359062499994 0.629439484375 0.44386160625000004 0.6148065484374999 0.4428695453125 0.61083829375 0.44336557499999996 0.6083581359375 0.4453125 0.60543775 0.4453125 0.600507478125 0.4426215296875 0.5984375 0.43369295625 0.5947172625 0.43046875 0.5870287703125 0.42774057499999996 0.5840525796875
0 0 0.753144078125 0.0052083328125 0.7576512890625 0.01612103125 0.7633556546875 0.0260416671875 0.766331846875 0.037849676562500004 0.7671875 0.045317159375 0.7671875 0.0543154765625 0.765587796875 0.064980159375 0.7611235109375001 0.065972221875 0.7601314484375 0.065476190625 0.7544270828125 0.0669642859375 0.752690971875 0.08829365156249999 0.7383060515625 0.09970238125 0.7281373999999999 0.12103174531250001 0.694159228125 0.1264880953125 0.683742559375 0.14905753906250002 0.6547247015625001 0.1574900796875 0.6393477203125 0.159375 0.633127478125 0.159375 0.6159515515625 0.158978175 0.6133060515625 0.15550595312499998 0.609337796875 0.13095238125 0.599665178125 0.12053571406250001 0.5971850203125 0.1135912703125 0.5966889875 0.097222221875 0.5924727187500001 0.0865575390625 0.5912326390625 0.08134920625 0.5922247015625001 0.074652778125 0.595696925 0.0580357140625 0.60859375 0.0248015875 0.6373635906249999 0.0116567453125 0.6507564484375 0 0.6599591421875 0 0.753144078125
7 0.51875 0.8217606796875 0.5111483140625 0.8129712296875 0.5056919640624999 0.804538690625 0.4898189484375 0.7884176593750001 0.485106646875 0.7787450390625 0.4761780765625 0.7656001984375 0.46675347343749995 0.7549355156249999 0.45162450468750004 0.7410466265625 0.44368799687499993 0.7306299609375 0.422110615625 0.7065724203125 0.4164062515625 0.6964037703125 0.41268601250000003 0.6926835312499999 0.406981646875 0.6805307546874999 0.4049975203125 0.6785466265625 0.4022693453125 0.6782986109375 0.3854042671875 0.6882192453125 0.3826760921875 0.6934275796875 0.381187996875 0.7001240078125 0.3796999015625 0.70186011875 0.3732514890625 0.7033482140625 0.3638268859375 0.7100446421875001 0.3437376 0.7192212296875 0.34051339375 0.723189484375 0.337537203125 0.7318700390625 0.3345610125 0.7353422625 0.3107514890625 0.7482390875 0.30926339375 0.7531994046875 0.3144717265625 0.7596478171875 0.31843998125 0.7623759921875 0.32166418750000003 0.76436011875 0.32538442500000003 0.76436011875 0.327864584375 0.7658482140625 0.334809028125 0.7755208328125001 0.344481646875 0.798586309375 0.34944196562499996 0.8251240078125001 0.3544022828125 0.8439732140625 0.360106646875 0.8531498015625001 0.3658110125 0.8598462296875 0.37275545781249997 0.878943453125 0.384908234375 0.89208829375 0.405989584375 0.9216021828125001 0.41094990156250005 0.926314484375 0.4238467265625 0.9349950390625 0.44368799687499993 0.941443453125 0.4521205359375 0.945659721875 0.46923363125 0.9687251984374999 0.48213045781249997 0.9890625 0.48585069531249997 0.9935267859374999 0.49081101250000003 0.9967509921875 0.4947461984375 0.9984375 0.51875 0.9984375 0.51875 0.8217606796875
2 0.31135912656250003 0.7539186515624999 0.309375 0.752678571875 0.3044146828125 0.7536706343749999 0.29970238125000004 0.7571428578124999 0.2952380953125 0.7581349203125 0.2823412703125 0.7546626984375 0.2632440484375 0.7581349203125 0.2510912703125 0.7573908734374999 0.2451388890625 0.7583829359375001 0.2319940484375 0.7576388890625 0.225049603125 0.7551587296875001 0.22207341249999998 0.74920635 0.21463293593750002 0.7385416671875 0.21438492031249998 0.731597221875 0.20347222187499997 0.7065476187499999 0.1985119046875 0.6976190484375 0.18189484218750002 0.6876984125 0.1727182546875 0.6770337296875 0.1694940484375 0.6760416671875 0.15907738124999998 0.683978175 0.137251984375 0.7038194437499999 0.12088293593749999 0.7137400796875 0.096329365625 0.730853175 0.078472221875 0.7452380953125 0.07177579375000001 0.7489583328125 0.065079365625 0.7549107140625 0.065079365625 0.75615079375 0.06805555625000001 0.7611111109375 0.08640872968749999 0.7829365078125 0.0958333328125 0.79608135 0.1104662703125 0.8109623015625 0.11691468281249999 0.8196428578124999 0.1238591265625 0.8320436515624999 0.1270833328125 0.839980159375 0.134523809375 0.8707341265625 0.1384920640625 0.8789186515624999 0.1494047625 0.89032738125 0.1699900796875 0.908928571875 0.2049603171875 0.9451388890625001 0.21884920624999998 0.962748015625 0.227281746875 0.9758928578125001 0.23794642812500003 0.9880456343749999 0.24160052968749998 0.990625 0.2527486 0.990625 0.25654761875 0.987549603125 0.2570436515625 0.9858134921874999 0.2560515875 0.9699404765625002 0.25654761875 0.9590277781250001 0.2602678578125 0.9424107140625001 0.265228175 0.9272817453125001 0.26994047656250003 0.91884920625 0.2768849203125 0.9104166671874999 0.2845734125 0.8980158734374999 0.31185515937499997 0.8623015875 0.318799603125 0.8491567453125001 0.32326388906250003 0.8365079359375001 0.3265625 0.8310887890625 0.3265625 0.793783065625 0.3262400796875 0.79012896875 0.3225198421875 0.772271825 0.3200396828125 0.765575396875 0.31135912656250003 0.7539186515624999
6 0.481359896875 1 0.4828125 0.9961704109374999 0.4828125 0.9905561437500001 0.46650545625 0.96475694375 0.45732886875 0.9531001984374999 0.44368799531249997 0.9402033734374999 0.43971974375 0.9382192453125 0.42979910625000006 0.935987103125 0.4228546625 0.93251488125 0.41516617031249997 0.93350694375 0.41243799531249997 0.9310267859374999 0.40772569374999995 0.929538690625 0.4067336328125 0.9250744046874999 0.404253471875 0.9228422609375 0.398301090625 0.9129216265625001 0.39309275781249997 0.9084573406249999 0.3861483125 0.899280753125 0.382428075 0.8977926578125001 0.3796999 0.8945684515625001 0.376723709375 0.8851438484375 0.3717633921875 0.8757192453125 0.3658110109375 0.8588541671875 0.3561383921875 0.8474454359375001 0.3531622015625 0.8459573406249999 0.3484499 0.8499255953125001 0.3407614078125 0.8628224203125001 0.33778522031249997 0.873487103125 0.3338169640625 0.8816716265625001 0.3335689484375 0.89208829375 0.3286086328125 0.91044146875 0.3288566484375 0.92333829375 0.326128471875 0.9436755953125001 0.326128471875 0.955084325 0.3281125984375 0.9771577375 0.330096728125 0.986334325 0.3281125984375 0.9870783734374999 0.32067212500000003 0.98311011875 0.31471974375 0.9692212296874999 0.31025545625 0.9684771828125001 0.29934275781249997 0.97666170625 0.292894346875 0.979637896875 0.2881820453125 0.9865823406249999 0.2904141859375 0.9910466265625001 0.301326884375 0.99923115 0.3018028390625 1 0.481359896875 1
0 0.304332528125 1 0.2964037703125 0.9923115078125001 0.291939484375 0.99032738125 0.2909474203125 0.984623015625 0.29937996093749997 0.978174603125 0.3065724203125 0.97470238125 0.3120287703125 0.96924603125 0.3182291671875 0.9670138890625001 0.3224454359375 0.9640376984374999 0.3254216265625 0.9603174609374999 0.326909721875 0.9548611109374999 0.3276537703125 0.9412202375 0.33013392812500003 0.9258432546875 0.33062996093749997 0.9102182546875 0.333358134375 0.8988095234374999 0.3350942453125 0.8826884921874999 0.3375744046875 0.8767361109374999 0.3375744046875 0.874255953125 0.33583829375 0.8705357140625001 0.3311259921875 0.8670634921874999 0.32145337343749997 0.862847221875 0.3117807546875 0.862351190625 0.30830853125 0.865079365625 0.291939484375 0.8864087296875001 0.2753224203125 0.908978175 0.2658978171875 0.9236111109374999 0.261185515625 0.9362599203125 0.2562251984375 0.9546130953125 0.2554811515625 0.9833829359374999 0.2537450390625 0.9863591265625 0.2500248015625 0.987847221875 0.2468005953125 0.987847221875 0.2406001984375 0.9823908734375 0.2368799609375 0.981646825 0.2336557546875 0.9796626984374999 0.227207340625 0.9727182546875 0.21455853125000002 0.9546130953125 0.20414186562499997 0.943204365625 0.200917659375 0.9414682546875 0.1944692453125 0.9424603171874999 0.18876488125 0.9459325390625001 0.1810763890625 0.9484126984374999 0.172891865625 0.955605159375 0.164707340625 0.9667658734375 0.1580109125 0.9821428578125001 0.154290675 0.9950396828125001 0.1539806546875 1 0.304332528125 1
6 0 1 0.0764963609375 1 0.0967509921875 0.9913194437499999 0.1093998015625 0.9895833328125001 0.11857638906250001 0.9853670640625001 0.14288194375000002 0.981646825 0.1565228171875 0.9826388890625001 0.161483134375 0.9779265875 0.1684275796875 0.9618055562500001 0.1718998015625 0.9578373015625001 0.1783482140625 0.95262896875 0.20166170625 0.9414682546875 0.197693453125 0.934771825 0.191741071875 0.9293154765625001 0.180084325 0.915674603125 0.138665675 0.8762400796875 0.1277529765625 0.8358134921874999 0.11857638906250001 0.818204365625 0.11163194375 0.809523809375 0.10022321406250001 0.7983630953125 0.0880704359375 0.7822420640625 0.076909721875 0.7693452375 0.0692212296875 0.76240079375 0.066741071875 0.7619047625 0.058804564062499995 0.765376984375 0.0506200390625 0.7673611109375 0.038715278125 0.768601190625 0.026314484375000002 0.768601190625 0.020858134375 0.7698412703124999 0.019618056249999998 0.7720734125 0.019618056249999998 0.777777778125 0.0163938484375 0.781994046875 0.0151537703125 0.7829861109375 0.0044890875 0.7834821421875 0 0.7845295968749999 0 1
10 0.755926771875 1 0.7331090890625 0.970670553125 0.6666518375 0.9262890546874999 0.57493625625 0.867211121875 0.5761359140625 0.8686663703124999 0.573021753125 0.8663381140624999 0.558297509375 0.8752905359375 0.5629236046875 0.8830763265625 0.5583556125 0.9275390859374999 0.5695798171875001 0.9433287421875001 0.5964817921875001 0.9846586500000001 0.6226257703125 1 0.755926771875 1
10 0.51875 0.86936644375 0.5597481171875 0.890625 0.5622261843749999 0.890625 0.5627508734375 0.8846497203125001 0.5581822875 0.8762089921874999 0.5561033 0.8620919421875 0.5556512687499999 0.852122565625 0.5517400203125 0.8437545296875001 0.5342299890625 0.8239632984374999 0.5268923015625 0.80926471875 0.535190965625 0.7903436359375 0.5734375 0.7401149375 0.5734375 0.7380089812499999 0.5677202375 0.7297954546875001 0.5473347265624999 0.7427508765625 0.51875 0.762962740625 0.51875 0.86936644375
10 0.51875 0.6912315015624999 0.535722359375 0.7003217515625 0.580266440625 0.7296875 0.58228634375 0.7296875 0.613066203125 0.6963101765624999 0.6640998609375 0.6669051640625 0.715625 0.6231426921875001 0.715625 0.622338659375 0.6264584890625 0.611823090625 0.6139282500000001 0.63358269375 0.6001408484375 0.6545419828125001 0.5553429624999999 0.620491175 0.5221143390625 0.5983004265625 0.51875 0.6032315984375 0.51875 0.6912315015624999
10 0.6069138890625 0.7034966218750001 0.589470009375 0.720745096875 0.55074519375 0.76870488125 0.5263420578125 0.81229678125 0.5346246296875 0.8237933843749999 0.5539341453125 0.8457674890625 0.555638734375 0.8703125 0.55626015 0.8703125 0.5655034078125001 0.857627546875 0.592708425 0.8123616140625 0.611647553125 0.7780848765625 0.6217290156249999 0.7388608671875 0.6352041374999999 0.7138992890625 0.6578125 0.7006864046875 0.6578125 0.6994598984375 0.6475043390625 0.69475941875 0.632952621875 0.7017470359375 0.6178091265625 0.692798190625 0.6069138890625 0.7034966218750001
10 0.645637953125 0.7179377718750001 0.6518415390625 0.715317325 0.6464678187499999 0.7160456625 0.630486409375 0.7241977671875001 0.618268453125 0.7499596609375 0.6020081375 0.7990810734375 0.5861503890625 0.843617953125 0.5809658843750001 0.8648672906249999 0.6255417796875 0.8863289890624999 0.636573534375 0.903125 0.6377443781250001 0.903125 0.6591971062499999 0.858308675 0.6742577671875 0.8077320140625 0.7042071515625 0.761446978125 0.7039276484375 0.7495128 0.7140625 0.723742646875 0.7140625 0.7133773015625 0.7117248171874999 0.7060684281249999 0.703286403125 0.719022421875 0.6970828156250001 0.72164286875 0.645637953125 0.7179377718750001
10 0.851436078125 0.91433635625 0.8250603312500001 0.90480669375 0.7926207515625 0.9038645687500001 0.663034953125 0.8981312671874999 0.641195015625 0.90497421875 0.6678502640625 0.9264380609374999 0.6941932328125 0.943899609375 0.7261071828125 0.965944975 0.7354372234375 0.9765625 0.7868390609375 0.9765625 0.8034757609375 0.9692103578125 0.8259483062499999 0.9551631390625002 0.8451422046874999 0.9255436234375001 0.851436078125 0.91433635625
10 0.8708956656249999 1 0.8888268 0.9637730515625 0.8616539624999999 0.9482036109375 0.8666659390625 0.928919071875 0.8484330140624999 0.9249189234375 0.8222631703125 0.9583960609375 0.78403925625 0.9779756500000001 0.7382228859375 0.9781994375 0.754526890625 1 0.8002996734375 1 0.80237915625 0.9958747718750001 0.8109124421875 1 0.8708956656249999 1
10 1 1 1 0.8912122015625 0.995618534375 0.8889531515625 0.9749782515625001 0.8972513515625 0.9472797843749999 0.9027851531250001 0.9385457781250001 0.93422265625 0.913903959375 0.9427396437500001 0.896960978125 0.9316079234375 0.8834772125000001 0.918874859375 0.8657785640625001 0.9314661125000001 0.864768121875 0.9505318656250001 0.892828334375 0.9635542640625001 0.9147424671875001 0.9785421765625 0.9206832390624999 0.986473353125 0.9350871546875 0.9887274843749999 0.948800959375 0.9988408171875001 0.9509254984375 1 1 1
10 0.897748828125 0.8470495734375 0.91377910625 0.8005478937499999 0.9015277749999999 0.7813381875000001 0.9104918218750001 0.747280953125 0.9120031640625001 0.6998350046875 0.9214192406249999 0.6757471453124999 0.8646742578125 0.641697765625 0.8336643718750001 0.6395911578125 0.8286276640625001 0.651598740625 0.8126054296875 0.6828915765625 0.8005600031250001 0.7066886703125 0.7408406125 0.6762781265625 0.729460565625 0.6849390671875 0.7167002890624999 0.7093184046875 0.7174151390625 0.7087361609375 0.713775346875 0.72751115 0.70449901875 0.7575660953125001 0.693743534375 0.774231615625 0.67865814375 0.8175313203125001 0.6905149515625 0.8261167125 0.754663178125 0.85900089375 0.813240421875 0.8873012578124999 0.8547021562499999 0.9064346999999999 0.87728971875 0.8910776171875 0.897748828125 0.8470495734375
10 1 0.7482031140625 0.9860114515625 0.7338095499999999 0.9369325281249999 0.6880433515625001 0.9156349078125 0.6962688609375001 0.9135398296874999 0.7125694984375001 0.9124966125 0.7395671390625 0.8999830624999999 0.7838125390625 0.9158086296875 0.8001110328125 0.9016433906250001 0.8329318109375 0.8899349734375 0.8680081484375 0.9110767531249999 0.8842332359375 0.9349629 0.8994392250000001 0.9603442953125001 0.8976169500000001 1 0.8878964781249999 1 0.7482031140625