7 0.2443302359375 0.459375 0.2479973359375 0.454743753125 0.315221659375 0.24067182968749998 0.315625 0.233016046875 0.315625 0.1750412640625 0.3102460546875 0.148232859375 0.2993107015625 0.1178704078125 0.2961969203125 0.096881171875 0.3013409109375 0.0629964046875 0.30916835468750004 0.04908495625 0.31441386250000003 0.0290780203125 0.3146161453125 0.0181904375 0.31230637968749997 0.015578781250000001 0.3069402234375 0.0142753859375 0.25487342343749997 0.007279434375 0.2498426984375 0.0084727046875 0.2449576234375 0.0151241421875 0.24020570000000002 0.035159825 0.23897211875000002 0.0544095796875 0.22868338437500002 0.08353587031250001 0.213901640625 0.1054645109375 0.1900772421875 0.1293436078125 0.1760421234375 0.1473523296875 0.1666390390625 0.16265828437500002 0.14799764531249998 0.20616085625 0.12380845468749999 0.343966609375 0.11200146875000001 0.39678490312500003 0.110305934375 0.415512325 0.1115527734375 0.42697973593749994 0.11576111250000001 0.4386196328125 0.1242851796875 0.452492596875 0.129891878125 0.45777340781250003 0.13280634375 0.459375 0.2443302359375 0.459375
0 0 0.459375 0.076744234375 0.459375 0.1203125 0.35704840312499997 0.1203125 0.353673203125 0.11528471250000001 0.3475427515625 0.0986418984375 0.3366649046875 0.0664258265625 0.32141203906250004 0.0439424015625 0.3166345484375 0.037703096874999995 0.3212254078125 0.0336029078125 0.3388219234375 0.0213207109375 0.36040072031250003 0.0152461875 0.37788224375 0 0.41044176875 0 0.459375
10 0.5 0.459375 0.6803694874999999 0.459375 0.7304772640625 0.39033761875 0.740625 0.3649682796875 0.740625 0.35970815156249997 0.7359268562500001 0.3385665015625 0.7195780828125 0.32085532968749997 0.6582701796875 0.2772586 0.64192140625 0.2772586 0.573801515625 0.3031441578125 0.5370167734375 0.294969771875 0.5 0.21854804374999998 0.5 0.459375
10 0.5 0.2208479625 0.5292319484375 0.282684775 0.5483055171875 0.30039594687500004 0.5796406671875001 0.3031207421875 0.631411784375 0.27859758125 0.6736461171875 0.273147990625 0.6981692781250001 0.25543681875 0.699531675 0.2404504421875 0.729504428125 0.24181284062500003 0.7908123296875 0.2132024859375 0.8044363078125001 0.1968537125 0.8044363078125001 0.17096815468749998 0.7540275890625 0.0796875 0.5 0.0796875 0.5 0.2208479625
10 0.8913065375 0.459375 0.8575698234375 0.3031207421875 0.8412210484375 0.27451038906249997 0.8126106953125 0.269060796875 0.7090684609375 0.30993273125 0.7363164171875 0.33718068749999996 0.7417660078124999 0.3685158375 0.729504428125 0.39440139687500003 0.681069559375 0.459375 0.8913065375 0.459375
10 1 0.459375 1 0.3350458921875 0.8671066078124999 0.3385430859375 0.865744209375 0.358979053125 0.888500625 0.459375 1 0.459375
10 1 0.18369431249999998 0.9706488421875001 0.16960575625000002 0.9502128750000001 0.1682433578125 0.9270521109375001 0.1764177453125 0.8861801765624999 0.2118400890625 0.8766433921875001 0.2281888625 0.8752809953125 0.24998722812500002 0.8834553812499999 0.27995997968749997 0.9011665531249999 0.3058455375 0.92296491875 0.3262815046875 0.9570248640625 0.335818290625 0.9869976156250001 0.3290063015625 1 0.31925451250000003 1 0.18369431249999998
10 0.8017115125000001 0.0796875 0.752665190625 0.0796875 0.80579870625 0.1764177453125 0.803073909375 0.1995785078125 0.792174728125 0.2118400890625 0.7363164171875 0.23772564687500003 0.7499403953125 0.2581616140625 0.7690139640625 0.2622488078125 0.8671066078124999 0.20230330312499997 0.8766433921875001 0.1805049390625 0.8466706406250001 0.13282101562499998 0.8017115125000001 0.0796875
10 1 0.0796875 0.8725561984375 0.0796875 0.89162976875 0.1096602515625 0.8998041546875001 0.1369082078125 0.9147905312500001 0.14780739062499998 1 0.1815361390625 1 0.0796875
8 0.8806456890625001 1 0.8837118125 0.995534053125 0.884375 0.993321296875 0.884375 0.9880675875 0.8782938828125 0.9606957546875 0.86382798125 0.9119030640624999 0.8646990390625 0.905176634375 0.8699323078125 0.8931391812499999 0.8702927390624999 0.886890271875 0.8693415703125 0.883838540625 0.8561460109375 0.8629244437499999 0.8382046375 0.840536621875 0.8219102875000001 0.824491021875 0.8070689734375 0.811520478125 0.7865963765625 0.790268134375 0.7714209078125001 0.782043965625 0.74760735 0.765147609375 0.7142977859374999 0.7455542265625 0.687381059375 0.7337767890625 0.6758688359375 0.7314873015625001 0.668081175 0.7316265734374999 0.6622527921875 0.7346138078125 0.6538274859375 0.7424928671875 0.6471499453125 0.750954415625 0.631320578125 0.7657574953124999 0.617753984375 0.780415125 0.6026073375000001 0.7992599609375001 0.5780754546875 0.8234329718750001 0.5629200453125 0.842778653125 0.55878686875 0.8493534546875001 0.5576561171875001 0.85656906875 0.56245138125 0.8695739124999999 0.563116578125 0.8746173640624999 0.5503390921875 0.9015923718749999 0.5487458968750001 0.9065308484374999 0.5491908203125 0.909809675 0.5553239671875 0.9181148 0.579010503125 0.9422734234375 0.6159176093750001 0.9715578328125 0.6211433859375 0.974306996875 0.6442129078125001 0.9906675171875001 0.6551531875000001 0.9969404453124999 0.660713296875 1 0.8806456890625001 1
8 0.5211554328125 0.459375 0.5211639765625 0.45967065781249994 0.522926153125 0.47378765312500004 0.52559880625 0.47892441249999995 0.53227761875 0.4847486359375 0.573551315625 0.5084715984375 0.5782577078125 0.512199128125 0.5956740468749999 0.5215299640625 0.6140459328125 0.5336621078125 0.642156 0.549003784375 0.6707197515625001 0.5671234421875 0.68390528125 0.5742526124999999 0.6981963125 0.578125 0.7115695421874999 0.578125 0.7175214484375 0.5763163859375 0.721588925 0.573497928125 0.7463949125 0.5623702390625 0.8216664078125 0.5232624343750001 0.8277895234375 0.5177826328124999 0.8398505234375 0.5030550234375 0.865536328125 0.4847000578125 0.885723521875 0.46483637968749997 0.889298421875 0.459375 0.5211554328125 0.459375
8 1 0.6560551343750001 0.9943374234375 0.6295630328125 0.9812763765625 0.586600053125 0.9606636187500002 0.5733612453125 0.9425908421875 0.5584861125 0.9366078874999999 0.5559523765625001 0.92608625 0.5544608125 0.8781669453125 0.5517322124999999 0.86884303125 0.5535544640625 0.8562920359374999 0.55322170625 0.8377931249999999 0.5483518296875001 0.79962951875 0.547831071875 0.7729868953125 0.54909895625 0.755268334375 0.5570473046875 0.7486477328125 0.5622533546875 0.7415878609375 0.57821593125 0.7394953390625 0.6117026265625001 0.737312678125 0.6216262359375 0.732277784375 0.636680428125 0.720569728125 0.659945746875 0.700176671875 0.6915793062500001 0.6991085125 0.7095747687499999 0.700297471875 0.71338943125 0.7027542359375 0.71651114375 0.703172878125 0.72129250625 0.7007830859374999 0.728700221875 0.6939115546875 0.733894609375 0.6941362062499999 0.7354088125 0.6965885890625 0.7387809453124999 0.700313153125 0.7412097078125 0.7145199328125 0.7473838390624999 0.738143878125 0.7607626109375 0.7471292609375 0.76393715625 0.8361795609375001 0.769830709375 0.8986091421874999 0.7757400296875 0.9332421765625 0.7770991890625 0.9375343062500001 0.7757949328125 0.9553917593750001 0.7455472734375 0.9781977765625001 0.7195396578125 0.985324621875 0.7141065125 0.9949564109375 0.7090404234375 1 0.7078712312500001 1 0.6560551343750001
8 0.898642634375 0.459375 0.8988947234375001 0.47224454062500004 0.9028671093749999 0.4892211609375 0.9078914046875 0.5034897828125 0.9166796859375002 0.517933359375 0.9280705390625 0.5415204640625 0.93419054375 0.5505768578125 0.9494943062499999 0.5658245375 0.968592709375 0.5794942093750001 0.9884964703125 0.5901937953124999 1 0.594580746875 1 0.459803428125 0.9997839015625001 0.459375 0.898642634375 0.459375