3 0 0 0 0.0546509171875 0.006721229687499999 0.05616319374999999 0.0228422609375 0.0606274796875 0.0322668640625 0.0643477203125 0.046229129687499995 0.0671875 0.062631253125 0.0671875 0.0783978171875 0.0645957359375 0.098487103125 0.049466765625 0.10617559531250001 0.03136160625 0.1098958328125 0.0199528765625 0.1125 0.0041418609375 0.1125 0 0 0
1 0.1137762703125 0 0.105394346875 0.0297619046875 0.098697915625 0.050347221875 0.067447915625 0.17212301562500001 0.0461185515625 0.24404761874999997 0.0304935515625 0.3112599203125 0.0245411703125 0.33159722187499996 0.0118923609375 0.38169642812500004 0.0116443453125 0.3856646828125 0.014620535937500002 0.396329365625 0.0225570453125 0.40997023749999995 0.06670386874999999 0.4670138890625 0.0743923609375 0.4796626984375 0.0838169640625 0.499751984375 0.0905133921875 0.50595238125 0.10018601093749999 0.5109126984375 0.10713045624999999 0.518105159375 0.157973709375 0.5873015875 0.1593786921875 0.5890625 0.446916953125 0.5890625 0.45088045625 0.56200396875 0.49375 0.33994936249999996 0.49375 0 0.1137762703125 0
5 0.55 0.380788690625 0.5509052578125 0.38115079375 0.5843874 0.387351190625 0.60546875 0.38859126875 0.6302703390625 0.3737103171875 0.6578125 0.36293295 0.6578125 0.3622088515625 0.6302703390625 0.3526289671875 0.6191096218750001 0.34890872968750003 0.599268353125 0.3154265875 0.5695064484375 0.2856646828125 0.5595858125000001 0.2745039671875 0.5595858125000001 0.2360615078125 0.5719866062500001 0.2360615078125 0.5769469234375 0.25342261875 0.5967881937499999 0.22862103125000002 0.6203497015625 0.206299603125 0.60050843125 0.1864583328125 0.5719866062500001 0.1889384921875 0.5571056546875 0.1777777765625 0.55 0.17808671874999998 0.55 0.380788690625
7 0.7685019843750001 0.1417410703125 0.7375 0.1640625 0.6891369046875 0.18142361093749998 0.659375 0.19878472187500001 0.6370535703125 0.1975446421875 0.6256861765624999 0.2099454359375 0.6110119046875 0.2099454359375 0.5961309515625001 0.2310267859375 0.5775297609375001 0.25458829375 0.5738095234375 0.23846726093749998 0.5552083328124999 0.23474702343749998 0.5589285703125 0.25458829375 0.562648809375 0.28683035625 0.5738095234375 0.2843501984375 0.59365079375 0.30915178593750003 0.617672903125 0.334375 0.619884671875 0.334375 0.6358134921875 0.3252728171875 0.6643353171874999 0.3165922609375 0.6829365078125 0.305431546875 0.702777778125 0.3029513890625 0.7362599203125 0.28559027812500004 0.77470238125 0.2781498015625 0.8044642859375 0.2669890875 0.83546626875 0.26450892812500004 0.8615079359375001 0.2570684515625 0.8825892859375 0.2434275796875 0.8890625 0.21321924218750002 0.8890625 0.199355165625 0.8863095234374999 0.1727430546875 0.8689484125 0.13182043593749998 0.8367063484375 0.10701884843750001 0.8081845234374999 0.11073908750000001 0.788343253125 0.1218998015625 0.7685019843750001 0.1417410703125
2 0.6900049609375 0.523288690625 0.7123263890625 0.5220486109375 0.7544890875 0.5183283734375 0.7904513890625 0.514608134375 0.826413690625 0.5096478171875 0.84501488125 0.49476686562500005 0.8152529765625001 0.4464037703125 0.7693700390625 0.3992807546875 0.7185267859375 0.45384424531249995 0.68876488125 0.43152281718749996 0.6912450390625 0.47120535781250006 0.6900049609375 0.523288690625
4 0.55 0.5890625 0.6788073078125001 0.5890625 0.6875248015625 0.548090278125 0.686284721875 0.5282490078125 0.6627232140625 0.5282490078125 0.6590029765625001 0.47864583281249995 0.66024305625 0.4439236109375 0.66768353125 0.41788194375 0.641641865625 0.432762896875 0.6342013890625 0.46376488125000004 0.623040675 0.4464037703125 0.5969990078125 0.43648313437499997 0.5870783734375 0.4191220234375 0.5759176593750001 0.432762896875 0.5573164687500001 0.43400297656250003 0.55 0.43228145468749996 0.55 0.5890625
4 0.8286722890625 0.5890625 0.8226934531250001 0.5778521828125001 0.8276537703125 0.5505704359375 0.8189732140625001 0.5344494046875 0.792931546875 0.5406498015625 0.7916914687500001 0.523288690625 0.7755704359375001 0.5406498015625 0.7272073406249999 0.54561011875 0.6962053578124999 0.5493303578125001 0.69248511875 0.5431299609375 0.6913648125 0.5890625 0.8286722890625 0.5890625
0 0.44561430625 1 0.446875 0.90712890625 0.446875 0.8186244421875 0.44462890625 0.814453125 0.4333984375 0.8037109375 0.4138671875 0.7958984375 0.39873046875 0.79296875 0.36015625 0.79150390625 0.3474609375 0.79345703125 0.33525390625 0.798828125 0.3240234375 0.81005859375 0.32158203125 0.81494140625 0.31574280312499997 1 0.44561430625 1
7 0.3167280359375 1 0.31806640625 0.918359375 0.2814453125 0.85048828125 0.2462890625 0.797265625 0.2208984375 0.77333984375 0.17158203125 0.74306640625 0.1662109375 0.73720703125 0.1564453125 0.71474609375 0.1486328125 0.70693359375 0.1486328125 0.91298828125 0.17353515625 0.94814453125 0.204296875 1 0.3167280359375 1
0 0.55 1 0.55 0.8713593749999999 0.52392578125 0.8671875 0.4814453125 0.86181640625 0.45263671875 0.8603515625 0.4501953125 0.86376953125 0.447265625 0.89306640625 0.445303540625 1 0.55 1
7 0.2388671875 0.5890625 0.23046875 0.59326171875 0.21484375 0.603515625 0.2080078125 0.611328125 0.2080078125 0.6279296875 0.21875 0.6416015625 0.2265625 0.66064453125 0.2333984375 0.6630859375 0.23583984375 0.66748046875 0.263671875 0.79345703125 0.30517578125 0.869140625 0.31689453125 0.88623046875 0.31982421875 0.88720703125 0.32177734375 0.8173828125 0.32421875 0.81103515625 0.3349609375 0.80029296875 0.34521484375 0.79541015625 0.36181640625 0.79248046875 0.3984375 0.79345703125 0.3984375 0.787109375 0.39306640625 0.7626953125 0.376953125 0.7255859375 0.337890625 0.6845703125 0.31689453125 0.666015625 0.31005859375 0.65625 0.30126953125 0.6513671875 0.294921875 0.64453125 0.28955078125 0.6357421875 0.2841796875 0.61572265625 0.26904296875 0.5927734375 0.26830078125 0.5890625 0.2388671875 0.5890625
7 0.55 0.64833778125 0.53271484375 0.65625 0.5166015625 0.66943359375 0.50732421875 0.66943359375 0.5009765625 0.67236328125 0.48876953125 0.68017578125 0.47998046875 0.6884765625 0.4306640625 0.74951171875 0.4267578125 0.7568359375 0.4169921875 0.7880859375 0.4169921875 0.794921875 0.42041015625 0.79833984375 0.4326171875 0.8037109375 0.44580078125 0.81689453125 0.44873046875 0.8232421875 0.44970703125 0.8349609375 0.4521484375 0.83837890625 0.474609375 0.84326171875 0.50048828125 0.84375 0.52880859375 0.84814453125 0.55 0.84814453125 0.55 0.64833778125
1 0.6783482140625 0.611086309375 0.6783482140625 0.6123263890625 0.6789682546875 0.7288938484375 0.6789682546875 0.7586557546874999 0.7484126984375 0.746875 0.804836309375 0.7251736109375 0.792435515625 0.6098462296875 0.7192708328124999 0.605505953125 0.6845486109375 0.6067460312499999 0.67958829375 0.6117063484374999 0.6783482140625 0.6104662703125 0.6783482140625 0.611086309375
0 0.845444775 1 0.83955853125 0.991170634375 0.808556546875 0.95458829375 0.7595734125 0.8994047625 0.7298115078125 0.8671626984374999 0.7198908734375 0.8572420640624999 0.6919890875 0.8498015875 0.6845486109375 0.8491815468749999 0.68330853125 0.8504216265625001 0.685788690625 0.970709325 0.7032916546875 1 0.845444775 1
1 0.5702303984375 0.5890625 0.5679811515625001 0.5955853171875 0.5717013890625 0.6061259921875 0.5717013890625 0.644568453125 0.56240079375 0.660689484375 0.5630208328124999 0.6718501984375 0.5555803578125 0.6960317453125 0.556200396875 0.7133928578125 0.5531001984375 0.7270337296875 0.5568204359375 0.7412946421875001 0.560540675 0.77353670625 0.554340278125 0.78779761875 0.55 0.79734623125 0.55 1 0.686200396875 1 0.677728175 0.62782738125 0.677297453125 0.5890625 0.5702303984375 0.5890625