9 0.8884066484375 0.3215839734375 0.8507903890625 0.2862118578125 0.8343057921874999 0.294760340625 0.7405342234375001 0.378084515625 0.707027259375 0.40208780937500005 0.671171146875 0.45148003125 0.7098556828125 0.537848371875 0.736258746875 0.5763963734375 0.793338296875 0.636851825 0.8066814546875 0.6447467203125 0.843768590625 0.596275525 0.9079846109374999 0.54263475 0.8884066484375 0.3215839734375
9 0.8238505796875 0.1637345296875 0.701781440625 0.0703165859375 0.6740621734375 0.0558421546875 0.6710059171875 0.047290940625 0.652398978125 0.04485465625 0.5523306765625 0.134952803125 0.546430090625 0.1461995515625 0.5997175421875001 0.20277373281250002 0.6698569984375 0.2938822890625 0.6831011203124999 0.3006589921875 0.70381655 0.28796725625 0.8047197265625 0.19431736093750002 0.824345759375 0.1693254984375 0.8238505796875 0.1637345296875
9 0.54791386875 0 0.5186959437499999 0.1964479890625 0.5247520109375 0.199934925 0.5937605078125 0.20040499218750002 0.5942982781249999 0.1934986640625 0.5526842296875001 0.1519228734375 0.5482979171875 0.14133244218750002 0.6536299984375 0.04577568125 0.6662799046875 0.045843225 0.6742602453125001 0.058078542187500005 0.694593384375 0.0670268203125 0.7219729546875 0.09064396875 0.744867171875 0.102552490625 0.7501873984375 0.11070936875 0.7580122578124999 0.1082110015625 0.7733575562499999 0 0.54791386875 0
9 0.41523066093749994 0.37797329375 0.402439128125 0.38928485468749996 0.368549878125 0.43492815937499996 0.3537488921875 0.46248593437499996 0.3095578578125 0.5735084234375 0.2972892109375 0.642636525 0.319546625 0.6603331828125001 0.3677971 0.68599228125 0.4432716640625 0.7205348468749999 0.45242657968750005 0.7200756984375001 0.4700293078125 0.685217259375 0.5033381984374999 0.6589775796875 0.5543914437499999 0.5865003578125 0.5841914890625 0.5336212 0.59013466875 0.50987715625 0.600365121875 0.49560535000000006 0.6115720812500001 0.4664026921875 0.61087883125 0.45857533906250003 0.4421576421875 0.3835021796875 0.41523066093749994 0.37797329375
2 0.252805175 0.386961815625 0.27596879375 0.349999346875 0.2841759390625 0.3258609671875 0.3130985171875 0.2890308515625 0.314372128125 0.2774545828125 0.2018540484375 0.1880502671875 0.18201608593750002 0.184692953125 0.1671448015625 0.17252245 0.160253853125 0.1725872640625 0.144363471875 0.18784490625 0.114464390625 0.2396058734375 0.076161990625 0.2873339390625 0.0796281265625 0.32646937343750004 0.0940876328125 0.3339905453125 0.14968164687500002 0.377673096875 0.17350977812499999 0.38714806562500004 0.198625375 0.4111595484375 0.211572390625 0.414581671875 0.241145628125 0.3980762078125 0.252805175 0.386961815625
2 0.3787803328125 0.42065635468749996 0.3554335265625 0.39065956874999996 0.284770153125 0.3325701296875 0.2475413953125 0.392420428125 0.20374753124999997 0.41708003906249996 0.1706931546875 0.459171596875 0.174980434375 0.468643834375 0.23968677187499998 0.5243645328125 0.2996245078125 0.591134809375 0.3066144890625 0.5921881921875001 0.336740378125 0.5040535328125 0.3787803328125 0.42065635468749996
9 0.3465618640625 0.368360509375 0.34036416875 0.376252678125 0.359819840625 0.40125 0.38187917968749996 0.416710271875 0.38950596875 0.41197551718750003 0.40130714375 0.38948202187500003 0.41759366875000004 0.37869715312499996 0.44102565625 0.38369934687499996 0.46534896562499994 0.3987652828125 0.4959690078125 0.4070572453125 0.5164863656249999 0.3921291234375 0.5283865765625 0.370753821875 0.46068042656249997 0.3200974015625 0.44388486718750003 0.2991785171875 0.41719855 0.283388721875 0.40144979531249997 0.287267265625 0.363923928125 0.34376298125 0.36521139375 0.3582995 0.3578817140625 0.3663888328125 0.3465618640625 0.368360509375
9 0.57962095625 0.5469071671875 0.5691924296875001 0.558942584375 0.5816155296875001 0.5953838218749999 0.6068301640625 0.6205135 0.618744228125 0.625250984375 0.6323280484375 0.622884971875 0.6713533093749999 0.60927494375 0.6774093796875 0.6127618781249999 0.6863800765625 0.6361791296875 0.692139040625 0.636311484375 0.7285041859375 0.618623015625 0.7519223203125 0.597512425 0.71098766875 0.537651203125 0.6902871203125 0.48562007031250004 0.6717653609375 0.4581891921875 0.6722040953125 0.4501646703125 0.6948299437500001 0.42010853125000003 0.7173141609375 0.40143149375 0.7179509687500001 0.39564335625 0.7131259203125 0.39307744843750003 0.706334009375 0.39426045468750004 0.6795199203125 0.41596255 0.601398071875 0.4942899890625 0.5891017171875 0.5111925171875 0.57962095625 0.5469071671875
9 0.8329557218750001 0.8116222656250001 0.8370310734374999 0.7927453296875 0.83802245625 0.7130916093749999 0.789645234375 0.634088746875 0.7800941734375 0.630075121875 0.7342205578125001 0.63125266875 0.69150223125 0.642099621875 0.7665083015625 0.81411244375 0.776158396875 0.8192442640625 0.8329557218750001 0.8116222656250001
9 0.62513896875 0.7104308578125 0.654683471875 0.7325354796875 0.666399465625 0.7350365765625 0.681129125 0.7585861828125 0.724412928125 0.7930584734374999 0.7172387296875 0.8158814937500001 0.6974572140624999 0.8261396718749999 0.686094771875 0.8406086453125001 0.68432598125 0.8465939484374999 0.6911178921875 0.8454109421875 0.7619803609375 0.8149011140625 0.7646830671875 0.80648225625 0.678838471875 0.6159192921875001 0.6724852953125 0.609077775 0.665693384375 0.6102607796874999 0.5914349609375 0.6413621140625 0.5772143328125 0.649516259375 0.57574265 0.65885614375 0.62513896875 0.7104308578125
9 0.49530038593750003 0.723962428125 0.5028419937499999 0.7442222671875001 0.48144716875000004 0.77519943125 0.471655446875 0.7814467171875 0.471018640625 0.78723485 0.5424178515625 0.84065435 0.5502991578125 0.851771471875 0.6027378765625 0.885784615625 0.6203683140625 0.9031517499999999 0.627160225 0.9019687453125 0.69982021875 0.8268635296875001 0.724412928125 0.7930584734374999 0.6689179515625 0.75049411875 0.65940948125 0.733983196875 0.625973846875 0.7068791109375 0.5766765656249999 0.656422590625 0.543538034375 0.632673084375 0.478801934375 0.7063981265625 0.47959422187499995 0.7153436734375 0.49530038593750003 0.723962428125
2 0.2951242765625 0.644149053125 0.28823333125 0.6442138671875 0.2697392796875 0.6690085609375 0.2514007140625 0.708536940625 0.2222800640625 0.74313066875 0.20089909218750002 0.8002206187500001 0.1990877109375 0.81870321875 0.2540310640625 0.84206111875 0.3108986859375 0.874167396875 0.40887132656249997 0.9161457078125 0.41910178125 0.901873903125 0.4604484859375 0.8106493718750001 0.4729290578125 0.7698704453125 0.490291121875 0.74527291875 0.493333525 0.72771134375 0.4654161890625 0.711000525 0.45232754531249997 0.7189575046875001 0.4395786015625 0.71777176875 0.32560269218750004 0.663820121875 0.2951242765625 0.644149053125
9 0.12897596718749998 0.7798202359374999 0.13312161718749999 0.8006715765625 0.142672675 0.8046852046874999 0.1607844359375 0.801530521875 0.197941871875 0.7927876015625 0.2064035359375 0.7845010968749999 0.20501703437500002 0.7688463859375 0.2126299671875 0.7379988484375 0.2056697484375 0.607499728125 0.1989204296875 0.5961854390625 0.1696443 0.61604548125 0.10739755 0.6400082203124999 0.11807141562500001 0.76052463125 0.12897596718749998 0.7798202359374999
9 0.1705941203125 0.458053403125 0.1817584890625 0.44134804375 0.16158083125 0.4471334484375 0.1649054578125 0.497649325 0.1806393328125 0.5584936515625001 0.18356781718749998 0.6045367546875 0.199019465625 0.59730363125 0.2111880484375 0.6178929937500001 0.22187109375 0.6217094515625 0.24244489531250002 0.6203968203125 0.298350896875 0.6027110812500001 0.3033175703125 0.5938978890625 0.259878284375 0.5446919140625 0.2138353328125 0.5050229921875 0.1945777328125 0.4822620546875 0.173749415625 0.467722809375 0.1705941203125 0.458053403125
9 0.677560521875 1 0.6865175984375 0.988142646875 0.7161195703125001 0.9330271031249999 0.7349107296875 0.9115869890624999 0.773271475 0.8515395218749999 0.77444605 0.8388450562499999 0.74662775 0.8232524296875001 0.71203139375 0.8349555953125 0.6799961140625 0.84961900625 0.646050415625 0.8816468234375 0.6369519453125 0.8957214609375 0.6214012609374999 0.901836390625 0.5767874015625 0.8653248781249999 0.550200121875 0.850653278125 0.5324706499999999 0.83216795 0.49071497500000005 0.801971265625 0.4838240265625 0.802036078125 0.4394210671875 0.8847093953125 0.6205653578125 0.9962237921874999 0.625329496875 1 0.677560521875 1
9 0.41393703593750003 0.908450709375 0.4063102484375 0.9131854640625001 0.334825853125 0.8847605578125 0.23020293125000002 0.8325861484375 0.2138599640625 0.829755528125 0.1913044171875 0.8995399453124999 0.3458901640625 0.9577726578125001 0.407668015625 0.9674502546875001 0.4408491328125 0.9787024609375001 0.520045496875 0.9773980218749999 0.5247012078125 0.939117459375 0.4503021828125 0.8907622421875001 0.43961914062499996 0.88694578125 0.4236723109375 0.888587934375 0.41393703593750003 0.908450709375