7 0.3799503609375 0 0.3667483421875 0.09382187656249999 0.36799289062499996 0.10438203593749999 0.3729704390625 0.11764451718749999 0.37488754062499996 0.1206535578125 0.3783699203125 0.1233280484375 0.39485831875 0.12973470468749998 0.4102078140625 0.13093100468750002 0.43809285625000005 0.13555302656249998 0.44443153593750007 0.1359375 0.44895394843750003 0.1359375 0.45634861562499995 0.133767571875 0.462042496875 0.1308412125 0.468734421875 0.125992146875 0.47342137187500005 0.12092040625 0.477105834375 0.11573733593749999 0.4790051671875 0.110610203125 0.49557990468749996 0 0.3799503609375 0
7 0.5353028890625 0.3 0.5090570375000001 0.28957368125 0.4880441140625 0.2765638921875 0.48562576875 0.273499184375 0.48645218437500004 0.26469418437500003 0.48562988906250004 0.2610441515625 0.48161105156249995 0.2565307265625 0.46400151562499997 0.25304988281249996 0.425607790625 0.24090594375 0.4246579625 0.23622497031249998 0.42222532968750004 0.18359090625000002 0.41826359375 0.1765418875 0.4133698 0.1729480671875 0.26937151875 0.13534942187500001 0.2471188109375 0.128302590625 0.18820484375 0.11362551875 0.1440775828125 0.100590628125 0.11947251562500001 0.09201158125 0.0997920140625 0.08677557500000001 0.085286703125 0.0849104484375 0.08008133437500001 0.0879962453125 0.0705522171875 0.1656523734375 0.0719088953125 0.1690880078125 0.076367434375 0.17415865156250002 0.1027227359375 0.1953875671875 0.1113584140625 0.205751796875 0.12060097968750001 0.2215214921875 0.130964684375 0.2343653765625 0.139433496875 0.254370434375 0.1407043734375 0.2626457734375 0.139104203125 0.275686134375 0.1408366703125 0.2801998296875 0.1434748640625 0.283543146875 0.1547002 0.28936529843750003 0.183929234375 0.3 0.5353028890625 0.3
1 1 0.3 1 0.253834046875 0.9975614499999998 0.2510454953125 0.982490315625 0.20373837031250003 0.8810659546874999 0.049664459375 0.6 0.0430791953125 0.6 0.14325515 0.6103424421875 0.1570947 0.6080335984375 0.18051761093750002 0.6397050046875 0.16861819375 0.6975143921875 0.1645548734375 0.7229419609375001 0.1795980203125 0.73262955625 0.2087197734375 0.7632214859374999 0.189571371875 0.77915291875 0.1917505625 0.797093425 0.24634860937499997 0.7940741671875 0.2769785703125 0.7990448328124999 0.3 1 0.3
1 1 0.05271074375 0.959956125 0.05177253281250001 0.9377947125 0.0945954640625 0.9227651546875 0.1014670234375 0.9380138921875 0.146972384375 0.9849617531250001 0.21669744999999999 0.990891959375 0.24753709375000002 1 0.2593296859375 1 0.05271074375
10 0.816656021875 0.3 0.8202563312500001 0.286908428125 0.8036006234374999 0.2738767265625 0.79370770625 0.21043761249999998 0.77865043125 0.18119005 0.727304059375 0.21068772500000002 0.7262938734375 0.29373654375 0.7281480859375 0.3 0.816656021875 0.3
10 0.6 0.2798397640625 0.7133955578125 0.2789869515625 0.7232330375 0.270187821875 0.731594259375 0.20356455 0.7240517640624999 0.17088120625 0.7095550140625 0.1723474796875 0.694511596875 0.16115947656250001 0.6547787421875 0.1638403984375 0.63652460625 0.1670245578125 0.615059746875 0.1845808796875 0.6050308046875 0.1771222109375 0.608419128125 0.1609482859375 0.6 0.15132077500000002 0.6 0.2798397640625
1 0.06411799375 0.448197328125 0.04642441875 0.47539544375 0.03474659375 0.5030238796875001 0.019159000000000002 0.5549605078125 0.0181081890625 0.5925544421875 0.0234591875 0.6211587609375 0.0386275953125 0.654946884375 0.0600838328125 0.6856722421875 0.091104528125 0.7176873890625 0.1304499203125 0.7472699609375 0.17043432187500002 0.7713266140624999 0.2064589625 0.7881960265625 0.2806274734375 0.8161514453125001 0.3535245953125 0.8398977500000001 0.4069179921875 0.8515625 0.4262879359375 0.8515625 0.450984759375 0.850018571875 0.4636552671875 0.8453533 0.481437071875 0.8348764031249999 0.5008446953125001 0.8187019265625001 0.522915703125 0.7897578625 0.534447925 0.7675695218749999 0.5437469390625 0.757091440625 0.54808025625 0.7469848812500001 0.5470684484375 0.731408821875 0.5385423 0.6846512421875 0.527435134375 0.64424965 0.5146514 0.61644599375 0.4908104875 0.5797361703125 0.45107316875 0.536438715625 0.396584359375 0.48881573125 0.38258585156249997 0.47303742968750007 0.3259145765625 0.43022434843749996 0.294172509375 0.4101487265625 0.2591346859375 0.393107659375 0.2270381859375 0.3829387328125 0.19219806718750002 0.3765625 0.17854527656250002 0.3765625 0.1757303984375 0.37660382812500004 0.1442155359375 0.383070290625 0.1166920515625 0.3972107421875 0.10526131093749999 0.405598375 0.0761245015625 0.433310265625 0.06411799375 0.448197328125
1 0 0.792096653125 0.0017072640625 0.8259342578125001 0.007779878125 0.8298004578124999 0.016635720312499998 0.8381050359375 0.06601599531249999 0.8765625 0.0710776546875 0.8765625 0.0861968859375 0.8719484968749999 0.090625 0.8671715140625 0.090625 0.8642061062499999 0.07745748125 0.8398314859374999 0.0682854484375 0.8266593890625 0.0632251453125 0.8127720625 0.0486447484375 0.7931569625 0.0104635421875 0.7153145125 0.006316628124999999 0.7176574609374999 0 0.713770928125 0 0.792096653125
9 0.20263432812499999 0.8234790000000001 0.23145089218749998 0.9049621015625 0.23828727968750002 0.91875 0.2416819296875 0.91875 0.2640625 0.9100919921875 0.2640625 0.9056314343749999 0.242486165625 0.83342405 0.228019053125 0.797263640625 0.19494487968750002 0.7819203296875 0.22660931562500003 0.7975088640625 0.192785103125 0.7815928015625 0.20263432812499999 0.8234790000000001
0 0.6 0.9573818828124999 0.633142403125 0.959375 0.646240671875 0.959375 0.6531762515625 0.9575072671874999 0.6611382953125 0.95025384375 0.67135686875 0.9332013328125001 0.678125 0.9095855875 0.678125 0.8768521046875 0.6746694828125 0.8651513843749999 0.6646826781249999 0.8459289046875 0.6555582734375001 0.837983196875 0.6459316625 0.8365724828125 0.6 0.8420979671875 0.6 0.9573818828124999
7 0.6609472171874999 0.7114983296874999 0.657176109375 0.7145944546874999 0.6459525421875 0.7119546031249999 0.6403742718750001 0.6979710015625 0.6377501734375001 0.69641273125 0.6347136250000001 0.6894612234374999 0.630605059375 0.688144696875 0.6182645953125 0.697103946875 0.6078125 0.7101511625 0.6078125 0.7115442015625 0.60971855625 0.7491285328124999 0.61381235625 0.76335388125 0.6179135421875 0.7711248140625 0.6310771125 0.778125 0.6365494093749999 0.778125 0.6564574828125 0.7772579671875001 0.666811271875 0.7750754578125 0.681168525 0.7662841765625 0.6917245546874999 0.753644315625 0.6921875 0.7513567515624999 0.6921875 0.74452889375 0.6908246640625 0.741877246875 0.6839045234375 0.73655098125 0.6832671 0.7282159734375 0.671488484375 0.7117672921875 0.6688643859375001 0.710209021875 0.6609472171874999 0.7114983296874999