4 0.3742708328125 0.45 0.3796875 0.409375 0.4015625 0.39375 0.3609375 0.315625 0.3484375 0.30625 0.334375 0.309375 0.3015625 0.2953125 0.284375 0.3078125 0.2765625 0.325 0.25625 0.33125 0.25625 0.3625 0.26875 0.421875 0.2859375 0.440625 0.2828125 0.45 0.3742708328125 0.45
4 0.275 0.1796875 0.228125 0.1578125 0.2234375 0.1421875 0.2140625 0.134375 0.1703125 0.13125 0.15 0.1359375 0.11875 0.1609375 0.09375 0.1640625 0.0796875 0.184375 0.0625 0.19375 0.065625 0.2671875 0.0984375 0.3 0.13125 0.2921875 0.1546875 0.278125 0.209375 0.2765625 0.2375 0.2671875 0.265625 0.2453125 0.2765625 0.221875 0.2828125 0.1875 0.275 0.1796875
4 0.051875000000000004 0 0.040625 0.003125 0.01875 0.01875 0.0015625 0.0203125 0 0.0223958328125 0 0.110491071875 0.0015625 0.115625 0.0296875 0.1203125 0.034375 0.1328125 0.059375 0.153125 0.1171875 0.1625 0.15625 0.140625 0.21875 0.1375 0.2203125 0.115625 0.2703125 0.0671875 0.2578125 0.0484375 0.2015625 0.003125 0.16875 0 0.10625 0.021875 0.090625 0.021875 0.0810546875 0 0.051875000000000004 0
4 0 0.4114583328125 0.0125 0.4078125 0.0171875 0.378125 0.0046875 0.34375 0.0078125 0.33125 0.028125 0.3359375 0.059375 0.375 0.075 0.375 0.0953125 0.3625 0.1078125 0.3296875 0.1046875 0.3046875 0.084375 0.2765625 0.0703125 0.2421875 0.0734375 0.2203125 0.0640625 0.2015625 0.0578125 0.1625 0.0390625 0.1375 0.0359375 0.11875 0.009375 0.1109375 0.015625 0.0921875 0 0.08046875 0 0.4114583328125
4 0.2365234375 0.45 0.240625 0.4453125 0.2421875 0.4234375 0.2609375 0.3765625 0.2546875 0.3 0.20625 0.2734375 0.1734375 0.2671875 0.1453125 0.2796875 0.1265625 0.296875 0.0953125 0.3546875 0.078125 0.36875 0.0171875 0.3734375 0.0109375 0.403125 0.0046875 0.4078125 0 0.408960459375 0 0.45 0.1755208328125 0.45 0.16875 0.44375 0.1671875 0.421875 0.178125 0.4125 0.1921875 0.4109375 0.203125 0.45 0.2365234375 0.45
3 0.1370022359375 0.891864078125 0.12848320156249998 0.95768163125 0.1213053859375 0.979953728125 0.13059566250000001 0.9911357593750001 0.158480825 0.996875 0.161735040625 0.996875 0.16974305625 0.9956305484375001 0.1861891328125 0.918344034375 0.193418046875 0.8459022375 0.19375 0.8385227499999999 0.19375 0.79375305 0.1848239296875 0.7878626359374999 0.17194474375 0.7878166515625 0.167107778125 0.8168909453125 0.15721450312500002 0.8269592796874999 0.14970413437500002 0.868392296875 0.1370022359375 0.891864078125
3 0.24012773437499998 1 0.23347599218749998 0.9636829437500001 0.23171612968750002 0.8694339359375001 0.21729642500000002 0.823219196875 0.2049891875 0.8104585875 0.1984143703125 0.8114803203125 0.19404518125 0.8203489718749999 0.1856723765625 0.9182200218750001 0.1704122515625 0.9946397656249999 0.1703192203125 1 0.24012773437499998 1
3 0.1312154328125 0.8039587640625001 0.10912338125000001 0.802442321875 0.0494427515625 0.8209287515625 0.013134440624999999 0.8324162749999999 0.0108088265625 0.8474803046874999 0.0227204734375 0.8763216281249999 0.0566143234375 0.8746098015625 0.08764980156249999 0.8739787078125001 0.1274468359375 0.8529213999999999 0.13704057187500002 0.840651184375 0.15766544375 0.8300673484375001 0.1668028328125 0.8110243171875 0.1668170109375 0.78642058125 0.16089543125 0.7961599734375 0.1312154328125 0.8039587640625001
3 0 0.9510269828125001 0.010679428125 0.9479614859375001 0.0364999046875 0.9309819734375001 0.06503584531249999 0.9262062265625 0.116645746875 0.9007829421875 0.1213895515625 0.897315859375 0.122741778125 0.886868628125 0.11358672343750001 0.874641875 0.06010375 0.873057321875 0 0.8853102343749999 0 0.9510269828125001
3 0.0052465343749999995 0.8157235515625001 0.012976246875 0.8223707875 0.0362274921875 0.8252410140625 0.11542677187499999 0.8023550421875001 0.1562589453125 0.7772416812499999 0.162354978125 0.7633273703125 0.1568619453125 0.755991315625 0.0919561828125 0.7514045656249999 0.0168556453125 0.76751133125 0.0025931796874999998 0.786448315625 0.0052465343749999995 0.8157235515625001
3 0 1 0.077332590625 1 0.083700525 0.9976952593749999 0.11795788125 0.9736036312499999 0.128256828125 0.9604011281249999 0.1334994609375 0.928192665625 0.12485424375000001 0.92032275625 0.0863519109375 0.9191400906249999 0.0409732640625 0.9296043375 0.011865378125000001 0.9470947140625 0 0.9506188546875001 0 1
3 0 0.6435985625 0.0137636 0.6420755953125 0.0231159859375 0.6361861531249999 0.025654165625000003 0.6248721515625 0.0338205984375 0.6198494796875 0.052733707812499996 0.6230526203125 0.10024486562499998 0.6044085421875 0.10450988593749999 0.5880488765624999 0.094408271875 0.5831351859375 0.06126374999999999 0.59033329375 0.0067300468749999995 0.5885707874999999 0 0.5929964578125 0 0.6435985625
3 0 0.5874736796875 0.01238935625 0.586326378125 0.053731367187500004 0.5655698640625 0.053013190625 0.5462309921874999 0.018443328125 0.547849578125 0 0.544726 0 0.5874736796875
3 0 0.5318424453125 0.03704393125 0.5285796796875 0.039176440624999996 0.520399846875 0.0330694 0.5012159374999999 0.015716857812500002 0.5025475921875 0 0.499885771875 0 0.5318424453125
3 0.13976490156250002 0.5064744906249999 0.1349479828125 0.49391482187499997 0.125387259375 0.4848222390625 0.1060684828125 0.4847532671875 0.095634315625 0.4990004953125 0.1022822453125 0.5140055125 0.093002975 0.5359217046875 0.097383171875 0.5601512765625 0.090267465625 0.565351903125 0.08932090625 0.5726649640625 0.10048425624999999 0.61085483125 0.1112309296875 0.6190806453125 0.1200003640625 0.5928076078125 0.1279274078125 0.5813386453125 0.1418883734375 0.573026840625 0.1453731109375 0.5543997796875 0.13976490156250002 0.5064744906249999
3 0.6296875 0.7140625 0.6521243359375 0.7140625 0.6829782859375 0.70125431875 0.710264190625 0.6793940171875 0.7207116609375 0.6642618140625001 0.729231709375 0.6438419359375 0.7296875 0.638484159375 0.7296875 0.6203279515625 0.7250973515625 0.5991918609375 0.7146760750000001 0.5792375796875 0.6997062421875 0.5611148796875 0.6746317171875 0.543767790625 0.648413934375 0.5146489171875 0.6296875 0.49650915624999997 0.6296875 0.7140625
3 0.6296875 0.45 0.6296875 0.50064209375 0.6719559953124999 0.5410311437499999 0.6972059875000001 0.5593530578125 0.7161129625 0.5776677015625 0.7513853515625 0.605597415625 0.7737510078125001 0.6295763453125 0.803953875 0.6672839890625 0.8161641749999999 0.67820629375 0.8347627203125001 0.69209728125 0.8499903156249999 0.700811396875 0.8667039484375 0.7069407062499999 0.871868934375 0.7078125 0.8833832125000001 0.7078125 0.89837381875 0.704015653125 0.9274541859375001 0.6839942000000001 0.9469110359374999 0.664711428125 0.9643979578125 0.6426149765625 0.9794283359375001 0.6068709578125 0.98125 0.5953115906249999 0.98125 0.5926 0.9768279578125 0.5680329046875 0.9734117812499999 0.559894615625 0.9684218390625 0.5538537156250001 0.9419915187499999 0.537104840625 0.9263279734375001 0.531389075 0.9105287484375 0.51678906875 0.89096785 0.502971946875 0.81597040625 0.46573775156249997 0.8058177687500001 0.45811653750000003 0.799250625 0.45 0.6296875 0.45
3 1 1 1 0.7504830124999999 0.9976775328125 0.7465259359375 0.9696942015625 0.68591714375 0.9532356156249999 0.6649438328125 0.9472860359374999 0.6644122125 0.9290520203125 0.67964794375 0.9100284015625 0.6904969546874999 0.89424005 0.6976386046874999 0.8735947156249999 0.702188178125 0.8421826093749999 0.6957046421874999 0.8061233359375001 0.668823625 0.8037789984374999 0.7045821890624999 0.8063232750000001 0.7187171734375 0.8134640531249999 0.7394174046875 0.838331478125 0.78000531875 0.8966162859375 0.9005508203125 0.9226351234375001 0.9692167625 0.9299007078124999 0.97705958125 0.9444973375 1 1 1
3 0.6296875 1 0.7453125 1 0.7453125 0.9943765062499998 0.742999175 0.9723223171875001 0.74460729375 0.9514446875000001 0.7424085125 0.9283885296874999 0.7437027687500001 0.8922164203125 0.742373171875 0.857728153125 0.7403127890625 0.8489916515625 0.732127359375 0.8387487 0.7214085328125 0.836112421875 0.7045673781249999 0.8374051109374999 0.6956855203125001 0.83413368125 0.6899964265625 0.8296288890625 0.6843046109375 0.81968868125 0.6754543859375 0.7922015984375 0.67190796875 0.7860498984375 0.664823290625 0.7900527343749999 0.6514887671875 0.8054065390625 0.6296875 0.81604904375 0.6296875 1
3 0.8113149609375 0.45 0.8173013953125 0.4543948890625 0.8395340921875001 0.4749249953125 0.8504283875 0.4785361 0.8676684203124999 0.4875898921875 0.8750642453124999 0.4934461234375 0.894316715625 0.502839590625 0.9001812765625001 0.5083192109375 0.9216189328125001 0.51359176875 0.9692345812500001 0.555892615625 0.9794351625000001 0.57191065625 0.9826388015624999 0.59241894375 0.9770962609375001 0.618540046875 0.96673924375 0.639595071875 0.96766180625 0.64743061875 0.9744489296874999 0.660745784375 0.9875790765625 0.6740682203125 1 0.6823687890625 1 0.468576228125 0.9831822484374999 0.45451008593750003 0.9800246171874999 0.45 0.8113149609375 0.45
3 0.7128866796875 0.575542540625 0.712844171875 0.578016540625 0.722082403125 0.5941084484375 0.7290052078125 0.616307853125 0.7295424859375 0.6409739875 0.7204110187499999 0.6634173859375 0.7090889312499999 0.6791108687499999 0.69619035625 0.6914663265625001 0.66570896875 0.70912458125 0.6711620515625001 0.76652126875 0.6785316796875 0.8074639796875 0.6834393265625 0.8238882953125 0.68803583125 0.8304535421875 0.725179540625 0.8389678671875 0.7473588531249999 0.8402303171875 0.7632376546875 0.839011496875 0.7824394625 0.8345727249999999 0.809906271875 0.824558075 0.8292328812499999 0.8072618874999999 0.8317662828125 0.79965521875 0.831585378125 0.7878095640625 0.8263665828125 0.761526184375 0.81366966875 0.7397699859375 0.8041628 0.7113450109375 0.792337784375 0.68359211875 0.7784017249999999 0.6332704828125 0.7509583890625 0.6027632374999999 0.714811384375 0.575394803125 0.7128866796875 0.575542540625