9 0.0248552671875 0 0.005479321875 0.144401940625 0.21268264375 0.1515625 0.2430195875 0.1515625 0.2453125 0.00244875625 0.2453125 0 0.0248552671875 0
9 0.242784065625 0 0.2396437625 0.15 0.244108671875 0.15 0.4114701890625 0.1369752734375 0.4378801421875 0.1291367859375 0.4438674734375 0.13804005156250002 0.453125 0.0237587953125 0.453125 0.011095509375 0.451207578125 0 0.242784065625 0
9 0.4796875 0.2964475890625 0.44310145937499995 0.292328803125 0.387115684375 0.44108025624999997 0.4796875 0.448145165625 0.4796875 0.2964475890625
9 0 0.5731618375 0.11510054218750002 0.58125 0.115166753125 0.58125 0.1234375 0.5288417359375 0.1234375 0.5213445375 0.06862264375 0.5079957546875 0.0421748625 0.4988665140625 0 0.49826302343749995 0 0.5731618375
9 0 0.330541371875 0.0217369078125 0.332068834375 0.059991034374999995 0.337626959375 0.1230209125 0.3430127609375 0.1473533859375 0.3453125 0.16283350000000002 0.3453125 0.1953125 0.21290604531250001 0.1953125 0.21137117187499999 0.16366500625 0.2157624703125 0.1425123640625 0.21044940625000003 0.1084418828125 0.209011925 0.080292715625 0.20607720624999998 0.049595650000000005 0.20774676875 0.010383515625 0.1954246703125 0.002622615625 0.2168825921875 0.0042736484375 0.23230524218749998 0 0.24231749531250002 0 0.330541371875
9 0 0.414684775 0.0591126234375 0.4183554265625 0.10919876718749999 0.421875 0.151103046875 0.421875 0.1623075671875 0.3816004125 0.16875 0.3479710859375 0.16875 0.3447807953125 0.122769309375 0.344382121875 0.047749026562500005 0.33624042187500003 0.004516309375 0.33224577499999997 0 0.33180735625 0 0.414684775
9 0.18870166093750002 0.2468947 0.1816490734375 0.283709025 0.165627878125 0.3438097328125 0.1978129125 0.345114725 0.24036789218750002 0.3471484171875 0.2795733046875 0.3484375 0.32838761562499996 0.3484375 0.3490306109375 0.3461742109375 0.3671875 0.21634639843749998 0.3671875 0.21173341093750003 0.33876771875 0.215346665625 0.25851915000000003 0.21736088125 0.19899517656250001 0.2141347703125 0.18870166093750002 0.2468947
9 0.15346545625000002 0.4233427234375 0.1728651453125 0.42757594218749995 0.1919845640625 0.4270061421875 0.230636165625 0.42972220625 0.2869344984375 0.43559164375000003 0.31409182812499997 0.4375 0.3324152640625 0.4375 0.3405626515625 0.39248355625000003 0.346875 0.3532323828125 0.346875 0.34714164531249997 0.284452871875 0.3512307859375 0.17106125625 0.34517603750000003 0.1645386296875 0.378200946875 0.15346545625000002 0.4233427234375
7 0.4796875 0.3946291296875 0.5690605203125 0.36233343281249997 0.5943627499999999 0.35033885468750003 0.6046875 0.3330957375 0.6046875 0.3294999328125 0.5942845640625001 0.28958287656250004 0.5892630624999999 0.2611835328125 0.5928448 0.258463540625 0.591892446875 0.253077459375 0.5825645328125 0.246276346875 0.5629254984375 0.2414739546875 0.502473659375 0.2557241375 0.487685365625 0.2611228484375 0.4796875 0.2674337890625 0.4796875 0.3946291296875
7 0.7788863390625 0.2859430265625 0.7894856546875 0.2884462796875 0.8279252125 0.30479714062499996 0.8417302937500001 0.30819826093749997 0.84900880625 0.306280959375 0.8581363 0.30046026718749996 0.8714243187499999 0.283704571875 0.8791962312500001 0.264473140625 0.880671646875 0.24696865781250002 0.879026671875 0.23766542343750002 0.8734536531250001 0.2291236078125 0.8666958046875 0.2253692953125 0.85182213125 0.2216688859375 0.8110141234375 0.20628355312500002 0.794291465625 0.20648653437500003 0.7951584390624999 0.2027734953125 0.799058025 0.1989790390625 0.805212228125 0.18208689218750002 0.8037700671875001 0.16818651093749998 0.79724469375 0.15425861093749998 0.7783291343750001 0.1391874578125 0.7437013859375 0.127161971875 0.7346035484375 0.127406228125 0.7166960625 0.1323967140625 0.68458026875 0.12596142187499998 0.647670646875 0.11539111093750001 0.625491203125 0.10196548125 0.604523846875 0.0953948703125 0.5932022515625001 0.094550903125 0.586732596875 0.09529856249999999 0.5798003953124999 0.0991744390625 0.5480533750000001 0.1407781453125 0.535743775 0.183171915625 0.5352207124999999 0.20606248124999998 0.53802085625 0.2161546484375 0.5449221984375 0.2264646859375 0.5561560156249999 0.235428484375 0.5749280796875 0.2439439140625 0.5935566421875 0.24590362031250002 0.657612684375 0.27501386875 0.660326246875 0.284616390625 0.667603559375 0.2913085671875 0.7022016484375 0.308910490625 0.7184462484375 0.3140625 0.72832244375 0.3140625 0.7334801265625 0.3134823828125 0.7501174078125 0.3041802796875 0.7701941265625 0.2769929859375 0.7788863390625 0.2859430265625
7 0.60361945 0 0.5946602203125 0.02610349375 0.5869551125 0.049542195312499995 0.5983130546875 0.0659095140625 0.626171596875 0.090625 0.626964778125 0.090625 0.6658955140625 0.074754390625 0.695291934375 0 0.60361945 0
7 0.4796875 0 0.4796875 0.173629315625 0.4977152734375 0.153100040625 0.5087214140625 0.13779951875000002 0.5247526515625001 0.1250699109375 0.536972078125 0.10801492343750001 0.5458398421874999 0.10072529999999999 0.5519940437499999 0.083833153125 0.5566159093749999 0.0783794109375 0.5666388390625 0.0718787203125 0.5792045765625 0.05678230937499999 0.5978663937500001 0.027337148437499997 0.6035295890625 0.010540181249999999 0.6049842078125 0 0.4796875 0
8 0.5319120234375 0.6 0.528461790625 0.608815690625 0.520338425 0.6369306453125 0.5109333859375 0.6850824281250001 0.5082392 0.7500202171875 0.5157257515625 0.77749795 0.52583891875 0.8019439015625001 0.683539684375 0.8237770921875001 0.706029109375 0.829683021875 0.72592966875 0.8375 0.7341731140625 0.8375 0.7368113046875 0.8352504249999999 0.743871821875 0.8237513796875 0.7518825 0.7897919015625 0.7595747734375 0.783628765625 0.76157543125 0.752351759375 0.7808355046875001 0.64140700625 0.7863743765625 0.6 0.5319120234375 0.6
8 0.6952229640625001 1 0.7203125 0.9345162609375001 0.7203125 0.9190553796875001 0.7162826796875 0.9104214468749999 0.6524973140625 0.8579459953124999 0.642628428125 0.8524997328125 0.5986564578125 0.8401593484375001 0.574922425 0.8308922359375 0.567648890625 0.8229028921874999 0.5579799203125 0.806725071875 0.5444775421875 0.8048391234375 0.5407313640625 0.8025549125 0.539005496875 0.814323615625 0.5516703984375 0.8445145234375 0.55120149375 0.8518450734374999 0.5535344078125 0.8610109546875 0.5507267859375 0.88208493125 0.5426535859375 0.9170218171875 0.531528484375 0.9540329953125 0.5242491484375 0.9689529625000001 0.5001968515625 1 0.6952229640625001 1
8 1 0.872886246875 0.9889437624999999 0.8488712968750001 0.9732771296875 0.8275766109375 0.9590928296874999 0.8135328203124998 0.9292484406250001 0.79330431875 0.907465646875 0.7839575578125 0.8911927125 0.779747571875 0.8577526437499999 0.777700653125 0.8330182828125 0.784072046875 0.816232828125 0.79548065 0.741598646875 0.83654664375 0.7321114375000001 0.8403459156249999 0.7188780484375 0.8418609765625 0.7088717671875 0.846168865625 0.6890344078125 0.8596517609375001 0.6755385828125 0.8728757859374999 0.6761078171875 0.8791891015625 0.6824995140625 0.8857521625 0.7144703453125001 0.9107681296875001 0.7207871671875 0.9261079359375 0.7197679328125 0.934435803125 0.714439834375 0.9492761171874999 0.693936496875 1 0.9923846749999999 1 0.9978647296875 0.9908358484375 1 0.9853800203125 1 0.872886246875
8 0.7910112781249999 0.6 0.7882721578125 0.60385724375 0.7848451328125 0.6117959734375 0.7780354468749999 0.657404678125 0.7660852234375 0.7149214765625 0.7574435375 0.78156433125 0.7557300234375 0.7855336968750001 0.7517337625 0.7871591125 0.7495637015625001 0.7906596859375 0.7432665359375 0.8206498015625 0.73883263125 0.8291170609374999 0.7389656578125 0.8328125 0.7448705390624999 0.8328125 0.7574944484375 0.8264055499999999 0.7712905250000001 0.8160938296874999 0.8061685640625 0.7956603984375 0.8351805296875 0.7832652640625 0.863629809375 0.7796667859374999 0.8979829765625 0.7826512828125 0.9274769484375 0.7931455453125 0.9583907328125001 0.8118681109375 0.9923433203125 0.7982964375 1 0.79173375625 1 0.6082249453124999 0.9990088187499999 0.6 0.7910112781249999 0.6