9 0 0.36875 0.3238273265625 0.36875 0.330242778125 0.3600546703125 0.35 0.28056347812500004 0.35 0.2789779203125 0.058078882812499996 0.216132646875 0 0.2057398125 0 0.36875
9 0.5796875 0.28471056093749997 0.4119975625 0.260230165625 0.33583379999999996 0.36875 0.5395930812499999 0.36875 0.572031315625 0.34241029843750004 0.5796875 0.35197020625 0.5796875 0.28471056093749997
9 0.462904515625 0 0.43139238124999996 0.0389876203125 0.3884818484375 0.10460155468750001 0.394115446875 0.127599475 0.38022812031250003 0.15050645 0.3531845046875 0.18736485625 0.3868666015625 0.17959654375 0.4283138984375 0.2055179078125 0.45368193593750006 0.20758868281249998 0.508133515625 0.2030183078125 0.5620977390624999 0.20441829375 0.5796875 0.21632211875000001 0.5796875 0.0680375375 0.5063474984375 0 0.462904515625 0
9 0.5796875 0.2142116734375 0.5667166734375 0.205139846875 0.434059553125 0.21083904531250003 0.388379221875 0.1815670671875 0.3563112 0.1879645984375 0.3926435921875 0.12932637656249998 0.379426965625 0.107211996875 0.221036290625 0.11531819531250001 0.2620553984375 0.2568999390625 0.3521071671875 0.2762710953125 0.3371347859375 0.3515625 0.3380238703125 0.3515625 0.4075334609375 0.25975998749999996 0.5796875 0.28742506093750003 0.5796875 0.2142116734375
9 0 0 0 0.1256955390625 0.08380819843750001 0.10908381250000002 0.10731847812499999 0.11551054999999999 0.256908903125 0.049589596875 0.2751511015625 0.0285406421875 0.264187915625 0.01562543125 0.278922803125 0 0 0
9 0.339315225 0 0.326944975 0.008178359375 0.27748763125 0.025176706250000003 0.2608595078125 0.044854878125 0.226568215625 0.060086146875 0.17239047968750001 0.0797042453125 0.14848334531250001 0.133346584375 0.144798003125 0.160091415625 0.1525330359375 0.1757481859375 0.1782967578125 0.19137409375 0.19608176718749998 0.1943284078125 0.2532579734375 0.2390625 0.2538258015625 0.2390625 0.22068976718750002 0.11369761874999999 0.3850493921875 0.1060786609375 0.46258743593749996 0 0.339315225 0
6 0.8161499656250001 0 0.7978794640625 0.0328869046875 0.78175843125 0.0266865078125 0.7507564484375 0.0428075390625 0.6986731140625 0.09365079375 0.7098338281250001 0.1296130953125 0.6825520828125 0.1630952375 0.7048735109375001 0.2015376984375 0.6875123999999999 0.21641865 0.6416294640625 0.23625992031249998 0.60070684375 0.2647817453125 0.594506446875 0.3143849203125 0.6056671625 0.3354662703125 0.623028275 0.35902777812500003 0.6366691453125 0.36522817500000004 0.640605303125 0.36875 0.8146978578125001 0.36875 0.8177207328125 0.35406746093749997 0.83136160625 0.293303571875 0.8412822421874999 0.24990079375000002 0.8846850203125 0.247420634375 0.9008060515625 0.2325396828125 0.9305679546875 0.231299603125 0.9318080359375 0.23005952343749997 0.9466889890625 0.2114583328125 0.9590897828125 0.19657738125 0.9764508921875 0.1854166671875 0.9491691453125 0.149454365625 0.9045262890625001 0.11349206406250001 0.8970858140625 0.0775297625 0.8747643859374999 0.0415674609375 0.8388652140625 0 0.8161499656250001 0
2 1 0 0.8418376671875001 0 0.8521453375 0.0115203390625 0.876946925 0.0437624 0.8918278781250001 0.0685639875 0.9017485125 0.11072668593749999 0.91414930625 0.1218874 0.9525917671874999 0.156609621875 0.9798735125 0.1851314484375 1 0.216327503125 1 0
0 1 0.210964209375 0.9971354171875 0.20633680625 0.9797743062500001 0.1889756953125 0.9760540687500001 0.1852554578125 0.948772321875 0.2075768859375 0.9326512906250001 0.23857887031249997 0.9338913703125 0.2757812515625 0.9524925609375 0.3117435515625 0.9909350203125001 0.3291046640625 0.9967633812500001 0.3296875 1 0.3296875 1 0.210964209375
6 0.366939484375 0.5049603171875 0.3411458328125 0.4965277765625 0.314608134375 0.4965277765625 0.3031994046875 0.4925595234375 0.2905505953125 0.490575396875 0.27021329375 0.49032738125 0.260540675 0.48834325312499993 0.2540922609375 0.48809523749999995 0.24739583281250002 0.4900793640625 0.241939484375 0.4935515875 0.23673115 0.4950396828125 0.232762896875 0.4950396828125 0.2109375 0.4900793640625 0.2039930546875 0.4900793640625 0.19159226093749998 0.4925595234375 0.1717509921875 0.49429563437499996 0.1662946421875 0.4965277765625 0.1533978171875 0.5238095234375 0.1494295625 0.5401785703125 0.1444692453125 0.55109126875 0.139508928125 0.5674603171875 0.13330853125 0.612847221875 0.13058035625 0.625248015625 0.12834821406250002 0.6297123015625 0.12686011875 0.6483134921875 0.12462797656249999 0.65674603125 0.1214037703125 0.6634424593749999 0.12041170625 0.6703869046875 0.121155753125 0.6741071421875 0.123883928125 0.6760912687499999 0.1563740078125 0.6793154749999999 0.1717509921875 0.693700396875 0.18315972187500001 0.6996527765625 0.2064732140625 0.7068452375 0.22266369687499998 0.709375 0.24172453593749998 0.709375 0.2526041671875 0.706597221875 0.260540675 0.703125 0.2662450390625 0.69717261875 0.2697172609375 0.6954365078125 0.2788938484375 0.6951884921875 0.2977430546875 0.690972221875 0.3203125 0.682291665625 0.3284970234375 0.681299603125 0.3339533734375 0.685515871875 0.3413938484375 0.6857638890625 0.351810515625 0.6832837296875001 0.3694196421875 0.6768353171875 0.3912450390625 0.67237103125 0.3964533734375 0.6701388890625 0.3984375 0.6676587296875001 0.39893353125000003 0.6649305546875001 0.398189484375 0.6473214281249999 0.3994295625 0.638640871875 0.3994295625 0.6289682531249999 0.40166170625 0.6205357140625 0.40687003906249997 0.6086309515625 0.4078125 0.604389878125 0.4078125 0.56063988125 0.4061259921875 0.554315475 0.392733134375 0.5240575390625001 0.3850446421875 0.515873015625 0.366939484375 0.5049603171875
0 0.5796875 1 0.5796875 0.9281351453125 0.5722842265625 0.9261160703125 0.5583953390625 0.9209077375 0.5472346234375001 0.9186755953125001 0.5340897828125 0.9137152765625001 0.5187127984375 0.9129712296874999 0.494903275 0.9010664671875 0.48126240156250005 0.8990823406249999 0.479278275 0.9005704359374999 0.4785342265625 0.904538690625 0.47382192500000003 0.95438988125 0.469853671875 0.97100694375 0.469853671875 0.9819196421874998 0.47158978281249997 0.9933283718750001 0.4745549515625 1 0.5796875 1
2 0.46488566093749994 1 0.47098214374999997 0.9822048593750001 0.475446428125 0.9482266875 0.481398809375 0.9194568453125 0.48214285781250005 0.9112723218750001 0.48189484218749995 0.87059771875 0.4861111109375 0.8470362109374999 0.4921875 0.821272321875 0.4921875 0.7908606078125 0.49131944531249994 0.78528025625 0.48784722187499996 0.7785838296875001 0.47867063437499996 0.773375496875 0.47073412656249997 0.766927084375 0.4427083328125 0.7597346234375 0.4387400796875 0.7575024781249999 0.43353174687499996 0.752294146875 0.42237103125 0.7468377984375 0.415178571875 0.7403893859374999 0.40277777812500004 0.7351810515625 0.3923611109375 0.7336929546875 0.3869047625 0.72922866875 0.37822420625 0.7252604171874999 0.3700396828125 0.720052084375 0.3556547625 0.7088913671875 0.35342261875 0.7086433515625 0.3506944453125 0.7096354171874999 0.3457341265625 0.71360366875 0.3422619046875 0.721044146875 0.3382936515625 0.7441096234375 0.3382936515625 0.7627108140625 0.334325396875 0.783544146875 0.33482142812500004 0.7971850203125 0.33159722187499996 0.8314112109374999 0.330853175 0.8601810515625001 0.33407738125 0.8946552562499999 0.3318452375 0.9884052562499999 0.33254092343749997 1 0.46488566093749994 1
2 0.5796875 0.4498787984375 0.5418650796875 0.469146825 0.5297123015625 0.48055555468750005 0.5242559515625 0.48427579375 0.510119046875 0.4986607140625 0.5044146828125 0.5023809515625001 0.47911706406250004 0.51006944375 0.412648809375 0.5132936499999999 0.4047123015625 0.51279761875 0.402728175 0.5132936499999999 0.3990079359375 0.5170138890625 0.397023809375 0.5259424609375 0.39875992031249996 0.538343253125 0.40545634843749995 0.55694444375 0.40768849218750003 0.5772817453125001 0.40768849218750003 0.5926587296875001 0.40644841249999997 0.6040674609375 0.39975198437500004 0.6258928578124999 0.39875992031249996 0.6353174609375 0.3985119046875 0.6953373015625 0.3977678578125 0.7020337296875001 0.39875992031249996 0.718898809375 0.3982638890625 0.7322916671874999 0.40248015937500004 0.7362599203125 0.41810515937500004 0.7451884921875 0.4262896828125 0.7526289687500001 0.436954365625 0.7595734125 0.4451388890625 0.763045634375 0.459027778125 0.7660218249999999 0.4825892859375 0.7737103171874999 0.488045634375 0.777678571875 0.4900297625 0.781398809375 0.49325396875000005 0.796527778125 0.49250992031249996 0.8114087296874999 0.49102182499999997 0.8178571421874998 0.48407738125 0.8327380953125001 0.48060515937500004 0.84737103125 0.47862103125 0.8639880953125001 0.47936507968750003 0.887053571875 0.481597221875 0.8992063484374999 0.48705357187500004 0.903670634375 0.5011904765625 0.9071428578125001 0.5071428578125 0.9108630953125001 0.5143353171875 0.9133432531250001 0.53740079375 0.9185515875 0.546825396875 0.9222718249999999 0.571626984375 0.92822420625 0.5796875 0.9311693953125001 0.5796875 0.4498787984375
0 0.332300653125 1 0.3327504953125 0.9068824421875 0.3328125 0.9048879578125 0.3328125 0.8015527312499999 0.3258060515625 0.7784102171875 0.31836557499999996 0.7660094234375 0.3101810515625 0.757080853125 0.3022445453125 0.751624503125 0.29480406718749996 0.748400296875 0.2843874 0.7466641859375001 0.2739707328125 0.7466641859375001 0.26355406718749996 0.74765625 0.2576016859375 0.7493923609375 0.25016120937499997 0.7528645828125 0.24073660624999998 0.7598090265625 0.228087796875 0.77394593125 0.21841517812500003 0.796019346875 0.2114707328125 0.8183407734374999 0.2042782734375 0.863727678125 0.1762524796875 0.988231646875 0.1757564484375 0.9993923609375 0.175848915625 1 0.332300653125 1
0 0.168489584375 0.6897321421875 0.1588169640625 0.6793154765625 0.15683283750000002 0.6783234125 0.13451140781249998 0.67782738125 0.12558283750000002 0.6808035718750001 0.119382440625 0.6865079359375 0.109213790625 0.71552579375 0.1054935515625 0.7296626984375 0.1025173609375 0.7827380953125 0.10078125 0.793402778125 0.0990451390625 0.8474702375 0.09656498125 0.872519840625 0.089124503125 0.921626984375 0.090364584375 0.9553571421874999 0.09210069531250001 0.962549603125 0.0987971234375 0.9799107140625001 0.10226934531250001 0.984126984375 0.1337673609375 0.9853670640625001 0.1385843765625 0.9859375 0.1759725765625 0.9859375 0.1781622015625 0.9833829359374999 0.18213045625 0.96924603125 0.20122767968750002 0.8831845234374999 0.2086681546875 0.8454861109374999 0.2203125 0.73262554375 0.2203125 0.7099175343749999 0.2175967265625 0.7083333328125001 0.1940352171875 0.70262896875 0.1751860109375 0.6944444437499999 0.168489584375 0.6897321421875
2 0.0822633828125 0.36875 0.070572915625 0.3929811515625 0.0606522828125 0.41629464374999997 0.032378471874999995 0.489459325 0.0209697421875 0.5142609125 0.017745534375 0.52666170625 0.0219618046875 0.55791170625 0.0313864078125 0.5846974203124999 0.042547121874999996 0.611483134375 0.0432911703125 0.620659721875 0.041059028125 0.6236359125 0.0308903765625 0.629340278125 0.0187376 0.6407490078125 0.01650545625 0.6439732140625 0.0170014890625 0.64893353125 0.01824156875 0.65066964375 0.021217757812499998 0.65166170625 0.0380828375 0.651909721875 0.040811010937499996 0.6531498015625 0.0435391875 0.65811011875 0.0455233125 0.6685267859375 0.047507440625 0.6712549609374999 0.0556919640625 0.6747271828125 0.0713169640625 0.6841517859375 0.0770213296875 0.6940724203124999 0.08470982031249999 0.698288690625 0.09339037812499999 0.704737103125 0.1060126125 0.7109375 0.11109871093749998 0.7109375 0.1134796625 0.707961309375 0.1171999 0.698288690625 0.12067212187500001 0.6841517859375 0.1214161703125 0.667038690625 0.12488839375 0.654637896875 0.12290426562500001 0.636284721875 0.1253844234375 0.629836309375 0.13183283750000002 0.62041170625 0.134809028125 0.605034721875 0.1377852171875 0.573784721875 0.14150545625 0.5584077375 0.147705853125 0.5435267859375 0.1524181546875 0.52393353125 0.15812251875 0.5060763890625 0.163330853125 0.47457837343750003 0.163330853125 0.457961309375 0.1690352171875 0.435887896875 0.1703125 0.425213465625 0.1703125 0.36875 0.0822633828125 0.36875
0 0.49640377031250005 0.41170634843750004 0.48846726250000005 0.40823412656249997 0.48177083437499996 0.403769840625 0.4773065484375 0.40228174531249994 0.46961805625 0.4015376984375 0.37586805624999997 0.398065475 0.3339533734375 0.3953373015625 0.2749255953125 0.39484126875 0.2280505953125 0.396825396875 0.22482638906250002 0.397817459375 0.2173859140625 0.403769840625 0.216145834375 0.41741071406249997 0.21564980312499998 0.45758928593750003 0.2176339296875 0.48511904687499996 0.2186259921875 0.49032738125 0.2201140875 0.4920634921875 0.231770834375 0.49553571406249997 0.23549107187499999 0.49578372968749995 0.248387896875 0.49156745937499996 0.2580605171875 0.490575396875 0.2672371046875 0.4925595234375 0.28484623125 0.49305555468750006 0.3046875 0.4950396828125 0.3143601203125 0.497271825 0.3374255953125 0.4965277765625 0.36024305624999997 0.50421626875 0.36941964375 0.51016865 0.378844246875 0.5143849203124999 0.38777281874999997 0.521825396875 0.388053903125 0.521875 0.3951140875 0.521875 0.3964533734375 0.52157738125 0.3984375 0.5200892859375 0.400421628125 0.516369046875 0.4061259921875 0.5143849203124999 0.450024803125 0.5109126984375 0.482762896875 0.509424603125 0.49714781874999997 0.5047123015625 0.5018601203124999 0.5014880953125 0.503844246875 0.497519840625 0.5083085328125 0.481398809375 0.5122767859375 0.4580853171875 0.5125 0.45161214375 0.5125 0.45069443124999997 0.5110367078125 0.4389880953125 0.50731646875 0.4268353171875 0.5011160718750001 0.41592261875 0.49640377031250005 0.41170634843750004
2 1 0.6696006953125 0.9911458328125 0.66015625 0.9270833328125001 0.6018229171874999 0.9166666671874999 0.59296875 0.9119791671874999 0.59140625 0.9088541671874999 0.5924479171874999 0.8942708328125001 0.61328125 0.8729166671874999 0.6377604171875 0.8671875 0.6481770843750001 0.84375 0.6783854171874999 0.8369791671875 0.6924479171875 0.8348958328125 0.7028645843750001 0.8520833328125 0.7221354171875 0.8708333328125001 0.7377604171875 0.8963541671874999 0.7705729171875 0.90625 0.77421875 0.9255208328125001 0.787239584375 0.9427083328125001 0.78828125 0.946875 0.79140625 0.9578125 0.7940104171875 0.959375 0.8013020843749998 0.9604166624999999 0.8015625 0.9635416734375 0.8015625 0.965625 0.8013020843749998 0.978125 0.7924479171875001 1 0.7884982640625 1 0.7654389890625 0.9953125 0.7658854171874999 0.9916666671875 0.76328125 0.9895833328125001 0.7559895843750001 0.9828125 0.74921875 0.9802083328125001 0.7408854171874999 0.9807291671874999 0.735677084375 0.9848958328125 0.7247395843750001 0.9932291671875 0.7174479171874999 0.9927083328125 0.69609375 0.9947916671874999 0.6893229171874999 1 0.683888134375 1 0.6696006953125
1 0.9354166671874999 0.7130208328125001 0.9046875 0.7338541671875 0.9020833328125001 0.7369791671874999 0.9026041671874999 0.7395833328125001 0.928125 0.753125 0.9369791671875 0.7609375 0.9645833328125001 0.7666666671875 0.9708333328125001 0.7661458328125 0.9729166671874999 0.7614583328125001 0.9666666671874999 0.75 0.95 0.7375 0.9484375 0.7348958328125 0.9489583328125001 0.7265625 0.9354166671874999 0.7130208328125001