10 0.6 0.20993359374999998 0.5929804015625 0.2127800703125 0.4328628015625 0.284912834375 0.423901225 0.3194069796875 0.432930134375 0.4078063765625 0.4392952859375 0.4416187640625 0.46653984375 0.473611846875 0.480632775 0.47985496406249994 0.522424084375 0.47761435468749996 0.5411719609375 0.4890625 0.5489258296874999 0.4890625 0.6 0.48412258125 0.6 0.20993359374999998
10 0.2925143578125 0.22277622031250002 0.2106518578125 0.1812537515625 0.1968839171875 0.18899060781250002 0.1961376046875 0.21688544375 0.186753540625 0.2332056203125 0.1892223046875 0.2794046453125 0.27121596875 0.38656787656249997 0.2760223296875 0.413325165625 0.286153875 0.429158925 0.2897217546875 0.4328125 0.29701736562500003 0.4328125 0.3168723328125 0.43059140625000003 0.3909397203125 0.37678960625 0.3921073515625 0.30701996249999997 0.3848658921875 0.29551042031249997 0.312517453125 0.2432597625 0.2925143578125 0.22277622031250002
10 0 0.4425769984375 0.1338858515625 0.3733107859375 0.1434649109375 0.365378590625 0.153952778125 0.33654155 0.1875 0.3079630109375 0.1875 0.2932177421875 0.1566467015625 0.2724290078125 0.13518231249999998 0.249084359375 0 0.20067207968749998 0 0.4425769984375
10 0 0.4624124765625 0.0281135859375 0.45132819062499996 0.06958181718749999 0.4351898453125 0.1343147734375 0.396314053125 0.1625 0.3728580578125 0.1625 0.36048534375 0.1607877421875 0.3351176046875 0.14877337968749998 0.347700703125 0.1402164671875 0.3678381703125 0.11998861093749999 0.380038253125 0.07703062187500001 0.40267880468749995 0.02350979375 0.42975554843749997 0 0.44296681250000003 0 0.4624124765625
10 0.2847777796875 0.509375 0.2914679375 0.4848507921875 0.302966134375 0.450064203125 0.315625 0.4317308171875 0.315625 0.4297377953125 0.2748108609375 0.43889373281250005 0.2555572921875 0.4577109265625 0.24354361562500002 0.5056168296875 0.2430563296875 0.509375 0.2847777796875 0.509375
8 0.1421219703125 0.509375 0.18647383281250002 0.5006943203125 0.2066388421875 0.49814346093750006 0.215625 0.4924764921875 0.215625 0.4757991515625 0.2150160203125 0.4685097515625 0.215625 0.45839690781250003 0.215625 0.45005393906249996 0.21136220625000002 0.4313325984375 0.1639369765625 0.43121575781250004 0.1111215640625 0.439226453125 0.08134499687499999 0.44831150937500003 0.09387972343749999 0.4775239125 0.1056188046875 0.50250976875 0.12247569218750001 0.509375 0.1421219703125 0.509375
8 0 0.509375 0.0649181234375 0.509375 0.0703125 0.5064360921875 0.0703125 0.5035797203125 0.0667842625 0.49455520625 0.0649979796875 0.47771412343749997 0.060662853125000006 0.4712277953125 0.061896653125 0.46430292343749996 0.0595422171875 0.45302127499999995 0.0509857125 0.44494161249999997 0.0350420828125 0.4490858078125 0 0.4623078546875 0 0.509375
3 0.854507321875 0 0.844087221875 0.0118372703125 0.8380226671875001 0.0287807109375 0.8368847640624999 0.04248798125 0.8233900328124999 0.1095747265625 0.8231850875 0.12711805625 0.8293631609375 0.14230615468750002 0.8385279671875001 0.15292105312499998 0.8521301781249999 0.16033100312499998 0.8623796234375 0.1625 0.8722253484374999 0.1625 0.8858599421875001 0.1606128078125 0.9070343109374999 0.1475744265625 0.9145552296874999 0.1315119265625 0.9186855578124999 0.1127441390625 0.9421875 0.042545425 0.9421875 0.0223330078125 0.9403498609375 0.0159188546875 0.93219201875 0.002804928125 0.9288131171874999 0 0.854507321875 0
3 0.751910490625 0 0.748058259375 0.024241584375 0.7504361921875 0.029933220312499998 0.7520686921874999 0.05758524375 0.768043146875 0.0711741421875 0.7762294546875 0.0818514953125 0.7764340562500001 0.10618600468749999 0.789523184375 0.1203125 0.7973212734375 0.1203125 0.8051346921875 0.11847564531250002 0.816000659375 0.10901695156249999 0.824625321875 0.082171071875 0.8316285265625 0.0685763765625 0.834375 0.047634953125000004 0.834375 0.0430056140625 0.83198718125 0.0378755484375 0.8283832531249999 0 0.751910490625 0
6 0.6 0 0.6 0.333923340625 0.6155733015625 0.334180490625 0.6472834453125 0.3399476703125 0.6881644296875 0.3139645953125 0.713907140625 0.2865130296875 0.7463687515624999 0.2279546671875 0.761757515625 0.2079813078125 0.784029934375 0.1846468609375 0.7910103671875 0.173001421875 0.7961875109375 0.14832340156249998 0.7964380015625 0.126881553125 0.77766468125 0.10178447187499999 0.777420228125 0.080861165625 0.7683635875 0.060987289062500005 0.7635280203125 0.056426428125000004 0.761155778125 0.0502474796875 0.7607974671875001 0.0390704703125 0.751200340625 0.0236136546875 0.7535071984374999 0 0.6 0
2 0 1 0.26400215 1 0.259182178125 0.9954462484375 0.2458846515625 0.99066400625 0.23819130624999998 0.993318959375 0.23408652343749997 0.99169620625 0.2360036078125 0.9796372312500001 0.2417305984375 0.9771543109374999 0.2532706125 0.9731718765625 0.26746528125 0.9768846921875 0.25232420312500004 0.9623543625 0.24504854375 0.9471358984375 0.22662628593749998 0.95172045 0.21747030937499998 0.9376574296874999 0.203349175 0.9121375531249999 0.19389831875000002 0.90602783125 0.177528453125 0.9114237593750001 0.179064621875 0.9063346750000001 0.18427538906250002 0.8979512906250001 0.173706046875 0.8790572359375 0.17386561875 0.858233584375 0.165004521875 0.8362172640625 0.0440362078125 0.7784259203125 0.043569254687499996 0.7844123984375 0.05792423437500001 0.8465765109374999 0.02299754375 0.9229615875 0.002707471875 0.95149205625 0 0.9654967140625 0 1
5 0.5055683109375 0.6528502921875 0.47903502500000006 0.6779632203125 0.43228520625 0.7097995546875 0.4272465140625 0.7201497578125 0.41472332187500005 0.7242182093749999 0.408443340625 0.7317042 0.40828376874999994 0.7525278500000001 0.3664373328125 0.761143628125 0.35187425 0.7871911734375 0.3537177984375 0.7969392609374999 0.3697317515625 0.8440941656250001 0.5281907015625 0.9015625 0.52823655625 0.9015625 0.5588216781249999 0.865206571875 0.5687269828125 0.842539340625 0.57469958125 0.820216178125 0.5859375 0.7668099890625 0.5859375 0.7598389 0.5703844796875 0.668980240625 0.5797860640625 0.6632030203125 0.571391921875 0.635200221875 0.564669253125 0.6149786875000001 0.5514084890625 0.5992929140625 0.5055683109375 0.6528502921875
6 0.6 1 0.6 0.91295378125 0.5886710796875 0.8969966390625 0.559249946875 0.8787609640625 0.5519368671875 0.8734551515625 0.5092550625000001 0.91781776875 0.48831346093750005 0.9275774218749999 0.50490466875 0.9360352578125 0.5181161609375 0.9398340890625001 0.5260308484375 0.9510328953125 0.5327410140625 0.94846395625 0.5430890125000001 0.9535042484375001 0.55878308125 0.9630315125 0.5552805578125 0.9682926312500001 0.531426190625 0.9674068046875 0.4992762203125 0.9622920609375001 0.49799816406249997 0.9703313765625001 0.5056547390625 0.9785799515625001 0.5145526046875 0.9896927421874999 0.52536755625 0.9887465578124999 0.5286612359375 0.992422146875 0.5341583375 1 0.6 1
5 0.6 0.6162725921875 0.59481215625 0.6138012875000001 0.5832228703125 0.6058967796875 0.5727028 0.598889665625 0.56033918125 0.582134465625 0.5509868640625 0.5997986265625 0.5619371203125 0.6117227921875 0.5670743500000001 0.6251464703125 0.5729366484375 0.6355339015625 0.5771767390625 0.6500270046875001 0.5784672984375 0.6647781609375001 0.5983258453125 0.66875 0.6 0.66875 0.6 0.6162725921875
3 0.6 1 0.6226518859375 1 0.63707655625 0.949544090625 0.647181309375 0.9455918875 0.6522210265624999 0.9411102093749999 0.6572354218750001 0.931617371875 0.6578125 0.9226058671875 0.6578125 0.8989519921875001 0.6548429890625 0.8706759296875 0.6497034875 0.8455871500000001 0.6443777500000001 0.8425752703124999 0.6 0.8391801812499999 0.6 1
3 0.8185686171875 1 0.8184046781250001 0.9984389499999999 0.807939440625 0.9703382890625001 0.80653316875 0.9474074781249999 0.813873021875 0.926667625 0.8149471281249999 0.903505071875 0.809573746875 0.871419215625 0.8025274015624999 0.85202346875 0.7961841921875 0.844093128125 0.7783001421875 0.8407505171875 0.7714340390625 0.8373812 0.765299390625 0.831436784375 0.761722578125 0.8307682609375 0.74007848125 0.829782359375 0.719739371875 0.8316826484375 0.6661885046875 0.8416994375 0.6644649 0.8443672375 0.66475091875 0.8518607953125 0.6693898515625001 0.905573415625 0.6713726578125 0.9149138578125001 0.6807682828125 0.9375995734375 0.6906614828125 0.9507131109374999 0.69724006875 0.9561147 0.7107115765625001 0.9603709281249999 0.7224847999999999 0.9723061125000001 0.74088725 0.9996651937500001 0.7410224375000001 1 0.8185686171875 1
3 0.7950241 0.6899200921875 0.782859078125 0.6790242187500001 0.7688914953125 0.674814340625 0.739466603125 0.67605945625 0.71711786875 0.6731339828125 0.6555523265625001 0.6783847125 0.6544022593750001 0.6865137984375 0.6579447609375 0.7393261546875 0.6633196406249999 0.7618861796875 0.6714624171875 0.7821821921875 0.6951399625 0.8025308421874999 0.7212204265625 0.8171401156249999 0.737407690625 0.8186358484374999 0.7590771109375 0.8246329046875001 0.7628103390625001 0.8267908687500001 0.7636445734375 0.8347345609375001 0.768630653125 0.8392822343749999 0.78292780625 0.84375 0.7887881015625 0.84375 0.7970365765625 0.8426444875 0.80975280625 0.8349388296875 0.8176915171875001 0.8246714203125001 0.81875 0.8198853937500001 0.81875 0.8114679765625 0.81010145 0.7762480484375001 0.8121915328125 0.7675297828125001 0.8157951609375 0.7636836296875 0.8130838984375 0.7378666296875 0.8050990390624999 0.709534228125 0.7950241 0.6899200921875