9 1 0.4 1 0.20729478281249997 0.9347834953125 0.2897052953125 0.8536981203125 0.4 1 0.4
9 0.359375 0.4 0.6168578281249999 0.4 0.63189449375 0.3796242390625 0.5266455265625 0.38049882031250004 0.49809388749999994 0.2277642390625 0.46559800625000003 0.213542090625 0.4416525765625 0.2105356671875 0.40359164999999997 0.2516033640625 0.40239762656250005 0.2662307546875 0.38853799375 0.307170434375 0.3815015234375 0.31606203437499997 0.3603495578125 0.3690277515625 0.359375 0.3746341890625 0.359375 0.4
9 1 0.20176934531250001 0.9582985421875 0.169769078125 0.9343624078125 0.13175430625 0.8892901046875 0.168643578125 0.8147687375 0.216651778125 0.76549356875 0.268223340625 0.6899974890625 0.32817226875 0.641453353125 0.3707882859375 0.6159439328125 0.4 0.8575766890625001 0.4 0.890352984375 0.358049975 0.9265635343749998 0.3009043453125 1 0.2061343296875 1 0.20176934531250001
9 0.359375 0 0.359375 0.1825836421875 0.5647725546875 0.2428234078125 0.616757184375 0.25007195000000004 0.6723656531250001 0.268134059375 0.6811369046875 0.2342917046875 0.6476683171875 0.22104193125 0.6676162640625 0.1790967015625 0.689573971875 0.14933582031249998 0.7097052625 0.0683396 0.4174100765625 0.005413796875 0.38715583750000004 0 0.359375 0
9 0.359375 0.33900532499999997 0.36910494374999997 0.339541459375 0.3904232890625 0.2992106296875 0.40129597187500005 0.25802712968749997 0.40723475468750003 0.24048146718750002 0.4428662765625 0.208831696875 0.359375 0.18400839375 0.359375 0.33900532499999997
9 1 0.08271111406250001 0.7713441828125001 0.049330551562500005 0.652653434375 0.2184437875 0.6653314874999999 0.22548883593750002 0.6839995390625 0.2360279171875 0.7036724703124999 0.25265917187500003 0.7077523296875 0.313093678125 0.9313779359375001 0.131510684375 0.954552865625 0.1604481 1 0.19739778125000002 1 0.08271111406250001
9 0.6080318328125001 0 0.621389409375 0.046105071875 0.7114411781250001 0.06547622812500001 0.6961521187499999 0.1423601046875 0.766867471875 0.0489651203125 1 0.086429409375 1 0.0460653015625 0.9341361890625001 0 0.7944218734375 0 0.7933935640625001 0.000044178125 0.793324621875 0 0.6080318328125001 0
10 0.359375 0.4 0.101971221875 0.4 0.1026815703125 0.40188193906249997 0.113187246875 0.4180563109375 0.1113061546875 0.42407130625 0.104094903125 0.42623036562500005 0.10107917968749999 0.43077916250000003 0.1076795 0.45251831249999996 0.115768915625 0.46427098749999995 0.1291961421875 0.46992778749999997 0.277635128125 0.46943999999999997 0.359375 0.46561866875 0.359375 0.4
10 0 0.4 0 0.49433334999999995 0.0076529546875000005 0.49217741718749997 0.0229612703125 0.491819221875 0.056585978125000005 0.49650584531249997 0.0860113328125 0.5037786359374999 0.09079485312499999 0.5121255953125 0.11414740937500001 0.5180477359375 0.11879157968750001 0.5149535796875 0.121909125 0.5064217453125 0.1224144125 0.491482478125 0.131009115625 0.4882958828125 0.13362901875 0.4847515109375 0.13126940625 0.47087443906250004 0.1183359984375 0.465206084375 0.11290783906249999 0.46035728125 0.10448307500000001 0.4351777515625 0.10527853437500001 0.4281929953125 0.1179179453125 0.430882740625 0.11920339843750001 0.4288623359375 0.1180725890625 0.422420234375 0.10588946562499998 0.4042947859375 0.10411763125 0.4 0 0.4
8 0.359375 0.4620927859375 0.335864140625 0.45762830781249997 0.30455769374999997 0.456370509375 0.28954337343750003 0.45970731562499995 0.2756598625 0.4694862203125 0.271317334375 0.46560717812499997 0.2668316328125 0.45526292343749997 0.259971021875 0.4509452203125 0.2483192421875 0.44823236718750004 0.2083729171875 0.444688821875 0.18624916875 0.446201653125 0.17256547656250001 0.45299039218750003 0.16505258125 0.46212265312500006 0.1633146640625 0.4746028578125 0.161139578125 0.47763923906250005 0.1484473421875 0.47942896562500004 0.14123226718749998 0.4865639296875 0.135928165625 0.5130598609375 0.12905990625 0.518693965625 0.129304903125 0.521176140625 0.1369043265625 0.527964465625 0.1406512171875 0.5358380984375 0.1512771265625 0.5883331109375 0.15359538749999999 0.5917619359375 0.2220360796875 0.5931460046875 0.2410989328125 0.5907096328125 0.24564510312499999 0.5866226046875 0.25147290624999996 0.58549108125 0.289990603125 0.5845898187499999 0.33359728906249997 0.580086409375 0.359375 0.5741147515625 0.359375 0.4620927859375
10 0.359375 0.5738417171875 0.3252514046875 0.580779271875 0.2491018203125 0.5865417234375 0.24159275 0.590698078125 0.21675109531249998 0.5947624109375 0.2055326640625 0.606469284375 0.19444211250000001 0.644544984375 0.1822697546875 0.6766750203124999 0.1765698328125 0.7041753749999999 0.1771463546875 0.7250603124999999 0.1822085765625 0.7562895000000001 0.18160911562499998 0.7652599921875 0.17616948593749998 0.7753389046875 0.15931925 0.7901630421875 0.17017556875 0.7998606484375 0.19184303281249998 0.8137835250000001 0.19287584062500002 0.8192327546874999 0.1901541140625 0.8267601640625 0.18999946875 0.83522266875 0.193648359375 0.84210343125 0.204210684375 0.848822428125 0.2101364828125 0.848683771875 0.21622075000000002 0.8351067078125001 0.2215547359375 0.833986734375 0.25610278124999997 0.8580574343750001 0.2742193515625 0.8660924156250001 0.2805899703125 0.8654457703125 0.2971385640625 0.8575948328125002 0.3413370625 0.8540727390625001 0.350278584375 0.8493852859375 0.35611020937500004 0.8432778546874999 0.359375 0.83328288125 0.359375 0.5738417171875
10 0 0.7096929453125 0.002991371875 0.7107247890625 0.0052116359374999996 0.7131607453125 0.018626684375 0.7989284578125 0.0246313640625 0.8246621984375 0.0334105953125 0.8383890578125002 0.04101001875 0.8451773828124999 0.0498458953125 0.8494488687499999 0.058289778125000004 0.8497488765625001 0.12181906718749999 0.8164171546875 0.1740433984375 0.7788717234375 0.1798260234375 0.77226785625 0.18249875 0.7642440140625 0.1813304140625 0.7423777640625 0.16702573125 0.6576260312500001 0.1527547546875 0.5932743515625 0.147447534375 0.5595629890625 0.138532775 0.5294191078124999 0.1303415359375 0.521649465625 0.10896424843750001 0.5156811078125 0.0975651109375 0.50549861875 0.08828441718749999 0.5017351234375 0.038318585937499997 0.4919574640625 0.0078527765625 0.489187253125 0 0.4903725 0 0.7096929453125
3 0.5014168625 0.52911909375 0.5050580421875 0.527607796875 0.523943528125 0.53013606875 0.5587427421875 0.54079103125 0.6093136546875 0.5490602171875001 0.6512126281249999 0.5466743734375 0.6645906921875 0.548965034375 0.6703009546875001 0.5467313578125 0.680240684375 0.5480620265625 0.6844194203124999 0.54612300625 0.6856973734375 0.542796271875 0.6876142625 0.52556379375 0.6856972921875 0.518311525 0.6824212296875001 0.5153745015625 0.66655823125 0.5127511734375 0.6543871453125 0.5141199171874999 0.551987609375 0.48841878125000004 0.4677534875 0.480140171875 0.4566575109375 0.480653465625 0.451991953125 0.488523575 0.449669459375 0.535183375 0.45092716875 0.54434614375 0.45917309531250006 0.5479484984375 0.46676984218750006 0.534974225 0.46937647968749996 0.5338241203124999 0.48180114218750003 0.53548745625 0.48524964062500003 0.542445071875 0.48922553124999996 0.5429773390625 0.5014168625 0.52911909375
7 0.359375 0.64044186875 0.3664297203125 0.6494615765624999 0.3696348078125 0.6593847343749999 0.37382370468750004 0.6634433390625001 0.384138715625 0.6663233140625 0.4267984125 0.6730337046875 0.439507053125 0.6712372390625 0.4428135234375 0.6676823796875 0.4450955296875 0.6460015859375 0.4426409203125 0.6146922890625 0.437204475 0.607468540625 0.4289686296875 0.5853790609375 0.4283701796875 0.5743057953124999 0.40983956875 0.5368468359375 0.38849939375 0.478524521875 0.38314408437499997 0.470312259375 0.3739041875 0.4665768359375 0.3609014015625 0.46583548124999996 0.359375 0.4661118203125 0.359375 0.64044186875
3 0.6122146796875001 0.6239021765625 0.6350963015625 0.6144732140625 0.6555538828125 0.61621256875 0.68015979375 0.6225047859374999 0.6871176046875 0.6234362546875 0.6882332828125 0.62208655 0.686803134375 0.6089031890625 0.681113115625 0.5986473625000001 0.663637453125 0.5973072078125 0.6552394140625 0.601679503125 0.6388388625 0.5994838984374999 0.6258259140625 0.592744921875 0.609689015625 0.5750942703125 0.6005708234375 0.569876075 0.4848338734375 0.5658747703125 0.464883440625 0.570199571875 0.4639503625 0.5815674921875 0.4680277984375 0.6175912390625 0.4668209 0.638416584375 0.46929575312500005 0.6572363765625 0.48607158593750005 0.6609812859374999 0.507188428125 0.6608101468750001 0.5175236812499999 0.65120061875 0.5232745140625 0.6484726843749999 0.566857128125 0.6378175328125 0.6122146796875001 0.6239021765625
7 0.611595825 0.57634891875 0.6276921546875001 0.594493828125 0.6423583359375 0.5994553765624999 0.645705371875 0.595406259375 0.6461313015625001 0.5779741828125 0.6418105359374999 0.5694007296875 0.6422973609375 0.5634696406249999 0.639680559375 0.5586221234375 0.6278340218749999 0.5560368046875 0.6255519312500001 0.5532328515625 0.6196692328125 0.551445934375 0.562678065625 0.5418175578125 0.5286294125 0.5342612046874999 0.5233654031249999 0.5310580500000001 0.51640759375 0.53012658125 0.48839383437499995 0.540867240625 0.48482362968750004 0.5353923984375 0.4683825078125 0.5336910515625 0.46219558281249995 0.5478534406250001 0.4609785234375 0.5626811640625 0.46243907812499996 0.5693726453125001 0.464842871875 0.570693828125 0.4873188046875 0.5662074374999999 0.5492696734375 0.5705035265625 0.6030151874999999 0.570703 0.611595825 0.57634891875
0 0.6930408734375 0.6247289140625 0.6994915328125 0.6195962265625 0.70653048125 0.619539178125 0.713812840625 0.6165165874999999 0.722839734375 0.6167256765625 0.729057146875 0.6205561546875 0.73407774375 0.626724853125 0.7384492406250001 0.6408016734374999 0.7548903609375 0.6425030203125 0.7570608249999999 0.6283026203125 0.75111723125 0.615014715625 0.7341384734374999 0.5892563453124999 0.72063861875 0.5639637093750001 0.7137517843750001 0.556046103125 0.7002012796875 0.5497348484375 0.6852916859375 0.5477388453125001 0.6674914750000001 0.55035275 0.6524297671875 0.5563314 0.6433724703125 0.5626141921875 0.645857484375 0.5874316078125 0.6443462828125 0.5997215109375 0.659255875 0.6017175140625 0.6640938703125 0.597867996875 0.681113115625 0.5986473625000001 0.6860525749999999 0.6058045765625 0.6890649828125 0.624196646875 0.6930408734375 0.6247289140625
7 0.5847014328125001 0.67751649375 0.5985764859375 0.6798736875 0.61522045 0.6791037453125 0.6310428796875 0.6822213312500001 0.678702846875 0.6831051765625 0.6898799609375 0.6816033671875 0.698937259375 0.675320575 0.6997587968750001 0.6714330484375 0.7120312625 0.6565862875 0.728715796875 0.6553220890625 0.7362415671875 0.6493339546875 0.7385844687500001 0.6391541500000001 0.7360386421875 0.6273204921875 0.7287359578125 0.618347840625 0.7209870171875 0.614812015625 0.7001643171875 0.6175209781250001 0.6932166703125 0.6225871328125001 0.650759815625 0.6134054531249999 0.6316714859375001 0.6133484703125001 0.6133844515625 0.6218934625 0.5223752015625001 0.6471863499999999 0.509473878125 0.6574517265625 0.5078815375 0.67073014375 0.5121921421875 0.673305975 0.5216348843749999 0.6745701093750001 0.57107995625 0.6781913765625001 0.5847014328125001 0.67751649375