2 0.306514003125 0.5390625 0.3375 0.40321921875 0.3375 0.398149603125 0.30713391562500003 0.350202721875 0.29858631562500004 0.34438673125 0.289232078125 0.333449284375 0.27500028906249996 0.30277071875 0.2604369515625 0.28653232812499996 0.2610975953125 0.28363604375 0.26920599375 0.27839085468749997 0.26938971093749997 0.2754209921875 0.263336859375 0.269490178125 0.2603657953125 0.2630354046875 0.2551195828125 0.2622260453125 0.253285478125 0.2594445828125 0.23377159375 0.21945620156249998 0.22357544687500003 0.1884008328125 0.20120060624999997 0.1414749625 0.1928354953125 0.14568114375000002 0.1461652125 0.18795147031249998 0.134313771875 0.20311291874999998 0.11945292656249999 0.2293032125 0.1154537828125 0.23168445000000001 0.100228571875 0.23133438125 0.07285809374999999 0.24959833593749997 0.036351142187500005 0.2819434890625 0.025784493749999998 0.289307934375 0.02075726875 0.30052518125 0.038655425 0.3562547265625 0.04393629375 0.378556575 0.056040153125000006 0.4099062578125 0.0682157828125 0.458256846875 0.0838771296875 0.502148184375 0.088901284375 0.5234110265624999 0.0939067046875 0.5390625 0.306514003125 0.5390625
1 0.21661053749999998 0.05753445625 0.2048290234375 0.10918486406250001 0.20999917343750002 0.1384654453125 0.2093737984375 0.1563582015625 0.21304077812500002 0.1749131609375 0.244292315625 0.23919891249999997 0.25247248125 0.25095463125 0.260543153125 0.25669704375 0.2641006390625 0.2692387 0.27241506718749997 0.271875 0.27333102343750004 0.271875 0.2740802515625 0.26228339218749996 0.28094158125 0.25384760625 0.2854176546875 0.25153994687500003 0.29198454375 0.25305275781250003 0.30904324375000003 0.26268030625 0.3215899875 0.2661150609375 0.33116566875000003 0.2630950421875 0.34929017500000004 0.25289898125 0.38833205625 0.18346733125 0.4015625 0.1254647890625 0.4015625 0.122220484375 0.3923373375 0.11612591718750001 0.38481659218750003 0.11446595 0.3664372109375 0.10413495156250001 0.3402067625 0.09359213125 0.21837164687500002 0.056307050000000004 0.21661053749999998 0.05753445625
1 0.021697732812500002 0 0.013415164062500002 0.0201610671875 0.0821419265625 0.0290982359375 0.1187043921875 0.056392628125 0.1261624671875 0.074199925 0.08139969375 0.11892990156250001 0.0657454015625 0.12984019062500002 0.0334635328125 0.09820917968750001 0.0377400421875 0.13717934375000002 0.01719685 0.11901900937500001 0 0.1319801953125 0 0.1805612640625 0.0069180953125 0.18572571875 0.056565678125 0.21337315 0.112990225 0.2296875 0.119286028125 0.2296875 0.1649209515625 0.1568002125 0.2197171125 0.0536540234375 0.2296875 0.0099436265625 0.2296875 0.004966778125 0.21726121874999998 0 0.021697732812500002 0
9 0.509375 0.391347246875 0.63198063125 0.23336789375000003 0.64375 0.20934170624999998 0.64375 0.206020346875 0.5737041296875 0.1509083375 0.526365721875 0.1274449765625 0.509375 0.1156322640625 0.509375 0.391347246875
9 1 0.0549072671875 0.95016104375 0.053226440625 0.9277755484375 0.046875 0.902652259375 0.046875 0.8363116906249999 0.0488703109375 0.7889123921875 0.06121834375 0.7687980484375 0.0741422078125 0.7485317281249999 0.1035041390625 0.7475896750000001 0.146947828125 0.739628984375 0.1604537578125 0.7505064328125 0.182170925 0.7392945875000001 0.2112355890625 0.7495643796875 0.2256146140625 0.8097249890625001 0.22118679062500002 0.8929155156249999 0.2359375 0.9090404796874999 0.2359375 0.987563321875 0.2308002 1 0.2174187453125 1 0.0549072671875
9 0.509375 0 0.509375 0.06303106875 0.545924440625 0.0517039671875 0.5617849328125 0.060503506250000005 0.57357399375 0.056682682812499996 0.59997778125 0.06489080625 0.614949971875 0.0734375 0.6246679187499999 0.0734375 0.6382921609375 0.0707457375 0.65108391875 0.06076025 0.67329474375 0.05488038125 0.7590105171875 0 0.509375 0
10 0.509375 0.68803055 0.4546212734375 0.651920703125 0.365021315625 0.59727951875 0.34535399375 0.581389196875 0.299418321875 0.556538396875 0.2879840359375 0.55244539375 0.28122597968749996 0.5538824578125 0.2685006375 0.5614015515624999 0.22518063281249998 0.5912206 0.217279584375 0.6033113078125 0.19703000937499998 0.6790653171875001 0.14417003281250002 0.8585152203125 0.114145071875 0.9682570890625 0.11277998593750001 0.9803484171874999 0.11933388281249999 0.9932515015625001 0.12856425 1 0.4704722296875 1 0.47523716406250005 0.97411569375 0.5081572624999999 0.770775909375 0.509375 0.7660872078125001 0.509375 0.68803055
10 0.1077528109375 0.5390625 0.103861853125 0.5419928031250001 0.09299624375 0.5439824453125001 0.07134802500000001 0.5539337359375 0 0.57800694375 0 1 0.0850365578125 1 0.11131257187500002 0.985211696875 0.1147033828125 0.9795349312500001 0.15950528125000002 0.8066829562500001 0.17594675937499998 0.7588347875 0.1778625921875 0.7399236359375 0.18873383593749998 0.715115059375 0.21664443906250003 0.61580555625 0.2252442953125 0.59593656875 0.261436090625 0.569950725 0.2812156125 0.5590776546875 0.29069820156250004 0.556276871875 0.304972553125 0.5615129343749999 0.33008894375 0.5746758187500001 0.3421875 0.57694055 0.3421875 0.5737039453125 0.337291184375 0.5703633859374999 0.332795546875 0.5604096328125 0.32789722499999996 0.55631724375 0.31551603125 0.5390625 0.1077528109375 0.5390625
10 0.509375 0.7584071796874999 0.5070565218749999 0.7715124828125 0.480859853125 0.928125 0.481893496875 0.928125 0.4878858984375 0.924902578125 0.5013515453124999 0.9125912078124999 0.509375 0.9065408390625 0.509375 0.7584071796874999
5 1 1 1 0.820982796875 0.9394519640624999 0.8503021140625 0.912875646875 0.8678617 0.8782717 0.8770305171875 0.8695192374999999 0.881061809375 0.8646621624999999 0.8870249421875 0.8641741843750002 0.9039740953125 0.8832309515624999 0.9465929843750001 0.9145124906250001 1 1 1
5 1 0.7007419453125 0.9560999765624999 0.6976742671875 0.9209353374999999 0.6992795468749999 0.9084373640625 0.7073967390625 0.8929914265625 0.7316904609375 0.8905122671875001 0.7484190156249999 0.8809140875000001 0.7583577515625001 0.8802133375000001 0.7617807796875 0.8996902734375001 0.7714399765625 0.9020052921874999 0.774697015625 0.901773346875 0.778672075 0.89408428125 0.7988242031249999 0.8835681359375 0.84166748125 0.899207671875 0.8484010718749999 0.9030160781250001 0.8518235593749999 0.9031998578125 0.8658465671875 0.9048878124999999 0.8703125 0.9094940859375 0.8703125 0.9160845625 0.8682742046874999 0.9267073281249999 0.8579488859375001 0.9521430843750001 0.8427634156250001 1 0.8173072125 1 0.7007419453125