4 1 0.0862691296875 0.9922730578125 0.0850127171875 0.95513909375 0.102470375 0.9711280437500001 0.1755572984375 0.9428536859375001 0.2085529625 0.9434010718750001 0.23370404687500002 0.9869541109375 0.21415737968749998 1 0.2135184953125 1 0.0862691296875
4 1 0.4890625 1 0.409624875 0.9874828359375 0.4319701578125 0.9733923828125001 0.4281126484375 0.9705032640625 0.421377353125 0.9792640671875 0.40087255468749994 0.9679345625 0.406862259375 0.9707889640625 0.375998790625 0.9530403859375 0.3840775046875 0.9396949234375 0.47745668593749996 0.9437714109374999 0.4890625 1 0.4890625
4 0.898108903125 0.474871746875 0.9121664218750001 0.466714990625 0.9115451640625001 0.4561714390625 0.9294121171875 0.45803238124999995 0.9353808234375001 0.44125059375 0.9071144671875 0.43561018906250004 0.9037322578125 0.415219425 0.8806424578125001 0.38640290781250003 0.8547721296875 0.3738423265625 0.8428115765624999 0.3823400546875 0.8317713437500001 0.3941201875 0.818226490625 0.3898292671875 0.763169490625 0.368345875 0.751442128125 0.345553921875 0.742390271875 0.33468379531250003 0.7157082171875 0.3418320390625 0.703340015625 0.3345996828125 0.699340115625 0.35483435937499996 0.6850885609375 0.3420745 0.6785608937500001 0.3211722796875 0.6531836609375 0.32226716875 0.6658740609375 0.34730421875 0.6842768343750001 0.3617833265625 0.70381353125 0.374358303125 0.7064463156249999 0.3873174359375 0.7319944421875 0.382073321875 0.7661244765624999 0.399109703125 0.8146342359375 0.4257940265625 0.8320116671875001 0.4651684859375 0.8536453359374999 0.47808443437500003 0.8666970953125 0.468719884375 0.8798574421875 0.48234656249999996 0.898108903125 0.474871746875
4 0.793054359375 0 0.7816211578125 0.010034512499999999 0.781300740625 0.0178143109375 0.8256922171875001 0.054793653124999994 0.851018725 0.093372140625 0.8431604453125001 0.1688469859375 0.8630932203124999 0.18461912656249999 0.9059413390625 0.18218801874999999 0.9399298500000001 0.164218903125 0.9417882750000001 0.1190960703125 0.9373264328124999 0.112105046875 0.9077009640625 0.10102238125 0.869693840625 0.024355267187499998 0.8521785218750001 0 0.793054359375 0
4 0.8256148234375 0.3257647921875 0.8364316578125 0.3322227671875 0.8493045234375 0.3656435125 0.8768445953124999 0.388918128125 0.9254709484375001 0.3999576109375 0.9447922515625 0.392134625 0.9379539593749999 0.36596062812499996 0.9287739328125 0.3582024234375 0.9210678359375001 0.3146571421875 0.9049213515625001 0.283836859375 0.875039546875 0.2789780328125 0.847050890625 0.26659513281249997 0.8359136375 0.26791695937500004 0.8209900937500001 0.2842869265625 0.723032465625 0.2793235234375 0.6989582656250001 0.2487805640625 0.676811928125 0.24831229375000002 0.656879153125 0.23254015468749997 0.6249760359375001 0.23831731562499997 0.6149629265625001 0.2507865890625 0.620904046875 0.29874402031249997 0.6358623078125001 0.3199728171875 0.65284188125 0.3305656203125 0.7041651015625 0.3530082765625 0.7270163593750001 0.3363609875 0.7697363078125 0.3370417984375 0.7846598515625 0.3206718296875 0.8256148234375 0.3257647921875
4 0.718657646875 0 0.7407649875 0.0409843515625 0.722695990625 0.056842865625 0.72343563125 0.0773260703125 0.7082557515625 0.0999198765625 0.7010730281249999 0.1974338875 0.7204931328125 0.22565370625 0.767290425 0.2426612984375 0.8024671609375 0.23428367031250003 0.80400516875 0.1969406359375 0.8207577734375 0.1746025578125 0.8067954859375 0.1676331265625 0.7933458671875 0.1482160203125 0.7818828453125001 0.080564159375 0.77591235625 0.0717614484375 0.7748175828124999 0.0214592796875 0.7967856078125 0 0.718657646875 0
4 0.604313371875 0 0.60897638125 0.011723421874999999 0.60410066875 0.05322288125 0.6069897859375 0.0599581734375 0.630260265625 0.071573890625 0.690023871875 0.081291546875 0.7115934578124999 0.095763453125 0.7405727359375 0.0456522328125 0.7409572375 0.0363164734375 0.7217934671874999 0.001872815625 0.72201906875 0 0.604313371875 0
4 0.9252704749999999 0 0.9301721578125001 0.0039057921875 0.9347737421875 0.0203178171875 0.9303661906249999 0.02482240625 0.9515103359375001 0.0752518734375 0.9563255312500001 0.086477365625 0.967129009375 0.054817923437500006 0.9747478812499999 0.074853321875 0.9840133515625 0.08053691406249999 0.983671571875 0.0888353671875 0.9976436453125 0.0827532234375 1 0.08278648125 1 0.0003117015625 0.9976769624999999 0 0.987237715625 0 0.96749036875 0.020416321874999997 0.9615518203125 0 0.9252704749999999 0
4 0.8564226796875 0 0.8592828703125001 0.0080428828125 0.8906127999999999 0.067438346875 0.9092096078124999 0.10283406875000001 0.9384817234374999 0.10968226562500001 0.9428501171875 0.1573839703125 0.9364114656249999 0.185576128125 0.9562045015624999 0.191927265625 0.9727862171874999 0.17373841406249999 0.9644179203125001 0.146271384375 0.9601581140625001 0.1215609078125 0.9569040703125001 0.09805822343750001 0.9486212171874999 0.0685165796875 0.9291468187499999 0.028801149999999998 0.933682534375 0.021184635937499998 0.9245953421875001 0 0.8564226796875 0
4 0.8954351328125 0.18100181875000002 0.8730324609375 0.1867573890625 0.8550800609374999 0.1869710609375 0.8500743937499999 0.20599794375 0.84455249375 0.186303515625 0.8420905984375 0.16919515624999998 0.8180413281250001 0.1893025328125 0.82675140625 0.2084711109375 0.8396981421875 0.22728432187499997 0.8545282343749999 0.25162503593749996 0.8640073156250001 0.25212209531249996 0.8705777015624999 0.2719870109375 0.890755240625 0.2690023890625 0.90250218125 0.26569119531249996 0.9196197093749999 0.260120503125 0.9238136453125 0.26080244375 0.9197710203125 0.282074425 0.942453175 0.29516085937500003 0.9534506875 0.2844180328125 0.9481423984375 0.25953707187499997 0.9498744406250001 0.24311065156249997 0.938512003125 0.2370860890625 0.943067296875 0.203366428125 0.9295420249999999 0.17297236093749999 0.9035666750000001 0.1885895390625 0.8954351328125 0.18100181875000002
4 0.7769919921875 0.05836170625 0.775302671875 0.07375081875 0.7824284484375 0.0801307484375 0.78563976875 0.10467073906249999 0.790948059375 0.1295516984375 0.7964895359374999 0.12314297968750001 0.799891325 0.11743059687499999 0.80590631875 0.15078049531249998 0.8150631984375 0.1334728578125 0.8133080078124999 0.1248334375 0.827493696875 0.11356475937499999 0.8382117296875 0.0839799296875 0.827831909375 0.054097315624999996 0.7889294 0.0247981359375 0.778572721875 0.019981365625 0.7769919921875 0.05836170625
4 0.9225123953125 0.3180247890625 0.9304107453124999 0.356902190625 0.9384995625 0.36552721875 0.9421381078125 0.37969414375 0.9495629437499999 0.3788129265625 0.9610962703125001 0.3806882640625 0.9711307437500001 0.367700340625 0.9690533515624999 0.34125622031249997 0.9637254875 0.3424784078125 0.9579472515624999 0.3290078171875 0.9476332968750001 0.323153740625 0.9225123953125 0.3180247890625
4 1 0.2626801203125 0.9527208375 0.2508832546875 0.9478006171875 0.2678355234375 0.9598270390625 0.28336633125 0.9424958968749999 0.2941235515625 0.920947671875 0.2791329921875 0.9111695328125 0.285897078125 0.9255724031250001 0.3206108578125 0.92993723125 0.3171435734375 0.967682665625 0.3232810390625 0.9920541390625001 0.320978359375 1 0.3216635171875 1 0.2626801203125
4 0.6138200765625 0.1247682421875 0.6114240515625 0.131688415625 0.6350265203125 0.148057253125 0.6527653078125 0.1530301140625 0.67996003125 0.13343419375 0.70657621875 0.10225741562499999 0.7038152703125 0.0924102015625 0.688515228125 0.07947985937499999 0.673879171875 0.076055759375 0.6495076953125001 0.0783584390625 0.6267828234375 0.0663093140625 0.6047646515625 0.062729125 0.60483051875 0.08675765937499999 0.6104805875 0.10334016875 0.6138200765625 0.1247682421875
4 0.5890625 0.273979659375 0.595365709375 0.2909365609375 0.6087200937499999 0.32547985625 0.638935671875 0.36067630156249997 0.665617728125 0.353528059375 0.6507876343750001 0.32918734375 0.6303306156249999 0.3133299609375 0.619737184375 0.28863388125 0.6170385328125 0.2516462109375 0.60291514375 0.23577443437499998 0.5890625 0.2412264375 0.5890625 0.273979659375
4 0.5890625 0.2402883046875 0.6039209062500001 0.23698222656249998 0.6217456859375 0.23203562500000002 0.6150661640624999 0.1970243328125 0.5968770046875 0.17735869375 0.5890625 0.17608804375 0.5890625 0.2402883046875
4 0.85279619375 0.2680514546875 0.8848292578125001 0.28474686718750003 0.9147422125 0.27603546875 0.9024594578125 0.26672850000000004 0.8824955328125 0.26452658906250004 0.8747716406249999 0.2726689515625 0.8608618640625 0.251610640625 0.8523885437500001 0.25232137187500003 0.842330925 0.24024345625 0.8290228328125 0.25583184531250003 0.8181534875 0.2634627515625 0.826370471875 0.2689758578125 0.85279619375 0.2680514546875
4 0.8019722843749999 0.1950437078125 0.8023603546875 0.23687693906249999 0.771655253125 0.23919401406250002 0.7634186890625 0.259784053125 0.7569764703125 0.2368072203125 0.7245161796875 0.230484875 0.7302516953125 0.24499276874999998 0.7485262968749999 0.26258379375 0.7510309140625 0.278654846875 0.7773711890625 0.2798050578125 0.8120138921875 0.28439376250000004 0.8200795671875 0.2679529484375 0.8187516015625 0.24894045937499998 0.8355896515625 0.22452776718749998 0.8159016359375 0.18999886875 0.8019722843749999 0.1950437078125
4 0.7198522953125 0.24121330468750002 0.7192114593750001 0.256772903125 0.7343601859375 0.24774932343749997 0.7022612515625 0.207025375 0.7069019921875 0.171231103125 0.7053141234375 0.1072734625 0.6581786203125 0.14973331406249998 0.6473751421875 0.1813927546875 0.680565284375 0.22124988281250002 0.70269204375 0.24782130000000002 0.7065637796875001 0.23069854531249998 0.7198522953125 0.24121330468750002
4 0.8560769484375002 0.3677889734375 0.8362180453124999 0.3374092984375 0.825069221875 0.3261982015625 0.786318021875 0.31885294375 0.7742720265624999 0.3294252875 0.7599154484375 0.3448431890625 0.7806288 0.354476734375 0.8358566890624999 0.3718109 0.8560769484375002 0.3677889734375
4 0.5890625 0.16242404375 0.590050284375 0.16371761875 0.6140604 0.19581653906250002 0.625104203125 0.235205396875 0.65262113125 0.2334141734375 0.68373388125 0.24682717968749998 0.6975350687499999 0.2448942625 0.7008086875 0.24229379843749999 0.6938537984375 0.2317646421875 0.6635100546875 0.19968011562500002 0.6309838953125 0.1693292328125 0.646711159375 0.17188651093750001 0.658093175 0.1518079265625 0.6315392875 0.15584425 0.611381328125 0.132725721875 0.590473940625 0.10217556406249999 0.5890625 0.1031103234375 0.5890625 0.16242404375
7 1 0.4890625 0.8426169250000001 0.4890625 0.8424675796875001 0.49106044375 0.8454640953125001 0.49888876406250005 0.8532918640625 0.5071519546875 0.86249726875 0.5119587546875 0.8730803093749999 0.5133091734375 0.8872121921874999 0.5303448656249999 0.8879803640624999 0.5573663828125001 0.9009441109375 0.5886682125 0.9092035796874999 0.597417809375 0.96700716875 0.6419553546875 1 0.670141665625 1 0.4890625
7 0.7023037624999999 0.4890625 0.697714171875 0.4932476171875 0.685074196875 0.509614 0.67936684375 0.529339415625 0.6858741109375 0.5405668578125 0.7033643796875 0.5496997828125 0.7182898328125 0.5514907953125 0.726377890625 0.561716790625 0.7414557078125 0.5748096890625 0.7369164890625 0.5802689671875 0.7266127828125 0.6059457953124999 0.7263715359375 0.629047428125 0.7333422453125 0.6446926171875 0.74197628125 0.6544207515625 0.8020272578125001 0.7048295390625 0.8257391078125 0.727650571875 0.8392615296875 0.73732144375 0.8504794265625 0.7416132078125 0.8984998921875 0.77791046875 0.9224402921875001 0.7987629703125 0.9303505921875 0.8021105531250001 0.9374228812500001 0.80006185 0.9595222046874999 0.782110265625 0.971876496875 0.7682045484375 0.9802058015625 0.7553289125 0.989049340625 0.7380240796875001 0.9965660328125001 0.7153286828125001 0.9975944999999999 0.70647028125 0.995086821875 0.6986362343750001 0.9789424484375001 0.6821155828125 0.9593381125 0.6533488640625 0.9450919578124999 0.637297440625 0.9295760906249999 0.6153633218750001 0.9026137796875 0.591105975 0.894436840625 0.577440771875 0.8870598234375 0.5568857015625001 0.868350634375 0.5330231375000001 0.8622750671875 0.5222821015625 0.8543901640625 0.5145110468749999 0.8408994828124999 0.5087715171875 0.8287356515625 0.5084225453125 0.8123182890624999 0.511072184375 0.7995830859374999 0.5156445484375001 0.7967389328125 0.5191181109375 0.790669715625 0.5167318890625 0.7762204046875001 0.49822552499999995 0.7761464218749999 0.4890625 0.7023037624999999 0.4890625
7 1 1 1 0.8616999734374999 0.9934806187500002 0.8554320546875 0.8542758625 0.7425516625 0.8459338609374999 0.738717671875 0.840556634375 0.7387806640625 0.816495609375 0.748400340625 0.8003131421875 0.7574362609375 0.7930948328125 0.7565378921875 0.7723795 0.741545178125 0.7601267890625 0.7377570015625 0.7463821671875 0.7384094765625 0.735430909375 0.7444353328125001 0.727926915625 0.745997628125 0.7177438359374999 0.7412022796875 0.696971365625 0.7267016984375 0.69733958125 0.719325425 0.706011709375 0.7034969906249999 0.7040500062499999 0.6951650828125 0.68175388125 0.681173815625 0.6720342453125 0.6807962125 0.661889253125 0.6882870140625 0.62950526875 0.719137140625 0.6028413328125 0.746971478125 0.5890625 0.763506428125 0.5890625 0.7868686640625 0.59726095 0.7824222531249999 0.6032349406249999 0.77301445625 0.6205601515625 0.7541358703125 0.6301020296875001 0.7476350593750001 0.6386154421875 0.74999265 0.6447735406249999 0.755818078125 0.6548106062500001 0.75766635625 0.6710184671875 0.7442069625000001 0.679931840625 0.74311961875 0.6824077749999999 0.7470223265625 0.6952953421875 0.7537518515625 0.7095668921875 0.7653798015625 0.7035992484375 0.7831424109375 0.7024565078125 0.7929850765625 0.7131919140624999 0.8056373796875 0.7373608593750001 0.8245213484375 0.7374814828125 0.8318918953125 0.7308281937500001 0.8555601046875001 0.72917121875 0.86983196875 0.73056155 0.883085209375 0.7353420125 0.8923670250000001 0.781172228125 0.9223009140624999 0.8865518874999999 0.9859396890625 0.9122266421875 1 1 1
7 1 0.7465975703125001 0.996762834375 0.7472715328125 0.9775648015625 0.76125741875 0.9633440343749999 0.778625246875 0.9635217953125 0.7855036609375 0.9730573218749999 0.8084907625 0.978269484375 0.818258984375 1 0.8460255828125 1 0.7465975703125001