10 1 0.2173246671875 0.9777637796875001 0.1896195640625 0.9374066031249999 0.1869681609375 0.9019969843750001 0.1967612640625 0.8256599453125 0.198460875 0.7913908109375 0.21913815312499998 0.76807043125 0.2226012203125 0.7688307546875001 0.2298573375 0.7502678515625 0.24395088281250002 0.7750924953125 0.35916080156249997 0.8035395937500001 0.4393967703125 0.871594471875 0.44558752031250004 0.9431740296874999 0.4332574328125 1 0.43093087499999994 1 0.2173246671875
10 1 0.1557039203125 0.9625409421875 0.148657990625 0.9263710015625 0.1511949765625 0.8963868734375 0.1606075296875 0.8909559203124999 0.19570833125 0.9493057609375001 0.1788241015625 0.9711978046875 0.1791159390625 1 0.215526303125 1 0.1557039203125
10 1 0.5390625 1 0.42658152187500004 0.9411754515624999 0.431570253125 0.87540154375 0.4471478515625 0.8712088484375 0.4766797125 0.876142021875 0.5390625 1 0.5390625
10 0.4390625 0.364240190625 0.44385514062500003 0.36229304687499997 0.50315538125 0.3544789640625 0.5159126328125 0.33713790781249997 0.5081193234375 0.2627627140625 0.491663690625 0.19264982656250002 0.4390625 0.19518651250000002 0.4390625 0.364240190625
10 0.4390625 0.5390625 0.4589751640625 0.5390625 0.4998967046875 0.497241728125 0.4953293078125 0.4884252796875 0.4390625 0.47817655625000005 0.4390625 0.5390625
10 0.6853236796875001 0.5390625 0.6703242109375 0.51452560625 0.6612981078125 0.4109990953125 0.6047622265625 0.3930362265625 0.5695426890624999 0.40464335625 0.53593610625 0.4490298609375 0.52527520625 0.451604984375 0.49062045000000004 0.5033744546875 0.4517612046875 0.5390625 0.6853236796875001 0.5390625
10 0.6521419984375 0.1941852953125 0.538690075 0.15463149375000002 0.491663690625 0.19264982656250002 0.507353540625 0.29022685 0.5201053296875 0.30760604375 0.5661758499999999 0.2952378203125 0.576364278125 0.270767496875 0.63785318125 0.266454621875 0.7252367421875 0.23108769062499998 0.7133430468749999 0.2045115015625 0.6521419984375 0.1941852953125
10 0.716960040625 0.20425780312500003 0.723238165625 0.2294005109375 0.734279228125 0.2304534453125 0.7439897265625 0.218808175 0.723634709375 0.128867815625 0.6939384328125 0.1236412875 0.669569878125 0.134487321875 0.6366367687500001 0.1331425515625 0.58171384375 0.1479590515625 0.5714331046875 0.1541622359375 0.5723835078125 0.16323238125 0.6144514109375 0.182210046875 0.716960040625 0.20425780312500003
10 0.5587353984375 0.3980919421875 0.66876586875 0.4049932171875 0.690755684375 0.38883194374999996 0.7178831406249999 0.38692920625 0.7461510812500001 0.39591064062500003 0.7603312062500001 0.4095349296875 0.7675651953125 0.40902753125 0.7767054515625 0.391940175 0.775282575 0.36097483124999996 0.75472655625 0.3386609453125 0.6580235796875 0.3198607 0.5375222875000001 0.31734857656250004 0.5346656171874999 0.324858390625 0.548367809375 0.35130773125000003 0.5527396640625 0.3930304015625 0.5587353984375 0.3980919421875
10 0.8424736234375001 0.5390625 0.8415071093750001 0.5061734359375001 0.8457921171875 0.49490871406250003 0.8739677484375001 0.4856230109375 0.8721647125 0.4510296078125 0.8120118375 0.433320434375 0.7890770781249999 0.40569131093750005 0.7729906859375 0.4086469828125 0.7483397390625 0.39941185 0.6886593359375001 0.4035978765625 0.6660992765625 0.4143170625 0.6600057734375 0.425708634375 0.6603750140625 0.4987771953125 0.6684616343750001 0.523793053125 0.6782910484375 0.5390625 0.8424736234375001 0.5390625
10 0.4390625 0.4759256203125 0.4646826296875 0.47412860625000003 0.4712486046875 0.4846322328125 0.5041817125 0.48597700625 0.5791991078125001 0.4021386859375 0.5545481609375 0.39290355312499997 0.5503663859375 0.3529949125 0.5356160203125 0.3339285359375 0.5209579625 0.3331293015625 0.490305821875 0.3535528796875 0.441286321875 0.35516378125000003 0.4390625 0.355896675 0.4390625 0.4759256203125
10 0.559322021875 0.2993732734375 0.5354314 0.2973942578125 0.519627396875 0.3204310984375 0.56845681875 0.31700616875 0.7224614593750001 0.32630515 0.7469223250000001 0.3337262546875 0.7666257109375 0.33051688281249997 0.749317446875 0.2348807375 0.7906304890625 0.2118820359375 0.8596412296875 0.19242268125 0.8585007453125 0.1815385046875 0.8458412656250001 0.18242645156249998 0.6680273890625 0.2588560953125 0.574365703125 0.2690803140625 0.563699340625 0.3063756921875 0.559322021875 0.2993732734375
3 0.242863825 0.7740593921875 0.2443924765625 0.7269858890625 0.2441637578125 0.7150219609375 0.241910578125 0.7112776234375 0.20228740312500001 0.699198284375 0.1830439046875 0.6959604546875 0.14321784531249998 0.6947999609375 0.1375819515625 0.6971273499999999 0.1342626859375 0.702211696875 0.10048569375000001 0.7311020781249999 0.08711345937500001 0.7529205375 0.0854195359375 0.7870427375 0.0717935046875 0.812810703125 0.062210509375 0.84551595 0.056593801562500004 0.8553063671875 0.0450364953125 0.8644043359375001 0.0360687953125 0.8797727890625 0.035339139062500004 0.8911276203125 0.0395282578125 0.9035531796875 0.05120656875 0.9158569218749999 0.0613805484375 0.9205245218750001 0.0797925671875 0.9211784999999999 0.0946248765625 0.9154465890625 0.128046253125 0.8765670312499999 0.15239222187499998 0.8624937109375 0.16085233125 0.8550242718749999 0.2037372140625 0.8396301765625 0.22320867187500001 0.8160357234375001 0.23377587812499998 0.8068223453125001 0.23945603124999998 0.796044553125 0.242863825 0.7740593921875
3 0.3987285484375 0.8011802124999999 0.40110786718749997 0.7641535875000001 0.4002505515625 0.7386869609375 0.39552212343750004 0.7346541046875 0.3411743484375 0.7188688953125 0.3238793265625 0.71635556875 0.2755422453125 0.7156951765625 0.2714549515625 0.7172082984375 0.2686624578125 0.7218566625 0.255208346875 0.7759956796875 0.2549486640625 0.80332165 0.2583063015625 0.8131633578125002 0.26688741718750003 0.8270956281250001 0.2739007515625 0.8343791359375 0.27506865937499997 0.83948913125 0.2780522546875 0.870674846875 0.27301988125 0.9024183656249999 0.27388973125 0.9199282734375 0.2834292234375 0.9344696421875 0.29935345625 0.9427918171874999 0.309254453125 0.9439458953125002 0.317333871875 0.9424007156249999 0.3324517 0.9322256078125001 0.3388172515625 0.9185433890624999 0.346946821875 0.8851713406249999 0.370479740625 0.8371809890625 0.3810661328125 0.835430640625 0.38676547656250004 0.832115878125 0.393277109375 0.8239219343749999 0.3987285484375 0.8011802124999999
6 0.742189325 1 0.758955278125 0.992559990625 0.8320786468750001 0.8845600687499999 0.8633831328125 0.8181730109375 0.8603033828125 0.7730740890625001 0.8426614765625 0.73124493125 0.8089902296875 0.70149469375 0.7762815562500001 0.6528729531249999 0.7385679890625 0.5968952921875 0.712424678125 0.624812728125 0.66332744375 0.6409247859375 0.6187304921875001 0.6543304109375 0.5820727921875 0.65747365625 0.5804547734375001 0.6578369640625 0.5808085453125 0.6594534703124999 0.577572509375 0.6601800859375 0.6007239171875 0.719427515625 0.5899490484375 0.771029221875 0.598938715625 0.8741591296875001 0.62229305625 0.9265772218749999 0.663294753125 0.9665530890625 0.7177631859375 1 0.742189325 1
4 0.8360909703124999 0.756293865625 0.832830521875 0.7483766546874999 0.8234876953124999 0.7382636953125 0.81590385 0.7338611671875 0.7875240859374999 0.7275139546875 0.7789241796875 0.720795659375 0.7702946515625 0.70696105625 0.7504102953125 0.6905657703125 0.7286295734375 0.67714020625 0.721682515625 0.6756473921875 0.7026908296875 0.68194689375 0.690736703125 0.6948067109375 0.668270671875 0.7085005093750001 0.6625050531250001 0.7240410328125 0.6567098124999999 0.732465246875 0.6483970421875 0.7363669171875 0.6410394546875 0.7446331546875 0.6363055265625001 0.7579068921875 0.63413438125 0.7782369250000001 0.6426717734375 0.8032854359374999 0.6462193562499999 0.8218226109375 0.6504506156250001 0.8295218359375 0.65275425 0.8493558906249999 0.6599431906250001 0.8589349171875 0.6751717609375 0.86569116875 0.6930692421875 0.8799886718749999 0.69684471875 0.894913196875 0.7092201015625 0.9165560156250001 0.7103406609375 0.9356381515625 0.7166789171875 0.9576189765625 0.7248839203124999 0.9695137671874999 0.7380647390625 0.9762210359375001 0.7469690453125001 0.9726953281250001 0.7576792187500001 0.961132390625 0.77307806875 0.9337619640625 0.7783895375000001 0.9091653265625 0.8037572765625001 0.85055588125 0.8100691796875001 0.8328575656249999 0.81020656875 0.824177409375 0.8192498984375 0.7956901296875 0.8270023890625 0.7822473921875 0.8360909703124999 0.756293865625
4 1 0.698937575 0.9924243671875 0.69575183125 0.9698102203125 0.6738640953124999 0.9626212781250001 0.664285071875 0.9535359671875 0.65767576875 0.9476502218749999 0.6610324765625 0.9268822921875 0.6824855109375 0.927033675 0.685504215625 0.9309012890624999 0.6892148312499999 0.9438245921874999 0.6924184437500001 0.9514084359375001 0.6968209703125 0.9550934109375 0.7066779875 0.9538790796875001 0.715091178125 0.94899376875 0.7253462078125 0.9292575281250001 0.74453245625 0.9133749078125 0.7557304609375001 0.9014067875 0.75689141875 0.88924203125 0.7524999187500001 0.8587396421874999 0.7364536625 0.8531879203125001 0.7366826718749999 0.8627101187499999 0.7732120609375001 0.86455796875 0.8002714140625 0.85706135625 0.833499225 0.8448028296875 0.8566030484375 0.842132284375 0.8653432140625 0.8371564703125 0.8705307375 0.8366554359375 0.8752222843749999 0.8391120875 0.8817936296875001 0.849062078125 0.8876999968749999 0.8571469546875001 0.8874109765625 0.9052020796875 0.8766207406250001 0.9163960249999998 0.8812302265625 0.9363272640625 0.88387785 0.9479457328125 0.8904271453125 0.9592614375 0.8909390281249999 0.9692426859375001 0.8876802859375001 0.9758417265624999 0.8806019359375 0.9842918843749999 0.8680201109375 0.988389025 0.8518366625 0.9920147531249999 0.8474610640625 1 0.8456680671875001 1 0.698937575
3 1 0.5390625 0.8588602375000001 0.5390625 0.8632932796875 0.5548133171874999 0.8978722796875 0.6081029234375 0.9137499953125001 0.6457491656250001 0.9157368671875 0.6478469484375 0.9230632 0.6487458171875 0.9562221421875 0.6443530484375 1 0.632315178125 1 0.5390625
6 1 0.84415999375 0.998026921875 0.8439063765625001 0.9819454875 0.871260475 0.9561559468749999 0.9007944203125 0.9330511874999999 0.8805431953125 0.8726799249999999 0.883923221875 0.84143298125 0.8807637171875001 0.8051756984375 0.9245196703125 0.8094730468750001 0.9286425796875001 0.8552300531250001 0.9438074984375 0.955344215625 0.928111765625 1 0.9210625796875 1 0.84415999375