8 0.279736328125 0.14228515625 0.257275390625 0.15498046875 0.217236328125 0.1671875 0.190380859375 0.17255859375 0.182080078125 0.17646484375 0.159130859375 0.19599609375 0.048291015625 0.30244140625 0.040966796875 0.3126953125 0.036572265625 0.3244140625 0.035595703125 0.33271484375 0.039501953125 0.34541015625 0.093701171875 0.44111328125 0.114208984375 0.454296875 0.158642578125 0.4748046875 0.183544921875 0.49580078125 0.1983607703125 0.5015625 0.205634765625 0.5015625 0.211376953125 0.5001953125 0.224072265625 0.48603515625 0.240673828125 0.4552734375 0.261181640625 0.426953125 0.282177734375 0.39326171875 0.323681640625 0.3546875 0.338330078125 0.3302734375 0.345166015625 0.30830078125 0.3453125 0.30546875 0.3453125 0.2737182625 0.340771484375 0.2521484375 0.333935546875 0.23701171875 0.317333984375 0.21015625 0.299755859375 0.15400390625 0.289501953125 0.145703125 0.279736328125 0.14228515625
8 0.038671875 0.341943359375 0.03671875 0.336083984375 0.03818359375 0.318994140625 0.04208984375 0.309716796875 0.0474609375 0.302880859375 0.12265625 0.233056640625 0.134375 0.218896484375 0.13388671875 0.134423828125 0.13193359375 0.125146484375 0.12509765625 0.111962890625 0.11533203125 0.102685546875 0.10654296875 0.098779296875 0.09482421875 0.098291015625 0.058203125 0.100732421875 0.03525390625 0.105615234375 0.009375 0.106591796875 0.009375 0.4234375 0.047595215625 0.4234375 0.05869140625 0.422998046875 0.06845703125 0.421044921875 0.07236328125 0.417626953125 0.07724609375 0.416650390625 0.07724609375 0.411279296875 0.038671875 0.341943359375
0 0.0318661640625 0.471875 0.0426802203125 0.471875 0.049072265625 0.46748046875 0.064208984375 0.44599609375 0.068603515625 0.442578125 0.082763671875 0.44306640625 0.10625 0.448818159375 0.10625 0.44572566093750005 0.093994140625 0.43818359375 0.082763671875 0.42060546875 0.042236328125 0.4201171875 0.009521484375 0.42158203125 0.010009765625 0.462109375 0.0318661640625 0.471875
8 0.21047014531250002 0.5890625 0.2119140625 0.58818359375 0.21826171875 0.57939453125 0.21875 0.5743489578125 0.21875 0.5621826171875 0.2158203125 0.55595703125 0.1748046875 0.5310546875 0.15576171875 0.51689453125 0.1435546875 0.5046875 0.13818359375 0.49736328125 0.13427734375 0.4861328125 0.13427734375 0.47783203125 0.13671875 0.4724609375 0.142578125 0.4666015625 0.1416015625 0.463671875 0.11181640625 0.45146484375 0.08154296875 0.44267578125 0.0712890625 0.44169921875 0.0634765625 0.44560546875 0.037109375 0.48466796875 0.0234375 0.50078125 0.0224609375 0.50615234375 0.0263671875 0.51298828125 0.048828125 0.53154296875 0.07568359375 0.54716796875 0.10986328125 0.56376953125 0.1480326703125 0.5890625 0.21047014531250002 0.5890625
8 0.459912109375 0.3595703125 0.440380859375 0.3625 0.424267578125 0.3732421875 0.405224609375 0.39912109375 0.400341796875 0.41865234375 0.400830078125 0.425 0.404736328125 0.430859375 0.414013671875 0.4357421875 0.420849609375 0.44208984375 0.431591796875 0.446484375 0.443798828125 0.45625 0.460888671875 0.462109375 0.473193359375 0.4625 0.49251919375000003 0.4625 0.512646484375 0.44892578125 0.521923828125 0.4376953125 0.5265625 0.4233154296875 0.5265625 0.407958984375 0.524365234375 0.399609375 0.520458984375 0.38984375 0.514111328125 0.3810546875 0.502392578125 0.37080078125 0.482861328125 0.36103515625 0.459912109375 0.3595703125
3 1 0.1175537109375 0.956103515625 0.09560546875 0.936572265625 0.0892578125 0.908740234375 0.08779296875 0.680712890625 0.08779296875 0.675341796875 0.09658203125 0.66875 0.122216796875 0.66875 0.21785515000000003 0.679248046875 0.219140625 0.695849609375 0.23818359375 0.711962890625 0.2484375 0.743212890625 0.2591796875 0.857958984375 0.29091796875 0.932177734375 0.3080078125 0.947314453125 0.30849609375 0.964892578125 0.3060546875 1 0.29554634375 1 0.1175537109375
3 0.915238953125 0.5890625 0.905615234375 0.570947265625 0.891455078125 0.548974609375 0.887060546875 0.531884765625 0.881201171875 0.487939453125 0.874853515625 0.469873046875 0.865576171875 0.460107421875 0.844580078125 0.421533203125 0.830908203125 0.401513671875 0.782568359375 0.317529296875 0.760107421875 0.289208984375 0.754736328125 0.286767578125 0.747900390625 0.286767578125 0.738623046875 0.289697265625 0.723486328125 0.301904296875 0.697607421875 0.315576171875 0.66875 0.3343563984375 0.66875 0.3838260140625 0.679052734375 0.398583984375 0.730322265625 0.485009765625 0.743017578125 0.501611328125 0.765478515625 0.543115234375 0.783544921875 0.563134765625 0.8207865765625 0.5890625 0.915238953125 0.5890625
3 0.66875 0.5450702015625 0.693310546875 0.546923828125 0.718701171875 0.550341796875 0.725537109375 0.554248046875 0.72802734375 0.5546875 0.7434509281249999 0.5546875 0.7703125 0.551822265625 0.7703125 0.546728515625 0.763134765625 0.537158203125 0.739697265625 0.490283203125 0.717724609375 0.460498046875 0.695751953125 0.419970703125 0.66875 0.3794677734375 0.66875 0.5450702015625
3 1 0.5890625 1 0.2953125 0.97734375 0.30234375 0.97197265625 0.3072265625 0.9607421875 0.32431640625 0.95341796875 0.34873046875 0.92802734375 0.4166015625 0.9255859375 0.43955078125 0.903125 0.48642578125 0.90166015625 0.49912109375 0.889453125 0.53916015625 0.88994140625 0.54501953125 0.91044921875 0.5806640625 0.914401425 0.5890625 1 0.5890625
3 0.92509765625 0.44052734375 0.92705078125 0.42197265625 0.94609375 0.37314453125 0.96123046875 0.32138671875 0.971484375 0.308203125 0.96953125 0.30625 0.92900390625 0.30625 0.89189453125 0.29892578125 0.88603515625 0.30380859375 0.877734375 0.3375 0.873828125 0.36240234375 0.87041015625 0.4087890625 0.86455078125 0.4234375 0.86064453125 0.45029296875 0.86357421875 0.45810546875 0.8708984375 0.46591796875 0.88212890625 0.4712890625 0.90361328125 0.472265625 0.91337890625 0.4673828125 0.91923828125 0.4556640625 0.92509765625 0.44052734375
5 0.52981845625 1 0.5468611390625 0.997390496875 0.5527385890625001 0.9950113 0.553125 0.9936959406250001 0.553125 0.9858849062499999 0.5431377859375 0.9329192453124999 0.5395322453125 0.8979954140625 0.540072140625 0.87852969375 0.5371298015625 0.84267513125 0.5147884125 0.8127693015624999 0.49005730468750003 0.7906190843750001 0.47945982656249997 0.777979725 0.4798654359375 0.7620038796874999 0.4750138640625 0.7449689828125 0.475282440625 0.73798923125 0.465393840625 0.721420440625 0.457886725 0.7136146890624999 0.447909515625 0.697537078125 0.4438901265625 0.695107740625 0.44278387812500003 0.6984943640625 0.4445021578125 0.7081881359375 0.4420667625 0.7189424421874999 0.44696675468749997 0.7274724265625 0.44736138125 0.733521446875 0.44395127656250005 0.74967871875 0.438422775 0.761105634375 0.43015561093750004 0.77124044375 0.42856063437499997 0.7800816578124999 0.4282728359375 0.8256049234375 0.424883696875 0.8883194421875 0.41221249687499995 0.958558 0.41582353124999993 0.9824693984374999 0.42345944375 0.9977977062499999 0.434737340625 1 0.52981845625 1
1 0.3562812859375 1 0.3550204078125 0.9968669218749999 0.3400089171875 0.9757492031249999 0.3245945640625 0.9651011125 0.32159006875 0.9652825406249999 0.3209725484375 0.963214575 0.313371328125 0.9669124359375001 0.3060816140625 0.966138059375 0.30108751875 0.9691116859375001 0.2924284734375 0.967691259375 0.2857106046875 0.9719835453125001 0.277271709375 0.9720882796874999 0.27130565156249997 0.9749586578125001 0.25597441718749997 0.9748318171874999 0.25393639375 0.9861289296875 0.287597865625 0.9972136078125 0.2913481234375 1 0.2923899734375 1 0.2991727984375 0.9989437859375 0.3024730765625 1 0.31579886875 1 0.316359346875 0.9997683015625001 0.317428175 1 0.334015578125 1 0.33518105781249996 0.9997653359375 0.3355116546875 1 0.3562812859375 1
5 0.313307475 0.9677493125 0.320951628125 0.9665589718750001 0.3264773828125 0.960638271875 0.3069605234375 0.937039590625 0.296934890625 0.9294668921875001 0.2697254546875 0.9155634625 0.2525389046875 0.9147389453125001 0.242596390625 0.9176875015625001 0.22474115 0.92880615 0.215016040625 0.93878608125 0.20851557812500002 0.9501097453125 0.2385495421875 0.9703203203124999 0.2526859203125 0.9743249640625 0.26630199062500004 0.975 0.2708626796875 0.975 0.27729646875 0.972433978125 0.285160771875 0.9727688000000001 0.2929392109375 0.96808858125 0.299565725 0.9697936890625 0.3076529265625 0.9661474546875001 0.313307475 0.9677493125
7 0.19785938125 0.7638813125 0.19016955156249998 0.7680703515625 0.18627896093750002 0.7731635671875 0.1639767515625 0.8418784468750001 0.1604296140625 0.8670318124999999 0.1575109828125 0.8722282781249999 0.150438678125 0.8784852796875 0.1332274140625 0.92721670625 0.132956090625 0.939702675 0.14178411875000002 0.9566593937500001 0.14107524062500001 0.9605888234375 0.1375390859375 0.963717325 0.1329341234375 0.983752403125 0.143668634375 0.9873956703125 0.15615742187499998 0.9890625 0.171474184375 0.9890625 0.172607334375 0.9889680078125 0.1765892828125 0.9778773968750001 0.1771264328125 0.9639178921875 0.19639668593749998 0.9504466 0.20263131875 0.940596471875 0.218298775 0.8866951328124999 0.2191848734375 0.8817833453125001 0.2164462078125 0.8804912375 0.2168463234375 0.8755278265625 0.2248476609375 0.8668665546875 0.2382998734375 0.8252446843750001 0.246875 0.7932025734374999 0.246875 0.7769607765625001 0.246188890625 0.7760235609375 0.2389877875 0.7747580078125 0.23373335312500002 0.7681927390625 0.22913937343750002 0.766202953125 0.2084194203125 0.7630007203125 0.19785938125 0.7638813125
1 0.2265550375 0.6581795406250001 0.21050943437499997 0.672994565625 0.1981717078125 0.6947111625 0.19422994531249999 0.713815509375 0.1982867734375 0.729764796875 0.2069860046875 0.739198959375 0.21321514531250002 0.7403612640625 0.22628820468750002 0.75026005 0.2411307140625 0.755841478125 0.252714659375 0.75625 0.2631633953125 0.75625 0.2825331875 0.748725990625 0.28827909375 0.7443304546875 0.296726225 0.7277070718750001 0.308043565625 0.7143921390625 0.309375 0.6959086984375 0.309375 0.6906890171875 0.3023653046875 0.67173925 0.29719948125 0.664682803125 0.2872624578125 0.656618928125 0.2683119515625 0.6490993375 0.2485182796875 0.6489990531250001 0.2265550375 0.6581795406250001
1 0.274516734375 0.5890625 0.26790536875000004 0.593286740625 0.2661331734375 0.6031103156250001 0.2600300828125 0.6149767828125 0.2624572390625 0.620741125 0.26223159687500003 0.6302283937500001 0.26788065625 0.6428426828125 0.2742413390625 0.6460213265625 0.2791413328125 0.6545513109375001 0.29208285 0.6624337578125 0.2996383921875 0.6617345953125 0.30153663750000004 0.6649397921875 0.3206241796875 0.6634632921875 0.37907616875 0.6661684109375 0.388707175 0.6676920890625 0.3962599703125 0.6724991453125 0.40624541875000003 0.67205810625 0.411771171875 0.6661374078125 0.41747963906249996 0.6482219203125 0.42058098125 0.6310306640625 0.4200575625 0.6174590890625 0.41542065 0.612961784375 0.39744210468749996 0.6055454453125 0.399168621875 0.5987205671875 0.3928536171875 0.5925432265625 0.37669618437499996 0.5890625 0.274516734375 0.5890625
1 0.232937946875 0.838366234375 0.224042275 0.868457940625 0.22549747031249998 0.87411903125 0.23547742500000002 0.8846904265625 0.2660001171875 0.8994464078125001 0.2768634234375 0.9106122328125 0.29055675000000003 0.91707276875 0.3032808609375 0.9179238390625001 0.31401811875 0.9160608921875 0.3351436859375 0.9032872781249999 0.34858491406250003 0.8836902703125 0.3534986375 0.864689175 0.3528893515625 0.8461025640625 0.34463591718750003 0.828706290625 0.31786403750000003 0.8233593984375001 0.30253829374999996 0.8122201296875 0.2991364265625 0.8118587546875 0.2829620265625 0.8191512234375 0.25021859687500003 0.8276871390625 0.2387724625 0.8334795171875001 0.232937946875 0.838366234375
1 0.3651487828125 0.8632569312499999 0.37923948125 0.8702602703125001 0.395056696875 0.8704387328125 0.40522210937500003 0.8635091234375001 0.41010113906249995 0.8254818609375001 0.40621878437500003 0.814056428125 0.395975746875 0.799452353125 0.3939432140625 0.7997370328125 0.391421953125 0.805476303125 0.3791354 0.813181771875 0.370736690625 0.8213002390625 0.35363600625 0.8254907593749999 0.3473182546875 0.8248196328125001 0.343473340625 0.8269141531249999 0.35627233125 0.854805125 0.3651487828125 0.8632569312499999
1 0.34761770468750003 0.6968668578124999 0.36816044375 0.701051446875 0.38304588281249996 0.70914039375 0.39112759218750004 0.7165065921875 0.403666246875 0.7348586671875 0.40701694218749995 0.749231171875 0.407008703125 0.7657498203124999 0.402183590625 0.7842597359375001 0.3964778703125 0.7966690078124999 0.40275268906250006 0.7948326140624999 0.4153050734375 0.785653609375 0.42034484687500007 0.7796812859375 0.42591902656249997 0.765255675 0.43316580625 0.7635225296875 0.43802836093749997 0.7585325625 0.44585797187500004 0.7398412171875 0.44582053125 0.7263212671875 0.44056609687500004 0.7197559984375 0.42947714843749996 0.7180774453125001 0.38636737656250003 0.6934743015625 0.3673711921875 0.6889534078125 0.3489468515625 0.689499178125 0.34761770468750003 0.6968668578124999
1 0.5012498062499999 0.6771443546875 0.5141538828125001 0.67150685 0.5206488546875 0.6711956171875 0.5223296953125 0.6673694390625 0.5210544640625 0.6552197750000001 0.5028640046875 0.6297596265625 0.48263826718749997 0.6100903703125 0.46889376875 0.6176409640625 0.4643884 0.6151600015625001 0.4612952953125 0.6158326093750001 0.44861136874999996 0.622995271875 0.4463559390625 0.62726100625 0.44935768749999994 0.6325857921875 0.47943183906250003 0.6608101015625 0.5012498062499999 0.6771443546875
1 0.4327000515625 0.6343204203124999 0.417451934375 0.644714834375 0.4100196953125 0.6639489859375 0.4055545125 0.6694817546875 0.395083084375 0.6698711671875001 0.3881478109375 0.6671320765625 0.381032571875 0.6708815609375 0.38213332968749997 0.6785073671874999 0.393345584375 0.6987209078125 0.406155559375 0.7045870140625 0.41353388124999996 0.7048702109375 0.42038329062499996 0.7025942640625 0.4326324046875 0.68136884375 0.4364316421875 0.6822730234375001 0.4475580328125 0.697471528125 0.4515774203125 0.699900865625 0.484369275 0.6828600359375 0.45504693281249997 0.6532138171875 0.453946175 0.645588009375 0.44913479062499995 0.636566846875 0.443834678125 0.633000275 0.43976961406250004 0.6335696328125 0.438574753125 0.6374474375 0.4327000515625 0.6343204203124999
1 0.5042780109375 0.71801395625 0.487700746875 0.735776053125 0.4770009296875 0.75115895 0.48021184687499996 0.7800337625 0.4870557640625 0.7887702453125 0.513464965625 0.8126005 0.5182389109375001 0.8081017140625001 0.5201855796875 0.802801996875 0.52907026875 0.794735153125 0.5442270312499999 0.7903381328125001 0.5557645234375 0.778548359375 0.5692431890625 0.772471303125 0.5729593093750001 0.7628542296875 0.567355928125 0.7472412421875 0.559362828125 0.7393838671874999 0.5523873703125 0.7286310421875 0.529774659375 0.7112111828125001 0.5137829703125 0.7065088609375 0.5066677296875 0.7102583453125 0.5042780109375 0.71801395625