1 0 0 0 0.5296875 0.014747495312500001 0.5296875 0.0183016578125 0.5270449687500001 0.0207292296875 0.5296875 0.06816008125 0.5296875 0.073324153125 0.52425680625 0.087330678125 0.493031828125 0.0880988640625 0.47981843281250003 0.07413141875 0.475421571875 0.07138320000000001 0.47026852343750003 0.089171565625 0.3739929859375 0.0895752 0.34957536875 0.073815003125 0.341065534375 0.0882051484375 0.250817515625 0.08967242343750001 0.20810442812500002 0.0839396234375 0.20186399375000003 0.0728976671875 0.1995709328125 0.070503996875 0.1883193953125 0.095797903125 0.06779184375 0.12516099218750001 0.069494321875 0.137766025 0 0 0
10 0.559375 0 0.559375 0.078125 0.575330921875 0.078125 0.83529565 0.04990673125 0.8389458421875 0.009737471875 0.85819874375 0 0.559375 0
10 1 0.3065006515625 0.9538336421875 0.3204806 0.6782442234375 0.276461015625 0.6782442234375 0.40785454843749996 0.7056206546875 0.42776930625 0.8425028171875001 0.47442069218749994 0.9389154984375001 0.503125 0.9617758249999999 0.503125 0.983035171875 0.5009768359375 1 0.49133639999999995 1 0.3065006515625
10 1 0.1198795546875 0.9892851703125001 0.11994188593749999 0.684494225 0.1253647484375 0.6808440328125 0.2202813109375 0.7282965156250001 0.23825437031250002 0.73194670625 0.2747313390625 0.7392470875 0.283813421875 0.9377701437500001 0.31875 0.9426562671875001 0.31875 0.9527832609375 0.3172445234375 0.96008364375 0.3007778640625 0.9874600749999999 0.3006186078125 1 0.2939463703125 1 0.1198795546875
10 0.559375 0.36302672812500003 0.5791119015625 0.3703125 0.587591875 0.3703125 0.6726851 0.340298353125 0.678160384375 0.33479177187500003 0.676335290625 0.2764052625 0.7296875 0.2618690890625 0.7296875 0.25099177500000003 0.7274379640624999 0.23413505156249997 0.6836356718750001 0.2234404 0.670860003125 0.20526561718749997 0.6343580953125001 0.20365304687500002 0.5996812796875 0.21297932187500002 0.559375 0.2821517453125 0.559375 0.36302672812500003
10 0.559375 0.21398337343749999 0.5871766609375 0.21514539843749997 0.678431434375 0.20184017656250003 0.6802565281249999 0.12883315312500002 0.6857318171875 0.123326571875 0.8864923203125 0.1221587 0.8791919374999999 0.0455549421875 0.8664162703125001 0.0438043484375 0.559375 0.0792354234375 0.559375 0.21398337343749999
9 0.389758753125 1 0.3749937875 0.9023169531249999 0.18429446249999998 0.9124483437500001 0.1252471328125 0.9204102171875 0.13865856875 1 0.389758753125 1
9 0.045695359375 0.5296875 0.029391564062499997 0.650952228125 0 0.747028415625 0 0.777269640625 0.18910185 0.834375 0.19195788125 0.834375 0.2546875 0.5463214234375 0.2546875 0.5444628734375 0.1999489390625 0.5296875 0.045695359375 0.5296875
9 0.559375 0.5296875 0.4694102125 0.5296875 0.5117753984375 0.6859375 0.5383660640625 0.6859375 0.559375 0.6851239953125 0.559375 0.5296875
9 0.393732434375 1 0.4389543921875 0.9468829390625 0.21543410000000002 0.7234483328125 0.06947244218750001 0.9115157968750001 0.1884162359375 1 0.393732434375 1
9 0.559375 0.713148940625 0.4580096875 0.69902145 0.40001800625 0.69175759375 0.354663765625 0.688260984375 0.25164236406249996 0.6895633812499999 0.2654149953125 0.771837325 0.310579196875 0.8106317328125 0.47933220781249997 0.7896067906249999 0.49876062499999996 0.8703032484375001 0.55485820625 0.8676782187500001 0.559375 0.8604067140625 0.559375 0.713148940625
9 0.2932068578125 0.5296875 0.25378270625 0.545209325 0.219844828125 0.7361076828125 0.2275285265625 0.7514613375 0.4913231359375 0.62410156875 0.4722463875 0.55042543125 0.46023556093750007 0.5296875 0.2932068578125 0.5296875