5 0 0.409375 0.1062094828125 0.409375 0.1062398234375 0.40928211875000003 0.1140625 0.3950249828125 0.1140625 0.3841138359375 0.1128752671875 0.366883021875 0.10504651250000001 0.36245195625000004 0.0701685828125 0.3608932609375 0.035290653125 0.359334565625 0 0.366874159375 0 0.409375
10 0.694000309375 0 0.68003919375 0.0686910046875 0.680011078125 0.0819770625 0.6822026921875001 0.088335584375 0.701911034375 0.1125 0.7106240578125 0.1125 0.7111091843749999 0.112434228125 0.7594902546875 0.087971465625 0.7641359109375 0.08001749531249999 0.7635516843750001 0.0632977140625 0.7686378515625 0.0538598875 0.7778495 0.04976273125 0.78083621875 0.0506947453125 0.7866784375 0.06289428281250001 0.7921769968750001 0.065258653125 0.804695590625 0.05716734531249999 0.8269288249999999 0.0311924828125 0.8336395640625 0.011885156249999999 0.8221503859375 0.0071649984375 0.8215724109375 0.0047147890625000004 0.8258190328125 0 0.694000309375 0
10 1 0 0.8429024328124999 0 0.8415205265625 0.000707465625 0.8343973953124999 0.0082125953125 0.8303640796874999 0.0196002890625 0.8306046421875 0.026484904687499998 0.8349019546875001 0.036743159375 0.85880194375 0.0584688484375 0.8703832874999999 0.079917371875 0.8759677625 0.084740534375 0.8869820640625001 0.089961034375 0.9906658421875001 0.1545801640625 1 0.158748884375 1 0
10 0.7419156375 0.409375 0.75845490625 0.3827446390625 0.762711603125 0.37774980468749997 0.7713968265625001 0.3726777171875 0.77982430625 0.360229253125 0.8168692765625 0.29315519375 0.8337070484375 0.267766509375 0.835978328125 0.26231425 0.8348161296875001 0.24314426249999999 0.8368296609375001 0.23031562968750002 0.853125 0.1872401125 0.853125 0.1857779859375 0.83963673125 0.169743525 0.796969784375 0.1463769828125 0.771999759375 0.12220966874999999 0.77077508125 0.11534222031250001 0.8164256109375 0.055006853125 0.8148635203125 0.0525738140625 0.8099772999999999 0.05364316718749999 0.7960512609375 0.06372725781250001 0.790198109375 0.0653055359375 0.783268671875 0.050172618749999995 0.7783137218749999 0.0492749375 0.7657779453125 0.0568744875 0.76396435625 0.06133464843749999 0.7650234578124999 0.077554084375 0.76131036875 0.0840156125 0.662294134375 0.13888515937499998 0.6499301875000001 0.151402290625 0.64311635 0.16775906875 0.6431975828125001 0.19826524843749999 0.6550976078125 0.3274689171875 0.6589091109374999 0.3520053296875 0.6636641187500001 0.3612714828125 0.6780087984375001 0.3772591640625 0.6961524828125001 0.3892441078125 0.6998776859375 0.409375 0.7419156375 0.409375
10 1 0.180157471875 0.9393028109374999 0.20442672968750003 0.9319391156249999 0.20504724218749998 0.9195345546875 0.20231128593749997 0.9005957671875 0.19575285 0.8917558953124999 0.1963991140625 0.8775439953124999 0.2123928875 0.8696429437500001 0.2258162859375 0.864333396875 0.22886125468750002 0.858211565625 0.23684097343750002 0.8513461781250001 0.251722478125 0.8515180093750001 0.256640059375 0.8619027890625001 0.257935078125 0.8844000171874999 0.2536061625 0.9231367468749999 0.29131095 0.9328767843750001 0.2953125 0.9490896 0.2953125 1 0.27427371875 1 0.180157471875
10 1 0.15747784375 0.98821243125 0.1511334703125 0.939926640625 0.1219602484375 0.8970706796875 0.093184365625 0.8730051109375001 0.08081066718749999 0.8583855 0.0569548546875 0.8405964078124999 0.041027259375 0.8335701234374999 0.037213365625 0.7693650828124999 0.1160785515625 0.7705553984375 0.1219624828125 0.7985293203125 0.1475535703125 0.8337466609374999 0.169081834375 0.9280627812500001 0.20625 0.9375843984374999 0.20625 0.9384364218750001 0.20612816718750002 0.9554350875000001 0.19943488125 1 0.1780427765625 1 0.15747784375
10 1 0.27456288125 0.9529621828125 0.294651175 0.9466341546875 0.29672979375 0.9348075640625 0.2964440453125 0.922826328125 0.2917324703125 0.8861437484374999 0.256452140625 0.8767087203124999 0.254156440625 0.8556876671874999 0.2584596046875 0.851665284375 0.25606948281249997 0.8520026953125001 0.2516350734375 0.8616829671874999 0.2327680015625 0.8731658953125001 0.22321858749999998 0.8790987140625 0.20982952500000002 0.8894085109375001 0.1948879359375 0.8888477203124999 0.1929294875 0.880820134375 0.18864100156250002 0.8644275546875001 0.18449843906250002 0.8581510734375 0.188052334375 0.849603315625 0.197058490625 0.8358038109375 0.22485446250000002 0.8333497671875 0.23916695468750002 0.8345635140625 0.2598122171875 0.84806779375 0.29402070625 0.8662864609375 0.3222422546875 0.8798641546875 0.3303703859375 0.8942369515624999 0.33307200937500003 0.9022989015625 0.3383440140625 0.9072194890624999 0.338258175 0.919297571875 0.3316507265625 0.9403592406250001 0.3426006515625 0.9526435218749999 0.3418943015625 0.961855171875 0.3377971453125 1 0.310909303125 1 0.27456288125
2 0.43816265000000004 1 0.441622659375 0.9910906296875 0.44752097187500006 0.9706131484375 0.4580941296875 0.9555492671875001 0.48487947656249997 0.9307033046875001 0.490625 0.9184733656249999 0.490625 0.9084920609375 0.4689314203125 0.89454989375 0.426067746875 0.873676865625 0.3471116203125 0.8400841671875 0.29727098750000003 0.8146166312500001 0.2636973484375 0.80205701875 0.24615208125 0.7923501734375 0.2399335703125 0.7911827046875001 0.2332439265625 0.7946191421875 0.22950649531249998 0.8001739484374999 0.21960535781249998 0.8272512953125 0.20565755000000002 0.8427764984374999 0.20085854374999998 0.8525115359375001 0.195258509375 0.8855579656250001 0.19505888124999998 0.9138310296875 0.1906287671875 0.9431868062500002 0.187315034375 0.9910523578125 0.1858958953125 1 0.43816265000000004 1
0 0 0.9437507593750001 0.0222843296875 0.9381907546875 0.1404782171875 0.9186707312500001 0.140625 0.914399096875 0.140625 0.87786790625 0.12101182343750001 0.8456735078125 0.0299011390625 0.8379530374999999 0 0.8346356625 0 0.9437507593750001
0 0 1 0.1768446421875 1 0.17275718906249998 0.9716294093750001 0.1501499140625 0.9293248843749999 0.1246006140625 0.9260923609375 0.061405074999999996 0.9397752562499999 0 0.9467489296875 0 1
1 0.0580934234375 0.409375 0.054268043749999995 0.41073607343749996 0.0100681234375 0.45040424999999995 0.0301107 0.46615863125 0.026734435937500002 0.47334536250000003 0.06095170625 0.5157440609374999 0.1376199765625 0.6078223671874999 0.165571659375 0.6443524046875 0.22858871718749998 0.7046709437500001 0.338715390625 0.8207574296875 0.3716503140625 0.8498810609374999 0.41281245312500003 0.86875 0.4154523375 0.86875 0.453642621875 0.85380415 0.5149957984375 0.8168349640624999 0.55 0.7931049781249999 0.55 0.4481904796875 0.536417725 0.44234005156249995 0.45901095625000005 0.41425195937500003 0.44370006406250007 0.434839259375 0.42235897187500004 0.4730638671875 0.389643271875 0.53470026875 0.34300443281250004 0.525944259375 0.2798250578125 0.47237309375000003 0.226324078125 0.43261053125000004 0.1983413390625 0.409375 0.0580934234375 0.409375
2 0.1798216796875 1 0.1892527984375 0.939087984375 0.19546148125 0.847449240625 0.2118558671875 0.8317577125 0.2312288203125 0.792120859375 0.3640625 0.8477354234375 0.3640625 0.8475029781250001 0.323423 0.8047371 0.27169130625000004 0.7580074859374999 0.206203 0.7837728828125 0.16265233437499999 0.7964515671875001 0.1519269828125 0.7928738624999999 0.16218576093749998 0.8990744187499999 0.1769568640625 1 0.1798216796875 1
2 0.1417728 0.663459246875 0.1270928984375 0.6494937171874999 0.0968951703125 0.6813632187499999 0.0776479953125 0.699126028125 0.049779571875 0.7340397 0.016747328125 0.7755438171875 0.0367899046875 0.7912981984374999 0.0415662140625 0.8091395234375 0.037666467187500004 0.8214417031250001 0.0499176375 0.828173415625 0.07375131093750001 0.8765625 0.0742567734375 0.8765625 0.093099053125 0.8474898390625001 0.09788344375 0.8317041343749999 0.11221026406250001 0.8104107109375001 0.15209446875 0.758722784375 0.1640625 0.753975975 0.1640625 0.7498950437499999 0.154395321875 0.7130132515625001 0.16223135 0.7035355609374999 0.15737388593749999 0.689067925 0.1417728 0.663459246875
2 0.55 0.888080165625 0.52042444375 0.8769344140625 0.4585639546875 0.851764990625 0.4237705015625 0.8666091281250001 0.4904884546875 0.9062461921875 0.47770572343750006 0.9382569593750001 0.4572127359375 0.9578713703125 0.442929425 0.9875 0.4443949265625 0.9875 0.493126221875 0.9630496734375 0.5222141031249999 0.9523480937500001 0.55 0.9380746156249999 0.55 0.888080165625
2 0.55 0.977663090625 0.5481172515625 0.95637236875 0.5491276734375 0.9310147984375 0.4972540375 0.973413290625 0.4622617328125 0.9798781328124999 0.44137104843749997 0.982733946875 0.4358977734375 1 0.53346134375 1 0.55 0.9816465671875001 0.55 0.977663090625