0 0 0.3890625 0.11153605625 0.3890625 0.24324842812499997 0.3569234421875 0.249082803125 0.35441522812500004 0.2625582515625 0.34382740312500004 0.27821181875 0.34040457968750004 0.2796875 0.3240258265625 0.2796875 0.301415175 0.27826140312500003 0.27458020781250003 0.270302271875 0.2379909546875 0.260779296875 0.21530075 0.2548020671875 0.212910346875 0.24148901406249998 0.212185625 0.2285240671875 0.20651655624999998 0.22181585781250002 0.20625 0.22035108750000001 0.20625 0.16211594375 0.2082814265625 0.0845443171875 0.2155068515625 0.011768003124999999 0.2183560796875 0 0.22067384531249998 0 0.3890625
0 0.175104171875 0.1377770015625 0.10353456875 0.11448064218750001 0.095664928125 0.11472246875 0.0773227421875 0.127237184375 0.05587765625 0.13463780625 0.051601875 0.13994799687499998 0.047154665624999995 0.1393798484375 0.0411202953125 0.13503 0.033307796875000004 0.137231271875 0.0229638203125 0.15391291406250002 0.015117496875 0.17183548906249999 0.0121522 0.1883210359375 0.036857325 0.191422984375 0.038935446875 0.1951589546875 0.0357558671875 0.2042965765625 0.0310176953125 0.2106322203125 0.023481875 0.2054398390625 0.008190698437500001 0.2044081796875 0.00960118125 0.21901256562500002 0.2249129359375 0.2082899578125 0.2423679484375 0.2159967578125 0.2590891484375 0.21542164375 0.2646897015625 0.2217766703125 0.2690887984375 0.23757625781249997 0.2714067609375 0.2390625 0.2737267171875 0.2390625 0.2763817671875 0.2344409921875 0.2796875 0.2191613453125 0.2796875 0.199326809375 0.2770456265625 0.1896806671875 0.2714307890625 0.18283577812500001 0.2523743296875 0.170857415625 0.216959059375 0.15499968125000002 0.2030836203125 0.151871384375 0.175104171875 0.1377770015625
0 0.23270356718750002 0 0.20002238437500003 0.026833665625000003 0.178472046875 0.0475062796875 0.15430977031249998 0.0630190671875 0.137469034375 0.076376315625 0.0996546328125 0.1132996140625 0.1096452515625 0.11826334062499999 0.1722490125 0.137974096875 0.1982217640625 0.15078181562499998 0.223069740625 0.15878238125 0.252236359375 0.1629423421875 0.2925203828125 0.171875 0.2977935234375 0.171875 0.3139777390625 0.1699624265625 0.31961855156249996 0.171875 0.3306810859375 0.171875 0.3366047375 0.16932840625 0.342844359375 0.16383529218749998 0.3574641203125 0.141843459375 0.3789821078125 0.0862992125 0.3828125 0.07257546875000001 0.3828125 0.057645426562500005 0.3710372625 0.0501998234375 0.362781915625 0.0372153859375 0.35469799375 0.030109290625 0.306127546875 0 0.23270356718750002 0
0 0.0120350765625 0 0 0.0101605359375 0 0.0861389859375 0.0086231203125 0.09612533437500001 0.027083367187500002 0.121421421875 0.0427459671875 0.135189484375 0.0454368375 0.1359375 0.05220561875 0.1359375 0.05691236875 0.1314139890625 0.083686584375 0.121061025 0.12897966249999998 0.087370659375 0.197210246875 0.02993131875 0.23000980000000001 0.0067373171874999995 0.2376232875 0 0.0120350765625 0
0 0 0.18469523906250002 0.007432917187500001 0.1859375 0.012936795312499999 0.1859375 0.0140625 0.1789321296875 0.0140625 0.1736511046875 0.009418525 0.17241184062499998 0 0.1726052703125 0 0.18469523906250002
7 0.8916671 0.2239919921875 0.88599351875 0.2538559796875 0.8836654249999999 0.290599215625 0.885772871875 0.3126775453125 0.9047180781249999 0.3397413546875 0.9024633109375 0.34548753906249996 0.9044227734374999 0.3612207765625 0.9093400781250001 0.365625 0.9279596234374999 0.365625 0.9346973078125 0.3619330828125 0.9405003749999998 0.33762105 0.953733675 0.3246233765625 0.9621244749999999 0.3088416109375 0.9764088390625 0.1702046984375 0.9828125 0.156954853125 0.9828125 0.149782784375 0.9761122046875 0.1233449171875 0.9504766906250002 0.1166922 0.9257839125 0.116319828125 0.9035863734374999 0.1205120453125 0.8943453296874999 0.1339791421875 0.8916671 0.2239919921875
7 1 0.19464604531250002 0.9748378765624999 0.1949831890625 0.9671308390625001 0.20594139218750002 0.9650055578125001 0.217239528125 0.9654495109375001 0.236274796875 0.9688874875 0.24711973125000003 0.9679084218749999 0.2734227109375 0.9911226875000001 0.2786833875 1 0.278276953125 1 0.19464604531250002
7 0.7167966890624999 0.3890625 0.7207367453125 0.3861705125 0.7286842546875001 0.38552308125 0.7293495203125 0.3799063828125 0.739570296875 0.374305903125 0.7441723203125 0.3667792203125 0.752876921875 0.330311171875 0.7511394359375 0.3240955703125 0.7438201937500001 0.31754003124999997 0.743524225 0.3048498515625 0.7544657593749999 0.2960120859375 0.7730218421874999 0.2722504375 0.7796875 0.25526328125000003 0.7796875 0.24607695000000002 0.7713576828125 0.2350377796875 0.7544089375 0.225293478125 0.7327656765625 0.2191101796875 0.7113813875 0.2240307890625 0.6960043109375 0.24753346718749997 0.68173645 0.284454715625 0.6649925125 0.351774115625 0.6626089234375 0.3861379453125 0.6634264421875 0.3890625 0.7167966890624999 0.3890625
7 0.82939149375 0.205378275 0.7464803984375 0.3035164546875 0.7482918765625 0.312904603125 0.7793988234375 0.3493080375 0.79727180625 0.36453955 0.8052748109374999 0.3662715265625 0.8162163453125 0.3574337609375 0.823867890625 0.34409615 0.8564890171874999 0.308858353125 0.8864299234375 0.2611246078125 0.8913272515624999 0.23211849999999998 0.8914184140625 0.16774498124999998 0.8716051281249999 0.17174296718749998 0.84881631875 0.184724428125 0.84676503125 0.1991951078125 0.82939149375 0.205378275
7 1 0.27907130625 0.9671622390625 0.27441395625 0.961285178125 0.2955534421875 0.9616181421875 0.30982989375000003 0.9508800859375001 0.3273921578125 0.93919929375 0.338674075 0.939365775 0.3458123015625 0.9465370359375 0.34602275 1 0.3404655953125 1 0.27907130625
7 0.9932498390625 0.3890625 0.941454725 0.36709749375 0.9111986890625001 0.36717832499999997 0.909738671875 0.37285976249999997 0.91644814375 0.3874114078125 0.9179353765624999 0.3890625 0.9932498390625 0.3890625
9 0 0.9284156281249999 0.0127253546875 0.925368559375 0.028342720312500003 0.920649934375 0.041287734375 0.9153287296875 0.0604047046875 0.90870113125 0.076695290625 0.9043530875 0.08948110625 0.9016940828125 0.097652146875 0.9006196890624999 0.10831248281250001 0.8983856265625001 0.1109375 0.88097800625 0.1109375 0.8507668796875001 0.1108785328125 0.8493218078125 0.1087502609375 0.833385659375 0.1087801109375 0.8159138031250001 0.107853175 0.8136218968750001 0.068888215625 0.8191116968750001 0.0386511859375 0.8255795921875 0 0.8298682734374999 0 0.9284156281249999
9 0.22241157500000003 0.7314154421875 0.200511521875 0.741201609375 0.1839745703125 0.74878721875 0.1659628640625 0.7537154140625001 0.14743775312500002 0.7568228984375001 0.1317307296875 0.7596358734375 0.141649178125 0.771016975 0.14493738125 0.7807480328125 0.152545746875 0.7940106250000001 0.1687561046875 0.812700221875 0.177254584375 0.8237611359375 0.184791825 0.8339853156250001 0.1908379390625 0.8408509046875 0.1958617078125 0.8484375 0.1979532265625 0.8484375 0.2541849578125 0.8316534390625 0.284899559375 0.8162602015625 0.3077006484375 0.8047397828125 0.3109375 0.8026785390625001 0.3109375 0.800161690625 0.3052095875 0.7888337421875 0.297585225 0.7849446375 0.278824440625 0.767927346875 0.2549185953125 0.7423102421875 0.23566075937500003 0.7241734234375 0.22241157500000003 0.7314154421875
9 0.459375 0.6122213078125001 0.41613261875 0.598056359375 0.3564802265625 0.5742664265624999 0.3085051875 0.555014165625 0.30246554375 0.5618146656249999 0.29158459375 0.573645296875 0.276341771875 0.593334965625 0.2284464328125 0.6481062312500001 0.24268376093750002 0.6560779515625 0.2630375015625 0.6605314609375 0.286833290625 0.6707945546875 0.3430629046875 0.6895954421875 0.39165186875 0.7174205953125 0.411973925 0.721875 0.4134474453125 0.721875 0.459375 0.6560445953125 0.459375 0.6122213078125001
9 0.459375 0.933667046875 0.38219973125 0.8632021703125 0.3169515609375 0.877912096875 0.275339490625 0.8862063609374999 0.27211222031250004 0.886902325 0.309788840625 0.94143010625 0.34207207031250003 0.9810981890625001 0.347933246875 0.9851485390625001 0.36191260625 0.9818941828125001 0.3573979875 0.9891809390624999 0.3664313484375 1 0.3695622765625 1 0.45295459843749997 0.9759664625 0.459375 0.9733985281249999 0.459375 0.933667046875
9 0.20453826249999998 1 0.240070740625 0.9846774953124999 0.27010711249999997 0.96314144375 0.3027440921875 0.9325350499999999 0.289971646875 0.9190722109374999 0.2773299515625 0.91119484375 0.2630100640625 0.9002933765625001 0.2502002640625 0.8852347218750001 0.23858371250000002 0.8696514375 0.2199936546875 0.8479980375 0.1526674921875 0.885848425 0.154616225 0.8876251749999999 0.1919357140625 0.9197192281250001 0.20432597343749997 0.9340218390625001 0.19133082031249998 0.9453783171874999 0.1462108453125 0.9748897218749999 0.1665804734375 1 0.20453826249999998 1
9 0.0992073921875 1 0.1294197546875 0.9854397046875001 0.203125 0.9349211046875 0.203125 0.93388673125 0.119607153125 0.8580858390625 0.1126658375 0.86244686875 0.108505665625 0.8988396609375 0.0761007671875 0.9050257421874999 0.0086808984375 0.926069353125 0.0233650046875 0.9525302546875001 0.0482295734375 0.9847261312499999 0.06270862031249999 1 0.0992073921875 1
9 0.02213084375 0.6706704531250001 0.025673790624999998 0.6928673937500001 0.022034084375 0.7052836 0.019789926562499997 0.712739640625 0.04508845625 0.6956527749999999 0.047304509375 0.6869960734375 0.063800496875 0.6684219375 0.06391940625 0.6605862421875 0.07793236406250001 0.6392626265625 0.06531045156250001 0.5712666453125 0.0571990265625 0.5721143484375 0.012652732812500001 0.614490734375 0.018608443750000002 0.6364355234375 0.02213084375 0.6706704531250001
9 0.235222825 0.634062290625 0.2370007109375 0.6233816125 0.23666138750000001 0.6088856874999999 0.232661184375 0.5999118296875 0.197358859375 0.593214275 0.144413359375 0.583812434375 0.1009242609375 0.5798807265625 0.0971995484375 0.6113509765625 0.0956862703125 0.650663115625 0.09348566875 0.6779376203125 0.1505336265625 0.6893326015625 0.2371355453125 0.698446296875 0.233268009375 0.689162890625 0.23042574375 0.6716993812500001 0.230190103125 0.661632771875 0.2299827390625 0.6527741406249999 0.2298507796875 0.6471368484375001 0.235222825 0.634062290625
0 0.6003476140624999 0.3890625 0.597140675 0.3930794890625 0.52168971875 0.4382900390625 0.5217494203124999 0.4442890359375 0.528740209375 0.46058675000000004 0.54745485 0.490543534375 0.5546506765625 0.49833420625 0.5590993609375 0.5087054765625 0.5737887453124999 0.51677719375 0.5783034218750001 0.517145303125 0.5979505546875 0.5035694609375 0.627169865625 0.4912140328125 0.6357223796875 0.48146289062500003 0.6629424171875 0.4636652203125 0.6775320468749999 0.449237071875 0.6879911375 0.44393076249999996 0.692538809375 0.4392972890625 0.695490990625 0.4282096453125 0.6927037890625 0.41428937968749996 0.7009452171875 0.4065475765625 0.7074191093750001 0.395857065625 0.70902679375 0.3890625 0.6003476140624999 0.3890625
0 0.5523206234375 0.5113966765625 0.542854490625 0.516673965625 0.5404781359374999 0.523244221875 0.5468538109375001 0.5650630640625 0.5654097640625 0.6040255968749999 0.5827009546874999 0.6240227484374999 0.59177833125 0.628125 0.5984794171875001 0.628125 0.6054133796875 0.6273594140625001 0.644515959375 0.6142150625 0.6772703390625 0.6077570546875 0.6888017375000001 0.5979188484375 0.7075619578125 0.59086973125 0.71966918125 0.5765141390624999 0.725 0.5613712125 0.725 0.53091795 0.7180525078125 0.505552625 0.7127035578124999 0.49620778750000005 0.69731894375 0.48065546562500006 0.6831155359375 0.4796875 0.6695594703125 0.4796875 0.660440321875 0.48023315 0.6308502218750001 0.488598921875 0.5931113906250001 0.505703909375 0.583287825 0.5124918296875001 0.571418634375 0.5133387984375 0.5523206234375 0.5113966765625
0 0.7871141015625 0.446223071875 0.7852672249999999 0.4477772390625 0.812257059375 0.5024952453125 0.8232597500000001 0.5351777375 0.8291084609375 0.5453125 0.8327833578125 0.5453125 0.8412721062500002 0.5361514671875 0.8528694953125001 0.5163100968750001 0.865936684375 0.5069270640625 0.8671875 0.5049719109375 0.8671875 0.5012880140625 0.857952934375 0.49065837187500005 0.8515513234375 0.47534356093749996 0.8433625375 0.4675819109375 0.8340087468749999 0.4633547453125 0.8107998437500001 0.4600325890625 0.7871141015625 0.446223071875
0 0.7001930171875 0.42532375 0.696095478125 0.42944400624999995 0.6655728875 0.4813424015625 0.690350575 0.48011815 0.6991151890625 0.4833624140625 0.707443021875 0.4926201859375 0.72018654375 0.5172508109375 0.7223248640625 0.5241891781250001 0.7239407671875 0.5576460843750001 0.717976709375 0.573822375 0.705604746875 0.5906860140625 0.7131116578125 0.5964673453125 0.7249478546875 0.600621959375 0.7429869124999999 0.6125962671874999 0.770960996875 0.6265625 0.7736580546875 0.6265625 0.7775685265625001 0.6150859625 0.7976854328125 0.5904950343750001 0.8060659062500001 0.5842493531249999 0.80920348125 0.5751565375000001 0.8192454359375001 0.5653618625 0.825 0.5550838828125 0.825 0.5545515062499999 0.82047643125 0.55182421875 0.8202446890624999 0.549330684375 0.825 0.5462368468750001 0.825 0.53644560625 0.8243618734375 0.53470855625 0.8200192375 0.5308349875 0.8188275296875 0.5233688921875 0.792658615625 0.47212732500000004 0.70759388125 0.42460738124999997 0.7001930171875 0.42532375
0 0.496971009375 0.3890625 0.49626979374999997 0.3942226984375 0.484069875 0.4075808765625 0.46478017656250004 0.41964608437499995 0.459375 0.4218749796875 0.459375 0.4841723625 0.46745580625 0.480575415625 0.5045261140624999 0.46699039999999997 0.52263745625 0.4529593828125 0.5237097609375 0.44842748749999994 0.5218361796875 0.4389810734375 0.523901446875 0.43442015468750006 0.5311632640624999 0.4322076640625 0.54375 0.4241872640625 0.54375 0.41233094374999996 0.5304540859375 0.3890625 0.496971009375 0.3890625
0 0.722451590625 0.6170141375 0.6836860328125001 0.6016451203125 0.630324553125 0.6167064109375 0.61548983125 0.6231407328125 0.6067982734374999 0.631395753125 0.60212490625 0.64003339375 0.6005364765625 0.655081671875 0.5960618578125001 0.671214428125 0.5953603421875 0.6797359828125 0.5976047109375 0.6931720515625 0.5945268390624999 0.7082638609374999 0.60273680625 0.78053285625 0.6189360515625 0.8155637765625 0.635777109375 0.8360741468749999 0.6414701421875 0.8384080624999999 0.6419468296875 0.8390625 0.6532975421875 0.8390625 0.6802107640624999 0.83827589375 0.710367859375 0.808390896875 0.7338477937500001 0.793202846875 0.7582609875 0.7719867796875001 0.76817725 0.766196271875 0.7941529375 0.7564359578125 0.796875 0.7537440234374999 0.796875 0.7501867062500001 0.790346075 0.731544134375 0.7561871171875 0.680036034375 0.7535389640625001 0.667611890625 0.75496870625 0.661569359375 0.7322688656249999 0.6262283765625 0.722451590625 0.6170141375
0 0.459375 0.7109375 0.466118625 0.7109375 0.473528109375 0.7105008375 0.49788866406250004 0.7047882203125 0.5336879203125 0.688239984375 0.5837657140625 0.6592729421875 0.5920534921875 0.6520298453125 0.5953125 0.6464098296875 0.5953125 0.64048555625 0.59168899375 0.6320380296874999 0.57436480625 0.6170424578125 0.5643487859375 0.6003331046875 0.553094709375 0.5756589437499999 0.5427605390625 0.5394564796875 0.5320492921875 0.5152665187500001 0.510375409375 0.474894928125 0.5050398125 0.47105038125 0.482122353125 0.476220759375 0.459375 0.485509796875 0.459375 0.7109375
0 0.6745502968749999 0.58901564375 0.675324871875 0.591993375 0.6846920125 0.6017208328125 0.7069676546875 0.6110710046875 0.7291309578125 0.629925634375 0.7546046437499999 0.6736865953125 0.7588204203125001 0.6796875 0.7628094453125 0.6796875 0.7733381609375 0.655636903125 0.7734375 0.6526841375 0.7734375 0.6277551765625 0.7654533984375 0.624363465625 0.7345718328124999 0.6027632765625001 0.7109324421875 0.58945246875 0.691755084375 0.5920132234375 0.6760397421875 0.5889721109374999 0.6745502968749999 0.58901564375
0 0.5649928171875 0.8415291234375001 0.63170415625 0.83957931875 0.6342659046875 0.8350038906249999 0.6319885390625 0.8265694015625 0.606111065625 0.783820365625 0.6024762421875 0.7554230828125 0.59461189375 0.7511523812500001 0.5734949625000001 0.7542698875 0.5552445765625 0.7668047828125 0.5264753953125 0.778646990625 0.51849870625 0.7838807484375 0.5030614546875001 0.783831878125 0.5004997062500001 0.7884073062500001 0.5047433515625 0.8072856218750001 0.5154145421875 0.81497471875 0.5282436984375 0.8191003078125 0.5413509453125 0.82621814375 0.5649928171875 0.8415291234375001
0 0.5943660296875001 0.7056539515625 0.5966363359375 0.692585990625 0.5936833859374999 0.666169025 0.5912803265625 0.6617387046875 0.586487559375 0.658378353125 0.5800796578125 0.659065703125 0.54614063125 0.6795600625 0.5061511390625 0.699231140625 0.498949021875 0.707442628125 0.498929378125 0.7179445 0.5018886203124999 0.7283593046875 0.512401121875 0.7450541484375 0.5222647453125 0.7547670953125 0.537622653125 0.7593188390625001 0.5649754453125 0.7590194484375 0.5902826140624999 0.7527791031250001 0.59830565 0.748044053125 0.5995963468750001 0.740505403125 0.5943660296875001 0.7056539515625
0 0.459375 0.745178371875 0.4616673859375 0.7455368468750001 0.466460153125 0.7488971984375 0.4771973359375 0.7465831296875 0.48667681875 0.7468061296874999 0.49539508281250005 0.7495516875 0.5056821328125001 0.7477508375 0.5065093453125 0.735225115625 0.4990087234375 0.713441625 0.47409198750000003 0.7131697562499999 0.46886244218749995 0.715822909375 0.459375 0.7137657187500001 0.459375 0.745178371875