5 0.12467623125 0.6296875 0.10960960312500001 0.6103632421875 0.1021350015625 0.60623790625 0.1026392703125 0.6014413875 0.10844937031249999 0.5938924484375 0.10894435 0.5875001828124999 0.0938434515625 0.5531856859375 0.0815115640625 0.537441784375 0.06498454375 0.532410459375 0.050521034374999996 0.5161717828125 0.06159671875 0.4989555296875 0.07062437187500001 0.49560620312500003 0.0742533171875 0.479051846875 0.071038859375 0.4753841515625 0.0651823234375 0.4749543671875 0.0534320984375 0.46771182031249997 0.046443190625000005 0.4555984765625 0.020223265625 0.431053421875 0.0143667296875 0.4306236390625 0.0037488765625000005 0.4350646484375 0 0.437663971875 0 0.5862140828125 0.0019736328125 0.58723873125 0.0180675890625 0.6093006203125 0.0223803625 0.6188008093749999 0.028243092187500003 0.620294425 0.0399221109375 0.6153029296875 0.047517728125000006 0.6296875 0.12467623125 0.6296875
2 0 0.3882457625 0.04573763125 0.37817252031250004 0.0600773046875 0.3731346015625 0.06641334531250001 0.3645125484375 0.0758523890625 0.34040925624999996 0.0857152109375 0.29767965625000004 0.0644361609375 0.2991148703125 0.041594775 0.3064290015625 0 0.31286006875 0 0.3882457625
2 0 0.3091712484375 0.0022741296875000002 0.309375 0.025501403125 0.309375 0.033957303125 0.3088149875 0.052560215625 0.304766621875 0.065625 0.29849437343749996 0.065625 0.292675059375 0.0160347640625 0.24688733593749998 0.010066776562500001 0.22730861562500002 0.0025519296875 0.2162683875 0 0.21567605156249997 0 0.3091712484375
2 0.24227289531250001 0.6296875 0.2617164125 0.6197855328124999 0.2712421390625 0.6105758578125 0.28338518281249997 0.5938729515625 0.3102049921875 0.5386122015625 0.3195666390625 0.5012110359374999 0.3390625 0.4788989953125 0.3390625 0.43385894062499997 0.333361446875 0.402556096875 0.3063895859375 0.34025436875000004 0.2972597703125 0.3260505046875 0.2854847796875 0.31455263906250003 0.27267029374999996 0.3073286609375 0.25402094218750004 0.3033983046875 0.238499359375 0.2882420265625 0.19215752656250001 0.2810710625 0.1415338765625 0.2697190578125 0.11591728750000001 0.2573987625 0.10632654687500001 0.255438225 0.10263877968749999 0.26188619687500003 0.092779053125 0.3051477109375 0.061757921874999996 0.37005720468750003 0.0543452375 0.37657016875 0.0459363984375 0.39480382812500003 0.036509740624999995 0.42103478125000005 0.03605190625 0.4338100234375 0.0334407875 0.442367084375 0.054852957812500006 0.4638042109375 0.062324459374999995 0.46739763125 0.079968371875 0.481452940625 0.0890393671875 0.485550421875 0.0971234953125 0.50296434375 0.10404119687499999 0.50284364375 0.10408453749999999 0.5102904515625 0.089822259375 0.5286262421875 0.0861530703125 0.538265703125 0.0883249359375 0.545675371875 0.09583359062499999 0.555651771875 0.11359514531249999 0.589919846875 0.1808665515625 0.627047859375 0.1911363671875 0.6296875 0.24227289531250001 0.6296875
9 0.7357691625 0.085378746875 0.6932261140625 0.1826756734375 0.68125 0.24435934375 0.68125 0.24591681875 0.7016176109375 0.26581079218750003 0.7464613671875 0.2975425390625 0.8166682765625 0.3419235703125 0.81889288125 0.3421875 0.8256581562499999 0.3421875 0.8420789046875001 0.3129804890625 0.8735170140624999 0.2936003453125 0.9220558890625 0.2335945984375 0.9505039968750001 0.188636803125 0.9563219828125 0.1672735125 0.9660458328124999 0.1554855640625 0.9765625 0.130501540625 0.9765625 0.1260634671875 0.9762836359375001 0.12236533125 0.8193146562500001 0.02516834375 0.79419265625 0.0157170390625 0.7821060421875 0.024319412500000002 0.7499128328125 0.06183385625 0.7357691625 0.085378746875
2 0.6390056625 0 0.6372016953124999 0.0025596578125000003 0.595975178125 0.0187976359375 0.564601625 0.053107896875000005 0.56850749375 0.0626832375 0.628412040625 0.125254384375 0.6837360046875001 0.19745048437499998 0.690261609375 0.1995452609375 0.7194002609375 0.12152304843749999 0.759629275 0.0498347828125 0.7381232640625 0.017966596874999997 0.7202354843750001 0 0.6390056625 0
9 0.7260633890625 0 0.7241878359375 0.0020511125 0.7421095140625 0.028607932812499997 0.7625705453125 0.0466181953125 0.76975504375 0.0433768015625 0.7810378265625 0.0241144921875 0.79638724375 0.0165595078125 0.8182464421875 0.0249634234375 0.8408290875000001 0.042961284375 0.86937465625 0.055591965624999996 0.8887261515624999 0.044814192187500004 0.9000893187500001 0.026617875000000003 0.87142705 0 0.7260633890625 0
9 1 0.12688644375 0.9670188484375 0.15420224375 0.95533415 0.168134584375 0.9460767703125 0.20018262187500002 0.9361921515624999 0.209838584375 0.9474116312499999 0.2460327625 0.9707177250000001 0.27362456874999996 0.981808090625 0.2799585140625 0.9945377687499999 0.2798840921875 1 0.2788983921875 1 0.12688644375
9 1 0.2797810578125 0.95609175625 0.290773496875 0.9427031843750001 0.2961840890625 0.9412246359375 0.30472444374999996 0.9868564015625001 0.36098025 1 0.37318635625 1 0.2797810578125
9 1 0.37000988125 0.9876760578125001 0.3577760671875 0.9421246765625 0.302586253125 0.9113929359374999 0.2750378609375 0.8500439984374999 0.3340520328125 0.8506870624999999 0.3425799859375 0.86528138125 0.3531593 0.8721126937499999 0.3733821765625 0.8517649484375 0.399096265625 0.842539221875 0.4034160578125 0.8418803328125 0.4087522296875 0.9080693359375 0.47022017031249996 0.9153183890625 0.48190889375 0.96398763125 0.522149984375 0.980285821875 0.54125105 0.9866506625 0.541213840625 1 0.5297505984375 1 0.37000988125
2 0.8374750859375 0.33625844374999997 0.8251473218750001 0.341662834375 0.8132372984374999 0.3385330703125 0.7072357671875 0.2698326375 0.6789471765625 0.2465358171875 0.6725019515625 0.24550703437500002 0.6549347125 0.2658725484375 0.6373516453125 0.3001021875 0.6097390218750001 0.32799167812499996 0.5891184765624999 0.37823603125 0.5872221859375 0.3953105375 0.6383504 0.42593907968750006 0.6911824859375 0.4650893703125 0.7823485531250001 0.5200125046874999 0.7920724031249999 0.50822455625 0.8317387374999999 0.4290743328125 0.843857003125 0.3927437171875 0.8603634375 0.3723844015625 0.863400915625 0.35636968750000003 0.8374750859375 0.33625844374999997
9 0.5296875 0.370294796875 0.5346154234375 0.37322235 0.551588328125 0.3731231234375 0.58643418125 0.3707864765625 0.5944383359375001 0.3643408984375 0.593312971875 0.3494169859375 0.6007702687500001 0.3216453265625 0.5956890546875 0.19796523125 0.58950080625 0.18627030625000002 0.561904009375 0.200295675 0.5296875 0.20727348750000002 0.5296875 0.370294796875
9 0.55621138125 0.0403593828125 0.558767815625 0.088335309375 0.5728165296875 0.14797515156250002 0.57505143125 0.1916871015625 0.5895811906249999 0.18733629999999998 0.6007361125 0.2086003625 0.6106852890625001 0.2138745171875 0.6299405734375 0.215894871875 0.682418221875 0.2081228265625 0.6871595734375 0.2006298609375 0.6470729921875 0.1475410265625 0.6044470578125 0.10299874843750001 0.586686146875 0.078573915625 0.567366303125 0.061623445312500004 0.56452124375 0.052041903125 0.575145134375 0.0381157625 0.55621138125 0.0403593828125
9 1 0.6296875 1 0.53128593125 0.9958763874999998 0.536894046875 0.9812662453125001 0.5401788546875 0.9399422640624999 0.49882835625000005 0.9152380078125001 0.4808429 0.898859434375 0.460675840625 0.86013936875 0.42570890468749994 0.85369414375 0.4246801203125 0.8112631312499999 0.4953147953125 0.9794515921875 0.6287059609375001 0.9804591 0.6296875 1 0.6296875
9 0.7229921140625 0.54915404375 0.7806617593749999 0.5680132390625 0.8115700921875 0.5838294984375 0.8856499624999999 0.5951275093749999 0.8904229671875001 0.5599063 0.8213730734375 0.5027209359375 0.8114238984375 0.49744678281250004 0.796492221875 0.49646761406250006 0.7871702875000001 0.513585534375 0.7799857890624999 0.516826928125 0.7134436015625 0.47882325468750003 0.6161696703125 0.4132711875 0.6009164625000001 0.40802804375 0.5790585187499999 0.4700107328125 0.7229921140625 0.54915404375
7 0.5296875 1 0.5296875 0.8451693312499999 0.48884674375000003 0.821202415625 0.458924534375 0.8178948421874999 0.44178983125000004 0.81939515625 0.41345405 0.8278037953125 0.37562059531249997 0.8296345984375 0.34497410624999997 0.8397274515625 0.2162143671875 0.9409029656250001 0.178688421875 0.9777782406250001 0.16260488125 0.9905476703125 0.154730828125 1 0.5296875 1
7 0.156360078125 1 0.1589852546875 0.99647598125 0.169866415625 0.9861379250000001 0.177379503125 0.9820223359375 0.18670056875000002 0.9708329546875 0.21259473906249998 0.9468312765625001 0.2140625 0.9434986328124999 0.2140625 0.9412097390625 0.2116806875 0.9370320453125001 0.1851265484375 0.9275020015625 0.1724498203125 0.9132991125000001 0.1645579421875 0.9080625640625 0.15645071875 0.905808653125 0.1495968375 0.9064087781250001 0.1264440703125 0.9227609703125002 0.092338103125 0.9380963671875 0.056332756250000005 0.959525634375 0.0198053078125 0.9859402515625 0.0052818609375 0.9995610062499999 0.0048936140625 1 0.156360078125 1
7 0.19286755 0.824914978125 0.1733307375 0.8271195828125 0.1583502609375 0.8358407218749999 0.1545383296875 0.842596015625 0.150556753125 0.8528239093749999 0.15536794062499998 0.8726551390624999 0.1652444015625 0.888585109375 0.1912896046875 0.90853294375 0.1945636125 0.909375 0.2066404484375 0.909375 0.229919375 0.9046565624999999 0.2388554484375 0.8999224124999999 0.2310216859375 0.8635610874999999 0.22345593125000002 0.845946903125 0.20882094843750001 0.8319154765625001 0.19286755 0.824914978125
7 0.2588524921875 0.8325293546874999 0.2536632765625 0.8403931703125 0.2571885875 0.8623128453125 0.2548910453125 0.8694295046875 0.255439478125 0.8753090453125001 0.26427794375 0.8854023421875 0.276002771875 0.8921875 0.280396684375 0.8921875 0.3062300828125 0.8748135296875 0.3191934359375 0.8603414484374999 0.34017260781249997 0.847143359375 0.3445655078125 0.8413251203125001 0.35625 0.8378992625 0.35625 0.834308009375 0.3560276359375 0.8319241218750001 0.319604 0.8277039234375 0.30204480624999996 0.8193621375 0.291979334375 0.8172796874999999 0.275164546875 0.8222097312500001 0.2588524921875 0.8325293546874999
4 0.5296875 0.8944934671875 0.5361112343750001 0.901577546875 0.5522203593749999 0.910423590625 0.5786027781249999 0.9051159640625001 0.5813143125 0.8697317828125 0.59475155625 0.8396552281249999 0.6117640328125 0.8113478828125 0.640625 0.7853166546875 0.640625 0.7835644125 0.6244198296875 0.747656353125 0.5803257484375 0.7511947734375 0.5296875 0.7703746859375 0.5296875 0.8944934671875
4 0.6943045015625 1 0.7077693125 0.9687406296875001 0.7170966468750001 0.9138951500000001 0.766325896875 0.8272039031249999 0.8093917671874999 0.77943525625 0.8755115890624999 0.7352050296874999 0.8944145046875001 0.7122053125 0.9452889031249999 0.6962824296875001 0.955562196875 0.68212875625 0.9584793749999999 0.655590621875 0.9232616874999999 0.6608982484375 0.923672975 0.6785903390625 0.9114681140625001 0.6856671765625 0.8919482656250001 0.68212875625 0.8799490484374999 0.698051640625 0.828827878125 0.703359265625 0.8026099734375001 0.7157437296875 0.7210802125 0.781204465625 0.6861504265625 0.7988965578125 0.5841152078125 0.8944338484374998 0.5533364578125 0.9386640765625 0.5611449890625 0.9705098390625 0.5869211875 1 0.6943045015625 1
4 0.8131285609375001 0.6361293203125 0.7212006437499999 0.6343601109375 0.6210543859375 0.6591290390625 0.6133295921874999 0.706897684375 0.636877090625 0.7316666125 0.644356590625 0.7493587015625 0.6710680390625 0.7582047484375 0.7148330921875 0.7405126578125 0.7651316890625 0.6998208484374999 0.7945135437499999 0.671513503125 0.8131285609375001 0.6361293203125
4 1 0.8238564 0.9195660218749999 0.8059733953125001 0.8606363218749999 0.7794352578125 0.8462119921875001 0.76705079375 0.8441570374999999 0.7546663296875 0.8057754015625 0.7758968390625001 0.7612303812500001 0.8360499499999999 0.7649701312499999 0.8448959953124999 0.7983796359374999 0.8378191578124999 0.921211165625 0.8767417578125001 1 0.8952018234375 1 0.8238564
4 0.8699127984375 1 0.8849682187500001 0.9899711390625001 0.9143912000000001 0.963433003125 0.9176374078125 0.9510485390625 0.8997612281249999 0.94220249375 0.8416952296875 0.9528177484375 0.764479540625 0.9758174671875001 0.750589884375 0.9864327218750001 0.7063312875000001 0.982894303125 0.697409928125 1 0.8699127984375 1
4 0.741876525 0.9156643562500001 0.7143028546875 0.9457409125 0.7184127625000001 0.970509840625 0.7453298531250001 0.9882019312500001 0.81913481875 0.9705098390625 0.8488045734374999 0.9545869578125 0.91217173125 0.943971703125 0.9135274984375 0.9262796109375 0.9340740859375 0.8979722656250001 0.9321013875 0.889126221875 0.8965958015625001 0.8820493859375 0.880363290625 0.8678957125 0.869966609375 0.8767417562500001 0.8571859484375001 0.859049665625 0.8267758796875 0.843126784375 0.761271509375 0.8378191578124999 0.74425903125 0.8661265031250001 0.741876525 0.9156643562500001
4 1 0.71403475625 0.9878215781249999 0.7015900578125 0.931440375 0.70866689375 0.9247423187500001 0.724589775 0.9279488734375001 0.7865120921875001 0.9105662375 0.7988965578125 0.94270223125 0.8130502296875001 1 0.8209922859375001 1 0.71403475625
4 0.8326436156250001 0.6296875 0.823607496875 0.6308216921875001 0.775569496875 0.6927440125000001 0.6139068703125 0.8077426031249999 0.588634925 0.860818875 0.700245728125 0.79712735 0.8547990109375 0.6803595484375 0.8985640640625 0.66266745625 0.9337817515625 0.65735983125 0.973848184375 0.6325909015625 0.9844505078125 0.6325909015625 0.9847052203125 0.6296875 0.8326436156250001 0.6296875
4 0.5296875 0.6296875 0.5296875 0.724795696875 0.53253866875 0.7281281953125001 0.5572774203125 0.72812819375 0.5635230625000001 0.6927440125000001 0.61780818125 0.6715135015625 0.6279992156249999 0.6538214124999999 0.5727270109375 0.632590903125 0.534961265625 0.6296875 0.5296875 0.6296875