10 0.7464517484375001 0.44141148750000003 0.732511075 0.381602584375 0.7266332359375001 0.3107054125 0.6313230046875 0.2953858140625 0.589803053125 0.316585121875 0.56741048125 0.3501723390625 0.565564478125 0.4017747046875 0.6003028890625 0.47606220625000006 0.6189279375 0.4955232140625 0.6545955015625 0.5055080171874999 0.7031736171875 0.487366634375 0.7464517484375001 0.44141148750000003
10 0.5740541343750001 0.3334568375 0.5735263453125 0.2384486484375 0.567096103125 0.22654935312500002 0.49918950312500004 0.1839145953125 0.43299101249999994 0.168448775 0.35864186249999996 0.1909177515625 0.3202869640625 0.2699914859375 0.37465509531249996 0.34959380156250003 0.42151279375 0.3812865109375 0.466160040625 0.3928833765625 0.525137025 0.38198129375 0.5638186078125 0.3495275140625 0.5740541343750001 0.3334568375
10 0.19998465781250002 0.350471115625 0.20896434218749999 0.3520831796875 0.27136985468749997 0.31851594375 0.3120985453125 0.282848028125 0.360312215625 0.193008440625 0.305931778125 0.1904091546875 0.23136921875 0.24149293125 0.1969451859375 0.2908284171875 0.19998465781250002 0.350471115625
10 0.197020703125 0.3409849203125 0.2040411078125 0.3189645921875 0.2002858921875 0.29500978906249997 0.23199713906250002 0.2326515578125 0.1986656046875 0.240994325 0.17765446093749998 0.2551305265625 0.1461943828125 0.3139522078125 0.1166180640625 0.346249778125 0.11599014375000001 0.355091146875 0.13933732031249998 0.3592825125 0.1794758484375 0.357534221875 0.197020703125 0.3409849203125
10 0.3983289578125 0.400405121875 0.3814620890625 0.356188275 0.34033119375 0.295079728125 0.3024909421875 0.2900773390625 0.2676523984375 0.31963939531249996 0.220493465625 0.3434080109375 0.192085165625 0.38486936250000003 0.18878221875 0.40576624062500005 0.20072585625 0.4168645015625 0.29386339375000003 0.4371665109375 0.37568522031249996 0.4375288890625 0.398115546875 0.42901992343749995 0.3983289578125 0.400405121875
10 0.6003028890625 0.47606220625000006 0.5898662625 0.44374465625 0.5454701828124999 0.428611240625 0.5430463249999999 0.437130196875 0.5688050515625 0.5098056359375 0.5419415187500001 0.5551259468749999 0.503008765625 0.5911162765625 0.5093134234375001 0.6047838453125001 0.5301111578125 0.6192624437500001 0.556799040625 0.6276351828125 0.631487184375 0.574783134375 0.642312871875 0.5247928328125 0.6348402 0.5019614781249999 0.617132 0.4952008 0.6003028890625 0.47606220625000006
10 0.5005849078125 0.5996352359375 0.48167093593750004 0.5586325234375 0.3783479375 0.5024764140625 0.3509943765625 0.47786679374999996 0.33470536093750003 0.47673335312500004 0.340758853125 0.4939374734375 0.3377070734375 0.5112978015625 0.35687221562500004 0.548763965625 0.4557242515625 0.61665316875 0.47188768124999997 0.6195548843750001 0.5005849078125 0.5996352359375
10 0.184939178125 0.4086579640625 0.1904148125 0.3827786765625 0.20461896249999997 0.36204800000000004 0.19919339375 0.3360025109375 0.1740880390625 0.356566984375 0.114068621875 0.3565370109375 0.084869059375 0.38352975625 0.07901666874999999 0.4147138640625 0.0836509765625 0.4262907484375 0.13016967968749998 0.488366534375 0.184939178125 0.4086579640625
10 0.2986988015625 0.497131625 0.278403403125 0.47557993125 0.26951154375 0.44712134062500003 0.2030618875 0.43519206875 0.1680600015625 0.441444146875 0.1701448640625 0.4633082625 0.198415275 0.5006182171875 0.23353043750000002 0.5696008953125 0.2467676734375 0.5880946625 0.2643502875 0.5966236140625 0.340872128125 0.569172228125 0.35365709375 0.5428143171875 0.3435972203125 0.50519194375 0.2986988015625 0.497131625
10 0.23130768281249997 0.6265080828125 0.27692184375 0.598880503125 0.2557473578125 0.5897067265625 0.20768388437500002 0.5237719828125 0.15869125625 0.5221399359375 0.1424400015625 0.5460847484375 0.140594 0.597687115625 0.1584655421875 0.6277577671875 0.15708411718749998 0.6472087828124999 0.1714516109375 0.6497880859375 0.23130768281249997 0.6265080828125
10 0.3430702671875 0.6662711015625 0.4511531546875 0.7322358203125 0.46511844687500004 0.6380386609375 0.4558498359375 0.6148848953125 0.4264491671875 0.5934894109375 0.3742036609375 0.5608294640625 0.3579146453125 0.5596960234374999 0.2795090453125 0.613671521875 0.3430702671875 0.6662711015625
0 0.4535392546875 0.6986386078125 0.5693960484375 0.7319733546875 0.584140296875 0.729247834375 0.5924543 0.7146230171875 0.593710140625 0.696940275 0.583562440625 0.6861644265625 0.5358256578125 0.6668496390625 0.46423935624999996 0.65041658125 0.4535392546875 0.6986386078125
10 0.73496121875 0.7312522515625 0.660046521875 0.6336347890625 0.58202998125 0.6053024359375 0.555003103125 0.627312771875 0.5065128156250001 0.6186076265625 0.5096023515625 0.6263255515624999 0.5740426624999999 0.6665472078125 0.580096153125 0.683751328125 0.61028808125 0.71961541875 0.7141511765625 0.7937766828124999 0.7368326749999999 0.7817311671875 0.73496121875 0.7312522515625
10 0.731695196875 0.5211400375 0.6447744875 0.541352125 0.6252202859375 0.586193815625 0.609973703125 0.5959924328125 0.624592365625 0.595035184375 0.6265516453125 0.618667578125 0.6651831625 0.6381385749999999 0.712204203125 0.6931412625 0.7282798109375 0.722889503125 0.73546355625 0.7241791546874999 0.7643364359375 0.6505664546875 0.7738184546875 0.6451054203125001 0.7749487125 0.6291909515625 0.7613470328124999 0.5389989749999999 0.7478586265625 0.524041753125 0.731695196875 0.5211400375
7 0.657723634375 0.794391534375 0.683620253125 0.788295665625 0.6898871515625 0.776884984375 0.620812534375 0.72508644375 0.6100369140625 0.7231519671875 0.60673396875 0.74404884375 0.5881844390625 0.7747443421875 0.565251775 0.7903264046875 0.5654151171875 0.8136363828125001 0.5865896046875 0.8228101593750001 0.6072239984375 0.8139787796875 0.6345398 0.8135101484374999 0.657723634375 0.794391534375
10 0.285562534375 0.630875640625 0.24296239218750001 0.616064640625 0.196556965625 0.6292236124999999 0.1660638 0.648820846875 0.15778755312499998 0.6885239171875 0.1417874671875 0.70893218125 0.1404060421875 0.7283831968750001 0.153140940625 0.7539500640625 0.18241602343750002 0.777113821875 0.2411796 0.794826540625 0.2795221875 0.7927558343750001 0.3169479328125 0.7779847984375 0.34063410312500003 0.7517930890625 0.350078365625 0.7212538046875 0.34556964375 0.707908646875 0.2885642453125 0.6654400921875 0.285562534375 0.630875640625