3 0.0442853171875 0 0.051483779687499995 0.0210391109375 0.07253715468750001 0.0526010203125 0.1226136921875 0.07442784375 0.1300723546875 0.08500825468749999 0.1288240671875 0.09850919531249999 0.148968490625 0.1171875 0.15910563125 0.1171875 0.18521941875 0.1157246765625 0.2018248828125 0.1070399734375 0.21100884843749998 0.0946149890625 0.221875 0.057109475 0.221875 0.050639178124999996 0.21574490468750002 0.0419433921875 0.19484018281249998 0.037742009375 0.18057750625 0 0.0442853171875 0
3 0.35730151875 0 0.256559340625 0.0506699796875 0.236354615625 0.07800494687500001 0.22974460312499997 0.1263214078125 0.269203071875 0.1398734859375 0.32572655156249997 0.1734375 0.3318609234375 0.1734375 0.3612718171875 0.1550906421875 0.3860700515625 0.14614973281250002 0.4718912546875 0.1304453984375 0.516968540625 0.10784979531250001 0.5456231234375 0.07892646875 0.575 0.0025227484375 0.575 0 0.35730151875 0
7 1 0.0716345578125 0.9435367328125001 0.0633869765625 0.935075534375 0.116280178125 0.9238397203125001 0.125215921875 0.9232753390624999 0.1434876140625 0.9138797640625 0.1626469421875 0.9158385812500001 0.1806650234375 0.92869173125 0.1949859578125 0.9820346296875 0.2130436171875 1 0.2156678171875 1 0.0716345578125
7 0.8049471031250001 0 0.822363875 0.109619396875 0.819499196875 0.11511160625000001 0.8291461874999999 0.14016335 0.8296133765625001 0.15703028593749999 0.8484259109375 0.1616447515625 0.8799658890625001 0.15847461875 0.8942964078125 0.14532461562500001 0.8969168 0.10993237656249999 0.890371646875 0.0949774140625 0.895055178125 0.056775667187500004 0.8793373499999999 0.047946940625000004 0.85421681875 0.0439665 0.8405621296875001 0.032328267187499996 0.833898396875 0.0095788109375 0.8345227968750001 0 0.8049471031250001 0
7 0.91305904375 0.04976179375 0.89860994375 0.055117303124999996 0.8933406484375 0.06865761875000001 0.9011616578125 0.11210785625 0.9197584203125 0.1440664578125 0.9250348453124999 0.14483718437499998 0.940048328125 0.121209984375 0.9406127109375 0.10293829375 0.9535559234375001 0.067809559375 0.9526358046875 0.0626977671875 0.91305904375 0.04976179375
7 1 0.21452048437500001 0.9590150859375001 0.2051741515625 0.9636156796875 0.23073311406250002 0.9920894624999999 0.2890214078125 0.9900334515625 0.306141953125 1 0.33459120625 1 0.21452048437500001
8 0 0.4 0 0.6333735625 0.02252883125 0.6329633953125 0.030220496875000002 0.634375 0.050053440625 0.634375 0.06127719375 0.633131559375 0.0719521078125 0.630461934375 0.085700325 0.62348653125 0.1087081140625 0.6199462515625 0.1202151234375 0.61024516875 0.1264729453125 0.5922037015624999 0.1291006515625 0.5884429499999999 0.1315580515625 0.5881707015625001 0.14018227187500001 0.6060504265625 0.1463226578125 0.613300753125 0.1536621890625 0.6174442546875 0.1717225171875 0.6194087140625 0.21689278281250002 0.6139087921874999 0.2313618890625 0.609331834375 0.2418727203125 0.5942888281250001 0.24749519062499997 0.5906919593750001 0.299932671875 0.5779433171875 0.309932578125 0.573365825 0.310973875 0.5420237296875 0.30874512187500003 0.5075742765625 0.31489021093749997 0.42461352343750003 0.315378425 0.4 0 0.4
8 0.360989396875 0.7168853093750001 0.3474900328125 0.715902546875 0.262221390625 0.71741856875 0.19505896250000002 0.721389628125 0.15288345625 0.7270534312500001 0.1500722203125 0.7288518671875 0.1340897859375 0.7544143015625 0.12569573437499998 0.7761620703125001 0.1220135125 0.8058140937499999 0.1260378765625 0.8435342562500001 0.132506421875 0.875531346875 0.140593278125 0.8929749421875 0.1500363765625 0.8983723843749999 0.1677825234375 0.918215496875 0.1895849375 0.933643928125 0.2124029734375 0.94400321875 0.23784871718749998 0.950601759375 0.255405059375 0.9515625 0.2728028796875 0.9515625 0.2879011171875 0.9495175859374999 0.3124618921875 0.9413442953125 0.33932920312500003 0.9259761984375 0.3594402234375 0.9073913078124999 0.3783715390625 0.8815021749999999 0.387178525 0.8641696187499999 0.3960376171875 0.8314657578125001 0.396875 0.8143132953125001 0.396875 0.8138863578125001 0.39171775625 0.7640385890625 0.390013909375 0.761749040625 0.384961465625 0.7608217953125 0.382339984375 0.748720659375 0.366500659375 0.722718346875 0.360989396875 0.7168853093750001
1 0.6390625 0.6823622734375 0.6421971484375 0.683226978125 0.6884691140625 0.6799421000000001 0.6982734781250001 0.684375 0.7203104078125 0.684375 0.7275276515625 0.6832258515625 0.74977649375 0.6729258234375 0.7596247843749999 0.6747365078125 0.77127685625 0.680976171875 0.7855730609375 0.6832049015624999 0.803526553125 0.6809094265625 0.8146712046875001 0.67526345625 0.8238890109374999 0.6438797046875 0.8296875 0.6088549765625 0.8296875 0.5801241359375 0.8286462531250001 0.5758990765625 0.8234077093750001 0.5705387859375 0.8150892578125 0.567710215625 0.7720590359375 0.5644957203125001 0.7593129000000001 0.5607531515625 0.7169207421875 0.55405830625 0.683222121875 0.553159109375 0.652684328125 0.5477443656250001 0.6390625 0.5479818937500001 0.6390625 0.6823622734375
8 0.6949292859375 0.7550585625 0.6719505031249999 0.758928475 0.6663680624999999 0.7619994390625 0.661676575 0.9013458156249999 0.6603802156249999 0.9088024734375001 0.6567431578125 0.9128307203125001 0.657098015625 0.9162937578125 0.6599958625 0.918225640625 0.6630060046875 0.91875 0.6865690234375 0.91875 0.7198635890625 0.897853171875 0.7298939421874999 0.8952002531249998 0.7461557609375 0.8978903109375 0.75 0.8965612187499999 0.75 0.8605758890625002 0.74811799375 0.8497825593750001 0.74444975 0.8424124718750001 0.7455109375 0.8042325015625 0.7431078640625 0.778007421875 0.736256875 0.7513642984375 0.6949292859375 0.7550585625
8 0.69099640625 0.730207259375 0.6870963703124999 0.7406829375 0.6869859546875 0.7555529671875 0.7362569109375 0.751720190625 0.741456684375 0.782356934375 0.7441926953125 0.7882564656250001 0.7852278046875 0.8038958375 0.798582509375 0.817044259375 0.8053975984375 0.8171875 0.8115457046875001 0.8171875 0.814134615625 0.8128082453125 0.8208591625 0.7695734875 0.8277472296875 0.7466556203125 0.8284552515625 0.729297153125 0.8328125 0.7051558921875 0.8328125 0.7038235015625001 0.8308642171875 0.6945629046875 0.8102463625 0.7013652703125001 0.765585153125 0.7016484390625 0.7501139640625001 0.703900628125 0.7266901359375 0.718681578125 0.69099640625 0.730207259375
1 0.708408034375 1 0.717201125 0.9727129343750001 0.7302692390625001 0.944235665625 0.7482210406250001 0.91765565 0.7484375 0.91502990625 0.7484375 0.9054663796875001 0.729648025 0.8986509796875 0.7166995953125 0.8998679734374999 0.6912090125 0.9166673750000001 0.6795679 0.9223220031250001 0.6731139140625 0.92243454375 0.6704090921875 0.9279333453125 0.6619692640625 0.9280805140624999 0.6603989671875 0.9300903093749999 0.66377304375 0.9325094921874999 0.6526890796875 0.936667596875 0.6449791953124999 0.9432448796875 0.6390625 0.9530720390624999 0.6390625 0.9928856515625 0.6412169171875 1 0.708408034375 1
1 0.7731598890625 0.8003967781250001 0.7478294484375001 0.7889439890625 0.74381730625 0.7900051578125 0.7436757015625 0.7934768515625 0.7465255078124999 0.833075434375 0.758636959375 0.8888674328124999 0.7896678359375 0.8457044406249998 0.8091604374999999 0.830000834375 0.8121282390625 0.8180546 0.8068694671875001 0.8131902640625001 0.7994832484375001 0.8118322499999999 0.7937077875 0.807472528125 0.7931101796875 0.809960965625 0.790627878125 0.8100042500000001 0.785450021875 0.8031560890625 0.7731598890625 0.8003967781250001