0 0.045969740625 0.1255084328125 0.0265625 0.1643229171875 0.0265625 0.1683159765625 0.03232886875 0.20983382968750003 0.049689979687500004 0.24827628906250002 0.0782118046875 0.2780381953125 0.0795138765625 0.278125 0.1055778734375 0.278125 0.1439360109375 0.27307787656250004 0.1625372015625 0.2656374015625 0.171875 0.2492962515625 0.171875 0.191699365625 0.1588169640625 0.14658978281249999 0.136495534375 0.11310763906250001 0.10921378906250001 0.103187003125 0.076971725 0.11806795625 0.048449900000000004 0.1279885921875 0.045969740625 0.1255084328125
2 0.0921322140625 0 0.122143684375 0.0126364078125 0.17918733281250002 0.031237599999999997 0.23003058906249998 0.05479910624999999 0.28831431875 0.0845610109375 0.33915757343749997 0.1081225203125 0.3454199703125 0.109375 0.35278604687500004 0.109375 0.39124090625 0.0709201390625 0.42844328750000005 0.0423983125 0.4334036046875 0.036197915625 0.390000825 0.031237599999999997 0.383800428125 0.028757440625000002 0.406167328125 0 0.0921322140625 0
2 0.1151207 0 0.1109375 0.0062748015625 0.1109375 0.007099723437499999 0.139012896875 0.0168650796875 0.17373511875 0.0305059515625 0.20101686562499999 0.0429067453125 0.241939484375 0.062748015625 0.27666170625 0.08134920625 0.3138640875 0.099950396875 0.3444403109375 0.1140625 0.3467651625 0.1140625 0.3684275796875 0.0887896828125 0.40811011875 0.059027778125 0.4296875 0.0362516515625 0.4296875 0.035378734375 0.4093501984375 0.0329861109375 0.369667659375 0.0267857140625 0.3374255953125 0.0367063484375 0.31138392812500004 0.0205853171875 0.27505689843750003 0 0.26855984374999997 0 0.2320188484375 0.00322420625 0.22355530781250002 0 0.1151207 0
2 0.009804378125 0 0.0177579359375 0.036359126562499997 0.0239583328125 0.06984127031250001 0.032638889062499996 0.10332341249999999 0.0338789671875 0.1144841265625 0.05 0.1206845234375 0.07728174531250001 0.118204365625 0.113244046875 0.1020833328125 0.1492063484375 0.121924603125 0.162847221875 0.156646825 0.1640873015625 0.1603670640625 0.16532738125 0.156646825 0.21865079375000002 0.1740079359375 0.2930555546875 0.191369046875 0.30042163125 0.1921875 0.30457766249999996 0.1921875 0.3265376984375 0.1665674609375 0.36001984062500003 0.1603670640625 0.4 0.1518864234375 0.4 0.1511065328125 0.368700396875 0.1318452375 0.32777777812500003 0.1020833328125 0.27197420625 0.0797619046875 0.23229166562499998 0.061160714062499996 0.1888888890625 0.036359126562499997 0.138045634375 0.018998015625 0.09836309531250001 0.0053571421874999995 0.084970240625 0 0.009804378125 0
1 0.509375 0.41875 0.509375 0.2410388765625 0.49833829375 0.23069196406249998 0.4660962296875 0.21085069375 0.4561755953125 0.21457093437500002 0.42021329375 0.200930059375 0.3743303578125 0.1996899796875 0.30612599218750003 0.21085069375 0.2490823421875 0.2282118046875 0.26148313437500004 0.2430927578125 0.22056051562499998 0.2554935515625 0.22180059531250002 0.28897569375 0.22056051562499998 0.28897569375 0.2180803578125 0.291455853125 0.23420138906250001 0.31749751875 0.2478422625 0.344779265625 0.23916170625 0.3720610109375 0.21932043750000002 0.39190228125000004 0.21990408281249998 0.41875 0.509375 0.41875
0 0.1479538671875 0.2749255953125 0.12067212187500001 0.2761656734375 0.11199156562499998 0.3034474203125 0.1219122015625 0.3282490078125 0.13431299531250002 0.3604910703125 0.141753471875 0.3852926578125 0.1665550578125 0.40265376875000003 0.1975074453125 0.4078125 0.2054935484375 0.4078125 0.2285590265625 0.39397321406249997 0.2421999 0.37289186406249997 0.246875 0.34834758906249996 0.246875 0.3462797640625 0.23475942343749998 0.3220486109375 0.21615823281250002 0.29476686406249997 0.19507688437499998 0.26748511875 0.1789558515625 0.2563244046875 0.1752356140625 0.252604165625 0.1479538671875 0.2749255953125
7 0 0.41875 0.0483293796875 0.41875 0.0488219234375 0.40298859218749994 0.0339409703125 0.3806671640625 0.037661209375 0.363306053125 0.053782242187499996 0.34346478281250004 0.056262401562499995 0.29138145 0.0578125 0.2720052 0.0578125 0.2587730015625 0.031460812500000004 0.21325645 0.032700892187500004 0.15497271875000002 0.045101685937500004 0.1214905765625 0.0426215265625 0.11901041718750001 0.028980653125 0.1115699421875 0.012859621875 0.100409228125 0 0.108446490625 0 0.41875
7 0.19073339218750002 0.41875 0.19108382968749998 0.40928819531249994 0.1774429578125 0.4055679578125 0.14520089375 0.3869667671875 0.1278397828125 0.388206846875 0.0968377984375 0.400607640625 0.0930183546875 0.41875 0.19073339218750002 0.41875
1 0.509375 0 0.509375 0.139563846875 0.5591765875 0.14401041718750002 0.5170138890625 0.168812003125 0.5393353171874999 0.1998139890625 0.552006446875 0.2046875 0.5557975500000001 0.2046875 0.5666170640625 0.16261160624999998 0.5827380953125 0.12788938593750002 0.6323412703125 0.145250496875 0.6608630953125 0.1601314484375 0.662103175 0.1328497015625 0.680704365625 0.1316096234375 0.7046875 0.1304104671875 0.7046875 0.11891120468750001 0.70302579375 0.095647321875 0.6273809531250001 0.0460441484375 0.5690972234375 0.010081846875 0.5549826375 0 0.509375 0
2 0.7390625 0.41875 0.7390625 0.4130539015625 0.72938988125 0.37328869062500003 0.7120287703124999 0.33484623125 0.707068453125 0.31996527812500003 0.6463045640625 0.29888392812500003 0.6500248015625 0.25672123125 0.6562251984375 0.2157986109375 0.6587053578125 0.15751488125 0.628943453125 0.147594246875 0.5830605156249999 0.12899305625 0.5656994046875 0.16495535781249998 0.5619791671875001 0.200917659375 0.566939484375 0.24432043750000002 0.595461309375 0.2654017859375 0.6252232140625 0.28524305625 0.6525049609375 0.31748511874999996 0.6587053578125 0.3658482140625 0.6500248015625 0.4030505953125 0.63806335 0.41875 0.7057504265625 0.41875 0.7157490078125 0.41669146875 0.7363343265625 0.41875 0.7390625 0.41875
0 0.646875 0.3017857140625 0.6478546640625 0.3017857140625 0.6478546640625 0.3042658734375 0.650334821875 0.296825396875 0.6802790921875 0.3171875 0.6917658671875 0.3171875 0.7172991078125 0.3154265875 0.7421006953125 0.312946428125 0.7458209328125001 0.3079861109375 0.75574156875 0.2571428578125 0.765662203125 0.206299603125 0.7734375 0.1507617515625 0.7734375 0.14408989375 0.7470610125 0.1380952375 0.7146949375 0.1359375 0.6976066624999999 0.1359375 0.662735615625 0.13685515937499998 0.6577752984374999 0.181498015625 0.6528149812499999 0.2236607140625 0.650334821875 0.2608630953125 0.646875 0.2989211421875 0.646875 0.3017857140625
7 0.509375 0.41875 0.641173390625 0.41875 0.6563740078125 0.3698908734375 0.647693453125 0.3202876984375 0.630332340625 0.29052579375 0.59561011875 0.26200396875 0.5410466265625 0.2533234125 0.509375 0.262491515625 0.509375 0.41875
1 0.4362129828125 0.7145084781250001 0.44207164218750006 0.6980309984374999 0.444268640625 0.6885106765625 0.44060697812500005 0.680088853125 0.44353630781250003 0.6742301921875 0.4493949671875 0.6680053671875 0.449761134375 0.6632452046875 0.44756413593750005 0.6551895468750001 0.444268640625 0.6507955515624999 0.4365791484375 0.6507955515624999 0.4307204890625 0.64750005625 0.40948284687500003 0.6236992499999999 0.39813169375 0.6185729234374999 0.3135472921875 0.596969115625 0.2176117375 0.5698728140625 0.154264978125 0.554127665625 0.11764835468749998 0.54204418125 0.1121558609375 0.5416780125 0.10812803281250001 0.5424103453125 0.105931034375 0.5446073421875 0.07444073749999999 0.5845194625 0.0641880828125 0.601363109375 0.058695590625 0.6204037546875 0.052104596875 0.6295579109375 0.052104596875 0.635416571875 0.055033928125 0.643472228125 0.06528658281250001 0.6954678328125 0.06638508125 0.72585963125 0.0638219171875 0.7419709453125 0.064920415625 0.74416794375 0.09567837968750001 0.7511251015625 0.157926640625 0.7606454234375001 0.1923462671875 0.7676025828124999 0.2502005328125 0.7767567390625001 0.26594568125 0.7778552390625 0.2794938328125 0.7818830671875 0.323799946875 0.782981565625 0.3278277765625 0.7851785625 0.3296586078125 0.79067105625 0.33698193125000003 0.7936003859375 0.346113209375 0.7953125 0.35524518125000004 0.7953125 0.35858574062500004 0.7950650515625 0.36883839531249996 0.78957255625 0.407652015625 0.763940921875 0.420467834375 0.7533221015625 0.429621990625 0.7265919640625 0.4362129828125 0.7145084781250001
0 0.14993134375 0.9434135843749999 0.1539591734375 0.939751921875 0.169338153125 0.9419489203125 0.1814216390625 0.9412165874999999 0.18654796875 0.9375549249999999 0.1891111328125 0.93206243125 0.19643445625 0.9269361046875 0.1982652875 0.922542109375 0.2041239484375 0.8939811421874999 0.2041239484375 0.8786021609375 0.20925027499999999 0.8573645187500001 0.20961644218750003 0.8493088609375 0.2151089328125 0.8390562062499999 0.22060142656249998 0.823677225 0.227924753125 0.7746109484374999 0.2158412671875 0.7698507875 0.14590351562499998 0.7577673015624999 0.1319891984375 0.756668803125 0.129426034375 0.7584996343749999 0.1279613703125 0.7698507875 0.1221027109375 0.779737275 0.11880721406250001 0.7899899296875 0.093175578125 0.87823599375 0.08621841875 0.8859254859375 0.0854860859375 0.8936149765625 0.087683084375 0.9082616265624999 0.0851199203125 0.9144864515624999 0.0854860859375 0.9177819484375 0.089513915625 0.922908275 0.10123123437499999 0.9276684359375 0.112216221875 0.9346255953124999 0.134186196875 0.9415827531249998 0.14993134375 0.9434135843749999
5 0.22522436875000001 1 0.23545858593750002 0.9987195359375001 0.2502323203125 0.9942190265625002 0.25173109843749997 0.99079006875 0.25280165781249997 0.9792173125 0.26265082500000003 0.96314405625 0.274855203125 0.9427845984375001 0.2772104484375 0.9294640453125 0.280850346875 0.9236776562500001 0.2819209078125 0.918319903125 0.28256325000000004 0.9125335296875001 0.2817067828125 0.9061042265625 0.280850346875 0.9003178609375 0.2812785640625 0.8921740703125 0.278066884375 0.88745925625 0.2699306203125 0.88060133125 0.25173109843749997 0.8818871890625001 0.2384561578125 0.8857447687499999 0.22603765468749998 0.889173734375 0.22475298437500002 0.8962459656250001 0.2243247671875 0.9206773187499999 0.21510344531249997 0.9279019984375001 0.209551034375 0.9292830640624998 0.205054684375 0.9322834078125 0.199059540625 0.934640815625 0.19606196874999998 0.9369982312499999 0.1956337515625 0.9404271906249999 0.1967043125 0.9425702906249999 0.1984171984375 0.9487852875 0.1982030890625 0.9526428671874999 0.1986313234375 0.957786303125 0.20013010156250002 0.96314405625 0.2029135640625 0.9715021687500001 0.20120066093750003 0.9715021687500001 0.1975607640625 0.9700019796875001 0.18899628125 0.9667873296875001 0.18621281875 0.9659300937499999 0.18300113906249998 0.964429921875 0.1785047890625 0.9610009546875 0.1785047890625 0.958429240625 0.1787188984375 0.9528571734375 0.176577778125 0.9457849421875 0.1744366578125 0.9468564921875 0.1725096453125 0.949428215625 0.1699403078125 0.9537144171874999 0.1677991875 0.9592864765625 0.1656580671875 0.963572678125 0.1630887125 0.9650728671875001 0.16158993593749998 0.9667873296875001 0.1523831109375 0.97043061875 0.14938555625 0.9712878453125 0.149599665625 0.9766455984375 0.1530254546875 0.9762169765625 0.1568794765625 0.9742881828125001 0.1669427359375 0.9738595609375 0.1699403078125 0.9753597328125 0.17465076562499998 0.9787886984374999 0.180645909375 0.9882183375 0.18342935625 0.9929331703125002 0.185142259375 0.994861946875 0.19349263125 0.9997910859375001 0.1946555109375 1 0.22522436875000001 1
2 0.358864471875 0.8640625 0.373912759375 0.8640625 0.3836902 0.844934340625 0.3884899796875 0.8472589593750002 0.3909672890625 0.8466390578125 0.3980895125 0.8488087046875 0.40459242343749996 0.8491186484375 0.41713376718750006 0.8472589593750002 0.425 0.8301306109375 0.425 0.8276750453125 0.41016635937499996 0.821998115625 0.42332701874999995 0.8122347171875 0.4180627640625 0.7796900734375 0.39112210625 0.7770555124999999 0.347413159375 0.8111531546874999 0.358864471875 0.8640625
2 0.2684237953125 0.81950895 0.22660803281250003 0.8067687156249999 0.2227539484375 0.8220626984375 0.2227539484375 0.8230841921875001 0.2232642390625 0.8258933203125001 0.22632589531249997 0.8299793125000001 0.2283670125 0.8343206859375 0.23040811093750002 0.8384066781249999 0.234490328125 0.8473447968750001 0.23602117812499998 0.8501539250000001 0.24265478125 0.8580705390624999 0.24520616875 0.8598581656250002 0.25081921406249996 0.8639441578125 0.255411721875 0.868540903125 0.25821824531250004 0.8698177765625001 0.259701040625 0.8703125 0.26641241718750003 0.8703125 0.2696994890625 0.868540903125 0.2712303171875 0.8644549296874999 0.2712303171875 0.860879659375 0.2719957421875 0.8567936656249999 0.27327143593750003 0.8496431734375001 0.27480226406249997 0.84811091875 0.27709851875 0.8488770515624999 0.2839872578125 0.85296304375 0.296233928125 0.8534737953124999 0.3133282171875 0.84811091875 0.3194515515625 0.8422373000000001 0.3217478046875 0.8399389328125 0.3234375 0.83778641875 0.3234375 0.83502256875 0.3204721109375 0.8330438125 0.31664503125 0.8294685609375 0.31511420156250003 0.8289578093750001 0.31077683125 0.8304900640625 0.3031226671875 0.8292131906249999 0.2684237953125 0.81950895
2 0.6466843484375 0.7541418640625001 0.628579190625 0.7533978171875 0.625354984375 0.7506696421875001 0.6181625234375 0.751165675 0.61692244375 0.7521577374999999 0.616674428125 0.755629959375 0.6144422859375 0.7561259921875 0.6119621265624999 0.8099454359375 0.6117141109374999 0.8595486109374999 0.603281571875 0.8692212296874999 0.60681993125 0.871875 0.6208129859375 0.871875 0.6278351421874999 0.8684771828125001 0.6394918890625 0.85731646875 0.6422200625000001 0.8533482140625 0.6491645078125 0.8466517859374999 0.650652603125 0.8436755953125001 0.6677656984375 0.8273065468749999 0.6685097453125 0.8253224203125 0.6857493984375 0.8053310187499999 0.6859375 0.8021522000000001 0.6859375 0.7986410078125 0.6776292140625 0.8074616453125 0.6732289875 0.80910759375 0.6675176828125 0.776711309375 0.6667736343749999 0.75860615 0.650156571875 0.755629959375 0.6466843484375 0.7541418640625001
2 0.5390484125 0.41875 0.5373635921875 0.43113839374999996 0.53289930625 0.452715775 0.5269469250000001 0.501822915625 0.509375 0.55070890625 0.509375 0.6553199421875 0.5130580359375 0.6610491078124999 0.5254588296875 0.6851066484375 0.535627478125 0.7012276796875 0.545548115625 0.7094122015625001 0.5581969250000001 0.7220610109375001 0.5822544625 0.7366939484375 0.5872147796875 0.7386780765625 0.5968874015625 0.7404141859375001 0.5993675578125 0.7416542671874999 0.604327875 0.7478546640625 0.6087921609375 0.7498387890625 0.6234251000000001 0.7505828359375 0.633345734375 0.7547991078124999 0.6559151765625 0.7570312515625 0.667946421875 0.759375 0.6852248859375 0.759375 0.707750496875 0.7488467265625001 0.7218874015625 0.7446304578125 0.735528271875 0.7332217265625001 0.7504092265625 0.7168526796875 0.7853794625 0.6707217265625001 0.8007564484374999 0.6461681546875 0.820349703125 0.6089657734375 0.84267113125 0.5720114078125 0.858048115625 0.5489459328125 0.8703125 0.5270115515625 0.8703125 0.4956243890625 0.861272321875 0.44725942500000004 0.85829613125 0.441555059375 0.84911954375 0.42890625 0.840091765625 0.41875 0.5390484125 0.41875
2 0.604737103125 0.92822420625 0.5958085328125 0.9302083328125 0.5930803578125 0.931696428125 0.585391865625 0.9329365078125 0.5843998015625 0.925744046875 0.585391865625 0.91904761875 0.5705109140625 0.9121031734375 0.5655505953125 0.9116071421874998 0.5630704375 0.9130952375 0.5526537703125001 0.9364087296874999 0.5476934531250001 0.9398809515625001 0.5459573421874999 0.9423611109374999 0.5454613109374999 0.9458333328125 0.554637896875 0.95302579375 0.556870040625 0.95625 0.5581101203125 0.9607142859375 0.5660450296875 0.9671875 0.5723370921875001 0.9671875 0.578447421875 0.9634424593750002 0.5898561515624999 0.96046626875 0.6178819453125 0.96319444375 0.6275545640625 0.966170634375 0.6397073421874999 0.965674603125 0.648387896875 0.9609623015625001 0.6609375 0.9609623015625001 0.6609375 0.96088073125 0.6498759921875 0.9517857140625001 0.6397073421874999 0.9401289671875 0.6312748015625 0.9354166656250001 0.6228422625000001 0.9287202375 0.6082093265624999 0.9262400781250001 0.604737103125 0.92822420625
5 0.509375 0.9618427578125001 0.514012896875 0.9618427578125001 0.516245040625 0.9635788703125 0.522553940625 0.965625 0.534412203125 0.965625 0.53484623125 0.9653149796874999 0.5363343265625 0.9610987109375 0.5390625 0.9573784734374999 0.542038690625 0.94696180625 0.547247025 0.9407614093750001 0.5531994046875 0.9365451390625001 0.5551835328125 0.9333209328125001 0.56609623125 0.906783234375 0.5675843265625 0.8983506953125 0.5703125 0.8939436468749999 0.5703125 0.8869419656249999 0.56708829375 0.8792534734374999 0.5683283734375 0.85966021875 0.564112103125 0.8507316484375 0.53484623125 0.8804935531249999 0.532862103125 0.881485615625 0.526413690625 0.8809895843749999 0.5219494046875 0.8775173625000001 0.5212053578125 0.8728050609375 0.52294146875 0.8698288703125 0.5303819453124999 0.8641245046874999 0.5333581359374999 0.859412203125 0.554439484375 0.8370907750000001 0.5566716281249999 0.8338665687500001 0.5564236109375 0.8311383937500001 0.5313740078125 0.816257440625 0.5122767859375 0.80633680625 0.5095486109375 0.80633680625 0.509375 0.8064332562500001 0.509375 0.9618427578125001