0 0.3796875 0 0.185403878125 0 0.18415178593749998 0.0133556546875 0.18291170625 0.035677084375 0.1940724203125 0.07783978281250001 0.21763392812500001 0.10760168750000002 0.2523561515625 0.1336433515625 0.275917659375 0.154724703125 0.30815972187499996 0.15596478281249998 0.3515625 0.14852430625 0.3796875 0.1352890125 0.3796875 0
2 0.3796875 0.5 0.3796875 0.33004050937499996 0.372891865625 0.3304935515625 0.351810515625 0.341654265625 0.323288690625 0.34909474375 0.298487103125 0.35033482031249996 0.2764456921875 0.3422143015625 0.2774057546875 0.3441344234375 0.255084325 0.3466145828125 0.24268353125000003 0.36149553437500004 0.23152281718749998 0.3912574421875 0.2253224203125 0.4284598203125 0.21912202343749998 0.460701884375 0.214358615625 0.5 0.3796875 0.5
4 0.3796875 0.1921602171875 0.3622767859375 0.188678075 0.359796628125 0.1725570453125 0.3647569453125 0.1527157734375 0.33251488125 0.1527157734375 0.29655257968750004 0.16015625 0.2643105171875 0.1725570453125 0.2419890875 0.19487847187500001 0.228348215625 0.2134796625 0.232068453125 0.2420014875 0.22958829375 0.2568824421875 0.24237261718749997 0.2579478 0.2531498015625 0.2878844265625 0.2395089296875 0.30400545625 0.260590278125 0.3027653765625 0.2680307546875 0.3201264875 0.2779513890625 0.34244791874999997 0.2995138828125 0.3484375 0.300579459375 0.3484375 0.32011408750000003 0.3350074421875 0.34119543750000003 0.3201264875 0.351116071875 0.30400545625 0.3684771828125 0.2953249 0.3796875 0.29128918593750003 0.3796875 0.1921602171875
10 0.3796875 0.1303954734375 0.30701885 0.15682043750000002 0.254935515625 0.1406994046875 0.22393353125 0.1158978171875 0.21773313437500003 0.14193948437499998 0.2115327375 0.1903025796875 0.1991319453125 0.19774305625 0.20409226249999998 0.211383928125 0.20657242031249998 0.25478670625 0.214012896875 0.29818948437500004 0.22021329375 0.3490327390625 0.226413690625 0.39987599218750003 0.226413690625 0.4015625 0.22674437812499998 0.4015625 0.24501488125 0.35771329375 0.2598958328125 0.3428323421875 0.2809771828125 0.347792659375 0.3107390875 0.3490327390625 0.333060515625 0.34655257968750003 0.361582340625 0.3378720234375 0.3796875 0.3298252875 0.3796875 0.1303954734375
5 0.7797386984375 0.5 0.78486328125 0.488525390625 0.81708984375 0.407470703125 0.82587890625 0.390869140625 0.8265625 0.3859130859375 0.8265625 0.375915528125 0.82392578125 0.374267578125 0.815625 0.381591796875 0.78095703125 0.382080078125 0.75556640625 0.390869140625 0.69990234375 0.401123046875 0.68330078125 0.401611328125 0.6779296875 0.396728515625 0.6583984375 0.363037109375 0.6544921875 0.359619140625 0.652294921875 0.359375 0.6498360765625 0.359375 0.628125 0.379638671875 0.5919921875 0.387451171875 0.5705078125 0.404541015625 0.53779296875 0.422607421875 0.52412109375 0.437744140625 0.5158203125 0.454345703125 0.512890625 0.465087890625 0.51240234375 0.476806640625 0.516796875 0.482666015625 0.53095703125 0.485595703125 0.575390625 0.488525390625 0.6000272859375 0.5 0.7797386984375 0.5
5 0.7833984375 0.2267578125 0.75166015625 0.25703125 0.747265625 0.25703125 0.7375 0.24775390625 0.7296875 0.24384765625 0.69404296875 0.29169921875 0.6740234375 0.3224609375 0.67353515625 0.325390625 0.67548828125 0.3263671875 0.7189453125 0.32587890625 0.7296875 0.3224609375 0.7873046875 0.31904296875 0.8439453125 0.3126953125 0.8453125 0.3110546875 0.8453125 0.30790364531250003 0.8390625 0.2970703125 0.80830078125 0.2560546875 0.78681640625 0.2287109375 0.7833984375 0.2267578125
5 1 0.364597603125 0.999267578125 0.364306640625 0.962158203125 0.342333984375 0.943603515625 0.327685546875 0.925048828125 0.308642578125 0.915283203125 0.304248046875 0.865966796875 0.307177734375 0.791748046875 0.317431640625 0.741455078125 0.321826171875 0.639404296875 0.327685546875 0.637939453125 0.331103515625 0.645751953125 0.347705078125 0.665771484375 0.374072265625 0.681396484375 0.402880859375 0.6874661953125 0.4078125 0.6984130859375 0.4078125 0.701904296875 0.407275390625 0.728759765625 0.398486328125 0.756103515625 0.392138671875 0.795166015625 0.377490234375 0.820068359375 0.373583984375 0.866455078125 0.373583984375 0.960205078125 0.378955078125 0.964111328125 0.373095703125 0.969970703125 0.373095703125 0.978759765625 0.376513671875 0.994384765625 0.378955078125 1 0.38204345625 1 0.364597603125
5 1 0.38203125 0.999658203125 0.381005859375 0.995751953125 0.379052734375 0.963525390625 0.372216796875 0.963037109375 0.379541015625 0.968896484375 0.391748046875 0.968896484375 0.397607421875 0.964013671875 0.404443359375 0.932275390625 0.419580078125 0.895654296875 0.432763671875 0.893701171875 0.435693359375 0.899072265625 0.446923828125 0.899560546875 0.455224609375 0.891748046875 0.477197265625 0.891748046875 0.488427734375 0.897607421875 0.489404296875 0.907861328125 0.482080078125 0.911279296875 0.482080078125 0.912712890625 0.5 1 0.5 1 0.4206787109375 0.999169921875 0.402001953125 1 0.3917643234375 1 0.38203125
5 0.8659199828125 0.5 0.86259765625 0.49140625 0.84208984375 0.42841796875 0.83330078125 0.3927734375 0.82890625 0.38544921875 0.82451171875 0.391796875 0.780078125 0.49775390625 0.7792224703125 0.5 0.8659199828125 0.5
7 0 0.5 0 0.6312451484375 0.0331845234375 0.6259548609375 0.0416170640625 0.6232266875000001 0.0485615078125 0.620250496875 0.0512896828125 0.618018353125 0.072123015625 0.6095858140625 0.084771825 0.5996651796875 0.09593254062499999 0.5892485125 0.10833333281249999 0.582552084375 0.118501984375 0.5810639890625 0.1294146828125 0.582552084375 0.137103175 0.5847842265625001 0.1457837296875 0.5850322421875 0.1738095234375 0.5785838296875 0.20977182499999997 0.5629588296875 0.2244047625 0.5545262906249999 0.23134920625 0.5468377984374999 0.239781746875 0.5396453375 0.243501984375 0.5341889890625 0.2665674609375 0.5093874015625001 0.2732638890625 0.5066592265625001 0.28640872968750003 0.5056671625 0.30268675156249997 0.5 0 0.5
6 0.2611284671875 1 0.25760315624999996 0.9642432765625 0.257851171875 0.924808753125 0.25710712343750003 0.9213365312499999 0.25760315624999996 0.9198484359375 0.26330752031250004 0.9148881187499999 0.2640625 0.9135039890625001 0.2640625 0.9019233796874999 0.26256347343750003 0.890830578125 0.2603313296875 0.8861182765625 0.242226171875 0.8652849437500001 0.23652180625 0.8556123250000001 0.233049584375 0.8464357375 0.22784125156249999 0.84321153125 0.2256091078125 0.84321153125 0.22288093281250002 0.8449476421875 0.21568847343750003 0.8526361343750001 0.19882339375 0.8640448640624999 0.18691863125 0.8764456578125 0.17402180625000002 0.8828940703124999 0.1715416484375 0.8861182765625 0.17030156875 0.8957908968750001 0.1685654578125 0.8960389124999999 0.1665813296875 0.8940547859375 0.16038093281250002 0.8918226421875 0.1499642671875 0.8836381187499999 0.14475593281250002 0.8814059750000001 0.13235513906250002 0.8695012140625 0.126898790625 0.8675170874999999 0.1167301390625 0.861812721875 0.1063134734375 0.8476758171875 0.09812895 0.840731371875 0.0879602984375 0.8362670874999999 0.08250395 0.8350270078124999 0.0760555359375 0.8350270078124999 0.071343234375 0.8357710546874999 0.06687895 0.83775518125 0.061670615625 0.8424674843750001 0.0596864890625 0.84693176875 0.06415077500000001 0.855860340625 0.0629106953125 0.8578444671875 0.05770236250000001 0.861316690625 0.04902180625 0.8620607375 0.0408372828125 0.85883653125 0.0341408546875 0.859580578125 0.02694839375 0.8642928796875001 0.022732123437499998 0.8657809750000001 0.0026428375 0.871981371875 0 0.8725305328124999 0 0.9274003609375001 0.024468234375 0.9198484359375 0.042325378125 0.9166242296875 0.0591904578125 0.9163762140625 0.07655156874999999 0.9225766109375 0.089944425 0.9235686734375002 0.09587303593749999 0.9263231359375 0.1034989296875 0.9361721078125 0.100423971875 0.9522997968750001 0.12088099062499999 0.96150456875 0.126991621875 0.9908913593750001 0.1206891265625 1 0.2611284671875 1
6 0.2009300609375 0.6399801578125001 0.1947296640625 0.6375 0.1922495046875 0.6402281734375 0.1915054546875 0.6583333328125 0.190761409375 0.6595734125 0.187537203125 0.6583333328125 0.1865451390625 0.6595734125 0.18828125 0.6618055546875 0.1897693453125 0.6692460312499999 0.1897693453125 0.67197420625 0.18778521875 0.672222221875 0.17761656875 0.6605654750000001 0.1743923625 0.6533730156249999 0.1709201390625 0.64171626875 0.1699280765625 0.6308035703125 0.168191965625 0.625843253125 0.1607514890625 0.6213789671875001 0.15008680624999998 0.619890871875 0.1453745046875 0.6208829359375 0.14091021875 0.6231150796875 0.13446180624999998 0.6295634921875 0.1304935515625 0.6305555546875 0.12354910781249999 0.634523809375 0.12007688593750002 0.6394841265625 0.12206101250000001 0.6459325390625 0.12280506093750002 0.660317459375 0.11685267968749999 0.6709821421875001 0.11734871093749999 0.6846230156249999 0.116356646875 0.6908234125 0.1148685515625 0.6950396828125001 0.11065228281249999 0.7004960312499999 0.10569196562500001 0.7111607140625 0.09849950468749999 0.7200892859375 0.096515378125 0.7272817453125 0.096515378125 0.7339781734375 0.1022197421875 0.7478670624999999 0.1009796640625 0.75381944375 0.09453125 0.7677083328125001 0.0843626 0.7783730156249999 0.081634425 0.7825892859375 0.068985615625 0.806398809375 0.065265378125 0.8175595234374999 0.0603050609375 0.8232638890625001 0.0479042671875 0.8431051578125001 0.040959821875 0.8498015875 0.0390625 0.85591518125 0.0390625 0.8575201937500001 0.040463790625 0.859722221875 0.050136409375 0.8644345234374999 0.0518725203125 0.8644345234374999 0.056584821875 0.8619543640625 0.0615451390625 0.8612103171874999 0.06278521875000001 0.860218253125 0.06278521875000001 0.8574900796874999 0.061297123437500003 0.85029761875 0.06328125 0.8450892859374999 0.06551339375000001 0.8423611109374999 0.0771701390625 0.8366567453125 0.0880828375 0.83740079375 0.0955233140625 0.840376984375 0.10370783750000001 0.8458333328125001 0.108668153125 0.85079365 0.11858879062500001 0.8646825390625 0.1297495046875 0.8693948406249999 0.143390378125 0.881299603125 0.14909474218750002 0.8832837296875 0.15653521875 0.8877480156249999 0.1704365078125 0.9 0.1719742046875 0.9 0.172408234375 0.8996527765625 0.17216021875 0.890476190625 0.1734002984375 0.8877480156249999 0.1927455359375 0.875347221875 0.202418153125 0.8644345234374999 0.21581101249999998 0.856001984375 0.22052331406249998 0.8510416656249999 0.22300347343750002 0.8463293640625 0.22399553593750002 0.82921626875 0.2227554546875 0.8101190468749999 0.227467759375 0.8021825390625 0.23614831406249998 0.7756448406249999 0.238132440625 0.772420634375 0.23962053593750002 0.76572420625 0.24110863125 0.7634920624999999 0.24284474218750002 0.7560515875 0.24482887031249997 0.7525793640625 0.2478050609375 0.7419146828125001 0.25 0.7292937765625 0.25 0.7179656421875 0.2497891875 0.7161210312499999 0.25 0.7006262968750001 0.25 0.678766296875 0.2485491078125 0.6742063484375 0.23714037812500002 0.6709821421875001 0.21531498125 0.6489087296875 0.2009300609375 0.6399801578125001
6 0.2982018859375 0.5269965265625001 0.2671999015625 0.547333828125 0.24264632968750002 0.552294146875 0.22478918750000002 0.5614707343750001 0.199739584375 0.56767113125 0.1769221234375 0.5765997015625001 0.16501736250000001 0.58329613125 0.150136409375 0.5855282734375 0.140463790625 0.5852802578125 0.1320312515625 0.58329613125 0.12335069531250001 0.5793278765625 0.11863839375 0.578583828125 0.10722966406250001 0.5815600187500001 0.10326140937499999 0.584784225 0.0953249015625 0.5857762906249999 0.0925967265625 0.5872643859375 0.08937252031250001 0.5919766875 0.08044395 0.5994171625 0.077963790625 0.6041294640625 0.0757316484375 0.6058655749999999 0.074739584375 0.60859375 0.07647569531250001 0.611569940625 0.07622767968750001 0.61454613125 0.088132440625 0.622234621875 0.0953249015625 0.62421875 0.1040054578125 0.6284350187500001 0.115166171875 0.6381076390625 0.11888640937499999 0.636867559375 0.13054315625 0.627690971875 0.14294395 0.62099454375 0.15088045781249998 0.6197544640625 0.165265378125 0.6217385921874999 0.168489584375 0.6237227171875 0.1697296640625 0.6264508937500001 0.168985615625 0.6341393859375 0.17245783750000002 0.652492559375 0.1758721921875 0.6546875 0.18142361093749998 0.6546875 0.183618553125 0.652492559375 0.19031498125 0.6403397828124999 0.19229910781249998 0.6306671625 0.19403521875000002 0.6286830359375 0.213132440625 0.6269469234375 0.2262772828125 0.6291790671874999 0.2327256953125 0.631659225 0.24413442500000002 0.631659225 0.253062996875 0.6291790671874999 0.2709201390625 0.62099454375 0.2932415671875 0.6130580359375 0.3115947421875 0.6135540671874999 0.3153149796875 0.6128100187500001 0.3339161703125 0.6028893859375 0.33565228281250004 0.5986731140625 0.3430927578125 0.5934647828124999 0.35625 0.579415525 0.35625 0.50091234375 0.3453249015625 0.5071552578125 0.32473958281250004 0.5158358125 0.31258680625 0.522284225 0.2982018859375 0.5269965265625001
1 0.5459761765625 1 0.5572859953125 0.9610183937500001 0.582664259375 0.9246723937500001 0.6242048640625001 0.8450187437500001 0.6484375 0.7664987125 0.6484375 0.762540021875 0.6236506359374999 0.7350398703125001 0.5980918749999999 0.7063568796874999 0.5870018078125 0.705312171875 0.5846448343749999 0.6921628249999999 0.565559215625 0.679443290625 0.5544414125 0.6816312921875001 0.5570553921875 0.6632616437500001 0.5245603140625 0.643842028125 0.49595970000000006 0.6540491515625 0.47132645625 0.6600044671875 0.463497365625 0.6707984312499999 0.4389421140625 0.6617450218750001 0.42286902031249995 0.6617450218750001 0.4067423671875 0.6575112484375 0.385996003125 0.6510563640625 0.3796875 0.64907918125 0.3796875 0.9410974375000001 0.48644820468750005 0.9854651000000001 0.507611121875 1 0.5459761765625 1
3 0.5315522796875001 0.5 0.50529475625 0.51406773125 0.478343621875 0.5287991890625 0.47454641249999996 0.53141635625 0.48691642343749997 0.5481725703125 0.50322291875 0.5707100296875 0.5235389203125 0.590888790625 0.535703421875 0.607296634375 0.5509273359375 0.6125 0.5675776828125001 0.6125 0.5821215484375 0.6098546765625 0.5981989343749999 0.5995134671875 0.660285084375 0.5612233062499999 0.677385446875 0.5523290984375 0.695184734375 0.553015909375 0.714267078125 0.5457882265625 0.73155393125 0.5351439296875 0.7399781015625 0.519342309375 0.740625 0.5129504234375 0.740625 0.5 0.5315522796875001 0.5
10 0.839984675 0.561393734375 0.8229085578124999 0.5577938375 0.8161032921875 0.545932446875 0.8027500921874999 0.5256100609375001 0.7411040546875001 0.5351079765625 0.739928103125 0.5352401109375 0.7353890984375 0.5352401109375 0.7213239093749999 0.5424324484375 0.70171010625 0.5531349171875 0.6821344171874999 0.5523720359375 0.6263899515625 0.5781073593749999 0.5950571218749999 0.6055395484374999 0.5682907578125 0.6136289765624999 0.5686587171874999 0.6251997015625 0.6644667296875 0.69504185 0.648380053125 0.7638331609375 0.6922268359375 0.8357715234375 0.7141462875 0.8738976125000001 0.6934619171875 0.8929335234375 0.7061934078125001 0.8830971218749999 0.7123349515624999 0.9049862125000001 0.7429775046875 0.9166422015624999 0.74440084375 0.9089201734374999 0.77353213125 0.9235877968749999 0.7783541640625 0.916695928125 0.7922512125 0.9206349890624999 0.8154207875000001 0.9296560312499998 0.8386259687500001 0.9375 0.8456405578125 0.9375 0.8640061218749999 0.93400555 0.8762694515625 0.9186962765625001 0.8816370546875 0.903660428125 0.8803171984375 0.8826400375000001 0.8828125 0.8644431109375 0.8828125 0.8383647890624999 0.8708497046874999 0.7627135015625 0.859512640625 0.6419908296875001 0.851542359375 0.5826427140625 0.839984675 0.561393734375
4 0.3796875 0.8841691390624999 0.3900268546875 0.8818722109374999 0.39466270312499996 0.8858676953125 0.396600421875 0.885098725 0.3938420796875 0.8805795578125 0.41391599531249995 0.89209060625 0.4267191796875 0.9066961156249999 0.43674514531249997 0.91187001875 0.44167921562499995 0.9136735078125 0.44810663906250003 0.9136735078125 0.4502566078125 0.9079366593749999 0.4596175171875 0.9075751375 0.46003485624999996 0.9120456406249999 0.45643638593749997 0.912823346875 0.46241594062499997 0.9213457843749999 0.4601998515625 0.9293650515625 0.460197959375 0.9359375 0.462382815625 0.9359375 0.4641080984375 0.9357142125 0.47097496718750004 0.9227701421875001 0.47623161875 0.9213313328125 0.4802597046875 0.9243233796875 0.483802134375 0.9206000515625 0.4857572859375 0.9183517203125 0.4867349671875 0.9140391062500001 0.4924943609375 0.91468560625 0.4977824453125 0.9121740218750001 0.5029834453124999 0.915179890625 0.5105848953125001 0.915436746875 0.5168322953125 0.9139658125000001 0.523444065625 0.9167501953125001 0.5288544515625 0.915172046875 0.5317414109375 0.9075454578125001 0.53086149375 0.8979212453125001 0.5298634875 0.8870544453125 0.534014778125 0.8605836046875 0.5377659265625 0.8453915890625 0.54524500625 0.8247758468749999 0.55011208125 0.80958326875 0.5556005984375 0.8053287812499998 0.5604152609375 0.80479698125 0.56488466875 0.79913890625 0.5675137734375 0.7929980609375 0.5725184546875 0.7927353937499999 0.5812388625 0.7783305421875 0.582517371875 0.78481409375 0.578902775 0.8047259562499999 0.570848659375 0.82565081875 0.5591417984375 0.8439037015625 0.5473409281249999 0.8590081703125 0.5379850656249999 0.8640468796875 0.5341411734375 0.8652903437500001 0.5339666546874999 0.8721853578125 0.5379530890625001 0.8779323874999999 0.5424673046875 0.882955128125 0.548060884375 0.8844471875 0.5521573156249999 0.885304596875 0.55368748125 0.8813094749999999 0.5590486515624999 0.8720393187500001 0.5650361578125 0.8665883531249999 0.5690112484375 0.8625734953125 0.5697739125 0.8566484265625001 0.5692762578125 0.854093196875 0.56923460625 0.8486533640625 0.5852967171875 0.820329603125 0.5896479265625001 0.812289990625 0.591165775 0.809127771875 0.5920632937500001 0.8042477343750001 0.5944625890624999 0.798756228125 0.5960648531249999 0.7989663015625 0.6012967312499999 0.7902033890625 0.5949611328125 0.7875371515625 0.5990961296874999 0.7829983609375001 0.604170546875 0.7802516703125 0.6046875 0.7781241734375 0.6046875 0.7651802468750001 0.604475484375 0.7639702296875 0.6030872359374999 0.7534399765625001 0.5988279484375 0.7403677046875 0.5803651921874999 0.7292684968750001 0.5703942375000001 0.7345107609375 0.5636410484375001 0.7425049421875001 0.5457126125 0.7383239609375 0.547405409375 0.7028218109375001 0.5392786734375 0.6927003359375 0.5206575640625 0.6803708640625 0.5072016421875001 0.6845005171875 0.49540321249999997 0.6969618765625001 0.4803515171875 0.6975432078125 0.476641725 0.7130508875 0.46174567031249997 0.712020821875 0.4471330015625 0.7015978234375 0.426799696875 0.6989558875 0.405764578125 0.694947353125 0.3953641140625 0.6888551890625 0.3959015515625 0.688099384375 0.3910323078125 0.6910159984375 0.391088015625 0.6961852828125 0.39102724843750003 0.7024115734375 0.38725496718749997 0.7042329828125 0.3880528328125 0.7119799609374999 0.390552865625 0.718709640625 0.3979589859375 0.727606153125 0.3825053328125 0.7321427390624999 0.3796875 0.729661578125 0.3796875 0.8619247906249999 0.38152167187499997 0.8664777453125 0.3796875 0.8664505046875 0.3796875 0.8841691390624999