0 0.294607259375 0.2001486484375 0.306048215625 0.21097843749999998 0.4198899734375 0.2665772890625 0.45884865 0.2734375 0.46371132812500004 0.2734375 0.469814925 0.2695306890625 0.4875 0.1969040203125 0.4875 0.1868384671875 0.47497609531249996 0.17685872656249998 0.4717387421875 0.131453946875 0.47039125156250006 0.129523690625 0.3346772578125 0.09551924218749999 0.298353121875 0.1740125078125 0.294607259375 0.2001486484375
0 0 0.631342834375 0.140625 0.497705259375 0.140625 0.49602017343749993 0.072562321875 0.42232153125 0.055316137499999994 0.41800033281250004 0 0.46496132812499996 0 0.631342834375
0 0.043034160937499996 0.6484375 0.104436484375 0.64346305625 0.1283184328125 0.6128164296875 0.1734375 0.5933724703125 0.1734375 0.5754066578125 0.1718449390625 0.558424603125 0.145751096875 0.5025150218750001 0.1374712296875 0.50362568125 0.0402993328125 0.592355025 0.04199173125 0.6484375 0.043034160937499996 0.6484375
0 0.1940402234375 0.46207328593749997 0.1812772 0.46046801875 0.177700840625 0.46275718593750004 0.1768194609375 0.46890686718749996 0.1887773703125 0.51012614375 0.19843014375 0.5221005203125 0.2031590703125 0.534433803125 0.218422153125 0.5525917812500001 0.226786303125 0.5546875 0.237007571875 0.5546875 0.2506602296875 0.5542988249999999 0.27101666406249997 0.54825091875 0.2796875 0.54137923125 0.2796875 0.5217998890625 0.279686375 0.521755865625 0.271601434375 0.510174328125 0.2610672796875 0.5043496359375 0.25410948437499997 0.496235775 0.227456290625 0.489557559375 0.1940402234375 0.46207328593749997
3 0.2275766515625 0.4895333328125 0.2589333484375 0.49739005625 0.276865990625 0.5082537687500001 0.300049009375 0.5140625 0.3084904171875 0.5140625 0.3117990484375 0.513821325 0.33460469531250003 0.5020165750000001 0.346215153125 0.4889993921875 0.3560120109375 0.4659720140625 0.35625 0.45781705625 0.35625 0.4373643125 0.3474355375 0.4351557625 0.27517105000000003 0.45208705 0.20466931875 0.45671897812499995 0.19594876562500002 0.4609044765625 0.202686215625 0.47055575781250003 0.2275766515625 0.4895333328125
8 0.158236603125 0.22458427187500002 0.1366089421875 0.2621662515625 0.09330278125 0.315020659375 0.0897518421875 0.328464603125 0.09463242656250001 0.35 0.097508146875 0.35 0.1544737640625 0.3414960453125 0.2560355859375 0.3127939328125 0.296206078125 0.259153853125 0.33125 0.23949352968749998 0.33125 0.22640134218750002 0.29541793906249997 0.207992228125 0.29847734375 0.1753135734375 0.270476659375 0.166705103125 0.23287404375 0.16843181093749998 0.200491884375 0.2017265171875 0.158236603125 0.22458427187500002
8 0 0.17899082500000002 0.0018201578125 0.181684971875 0.0583130578125 0.2181366265625 0.09817731874999999 0.228125 0.1370307046875 0.228125 0.164874990625 0.22253993125 0.201986075 0.201578509375 0.2252069921875 0.17554414062499998 0.2390208953125 0.14715275781249998 0.2421875 0.1250583 0.2421875 0.097713503125 0.2378378390625 0.0720027390625 0 0.012410178125 0 0.17899082500000002
8 0.6 0.436844084375 0.5932207140625 0.42956691406249997 0.580678034375 0.42642422656249995 0.5743812734375 0.41369810625000003 0.563406428125 0.41094825312500005 0.5164222234375 0.42147272031250005 0.499887915625 0.4348488171875 0.4943284515625 0.45097476406250003 0.5535501984375 0.60437211875 0.568592934375 0.624067515625 0.5825530296875 0.6265625 0.5978782828125 0.6265625 0.6 0.6261249656250001 0.6 0.436844084375
8 0.34568190312499997 0.5217737640625 0.4120733421875 0.5798171484375 0.4571252890625 0.6054390140625 0.4904905109375 0.61061373125 0.4991364625 0.6265625 0.5042374749999999 0.6265625 0.51604198125 0.6249790468749999 0.523855734375 0.6157884515625 0.5296875 0.5556033046875 0.5296875 0.5434429046875 0.48403278125 0.42902854062499995 0.4537778046875 0.4134847171875 0.35667372343750003 0.4337479828125 0.3536143171875 0.46642664062500006 0.335342671875 0.503256871875 0.34568190312499997 0.5217737640625
7 0.6 0.49970092812500005 0.603076171875 0.506494140625 0.623583984375 0.543115234375 0.644580078125 0.568505859375 0.661181640625 0.583154296875 0.683642578125 0.597314453125 0.711474609375 0.608056640625 0.732958984375 0.612451171875 0.7343994140625 0.6125 0.76826171875 0.6125 0.795947265625 0.608544921875 0.826708984375 0.598291015625 0.851611328125 0.584619140625 0.890673828125 0.553857421875 0.935595703125 0.537255859375 0.953173828125 0.504052734375 0.95625 0.49136352499999997 0.95625 0.485318153125 0.947802734375 0.458642578125 0.937060546875 0.434228515625 0.912646484375 0.442041015625 0.895556640625 0.443994140625 0.892626953125 0.448388671875 0.889208984375 0.468896484375 0.884814453125 0.480126953125 0.881884765625 0.483056640625 0.868212890625 0.485498046875 0.856005859375 0.482080078125 0.844287109375 0.471337890625 0.816455078125 0.432763671875 0.802294921875 0.418603515625 0.760302734375 0.391259765625 0.724169921875 0.360986328125 0.711474609375 0.355615234375 0.695361328125 0.356103515625 0.685107421875 0.351708984375 0.684619140625 0.347314453125 0.696337890625 0.317041015625 0.708544921875 0.298974609375 0.739306640625 0.276025390625 0.764208984375 0.263818359375 0.768603515625 0.251611328125 0.771533203125 0.232080078125 0.764697265625 0.227685546875 0.749072265625 0.226220703125 0.730517578125 0.231591796875 0.707568359375 0.242822265625 0.668994140625 0.267724609375 0.654833984375 0.283349609375 0.634814453125 0.325341796875 0.629443359375 0.326318359375 0.606494140625 0.320458984375 0.6 0.320458984375 0.6 0.49970092812500005
7 0.6 0.2832101 0.611328125 0.287255859375 0.634069825 0.290625 0.6418131515625001 0.290625 0.64892578125 0.289697265625 0.6787109375 0.259423828125 0.6875 0.231591796875 0.6984375 0.223279296875 0.6984375 0.21638997343750002 0.6982421875 0.215478515625 0.6953125 0.211083984375 0.68994140625 0.208154296875 0.63134765625 0.189599609375 0.60498046875 0.178857421875 0.6 0.1759378375 0.6 0.2832101
6 0.934423828125 0.20126953125 0.937353515625 0.19296875 0.937353515625 0.1861328125 0.930517578125 0.16708984375 0.931982421875 0.14951171875 0.917333984375 0.1177734375 0.903173828125 0.105078125 0.875341796875 0.0875 0.841162109375 0.0767578125 0.835302734375 0.0728515625 0.824072265625 0.07236328125 0.812841796875 0.06796875 0.804052734375 0.07822265625 0.785009765625 0.08798828125 0.768896484375 0.0884765625 0.760595703125 0.09140625 0.751806640625 0.0982421875 0.746435546875 0.10556640625 0.743017578125 0.1265625 0.743505859375 0.1353515625 0.746923828125 0.1421875 0.746923828125 0.151953125 0.742529296875 0.163671875 0.744970703125 0.17001953125 0.778173828125 0.1880859375 0.790869140625 0.19345703125 0.810888671875 0.19736328125 0.827001953125 0.20615234375 0.844580078125 0.21103515625 0.896826171875 0.23544921875 0.909130859375 0.2375 0.918896484375 0.2375 0.920751953125 0.23740234375 0.922216796875 0.23349609375 0.919775390625 0.2193359375 0.923193359375 0.21396484375 0.929052734375 0.21005859375 0.934423828125 0.20126953125
6 0.8634765625 0.2625 0.84541015625 0.2498046875 0.8126953125 0.2419921875 0.79072265625 0.23369140625 0.77412109375 0.23125 0.77021484375 0.23515625 0.7599609375 0.27177734375 0.7580078125 0.2869140625 0.7365234375 0.31181640625 0.7296875 0.32255859375 0.72578125 0.33671875 0.727734375 0.34501953125 0.7375 0.3650390625 0.74873046875 0.37822265625 0.76923828125 0.39580078125 0.8068359375 0.42021484375 0.83369140625 0.451953125 0.844921875 0.47001953125 0.8537109375 0.4802734375 0.8619140625 0.484375 0.8755859375 0.484375 0.87861328125 0.4841796875 0.88349609375 0.48076171875 0.891796875 0.4666015625 0.8927734375 0.44951171875 0.895703125 0.44462890625 0.91572265625 0.4421875 0.93330078125 0.43486328125 0.9359375 0.43184988906250005 0.9359375 0.427900965625 0.9201171875 0.366015625 0.91279296875 0.34794921875 0.89521484375 0.3162109375 0.88447265625 0.280078125 0.8751953125 0.26787109375 0.8634765625 0.2625
8 1 0 0.8995321578125001 0 0.894921875 0.01982421875 0.88515625 0.03642578125 0.879296875 0.06376953125 0.87294921875 0.080859375 0.875390625 0.08916015625 0.906640625 0.10869140625 0.9173828125 0.11943359375 0.930078125 0.147265625 0.9310546875 0.16875 0.93837890625 0.19072265625 0.94521484375 0.19658203125 0.957421875 0.184375 0.96083984375 0.18779296875 0.9580630093749999 0.1984375 0.9642875343749999 0.1984375 0.97841796875 0.18828125 0.988671875 0.184375 1 0.177578125 1 0
5 0.544117640625 1 0.543529634375 0.99079458125 0.518923896875 0.8837451640625 0.464150859375 0.7262896765625 0.4590677890625 0.719036609375 0.45163181249999995 0.7162611296875 0.322342640625 0.7143561171874999 0.20890774374999999 0.7179791953125 0.163298534375 0.7219893125000001 0.1148223953125 0.729506134375 0.052776709374999994 0.7452015953125 0.012307729687500001 0.7589205765625 0 0.7640807015625001 0 0.789796459375 0.0037302078124999997 0.791554284375 0.089033084375 0.8460827390624999 0.1268531578125 0.887465034375 0.15971591406250002 0.9269970140625 0.1712755078125 0.9380307421874999 0.200631146875 0.9535645125000001 0.218141809375 0.966916853125 0.237297425 0.9876022859375 0.24708406875 1 0.544117640625 1