1 0.0053943921875 0.22972650468750003 0.0653251890625 0.5020820640625 0.3097305359375 0.578125 0.312541228125 0.578125 0.3609375 0.5321785375 0.3609375 0.5204114953125 0.3510205921875 0.2166901703125 0.3356222671875 0.2220863703125 0.314078503125 0.1717944515625 0.06871549375 0.1714166265625 0.0093410359375 0.22943946249999997 0.0053943921875 0.22972650468750003
5 0.51875 0 0.0964959546875 0 0.0925375765625 0.03896126875 0.0734665578125 0.16929745624999998 0.07504952031249999 0.170975021875 0.31316568125 0.1687952046875 0.3356550625 0.21649834375000002 0.3503581671875 0.2203178125 0.354135515625 0.3453125 0.355965246875 0.3453125 0.3761856625 0.3268635546875 0.39522472343750004 0.32697800312499997 0.4427306140625 0.2576687890625 0.4923842515625 0.17818753125 0.51875 0.12583631875 0.51875 0
6 0.51875 0.3943651125 0.5040948515625 0.3573630375 0.5143277203125 0.3474605421875 0.5113576906249999 0.3373007734375 0.4948133171875 0.3192734546875 0.48755658593750006 0.31166803125000003 0.4661982796875 0.31682979218749996 0.4533090921875 0.32633885625 0.45695686875 0.34032530156249996 0.4610119703125 0.43941930156250003 0.45612693593750003 0.49728393125 0.4397267171875 0.5871695078125 0.4210955515625 0.5844120546875 0.422009984375 0.60161819375 0.432493925 0.6005565625 0.4482167671875 0.6069207109375 0.47749339687500003 0.6101200015625 0.503011021875 0.6115023093749999 0.51875 0.6119084124999999 0.51875 0.3943651125
6 0.41440369062500004 0.3763707859375 0.40388288906250003 0.3575408015625 0.398731246875 0.34256576562499996 0.3933884734375 0.3273208046875 0.37761335625000003 0.3260159265625 0.3585996640625 0.345104725 0.3561372015625 0.3745280953125 0.36074712343750004 0.4856653984375 0.3610179203125 0.5293477921874999 0.315095075 0.58033175 0.3226935265625 0.5995302578125 0.3466811484375 0.6009771546875 0.3531068765625 0.603125 0.41870882187499997 0.603125 0.41870882187499997 0.5986131 0.4189638734375 0.5819786687499999 0.4103193046875 0.5712282265625 0.391463128125 0.561304309375 0.391463128125 0.544892634375 0.3911393203125 0.5263325890624999 0.40504612656249994 0.524647121875 0.42381899531249995 0.5043687375 0.4365144390625 0.48860484375 0.43700470156250004 0.476351715625 0.445793571875 0.469306840625 0.4484375 0.45911812812499997 0.4484375 0.45377871093750005 0.435297740625 0.432682859375 0.44338384218750004 0.42659754375 0.44802028125 0.4079477171875 0.4381819546875 0.404401665625 0.42660414375 0.39859695781250004 0.41440369062500004 0.3763707859375
6 0.51875 0 0.51875 0.1810639875 0.5320188484374999 0.1810639875 0.5890625 0.1860243046875 0.6064236109375 0.1798239078125 0.62626488125 0.147581846875 0.6423859125 0.12650049531250002 0.6411458328124999 0.1004588296875 0.65850694375 0.0781374 0.701909721875 0.05829613125000001 0.722991071875 0.039694940625 0.7378766750000001 0 0.5995403953125 0 0.58038194375 0.0161334328125 0.5659174874999999 0 0.51875 0
0 0.51875 0.302754103125 0.5601190484374999 0.298053075 0.5849206359375 0.2844122015625 0.6015625 0.27252515625 0.6015625 0.26611358281249997 0.5960813500000001 0.2211681546875 0.5960813500000001 0.1839657734375 0.51875 0.1875906796875 0.51875 0.302754103125
10 0.51875 0.578125 0.6509786828124999 0.578125 0.6832713296875 0.532676090625 0.7105530765625 0.4942336296875 0.7179935515625 0.486793153125 0.7390749015625 0.470672121875 0.7502356140625001 0.4322296625 0.7328745046874999 0.4384300578125 0.7514756953124999 0.3665054546875 0.7390749015625 0.3565848203125 0.7117931546875 0.31690228125000003 0.6832713296875 0.2933407734375 0.6237475203125 0.29210069375000003 0.5815848203125 0.289620534375 0.539422121875 0.3069816453125 0.51875 0.3082345015625 0.51875 0.578125
2 1 0.3574201828125 0.97958829375 0.3796875 0.9312251984375 0.3747271828125 0.87294146875 0.369766865625 0.8307787703124999 0.34248511875 0.7836557546874999 0.323883928125 0.7675347218749999 0.323883928125 0.7724950390625 0.30404265937499997 0.7588541671875 0.2866815484375 0.7328125 0.295362103125 0.7067708328125 0.30652281718749996 0.7278521828125 0.33876488125000004 0.751413690625 0.3685267859375 0.739012896875 0.3896081359375 0.7365327374999999 0.44045138906250003 0.7464533734375 0.44169146875000004 0.735292659375 0.47145337343750005 0.7217464484375 0.494030390625 0.7340525796875 0.5272569453125 0.747693453125 0.566939484375 0.7513946125000001 0.5765625 0.8842311546874999 0.5765625 0.90518353125 0.5743799609375 1 0.5762575140624999 1 0.3574201828125
4 0.710491071875 0.15674603125 0.74521329375 0.1145833328125 0.74521329375 0.0873015875 0.7067708328125 0.0922619046875 0.6881696421875001 0.097222221875 0.673288690625 0.07986111093750001 0.6373263890625 0.0761408734375 0.6398065468749999 0.10218253906250001 0.6546875 0.12822420625 0.6348462296874999 0.15178571406250002 0.6112847218749999 0.18030753906250002 0.6212053578125 0.1765873015625 0.6212053578125 0.1827876984375 0.6559275796875 0.1741071421875 0.673288690625 0.1542658734375 0.6881696421875001 0.21378968281250002 0.6869295640625 0.2423115078125 0.7055307546874999 0.26463293593750004 0.7315724203125 0.2770337296875 0.7588541671875 0.2708333328125 0.7700148812500001 0.24107142812500001 0.7464533734375 0.22371031718749998 0.7328125 0.2150297625 0.74893353125 0.1951884921875 0.74521329375 0.17286706406250002 0.7228918656250001 0.17162698437499999 0.710491071875 0.15674603125
1 0.8340922625000001 0 0.77373511875 0.0290178578125 0.7749751984375 0.031498015625 0.7675347218749999 0.0265376984375 0.7662946421875001 0.097222221875 0.7700148812500001 0.169146825 0.7712549609374999 0.24479166718749998 0.7675347218749999 0.3216765875 0.8034970234374998 0.33779761875 0.8531001984375 0.35887896874999997 0.9126240078125001 0.368799603125 0.9622271828125001 0.3787202375 0.9969494046874999 0.3700396828125 1 0.366850425 1 0.011259920312500001 0.9868634249999999 0 0.8340922625000001 0
5 0.359765625 1 0.3734375 0.9817708328125001 0.390625 0.9515625 0.3984375 0.9526041671875 0.4 0.9510416656249999 0.4 0.9455492453125001 0.3953125 0.9255208328125001 0.384375 0.8942708328125001 0.37845051875 0.890625 0.3751041671875 0.890625 0.35260416562499997 0.8953125 0.3239583328125 0.9046875 0.265104165625 0.903125 0.2442708328125 0.9067708328125 0.202604165625 0.9197916671874999 0.19791666562500002 0.9234375 0.19375 0.9307291671875 0.19010416562500002 0.9552083328125001 0.185416665625 0.9666666671874999 0.1911458328125 0.9677083328125 0.2015625 0.9635416671874999 0.2109375 0.9651041671874999 0.1984375 0.9713541671874999 0.1953125 0.9875 0.19618459375 1 0.359765625 1
5 0.51875 0.9088144421875001 0.5174479171875 0.90859375 0.50703125 0.9127604171874999 0.49661458437499995 0.9216145843750001 0.49348958437499996 0.9221354171874999 0.49348958437499996 0.9127604171874999 0.48932291718750004 0.9065104171874999 0.49401041718750005 0.899739584375 0.49348958437499996 0.89765625 0.48255208437499997 0.8950520843750001 0.45703125 0.9080729171874999 0.4252604171875 0.9158854171874999 0.41432291718750003 0.9216145843750001 0.40703125 0.93359375 0.4018229171875 0.93828125 0.4018229171875 0.94921875 0.3986979171875 0.95703125 0.43515625 0.9924479171874999 0.44448529375 1 0.4996354171875 1 0.4986979171875 0.99765625 0.5065104171875 0.98671875 0.51875 0.9784981343750001 0.51875 0.9088144421875001
2 0.51875 0.8754381421874999 0.47168606874999996 0.8640625 0.4690872609375 0.8640625 0.442447915625 0.8953125 0.42890625 0.9151041671875 0.4575520828125 0.9083333328125001 0.48515625 0.8953125 0.49140625 0.8958333328125001 0.49296875 0.8979166671875 0.49036458281249995 0.9088541671874999 0.492447915625 0.9114583328125001 0.49140625 0.9177083328125001 0.4932581015625 0.921875 0.4942129609375 0.921875 0.506510415625 0.9130208328125 0.51640625 0.9088541671874999 0.51875 0.9091343984375 0.51875 0.8754381421874999
8 0.44437499999999996 1 0.43125 0.9890625 0.39895833281250004 0.9572916671874999 0.390625 0.9541666671875 0.3770833328125 0.9765625 0.35989583281250004 0.9994791671875 0.3596643515625 1 0.44437499999999996 1
10 0.5261598234375 0.7 0.521206715625 0.8395766328125 0.521842046875 0.855759675 0.5365459734375 0.863909228125 0.5411804015625 0.8698777890624999 0.5554950437499999 0.875752759375 0.7274426734375 0.89375 0.7324338906250001 0.89375 0.746015003125 0.8837017734374999 0.755807203125 0.8690379625 0.7635382546875 0.8540055046875 0.76458798125 0.7826103390625 0.7837447390625 0.76590330625 0.784375 0.70655976875 0.784375 0.7 0.5261598234375 0.7
0 0.7821994671875 0.7 0.7819940484375 0.7727182546875 0.7849702390625 0.843898809375 0.7921626984375 0.85828373125 0.79365079375 0.8696924609375 0.795634921875 0.8734126984374999 0.8134920640625 0.881101190625 0.8370535718750001 0.8845734125 0.8387896828125001 0.887549603125 0.8385416671874999 0.8952380953125001 0.8395337312500001 0.8989583343750001 0.843998015625 0.9056547625 0.846726190625 0.9068948421874999 0.8568204265624999 0.9078125 0.863792440625 0.9078125 0.8658234125 0.90615079375 0.8685515875 0.9016865078125 0.8710317468750001 0.88779761875 0.8732638890625001 0.886557540625 0.8918650796875 0.8828373015625001 0.9017857140625001 0.8798611109374999 0.9067460328125 0.8778769843750001 0.909226190625 0.8756448421874999 0.9129464296875 0.8647321437500001 0.9191468265625 0.8545634921874999 0.9203125 0.8502893578125 0.9203125 0.8419845531250001 0.9179067468750001 0.7888392859375 0.911954365625 0.7055059531250001 0.9118263203125 0.7 0.7821994671875 0.7