5 0.2894438046875 0 0.228614359375 0.034123329687499995 0.1989235625 0.0530164421875 0.101901421875 0.1226968375 0.11638169062499999 0.15791673281250002 0.1263812953125 0.182689315625 0.14117046718749998 0.184375 0.15292496875 0.184375 0.205469153125 0.1599449609375 0.340625 0.0368405375 0.340625 0.0355520125 0.3168657546875 0 0.2894438046875 0
8 0.288802084375 0.11276041562500001 0.28463541718749996 0.11328125 0.282552084375 0.11640625 0.2783854171875 0.134635415625 0.2799479171875 0.1575520828125 0.287239584375 0.1757812484375 0.2959201421875 0.1796875 0.3003906234375 0.1796875 0.301302084375 0.1794270828125 0.309114584375 0.1638020828125 0.3265625 0.09700148750000001 0.3265625 0.0940682859375 0.31328125 0.09505208281250001 0.29453125 0.1028645828125 0.29192708437500003 0.10963541562500001 0.288802084375 0.11276041562500001
8 0.45807291718750004 0.10442708281249999 0.43880208437499996 0.09140625 0.4127604171875 0.08046875 0.3986979171875 0.0778645828125 0.373177084375 0.078385415625 0.3502604171875 0.08359375 0.3440104171875 0.086197915625 0.34140625 0.08984375 0.31953125 0.179947915625 0.31588541718749996 0.18828125 0.30703125 0.198697915625 0.3065104171875 0.20442708281250002 0.343489584375 0.237760415625 0.3830729171875 0.2606770828125 0.416927084375 0.27109375 0.43098958437499996 0.271875 0.4453617046875 0.271875 0.4890625 0.161606709375 0.4890625 0.15026040624999998 0.48880208437499995 0.14713541562500002 0.4830729171875 0.13359375 0.47317708437499995 0.11953125 0.45807291718750004 0.10442708281249999
8 0.30625 0.236979165625 0.309375 0.22291666562499998 0.3088541671875 0.20052083281250002 0.3182291671875 0.1864583328125 0.3390625 0.107291665625 0.3447916671875 0.071875 0.35625 0.0473958328125 0.3557291671875 0.0390625 0.3447916671875 0.030729165625 0.3359375 0.029166665624999998 0.3203125 0.032291665625 0.3109375 0.0364583328125 0.2932291671875 0.0348958328125 0.2822916671875 0.038541665625 0.23072916718749997 0.0380208328125 0.2036458328125 0.040625 0.16458333281249998 0.046354165625 0.125 0.0578125 0.08645833281250001 0.1375 0.0536458328125 0.19375 0.0427083328125 0.21770833281250002 0.0192708328125 0.28229166562499997 0.0140625 0.3015625 0.021354167187500002 0.30625 0.1609375 0.3302083328125 0.23072916718749997 0.3458333328125 0.24747024374999999 0.3484375 0.2628125 0.3484375 0.265625 0.34375 0.278125 0.2942708328125 0.2947916671875 0.2703125 0.30625 0.236979165625
8 0.4113066984375 0.36875 0.4375 0.29739583281250004 0.44322916718750005 0.27395833281250004 0.44114583281249997 0.2723958328125 0.4114583328125 0.2703125 0.3817708328125 0.2598958328125 0.3619791671875 0.25 0.3447916671875 0.23854166718749997 0.3171875 0.21354166718749998 0.31197916718749996 0.2109375 0.3088541671875 0.2270833328125 0.2921875 0.27395833281250004 0.2791666671875 0.28177083281250004 0.2630208328125 0.3375 0.2598958328125 0.3385416671875 0.2546875 0.3333333328125 0.2515625 0.3177083328125 0.2494791671875 0.315625 0.24635416718749997 0.31875 0.2427083328125 0.3171875 0.25052083281250004 0.2734375 0.2526041671875 0.2567708328125 0.2510416671875 0.2510416671875 0.24322916718749998 0.2494791671875 0.2390625 0.2515625 0.2046875 0.2848958328125 0.20052083281250002 0.2932291671875 0.2010416671875 0.31197916718749996 0.20729166718749997 0.32083333281250004 0.2114583328125 0.3348958328125 0.2166666671875 0.3390625 0.2375 0.3447916671875 0.2802083328125 0.3515625 0.344408703125 0.36875 0.4113066984375 0.36875
7 0.6988591546875 0.36875 0.765661353125 0.3121252734375 0.7811846593749999 0.276710075 0.7901217421875 0.2340541578125 0.8197819734374999 0.1761906609375 0.825 0.10971907343750001 0.825 0.076266609375 0.8046125046875 0.0482851609375 0.7899692921874999 0.0419780640625 0.7722439203125 0.044032021875 0.7610203906249999 0.04853413125 0.7150492953125 0.09708220937499999 0.636110790625 0.1990746671875 0.5647229874999999 0.271378109375 0.5477570453125 0.31656516562500003 0.5468769515624999 0.3582874640625 0.5430201171875 0.36875 0.6988591546875 0.36875
7 1 0.19376646875 0.9319048796875 0.2116040640625 0.75303160625 0.3235758609375 0.7102219875 0.36875 0.7499916390625 0.36875 1 0.3397798359375 1 0.19376646875
2 0 0.87565585 0.013134765625 0.8771484375 0.0473404953125 0.884375 0.0696533203125 0.884375 0.087353515625 0.88154296875 0.109326171875 0.86494140625 0.141552734375 0.85126953125 0.155224609375 0.84736328125 0.159130859375 0.84443359375 0.159375 0.84345703125 0.159375 0.8421773968749999 0.145458984375 0.82490234375 0.109326171875 0.80830078125 0.092236328125 0.7814453125 0.023388671875 0.7521484375 0 0.7277985875 0 0.87565585
2 0 0.687934028125 0.00625 0.68828125 0.01064453125 0.69169921875 0.0541015625 0.69853515625 0.06533203125 0.70390625 0.06923828125 0.701953125 0.07021484375 0.64677734375 0.06875 0.62333984375 0.06484375 0.600390625 0.06923828125 0.592578125 0.08388671875 0.576953125 0.10146484375 0.51640625 0.11806640625 0.48076171875 0.0833984375 0.4763671875 0.06923828125 0.4763671875 0.04873046875 0.48076171875 0.0365234375 0.48564453125 0 0.4847198875 0 0.687934028125
2 0.1927734375 0.62431640625 0.19375 0.60576171875 0.19521484375 0.604296875 0.21474609375 0.60576171875 0.22890625 0.604296875 0.25087890625 0.576953125 0.2533203125 0.56767578125 0.250390625 0.56376953125 0.25087890625 0.55791015625 0.24404296875 0.55107421875 0.238671875 0.5349609375 0.23232421875 0.53544921875 0.22060546875 0.522265625 0.2005859375 0.47734375 0.1849609375 0.4734375 0.1595703125 0.47197265625 0.148828125 0.467578125 0.1322265625 0.4646484375 0.1283203125 0.46806640625 0.12880859375 0.47490234375 0.11806640625 0.48173828125 0.1087890625 0.4998046875 0.10830078125 0.5486328125 0.113671875 0.59501953125 0.11513671875 0.64775390625 0.12001953125 0.64921875 0.152734375 0.6453125 0.1888671875 0.6443359375 0.1927734375 0.62431640625
2 0.22744140625 0.60576171875 0.19375 0.60478515625 0.19326171875 0.62236328125 0.19033203125 0.63212890625 0.19130859375 0.63701171875 0.1947265625 0.639453125 0.22451171875 0.6501953125 0.246484375 0.65458984375 0.24599609375 0.66044921875 0.22548828125 0.69267578125 0.2201171875 0.709765625 0.2220703125 0.7234375 0.22744140625 0.72490234375 0.23671875 0.73125 0.2396484375 0.73125 0.2484375 0.7205078125 0.2748046875 0.6716796875 0.29189453125 0.64970703125 0.31337890625 0.61357421875 0.316796875 0.6052734375 0.32412109375 0.56767578125 0.32265625 0.56376953125 0.31484375 0.561328125 0.3109375 0.55791015625 0.31240234375 0.5515625 0.31044921875 0.54033203125 0.30166015625 0.52275390625 0.28408203125 0.51396484375 0.2708984375 0.498828125 0.26064453125 0.49248046875 0.2513671875 0.48271484375 0.24599609375 0.47978515625 0.24013671875 0.479296875 0.22744140625 0.483203125 0.2162109375 0.49736328125 0.21376953125 0.50517578125 0.21962890625 0.52275390625 0.23134765625 0.5349609375 0.2396484375 0.53642578125 0.2435546875 0.5505859375 0.25478515625 0.56181640625 0.25576171875 0.56669921875 0.24599609375 0.58525390625 0.22744140625 0.60576171875
2 0.144921875 0.71953125 0.1498046875 0.72197265625 0.1537109375 0.72734375 0.15859375 0.7439453125 0.16640625 0.7595703125 0.19619140625 0.803515625 0.2123046875 0.8357421875 0.21767578125 0.84111328125 0.22451171875 0.8416015625 0.234765625 0.834765625 0.2435546875 0.82158203125 0.2484375 0.80986328125 0.2591796875 0.7732421875 0.2591796875 0.752734375 0.23623046875 0.72880859375 0.22353515625 0.7205078125 0.22158203125 0.698046875 0.2240234375 0.69560546875 0.22451171875 0.69072265625 0.22158203125 0.6716796875 0.21083984375 0.65361328125 0.20693359375 0.64970703125 0.19765625 0.6462890625 0.17470703125 0.6443359375 0.1224609375 0.64921875 0.1126953125 0.6482421875 0.10830078125 0.63994140625 0.1078125 0.6345703125 0.1126953125 0.63017578125 0.11513671875 0.62333984375 0.113671875 0.5935546875 0.11171875 0.59013671875 0.10537109375 0.59013671875 0.10048828125 0.5935546875 0.09072265625 0.6091796875 0.09169921875 0.6873046875 0.08388671875 0.70244140625 0.0794921875 0.7234375 0.08095703125 0.725390625 0.09951171875 0.73076171875 0.10732421875 0.74052734375 0.11416015625 0.7419921875 0.1400390625 0.7205078125 0.144921875 0.71953125
5 0.8442708328125 0.6979166671874999 0.8463541671874999 0.6911458343750001 0.8458333328125001 0.68125 0.8427083328125 0.68125 0.8380208328125001 0.6755208343750001 0.8229166671874999 0.6645833343750001 0.8203125 0.670833334375 0.8145833328125001 0.6765625 0.8140625 0.6817708343750001 0.8046875 0.6796875 0.784375 0.6859375 0.7677083328125001 0.6885416671875 0.7583333328125 0.6932291671874999 0.753125 0.7057291671874999 0.7520833328125001 0.7166666671874999 0.7640625 0.7364583343750001 0.7713541671874999 0.741145834375 0.775 0.741145834375 0.7817708328125 0.7369791671874999 0.7935355375 0.7453125 0.796875 0.7453125 0.796875 0.734375 0.8067708328125001 0.7234375 0.8151041671874999 0.715625 0.8442708328125 0.6979166671874999
5 0.8932291671874999 0.7619791656249999 0.88125 0.759375 0.8697916671874999 0.753125 0.8484375 0.7348958328125 0.8401041671874999 0.7322916656249999 0.8572916671874999 0.7786458328125 0.8421875 0.784375 0.8302083343750001 0.8286458328125 0.8239583343750001 0.8375 0.8271752453125 0.8453125 0.8403501140625 0.8453125 0.903645834375 0.8270833328125 0.9328125 0.8239583328125001 0.940625 0.8205403656249999 0.940625 0.8125 0.9265625 0.780729165625 0.911458334375 0.7567708328125 0.9046875 0.7572916656249999 0.8932291671874999 0.7619791656249999
5 0.9127604171874999 0.7270833328125 0.915364584375 0.7401041671874999 0.9111979171875 0.7552083328125001 0.9190104171875 0.7557291671874999 0.9294270843750001 0.75 0.9419270843749998 0.7479166671874999 0.9559895843749999 0.7416666671875 0.9596354171874999 0.7427083328125 0.9658854171875 0.7526041671874999 0.9674479171874999 0.7416666671875 0.97265625 0.7395833328125001 0.9721354171875 0.7338541671875 0.9919270843749999 0.7244791671874999 0.99296875 0.7208333328125001 0.996875 0.719097221875 0.996875 0.7175 0.9950520843749999 0.7145833328125001 0.9846354171874999 0.7067708328125001 0.97734375 0.7067708328125001 0.9127604171874999 0.7270833328125
5 0.8098958328125001 0.5729166671874999 0.8041666656249999 0.5713541671875 0.8015625 0.5677083328125 0.7963541656249999 0.571875 0.7953125 0.5692708328125 0.7875 0.56875 0.7791666656249999 0.5770833328125 0.7796875 0.58125 0.790625 0.5984375 0.790104165625 0.6057291671874999 0.8067708328125001 0.6265625 0.8114583328125 0.6276041671874999 0.81875 0.6255208328125 0.8208333328125 0.6291666671874999 0.825 0.6286458328125001 0.8302083328125001 0.6234375 0.838541665625 0.6057291671874999 0.8427083328125 0.603125 0.840625 0.6020833328125 0.840625 0.5895833328125001 0.8453125 0.5708333296875 0.8453125 0.5652083343750001 0.84375 0.5630208328124999 0.840625 0.5630208328124999 0.8260416656249999 0.5703125 0.8098958328125001 0.5729166671874999
5 1 0.6791914671875 0.9950520828125 0.6794270828125001 0.97265625 0.6752604156249999 0.9575520828125 0.68359375 0.9658854156250001 0.7013020828125001 0.9747395828125001 0.7065104156249999 0.9846354156250001 0.708072915625 0.9950520828125 0.71796875 0.98984375 0.7247395828125001 0.9705729156250001 0.7341145828125001 0.9658854156250001 0.748697915625 0.96171875 0.747135415625 0.9591145828125001 0.7424479156249999 0.9544270828125001 0.7419270828125001 0.9403645828125 0.748697915625 0.9341145828125 0.75546875 0.928385415625 0.7716145828125 0.92734375 0.783072915625 0.93203125 0.79609375 0.9434895828125001 0.82109375 0.9549479156250001 0.8393229156250002 0.9581705718750001 0.8421875 1 0.8421875 1 0.6791914671875