10 0 0 0 0.046875 0.001938509375 0.046875 0.040671753125 0.044778200000000004 0.0433610171875 0 0 0
10 0.3421875 0.0753026796875 0.3421875 0.0353737671875 0.3364227546875 0.009375 0.3301306046875 0.009375 0.284995334375 0.0120119578125 0.24995473750000002 0.023929328125 0.289610575 0.140625 0.2931457296875 0.140625 0.3404491390625 0.1317882703125 0.3421875 0.0753026796875
10 0.043218115625 0.28160910625 0.0489133828125 0.298368628125 0.0486437265625 0.3474945328125 0.0665987265625 0.3677747546875 0.08083679218749999 0.3684354796875 0.0922871609375 0.3543815859375 0.11267005156250001 0.3449094265625 0.11875 0.309281478125 0.11875 0.29803406718750003 0.1068248015625 0.28212993750000004 0.10985223749999999 0.27150512031249996 0.09876147656249999 0.24754985624999998 0.059794125 0.241400703125 0.04762434375 0.2489967546875 0.043218115625 0.28160910625
10 0.312146784375 0.28444553125 0.3169427359375 0.2725137109375 0.326264784375 0.2152998203125 0.31880100312500004 0.1998473015625 0.3022848296875 0.1924827671875 0.26580540625000004 0.191484453125 0.2375091765625 0.21239650000000002 0.23675984687499999 0.2297251265625 0.253455921875 0.2593231609375 0.26877320625 0.310908728125 0.312146784375 0.28444553125
10 0.35 0.366904840625 0.339801584375 0.3647146265625 0.32998259218750003 0.3640625 0.3216183125 0.3640625 0.3120448640625 0.3698510171875 0.3024529609375 0.39371465781250004 0.31240466875 0.41431801406249996 0.344058221875 0.4510346171875 0.35 0.4514292390625 0.35 0.366904840625
10 0.35 0.45769547812500005 0.3145770421875 0.40670613906249997 0.287899340625 0.3802912140625 0.2674264984375 0.378646625 0.22998792343750002 0.3965299046875 0.2171875 0.42122560781249996 0.2171875 0.423756853125 0.21838777031249998 0.4470399875 0.24110880156249997 0.4791748546875 0.2823542578125 0.4920278171875 0.3183841234375 0.5199185390625 0.35 0.528997853125 0.35 0.45769547812500005
10 0.314911784375 0.5296875 0.321875 0.5252397625 0.321875 0.5181551375 0.290774709375 0.49792501875 0.2631378578125 0.4903916921875 0.23490146250000002 0.4637308 0.22336114375 0.4666679453125 0.20243874375 0.49191576093749995 0.24179581562500002 0.5187454453125 0.27554700312499997 0.5296875 0.314911784375 0.5296875
10 0.2402952484375 0.5296875 0.207266465625 0.4946945734375 0.18241731249999998 0.501875865625 0.165625 0.5224863265625 0.165625 0.5238179359374999 0.16823691093749998 0.5296875 0.2402952484375 0.5296875
10 0.0753133359375 0.127613021875 0.0761227 0.1451876140625 0.0989636015625 0.1646527640625 0.098424090625 0.1804284203125 0.1206654484375 0.180766009375 0.1548088359375 0.203125 0.1561462203125 0.203125 0.1680557296875 0.1834860859375 0.16871510781250001 0.155040709375 0.1162889390625 0.10711573593749998 0.098933484375 0.1059630765625 0.083436496875 0.11462016562499999 0.0753133359375 0.127613021875
10 0 0.27204766875 0.03522185 0.257935928125 0.0359375 0.2526390953125 0.0359375 0.2418053625 0.0116015015625 0.19710971875 0 0.203805059375 0 0.27204766875
1 0.091171346875 0.349007071875 0.0790915203125 0.3677198734375 0.0790616015625 0.39150634375000004 0.0873646640625 0.4007469859375 0.11233580624999999 0.4046875 0.135057871875 0.4046875 0.1796573 0.4010363 0.2733287265625 0.37933808125 0.29961670625000003 0.38507247499999997 0.316162796875 0.3686505390625 0.3465273140625 0.3559952703125 0.346875 0.3534219 0.346875 0.34546217968750004 0.3221576359375 0.3124976859375 0.3177212921875 0.28642035 0.2932917796875 0.29049570468749997 0.2409557609375 0.33616363437499996 0.19356547968749999 0.3334435578125 0.091171346875 0.349007071875
6 0 0.20356727343749997 0.023756193749999998 0.18903201875 0.0293914265625 0.170888321875 0.069437796875 0.1454861625 0.07902969843749999 0.121622521875 0.09536596875 0.10675355625 0.0984375 0.08401985937499999 0.0984375 0.0768260640625 0.078370121875 0.0675917390625 0.07111616093749999 0.050586253125 0.0606249453125 0.0457585515625 0.0116759671875 0.042792507812500005 0 0.0470175484375 0 0.20356727343749997
6 0.104206128125 0.1010957046875 0.1469803609375 0.1379811015625 0.2025538359375 0.1626115390625 0.21987937031250002 0.187550665625 0.242123121875 0.2 0.245211665625 0.2 0.265710959375 0.1900247765625 0.2875 0.167083628125 0.2875 0.132600678125 0.26379226093749997 0.06283565468749999 0.2505133453125 0.043293334375 0.1994061328125 0.020953764062499998 0.1680224328125 0.0175874109375 0.1509667484375 0.025998532812500003 0.104206128125 0.1010957046875
6 0.04450749375 0 0.042704637499999996 0.0416919328125 0.051097649999999994 0.062049325 0.048489856250000005 0.069568203125 0.0878736953125 0.10625 0.095430884375 0.10625 0.10103589375 0.10482346093749999 0.103553740625 0.08618783125 0.146327775 0.040597071875 0.1572685484375 0.018532365624999998 0.15554304375 0 0.04450749375 0
6 0 0.5228215828125 0.01803223125 0.528125 0.0593602859375 0.528125 0.1031713953125 0.5148801953125 0.1046875 0.5036588546874999 0.1046875 0.4923222140625 0.09007218125000001 0.43509521875 0.0844367484375 0.370762759375 0.061386029687499996 0.3528505796875 0.054161985937500004 0.312058621875 0 0.3020562015625 0 0.5228215828125
6 0.118522546875 0.1849987984375 0.098349478125 0.1929179875 0.09115555 0.2108157203125 0.09577179687500001 0.2591265546875 0.1098600765625 0.29624346875 0.1237684546875 0.3111268828125 0.154103053125 0.32225808125 0.14972674218749998 0.33108396406249996 0.15689075 0.33697270156250003 0.2323488078125 0.340625 0.24408012031249998 0.340625 0.25149141249999996 0.32017935625 0.2462157859375 0.3003138953125 0.1934298109375 0.2079219234375 0.180240846875 0.19949635 0.14241255 0.19669910156249998 0.118522546875 0.1849987984375
2 0.6692638125 0 0.640430471875 0.032449809375 0.6291814234374999 0.0768717484375 0.6188054671875 0.0965126515625 0.6121992609375 0.1046911515625 0.6115222796875 0.11152770000000001 0.623296896875 0.136297128125 0.6291781109375 0.14076137187499999 0.668259521875 0.1877663171875 0.6469225890625 0.2169919609375 0.6479762875 0.22231512812499998 0.663989334375 0.2308891578125 0.6765930953125 0.2419640609375 0.677500934375 0.2421875 0.68658638125 0.2421875 0.6941203953125 0.24056764218749999 0.7056663921874999 0.24103906406250003 0.7175728546875 0.2325489578125 0.725705503125 0.23024094062499997 0.7387616890625 0.21546159999999998 0.75214251875 0.21336786874999997 0.7656234359375 0.20494204531250002 0.774629178125 0.1778529953125 0.77624758125 0.16683076562500002 0.78620693125 0.1513969703125 0.7875 0.147560778125 0.7875 0.1154336984375 0.7867472546875 0.10336970937500001 0.775813971875 0.0807466921875 0.763053984375 0.07124945625 0.764416071875 0.06813698124999999 0.769768403125 0.0672994890625 0.7745397796875 0.06168614375 0.77715168125 0.045952349999999996 0.7686463765625 0.0413809625 0.7612387203125001 0.0310462328125 0.7533143718749999 0.0312506953125 0.749901025 0.02847125625 0.7430702609375001 0.017632065625000002 0.7383468984375 0.017439210937499998 0.7306349171875001 0.0208204328125 0.7209755640625 0 0.6692638125 0
7 0.4647880046875 0.5296875 0.47345224999999996 0.5682047953125 0.4979081953125 0.62280904375 0.5684321406249999 0.7215892875 0.5805836390625 0.7590182828125001 0.5948444921875 0.7842784171874999 0.6134044234375 0.8072712281250001 0.6458216515625 0.8380855625000001 0.7731639640625 1 0.9548209390625001 1 0.9859375 0.9773554453125 0.9859375 0.9701449109375 0.9648712203125 0.806117534375 0.9342980578125001 0.7753651625 0.8980846734375 0.72928940625 0.7954571921875 0.6235819125 0.7606169234375 0.581049365625 0.7161285671875 0.534876446875 0.7093305453125 0.5296875 0.4647880046875 0.5296875
8 0.7758482156250001 1 0.6638412765625 0.8575919843750001 0.6294676390625 0.8186927718749999 0.6186797562499999 0.8133258640625 0.5665170187499999 0.8074731406250001 0.5383357921874999 0.7881967624999999 0.5230155125 0.7832805046875 0.49912386875000003 0.7902556890625 0.48353398593749997 0.8046848421874999 0.47340976875 0.8259300171875001 0.4729336375 0.8508155625 0.48181869375 0.8628112015625 0.508303621875 0.8831761734375 0.495433178125 0.897334934375 0.495953390625 0.9156818812499999 0.5202920046875 1 0.7758482156250001 1
8 0.35 0.5296875 0.35 0.856288875 0.394662759375 0.8573755468750001 0.40056826875 0.8604681031249999 0.40913013750000005 0.87709554375 0.42368738749999996 0.89036706875 0.4418890359375 0.89375 0.47227679062500005 0.89375 0.5002084046874999 0.8928779453125 0.5076667671874999 0.88661676875 0.505710359375 0.8785318906249999 0.47945875000000004 0.8599835859375 0.45802643437499996 0.8575149078125 0.47399308281249997 0.8531675625 0.4788581609375 0.8195662296874999 0.49690737343749997 0.7956932140624999 0.5088981296874999 0.7889813859375 0.5250980984375 0.7864507109375 0.5648570265625 0.81009553125 0.5861726828125 0.8116558765624999 0.5921875 0.809661428125 0.5921875 0.7807471500000001 0.592060896875 0.7788727453125001 0.5807528 0.7551588921875 0.5726938515625 0.721002709375 0.49989031562499997 0.61876939375 0.48253325937499997 0.5836978453125 0.4718447390625 0.543363584375 0.4660290984375 0.5338225578125 0.44640974062499994 0.53117361875 0.4449679984375 0.5296875 0.35 0.5296875