7 0.8478369875 0.455165115625 0.8129261 0.4619690921875 0.791569259375 0.4879887375 0.7836889578124999 0.5265869390625 0.79389324375 0.5443172453125 0.8242929625000001 0.5792561109375 0.8393378140625 0.5834513140625 0.8763401671875 0.6130645046875001 0.894676646875 0.6137672328125 0.925076365625 0.6487060953125 0.9668999093749999 0.663124903125 0.971056971875 0.6686844296875 0.9833129734374999 0.506943403125 0.9147159046875 0.4749166515625 0.8478369875 0.455165115625
7 0.603094965625 0.756836478125 0.6098913625 0.768103590625 0.6232710234375001 0.7723857546875 0.7115261546875 0.7677769203125 0.7278292953125 0.7370403171875 0.7223299390625 0.694159953125 0.65583738125 0.5648090828125001 0.61047031875 0.532312128125 0.58057438125 0.54051450625 0.5693443203124999 0.5776273468750001 0.5594694312499999 0.588104771875 0.603094965625 0.756836478125
7 0.347137590625 0.526140325 0.3205139078125 0.529190946875 0.28748135 0.5541600296875 0.259560625 0.588823903125 0.219789796875 0.6075037046875 0.13567885 0.6816283171874999 0.1078743796875 0.7262478609375 0.0733122671875 0.7629188515624999 0.0717633328125 0.7729614812500001 0.080263675 0.78746019375 0.1070423703125 0.797683796875 0.15697872968749998 0.79341574375 0.1684606796875 0.7778735250000001 0.2313310453125 0.7397242296875 0.27079185156249996 0.694495971875 0.31218911718750003 0.672410653125 0.389426165625 0.580381815625 0.3824747546875 0.5558404734375 0.347137590625 0.526140325
7 0.35827076875 0.48073109062499997 0.31375626093750003 0.521242390625 0.31547958125000003 0.52613326875 0.3387535046875 0.5215972859375 0.35381773125 0.5274517671875001 0.3892711546875 0.5671075875 0.3861732875 0.5871928468750001 0.3566261234375 0.6252622375 0.3617379515625 0.63495703125 0.4296232671875 0.5982061390625 0.4208516578125 0.5604775296875 0.42559533906249997 0.53864603125 0.505195121875 0.506264259375 0.5235316015625 0.5069669890624999 0.5232215828125 0.4804185328125 0.5297660890625 0.47011502656250004 0.556041 0.4371973890625 0.5808251046875 0.41930021718750005 0.5705433156249999 0.39493279531250003 0.557221784375 0.3956284671875 0.532437678125 0.4135256390625 0.44755167812499996 0.4212791109375 0.419514696875 0.4459873140625 0.35827076875 0.48073109062499997
7 0.11546170468750001 0.3771906671875 0.087211584375 0.3836468078125 0.059252106250000006 0.41499212500000004 0.0578775578125 0.4399682625 0.0765240578125 0.4672194453125 0.125124621875 0.4912460875 0.155485590625 0.5228663921875001 0.212605875 0.5630510234375 0.2442832609375 0.5647173578125 0.266047003125 0.5735425609375 0.3122460796875 0.5346035796875 0.3137950125 0.5245609499999999 0.2919150109375 0.5057800765625 0.2832984125 0.4813256953125 0.24468899375 0.456777296875 0.23614990156250001 0.438960028125 0.1961078046875 0.434409934375 0.1455707828125 0.387240353125 0.11546170468750001 0.3771906671875
7 0 0.7026170875 0.0379557265625 0.731559421875 0.099587178125 0.7300012140625001 0.1274497734375 0.6903595046875 0.18679599375 0.6357913453124999 0.23934581562499999 0.5699560703125 0.23593792812499997 0.563492875 0.2075327953125 0.5566747875 0.1554662140625 0.521207115625 0.10068929062500001 0.5390102703124999 0.054703353125 0.5962013171875 0 0.644242115625 0 0.7026170875
7 0.7885306859375001 0.6558367421875 0.7999932624999999 0.63863524375 0.809500003125 0.5966315265625 0.8057433453125 0.56030131875 0.7768731812499999 0.513660546875 0.7585560796874999 0.514617096875 0.7436662375 0.5236961203125 0.7074776859374999 0.5637726265625 0.6813577859375 0.6099644921875 0.7020376234375 0.6686550062500001 0.7292813484375 0.7187012953125 0.736387765625 0.7565168625 0.7613656359375 0.755212478125 0.7794114703125 0.7310260296875 0.7885306859375001 0.6558367421875
7 0.33484066874999996 0.32920794062500003 0.32151913906249996 0.3299036125 0.3097465421875 0.32055665312500004 0.29816770937500003 0.32780248125 0.2814576671875 0.3236942375 0.271602153125 0.3358309421875 0.2594625765625 0.4377426015625 0.26647211406250004 0.46726177812499997 0.28163322343749997 0.48141265312500003 0.290249821875 0.505867034375 0.30709549687500004 0.5215902296875 0.3171060203125 0.5227277531250001 0.3467500640625 0.4929547546875 0.34822149375 0.476275009375 0.3412119546875 0.44675583437500005 0.34163706718750003 0.3404750515625 0.33484066874999996 0.32920794062500003
7 0 0.6527988265625 0.0020372734375 0.6520809187500001 0.0712777609375 0.5886946125 0.0893235953125 0.5645081609375 0.085838203125 0.551407853125 0.05237936875 0.5398728046875 0.01376995 0.5153244109374999 0 0.5206377953125 0 0.6527988265625
8 0.34526159375 0.7935450359375 0.27367774843750003 0.7989435578124999 0.2738908859375 0.8171956203124999 0.2703473640625 0.799117475 0.24037392343750003 0.8006827390625 0.237140421875 0.8091530499999999 0.2271299 0.8080155265625001 0.231157825 0.8675756343750001 0.224535815625 0.8712420249999999 0.2247102015625 0.8861755328124999 0.2363277875 0.8822482624999999 0.241110221875 0.8637353203125 0.251372634375 0.8864434671874999 0.2713743046875 0.8870592359374999 0.5210754828125 0.8673782578125 0.5136590453125 0.8030142328125001 0.503590390625 0.7968988718750001 0.5051393265625 0.7868562421874999 0.48513765624999994 0.786240471875 0.395217328125 0.7909362640625 0.391945078125 0.79608801875 0.35358755 0.7931102421875 0.3505478109375 0.8181733390625 0.34526159375 0.7935450359375
8 0.3970751171875 0.6646571812500001 0.3188692578125 0.6737220953125 0.2724376671875 0.692749734375 0.24451694218750003 0.727413609375 0.2418841046875 0.7873215515624999 0.4983235515625 0.7739298515625 0.484323853125 0.716550775 0.46558047187499996 0.6810031999999999 0.4354520203125 0.6692942359375 0.3970751171875 0.6646571812500001
7 0.6013135187499999 0.746967765625 0.5785422062500001 0.6518600828125 0.5477549640625 0.58373565 0.537279409375 0.54277544375 0.5168514609375 0.505655546875 0.4968885421875 0.5083583328125 0.42063852031250004 0.542225465625 0.42267185781250005 0.5736647968749999 0.4501674734375 0.64528170625 0.4488123 0.6719171203125 0.48931942812500007 0.7162898984375 0.5199710375000001 0.7727993828125 0.5915936359375 0.7707194187499999 0.5998614640625 0.7653067890624999 0.6013135187499999 0.746967765625