8 0.29866256562500004 0 0.267861425 0.0152143484375 0.2515625 0.0322176984375 0.2515625 0.042141487500000005 0.252270315625 0.059524893749999995 0.31664029843749997 0.2810776265625 0.339681940625 0.3032328984375 0.3829595296875 0.3174755734375 0.401761646875 0.3296875 0.4280717625 0.3296875 0.436726953125 0.3174755734375 0.46393284843749993 0.3253881703125 0.5036315 0.2905727421875 0.5125 0.2534789484375 0.5125 0.24728005625 0.5088321234375 0.2241069234375 0.5125 0.204790859375 0.5125 0.2033307765625 0.4848883640625 0.179796375 0.4663975953125 0.152893546875 0.37999784375 0 0.29866256562500004 0
10 0.0162523625 0.4525983703125 0.0299345109375 0.47791868437499996 0.030707753124999997 0.496908915625 0.0625025921875 0.5125 0.0631684390625 0.5125 0.07953768125 0.49216135781250003 0.10351635 0.4984914359375 0.12317236406250001 0.4763361625 0.1390625 0.445111146875 0.1390625 0.439369471875 0.13792579375 0.41145286406250003 0.12640497343749998 0.40037522656249996 0.089388525 0.38455003125 0.072315365625 0.3924626296875 0.0220624453125 0.4399382140625 0.0162523625 0.4525983703125
6 0 0.4642668578125 0.0104918390625 0.4582988125 0.10902966249999999 0.3538525265625 0.1545088703125 0.266813953125 0.1576421328125 0.2272509640625 0.183430415625 0.2003481328125 0.2010539796875 0.167115225 0.2125 0.1090749046875 0.2125 0.0937427359375 0.208450840625 0.0769116125 0.1530671125 0.1148920796875 0.089583103125 0.1481249890625 0.0895428109375 0.2636489140625 0.08347498125 0.2699789921875 0.0705016390625 0.26206639374999996 0.0632793234375 0.162367665625 0.05669599843749999 0.15603758750000002 0 0.15843903125 0 0.4642668578125
0 0.4777529515625 0 0.46624503125 0.101822990625 0.4753413984375 0.16987133125 0.4907393171875 0.1875 0.5118285734375 0.1875 0.5613166453125 0.1841140046875 0.5610293703125 0.1382209421875 0.5796875 0.11466338437500001 0.5796875 0.09155836875 0.579052984375 0.0759751734375 0.57742863125 0.07492015937499999 0.5787952375 0.0696450953125 0.575959434375 0 0.4777529515625 0
8 0.2669993578125 0.1620773828125 0.2183627421875 0.1715724984375 0.2020332984375 0.1589123453125 0.1756301734375 0.2095529671875 0.177756590625 0.2617761109375 0.20831858749999999 0.274436265625 0.26776183750000004 0.3361545265625 0.285092740625 0.33457200625 0.2972284046875 0.321911853125 0.3114609578125 0.321911853125 0.3330500796875 0.34723216562500003 0.34153050625 0.3484375 0.3606240390625 0.3484375 0.371875 0.34428175625 0.371875 0.340900040625 0.3683911671875 0.321911853125 0.33586115781250003 0.2997565796875 0.3159823046875 0.27760130781250003 0.3058200390625 0.22221312499999998 0.28616940468749996 0.1668249421875 0.2669993578125 0.1620773828125
10 0.599473346875 0.5796875 0.586301628125 0.2562004328125 0.579632384375 0.24776032812499998 0.5737578640625001 0.2588379640625 0.5643983687499999 0.26200300312499997 0.543453615625 0.2525078859375 0.5091784265625 0.26516804375 0.46576658125000003 0.3253037828125 0.461731203125 0.34271149843750004 0.5259776921875 0.483555734375 0.5318173046875 0.510458565625 0.5252984140625 0.5057110078125 0.5256206 0.51362360625 0.549785975 0.5796875 0.599473346875 0.5796875
6 0.3247751921875 0.5796875 0.3392804171875 0.5722787874999999 0.3909858578125 0.5216381640625001 0.40247715156249997 0.4931528140625 0.4278788140625 0.45675486249999997 0.4421875 0.4208907421875 0.4421875 0.3690994359375 0.42627327499999995 0.3396484203125 0.3949031265625 0.3459784984375 0.34265266250000004 0.344395978125 0.3178363140625 0.317493146875 0.3083479453125 0.317493146875 0.22740415625 0.3491435375 0.21520405625 0.3602211734375 0.192895365625 0.472580059375 0.19386191875 0.49631785156249997 0.249009984375 0.5796875 0.3247751921875 0.5796875
6 0.556116453125 0.5796875 0.5386324109375 0.5329155046875 0.5253368843749999 0.517090309375 0.49568238750000004 0.449041971875 0.4498917578125 0.373081034375 0.426487640625 0.45853708906249996 0.3979231875 0.4949350359375 0.39085389375 0.515507790625 0.361773946875 0.5392455828125 0.35438246875 0.5519057390625 0.3563504859375 0.5614008562499999 0.3746073234375 0.5796875 0.556116453125 0.5796875
9 0 0.5464530187500001 0.0087355828125 0.5341276640625 0.028125 0.4918781796875 0.028125 0.4841063046875 0.024877096874999997 0.46449680468750004 0.016519065625000003 0.45341916875 0 0.4596648640625 0 0.5464530187500001
10 0.074503946875 0 0.0712601125 0.0015942343750000002 0.0829339546875 0.13294335468750001 0.08496640625 0.1440209890625 0.092762540625 0.1453125 0.0951305140625 0.1453125 0.1410589390625 0.12344823593750001 0.20699693125000002 0.0728076125 0.24011225781249998 0.0316621046875 0.25565261875 0 0.074503946875 0
10 0 0.16489001875 0.01162735625 0.16537401406250002 0.05400283125000001 0.1574614171875 0.0625 0.147045865625 0.0625 0.140386603125 0.051495170312500005 0.0181997 0.046364365625 0.008704584375000001 0.0069583734375 0.011869621875 0 0.01401550625 0 0.16489001875
7 0.7573428625 0 0.7571804421875 0.0003557375 0.731919475 0.038151053125 0.7234992921875 0.09395299375 0.721121559375 0.1409731515625 0.727511109375 0.1920277859375 0.753466275 0.2739052984375 0.7556865421875 0.29394895 0.7525960671874999 0.3382167578125 0.759704540625 0.35305025 0.7742809515625 0.3646066671875 0.783421409375 0.3671875 0.8152291249999999 0.3671875 0.839202865625 0.3549462375 0.84562374375 0.340743909375 0.8519246562499999 0.2893749375 0.8692761906250001 0.26118067031250003 0.8765625 0.2330777953125 0.8765625 0.23221948750000002 0.8727640546875 0.2241823375 0.8490419359375 0.2140119953125 0.83838870625 0.19810676562500001 0.8419837484375 0.1466115609375 0.815921403125 0.079230921875 0.7959015046875 0.0030685015625 0.7954397249999999 0 0.7573428625 0
7 0.6296875 0.24176824687499998 0.654280728125 0.217296803125 0.6951713484375001 0.163009659375 0.7096908703125 0.1364960078125 0.7262476265625 0.0937627921875 0.7328125 0.0613306640625 0.7328125 0.053394009374999996 0.7319619390625001 0.0378346203125 0.697284015625 0.06793968593750001 0.6735998234375 0.0831493859375 0.6627701625 0.12161794687500001 0.6503699078125 0.1436986296875 0.637174878125 0.15124036406250002 0.6296875 0.1517206203125 0.6296875 0.24176824687499998
7 0.6296875 0 0.6296875 0.155561809375 0.6382451859375 0.154744684375 0.6571673125 0.14293829687499998 0.67467013125 0.08665370624999999 0.699319353125 0.0705826578125 0.7265293390625 0.0437546703125 0.7559224203125 0 0.6296875 0
7 0.7918126890625 0 0.8147824265624999 0.09189314531250001 0.8381830109375 0.14555410468750002 0.8342726109375 0.20156643437500002 0.8474425 0.22030816875 0.8724123234375 0.23125 0.8745490390625001 0.23125 0.9085232671875 0.22678315 0.9208163421875 0.2191993390625 0.9325858859375 0.20615290156250002 0.9370136359375 0.1945766921875 0.9364332140625 0.151043996875 0.9594298078125 0.10679847499999999 0.9875 0.040398224999999996 0.9875 0.0400868125 0.9507379578125 0.0239135890625 0.9357010875 0.0059911234375 0.934270978125 0 0.7918126890625 0
2 0.543539909375 0.6869044421874999 0.5338348078124999 0.696271634375 0.51398728125 0.6964355328125 0.5073866437500001 0.690111303125 0.49589893125 0.6870045796875 0.4750854953125 0.6883006765624999 0.4701984203125 0.69151818125 0.4678296890625 0.6963034640625001 0.4643799640625 0.6973339734375 0.4600794203125 0.7043836531250001 0.4601829984375 0.708781928125 0.4538815890625 0.7151638218749999 0.45214542343749997 0.725736065625 0.4409113203125 0.7544720515625001 0.42827479999999996 0.80795249375 0.4355778828125 0.8651786171874999 0.44297220625 0.8841315671875 0.4572544734375 0.9005347968749999 0.4791604140625 0.9034821718749999 0.493936728125 0.8987166265625 0.504493059375 0.9044216374999999 0.5338615484375 0.8870713953125 0.53717316875 0.8801765203125 0.5839168765625 0.8630493906249999 0.5892984140624999 0.8597544828125001 0.59407040625 0.8516500078125 0.609007840625 0.8537262218749999 0.6156425890625 0.8404251671875 0.621081259375 0.81848236875 0.6097649359374999 0.7594319781250001 0.60295714375 0.74431120625 0.6046817984375 0.7332502625 0.6163413140625 0.7015046921875 0.621875 0.6801857609375 0.621875 0.6687827484375 0.6184449296875 0.664388003125 0.6193072609375 0.65885753125 0.6166738281249999 0.6524027828125 0.599390678125 0.6560892484374999 0.5842695140624999 0.66728525625 0.543539909375 0.6869044421874999
2 0.313227746875 0.921944121875 0.2529029765625 0.9102957937499999 0.22217728281250002 0.9121625343750001 0.2117360375 0.9113444906249999 0.19923638593749998 0.907415178125 0.1760772359375 0.91447395 0.17457083125 0.9137287640625 0.1753641078125 0.9052661093750001 0.1707873546875 0.9005870609375 0.16636021406249998 0.9022610734375001 0.16395695625 0.9055802640625 0.159955640625 0.9253360671875 0.1599215265625 0.9449613484375 0.163958196875 0.9688543875000001 0.172847003125 0.9669724531250001 0.1811262609375 0.960280953125 0.24183081875 0.9880562828125001 0.306826146875 0.9953125 0.342064746875 0.9953125 0.3625 0.9849842875 0.3625 0.9838954328125 0.36178983593749997 0.9820311203125 0.3413557734375 0.9783628453125001 0.3343868578125 0.9564003109375001 0.3314311828125 0.9362620453125 0.3278433515625 0.9314281921875001 0.313227746875 0.921944121875
2 0.1809868203125 0.8150972375000001 0.172546853125 0.8360383562500001 0.1695689875 0.8571054437499999 0.170811103125 0.8677019765624999 0.1770710609375 0.871875 0.177801884375 0.871875 0.1857140125 0.868312096875 0.214001509375 0.8472070828125 0.25250007343749997 0.8171461687499999 0.26463144843749997 0.8054371796875 0.2725078984375 0.78164128125 0.27396785625 0.7593403078125001 0.2828125 0.73565293125 0.2828125 0.7317479375 0.28103910781249997 0.7224269921875 0.275806771875 0.7109835859375 0.2622948828125 0.7 0.261370171875 0.7 0.25868432812500003 0.7004204359375 0.24893319531250002 0.7078328390624999 0.23154687968749998 0.7282124031249999 0.2157130015625 0.7512919453125 0.1901168953125 0.8023865671875001 0.1809868203125 0.8150972375000001