0 0.4 0.459375 0.4 0.3904210703125 0.36767578125 0.384716796875 0.3349609375 0.383740234375 0.3095703125 0.386181640625 0.302734375 0.393505859375 0.31184834375000003 0.459375 0.4 0.459375
8 0.179248046875 0.280078125 0.159716796875 0.27421875 0.140185546875 0.2732421875 0.114306640625 0.278125 0.086474609375 0.2908203125 0.064501953125 0.30791015625 0.051318359375 0.325 0.043017578125 0.3474609375 0.036669921875 0.37138671875 0.035693359375 0.38310546875 0.042529296875 0.4021484375 0.058642578125 0.42021484375 0.085498046875 0.42265625 0.178857421875 0.425 0.20294300468749998 0.425 0.209033203125 0.42021484375 0.215380859375 0.4109375 0.221728515625 0.3953125 0.221875 0.393115234375 0.221875 0.3776204421875 0.215380859375 0.35380859375 0.215380859375 0.32890625 0.211962890625 0.31572265625 0.206103515625 0.3044921875 0.192431640625 0.28837890625 0.179248046875 0.280078125
7 0.4 0.1857724140625 0.37900390625 0.194970703125 0.24228515625 0.246240234375 0.23154296875 0.252587890625 0.22275390625 0.260888671875 0.21689453125 0.271630859375 0.21640625 0.289208984375 0.21005859375 0.304833984375 0.21103515625 0.313623046875 0.22861328125 0.331201171875 0.230078125 0.338525390625 0.22861328125 0.350244140625 0.2369140625 0.359033203125 0.2611461296875 0.3640625 0.3044677734375 0.3640625 0.316015625 0.361962890625 0.4 0.3385748375 0.4 0.1857724140625
7 0.6014696765625 0 0.6019709296875 0.0011904765625000001 0.635453071875 0.0135912703125 0.6776157703125 0.02723214375 0.7123379921874999 0.049553571875 0.754500690625 0.0768353171875 0.7859136703124999 0.09375 0.788400921875 0.09375 0.8189848171874999 0.0855158734375 0.8413062468749999 0.0644345234375 0.8524669609375 0.03467261875 0.8578125 0.015428679687499999 0.8578125 0.012587346874999999 0.8530173187500001 0 0.6014696765625 0
0 0.7580233125 0.228273809375 0.7419022796875 0.24439484218750002 0.7419022796875 0.25183531718749996 0.7381820421875 0.24811507968750002 0.7357018828124999 0.249355159375 0.7468625984375 0.2766369046875 0.7654637890625 0.3014384921875 0.7815848203125 0.33244047656250003 0.7959325359375 0.3390625 0.7989608125000001 0.3390625 0.8262276765625 0.3212797625 0.8559895812499999 0.3051587296875 0.8921875 0.285853175 0.8921875 0.28241567968750003 0.8820312484375 0.253075396875 0.8572296609375 0.21215277812500002 0.8361483125 0.199751984375 0.808866565625 0.20099206406249998 0.7865451375 0.2109126984375 0.7580233125 0.228273809375
0 0.7328125 0.073437834375 0.7328125 0.0749525609375 0.7351481609375 0.1006448421875 0.7388684 0.11552579375000001 0.7500291140625001 0.14032738125 0.7413485578125 0.16264880937499998 0.7525092734375 0.18000992031250002 0.7649100671875 0.1986111109375 0.7867354609375 0.20625 0.7911439453125 0.20625 0.8033525265625 0.19737103125 0.814513240625 0.19737103125 0.8343545109375 0.1948908734375 0.8703168125000001 0.19241071406250002 0.8752771296875 0.17752976250000002 0.8827176062500002 0.1564484125 0.8828125 0.1560688375 0.8828125 0.1549146125 0.85419578125 0.14280753906250002 0.8368346703124999 0.1328869046875 0.8380747484375 0.11180555625 0.8157533203125 0.103125 0.7686303046875 0.0919642859375 0.7328125 0.073437834375
7 0.8639260906249999 0 0.8627356140625 0.0017857140625 0.854055059375 0.0439484125 0.841654265625 0.08487103124999999 0.8379340265625 0.11215277812499999 0.841654265625 0.1394345234375 0.8838169640625001 0.1575042515625 0.8838169640625001 0.1543154765625 0.8846436828125 0.156795634375 0.8850570453125 0.1555555546875 0.9036582328125 0.15927579375 0.916090915625 0.1671875 0.9186061484374999 0.1671875 0.93838045625 0.1555555546875 0.9545014875 0.124553571875 0.9569816484375 0.0823908734375 0.9619419640625001 0.04766865 0.9625 0.0320436671875 0.9625 0.0115065546875 0.9570495250000001 0 0.8639260906249999 0
2 0.49958853750000004 0 0.4682291671875 0.073573909375 0.44714781718749996 0.11573660781249999 0.42234622968749996 0.147978671875 0.40126488125000004 0.188901290625 0.4 0.19124132031250002 0.4 0.3094410546875 0.45458829375 0.311669146875 0.48062996093750004 0.32903025937499997 0.5116319453125 0.34019097343750004 0.5413938500000001 0.3625124015625 0.58231646875 0.38235367187499997 0.633159721875 0.39227430625 0.6740823421875 0.3935143859375 0.7236855156249999 0.39103422656250003 0.7311259921875 0.3253100203125 0.7336061515625 0.28314732187499997 0.7390625 0.2515005015625 0.7390625 0.241827871875 0.7336061515625 0.20254216406249997 0.7212053578125 0.167819940625 0.7249255953125 0.1368179578125 0.7088045640624999 0.0958953375 0.7001240078125 0.069853671875 0.6877232140625 0.057452878124999995 0.6654017859375 0.048772321875 0.6790426593750001 0.025210814062499996 0.6505208343750001 0.020250496875 0.626959325 0.007849703125 0.6056529890625 0 0.49958853750000004 0
7 0.6341071421875 0.459375 0.6383928578125 0.456696428125 0.656994046875 0.4455357140625 0.6755952375 0.428174603125 0.68799603125 0.41329365156250003 0.6830357140625 0.39345238125000004 0.6470734125 0.39345238125000004 0.60987103125 0.3884920640625 0.5863095234375 0.38477182499999996 0.5615079359374999 0.371130953125 0.565228175 0.371130953125 0.5552121484375 0.37012934999999997 0.55654761875 0.371130953125 0.5429067453125 0.38477182499999996 0.5429067453125 0.403373015625 0.530505953125 0.41329365156250003 0.5119047625 0.4356150796875 0.518384740625 0.459375 0.6341071421875 0.459375
2 0.8727678578125001 0.2892857140625 0.84052579375 0.3103670640625 0.8082837296874998 0.3351686515625 0.8082837296874998 0.33764880937499997 0.8578869046875 0.34756944375 0.896329365625 0.3525297625 0.9422123015625001 0.3550099203125 0.9856150796875 0.3599702375 0.9831349203125 0.327728175 0.984375 0.2954861109375 0.974454365625 0.26448412656250003 0.9620535718750001 0.26448412656250003 0.9298115078125001 0.284325396875 0.9099702375 0.26944444375 0.903769840625 0.2768849203125 0.8727678578125001 0.2892857140625
7 1 0.459375 1 0.3658234125 0.9521329359374999 0.35625 0.908730159375 0.3512896828125 0.856646825 0.346329365625 0.821924603125 0.33888888906250003 0.7760416671874999 0.33392857187499997 0.778521825 0.3351686515625 0.7537202375 0.3488095234375 0.740079365625 0.3599702375 0.7239583328125001 0.3525297625 0.7239583328125001 0.39717261875 0.706597221875 0.39097222187499997 0.6793154765625 0.3884920640625 0.68799603125 0.41701388906250003 0.7078373015625 0.41453372968749996 0.7239583328125001 0.41949404687499997 0.7487599203124999 0.44677579375 0.7723214281249999 0.4579365078125 0.7921626984375 0.456696428125 0.7951760921875 0.459375 1 0.459375
1 0.954439484375 0 0.9620535718750001 0.015228175 0.9595734125 0.0648313484375 0.9570932546875 0.11939484062500001 0.940972221875 0.1615575390625 0.9310515875 0.17643849218750002 0.9112103171874999 0.1677579359375 0.8888888890625001 0.1578373015625 0.8740079359374999 0.1677579359375 0.8764880953125 0.190079365625 0.8524615578125001 0.198488653125 0.8504464281249999 0.2 0.891369046875 0.2582837296875 0.934771825 0.284325396875 0.9769345234374999 0.26076388906250003 1 0.2362103171875 1 0.12280505625 0.999255953125 0.11815476250000001 0.984375 0.0797123015625 0.978174603125 0.0549107140625 0.9756944437499999 0.0028273812499999998 0.9739441609374999 0 0.954439484375 0
2 0.23241567500000002 0.8879340296875 0.2318514390625 0.8890625 0.234375 0.8890625 0.234375 0.8879340296875 0.23241567500000002 0.8879340296875
2 0.1726410953125 0.709375 0.1734375 0.709375 0.1734375 0.69892236875 0.172408234375 0.696143353125 0.17042410624999998 0.6983754953125001 0.17017609218750002 0.7033358125 0.171416171875 0.7078000984375 0.1726410953125 0.709375
2 0.11418650781249999 1 0.121527778125 0.987152778125 0.1550099203125 0.9648313500000001 0.184771825 0.9263888890625 0.2070932546875 0.8978670640625002 0.2331349203125 0.8668650796874999 0.25049603125000003 0.8507440484375 0.2703125 0.8332589296874999 0.2703125 0.8302455359375 0.2517361109375 0.802380953125 0.2108134921875 0.8358630953125001 0.2108134921875 0.8036210328125 0.22073412656250002 0.7986607140624999 0.2108134921875 0.7577380953125 0.21701388906250002 0.7230158734375 0.19965277812499999 0.711855159375 0.19097222187500001 0.7254960328125 0.14384920625 0.7552579375 0.0892857140625 0.7875 0.049603175 0.816021825 0.01240079375 0.8395833343750001 0.01240079375 0.8631448421875 0.01240079375 0.8729276890625 0.0322420640625 0.9115079375 0.049603175 0.962351190625 0.0694444453125 0.9821924609374999 0.073742815625 1 0.11418650781249999 1
2 0.365499271875 1 0.3556671640625 0.9846106140625001 0.3246651796875 0.944928075 0.2998635921875 0.913926090625 0.28622271875 0.9114459343749999 0.2775421640625 0.8903645828125001 0.2812624015625 0.87920386875 0.2093377984375 0.8953249 0.1684151796875 0.944928075 0.138653275 0.9796502968749999 0.1436135921875 0.9784102171875 0.151567721875 1 0.365499271875 1
2 0.4 0.459375 0.3470932578125 0.459375 0.30639880937499997 0.46664186562500004 0.228273809375 0.4716021828125 0.21215277812500002 0.48772321406249997 0.20223214218750002 0.511284721875 0.17247023749999998 0.5311259921875 0.16875 0.5534474203124999 0.166269840625 0.5546875 0.2257936515625 0.5968501984375 0.26299603125000004 0.6216517859375 0.2853174609375 0.6092509921875 0.3175595234375 0.6117311515624999 0.3572420640625 0.6117311515624999 0.35972222187499997 0.604290675 0.36468253906250003 0.5770089281249999 0.38452380937499997 0.5546875 0.4 0.5546875 0.4 0.459375
5 0.4 0.6921708921875 0.40142042499999997 0.69375 0.404811325 0.69375 0.4093426375 0.693588078125 0.4152051 0.6927501484375 0.42469669843749996 0.6927501484375 0.43139664843750003 0.691632871875 0.43558411875 0.6899569859375 0.439492421875 0.6868844890625001 0.44116741406250004 0.6796222609375 0.44451739687499997 0.667890984375 0.4450757171875 0.6611873953125 0.4450757171875 0.6542044859375 0.44870486718749997 0.6477802031250001 0.45568398437499996 0.6449870390625 0.45624230624999995 0.6449870390625 0.45959228750000003 0.6433111375 0.4609375 0.64169601875 0.4609375 0.641491771875 0.4593131203125 0.636886896875 0.4565214734375 0.6315798609375001 0.45428816093749996 0.6237589953125 0.45261316874999996 0.6123070296875 0.448984034375 0.6022516453125 0.44814653125000004 0.5910789921874999 0.45010069062499997 0.5824201828125 0.452054834375 0.5785097578125 0.45193077343750004 0.574721275 0.44154754374999994 0.5719828125 0.43677029218749996 0.567800446875 0.42602143124999997 0.569891625 0.4212441796875 0.5713853312499999 0.41228680312500005 0.5707878578125001 0.4075095421875 0.5749702234375 0.403329440625 0.578555115625 0.403628015625 0.5863223875 0.40392660625000004 0.5946871484375 0.40392660625000004 0.6018569171875 0.40273227812499995 0.608429228125 0.400642225 0.6132090890625 0.4 0.614139953125 0.4 0.6921708921875
6 0.4 0.7388810921875001 0.40129275781249996 0.7383992156250001 0.40794563437500003 0.7314257453125 0.415232125 0.7266711109375 0.42473621718750004 0.72730506875 0.4361411484375 0.7266711109375 0.44532844843749997 0.723184390625 0.454198940625 0.717478821875 0.4614854484375 0.713675125 0.46972232812500003 0.708920490625 0.479543225 0.6987772640625 0.48334487499999995 0.693071709375 0.48841375 0.6854642828124999 0.4921875 0.6801781734375 0.4921875 0.677828975 0.49031455937499996 0.675955021875 0.48556250624999997 0.6753210640624999 0.47700880312500005 0.676588971875 0.4687719078125 0.6775399 0.4595846078125 0.67944175 0.4519813265625 0.683562440625 0.4450116421875 0.6889510171875 0.44152681562499996 0.6937056515625001 0.43170590000000003 0.6952905296875 0.4168161453125 0.6956075078125 0.40065914375 0.6968754078125 0.4 0.6970237953125 0.4 0.7388810921875001
5 0.771347875 0.544379153125 0.7747744953125 0.5515789578125 0.7761451390625 0.5543217453125 0.779914425 0.558093078125 0.7829983796875 0.5615215593749999 0.7805997734375 0.5656357265625 0.7761451390625 0.5735212437499999 0.77271851875 0.579692521875 0.7658652781249999 0.5858637796874999 0.7610680140625 0.591006503125 0.75969736875 0.5971777796875 0.75764139375 0.6009490937499999 0.7525014624999999 0.6060918171875 0.7538721078125 0.61534870625 0.7545574375 0.6194629078125 0.7600400515625 0.6228913890625 0.7675785890625 0.627005540625 0.773061184375 0.6307768734375 0.7761451390625 0.63694815 0.780942421875 0.6448336484375 0.7840263937499999 0.6516906125 0.7901942875 0.6554619625 0.7963622140625001 0.6540905546875 0.8018447921875002 0.653062 0.8069847234375 0.6561476296875 0.8075474484375 0.65625 0.8157250843749999 0.65625 0.819663225 0.6554619625 0.8186352296875 0.6534048515624999 0.819663225 0.6513477609375 0.82480315625 0.6479192796875 0.8306284171874999 0.644490796875 0.8371390109375 0.6417480375 0.8402229484374999 0.63694815 0.8395376171875 0.6335196671875 0.8364536453125 0.6294054828125 0.8381669546874999 0.62769124375 0.8422789406250001 0.622548521875 0.8436495687499999 0.6187771875 0.8433068859375 0.6136344656249999 0.8419362578125 0.606777503125 0.8395376171875 0.6012919453125 0.8343976859375001 0.5971777796875 0.8319990796875001 0.592377890625 0.8313137140624999 0.5879208546875 0.8275444453125 0.584492375 0.8234325296874999 0.58106389375 0.8162366046875 0.5779782796874999 0.810754009375 0.5755783375 0.8073273890625 0.5724926890625 0.8069847234375 0.5697499109375 0.81041134375 0.567349965625 0.8100686781250002 0.562207253125 0.8083553671875 0.5556931515625 0.804928746875 0.549521875 0.8018447921875002 0.54335060625 0.7987608375 0.5320366171875001 0.7963622140625001 0.5217511703125 0.7946489031249999 0.5176369968750001 0.7928518828125 0.5171875 0.7912584062500001 0.5171875 0.7881383109375 0.5183227 0.7836837109375001 0.5255225046875001 0.7764878046874999 0.5306652265625 0.7706625609375 0.536836503125 0.7703199125 0.540950671875 0.771347875 0.544379153125
5 0.7904448046875 0.657043803125 0.78758289375 0.65790284375 0.7832900265625 0.6546098609375 0.780428115625 0.64859658125 0.7771369124999999 0.643585515625 0.7752766734375001 0.6397198421875 0.7734164265625 0.6354246437500001 0.770955565625 0.6333009046875 0.7666909390625 0.6351383015625001 0.7642583125 0.6365700343749999 0.7622549750000001 0.640292534375 0.7636859312500001 0.64516043125 0.76339974375 0.6474511984375 0.76311355 0.6497419640625 0.7665478421875 0.6523190953125 0.7671202234375001 0.6551825609375 0.7675495140624999 0.6586187109375 0.7676926109375 0.661768525 0.7682649921875 0.6632002578125 0.772557859375 0.6649183328125 0.777280009375 0.6667795906249999 0.7831469359375001 0.668354490625 0.7856175046875 0.66875 0.7908599125 0.66875 0.792877425 0.668497665625 0.793879103125 0.665491025 0.7957393359375 0.6633434250000001 0.799459821875 0.662627559375 0.804038875 0.6621980421875 0.805612928125 0.6623412249999999 0.808188659375 0.6632002578125 0.8104781828124998 0.662770734375 0.8109375 0.6619435171875001 0.8109375 0.6596701484375 0.808188659375 0.65818919375 0.8051836437500001 0.655325728125 0.80489745 0.6551825609375 0.8036095921874999 0.6541803374999999 0.7974564921875 0.6554688953125 0.7904448046875 0.657043803125