3 0.2781366703125 0 0.2706707015625 0.05768163125 0.2634928859375 0.079953728125 0.2727831625 0.091135759375 0.300668325 0.096875 0.303922540625 0.096875 0.31193055625 0.09563054843749999 0.3283766328125 0.018344034375000002 0.3302071703125 0 0.2781366703125 0
3 0.3294185875 0 0.3278598765625 0.018220021875 0.3125997515625 0.09463976562500001 0.31193464375 0.132961603125 0.3187177984375 0.14692189687499999 0.326862090625 0.15 0.3369955328125 0.15 0.3409183140625 0.14961417187499998 0.36382599843749996 0.138547096875 0.38117854218749997 0.137215440625 0.3859375 0.12331023593749998 0.3859375 0.1197767796875 0.3756634921875 0.06368294375 0.3744743734375 0 0.3294185875 0
3 0.4089922921875 0.041518109375 0.38757205781250004 0.041093232812500005 0.3834733140625 0.0478724375 0.3771488984375 0.08843868437499999 0.38020792187499997 0.11457975000000001 0.377638690625 0.1344294875 0.3710328203125 0.14398695625 0.36826625625 0.181952890625 0.373364628125 0.22552133593749998 0.4027229125 0.247575471875 0.4122326453125 0.25 0.4163065640625 0.25 0.43403642343750004 0.2379320125 0.4326731890625 0.21528102031250002 0.4375 0.21710529374999998 0.4375 0.20969348437500002 0.43056072500000003 0.18182689375 0.4238907796875 0.100625428125 0.41073014218750004 0.069570671875 0.4089922921875 0.041518109375
3 0.433970696875 0.2849984734375 0.40165755625 0.2442942828125 0.380674046875 0.23219950156250002 0.363279440625 0.2089686703125 0.3374479546875 0.19284995625 0.315985659375 0.16786259375 0.3022951390625 0.17408495 0.29792595 0.1829536 0.3279713546875 0.232882346875 0.348008309375 0.2522901875 0.35791259062499997 0.2753200765625 0.36787898124999996 0.2812784921875 0.3698141640625 0.2912148546875 0.38920605625000004 0.30731057968750003 0.41782611718749996 0.351659803125 0.430019703125 0.3546875 0.4328717578125 0.3546875 0.4423985375 0.3526185375 0.46204986718749996 0.333526590625 0.4625 0.3270568734375 0.4625 0.31517084375 0.4451961546875 0.3061168671875 0.44404125624999996 0.2984479015625 0.43526081562499996 0.29162271562500003 0.433970696875 0.2849984734375
3 0.31882710468750003 0.241835059375 0.30509452187499997 0.2234949296875 0.2695360359375 0.20786409374999998 0.2504145875 0.18967892656250002 0.2404171453125 0.19225624531250002 0.23276054687499997 0.20163576249999998 0.23666195937499998 0.2129727546875 0.26351311875 0.23780515625 0.2885643234375 0.251656471875 0.3079251609375 0.2762879296875 0.3312495203125 0.29518490625 0.3409144140625 0.31176850625 0.362647153125 0.33466642343749997 0.3717711546875 0.35542891249999997 0.380699209375 0.35625 0.3866944 0.35625 0.3968844640625 0.35220875625 0.4046875 0.3423951640625 0.4046875 0.3271443484375 0.387853625 0.30583905312500004 0.373039259375 0.2958567078125 0.346624821875 0.2593544015625 0.31882710468750003 0.241835059375
3 0.323301071875 0.4390625 0.3414182421875 0.4178555890625 0.3421875 0.4043367421875 0.3421875 0.4028756828125 0.336528209375 0.389269171875 0.30655591875 0.35536717812499996 0.29147110625 0.347474278125 0.2810259328125 0.32862328125 0.25848185468749996 0.3119937015625 0.237321059375 0.27638115625 0.214236090625 0.2639304703125 0.1879258234375 0.2349191765625 0.179114328125 0.2366297265625 0.1665787046875 0.25052105 0.181871853125 0.2733959765625 0.196457834375 0.310030253125 0.2219878171875 0.33677414843750003 0.2343681734375 0.3655615109375 0.2856675359375 0.4254955921875 0.29254675625000004 0.4390625 0.323301071875 0.4390625
3 0.2910120703125 0.2533099453125 0.2645044703125 0.24241484687499998 0.2461943609375 0.2179613390625 0.20921053281250002 0.1967509828125 0.20164709687500001 0.180523290625 0.1920553203125 0.17996644374999998 0.1788746359375 0.1905456453125 0.1847112296875 0.21181899999999998 0.1996608171875 0.22075662343750002 0.21379906875 0.235962584375 0.25259386093749997 0.30125225312500004 0.268458953125 0.31141255156250003 0.273411096875 0.32292749375 0.3032792171875 0.34933847500000004 0.3166061328125 0.370812775 0.3282242875 0.3765625 0.330404325 0.3765625 0.35848903125 0.345877365625 0.359375 0.3390324234375 0.359375 0.3277336859375 0.3268830625 0.2914138234375 0.300916353125 0.2763398328125 0.2908457921875 0.2628904078125 0.2910120703125 0.2533099453125
3 0.106841228125 0 0.10568448593749999 0.00273204375 0.0721342984375 0.013064321875000002 0.058339607812500006 0.011795665625 0.0322797390625 0.022328884375 0.030657065625 0.034865559375 0.035713376562499996 0.05387151875 0.0470740578125 0.073945190625 0.053302232812499996 0.075 0.058435389062499996 0.075 0.1524373765625 0.0480170140625 0.178257853125 0.031037501562499997 0.20679379375 0.0262617546875 0.2584036953125 0.0008384703125000001 0.259550925 0 0.106841228125 0
3 0.20317729999999998 0.4390625 0.2046875 0.43687752187499995 0.2046875 0.4000209859375 0.190613496875 0.33412328750000003 0.1673512453125 0.2981548375 0.148686565625 0.2266658046875 0.140852684375 0.21252755625000003 0.13007495625 0.21283747968750003 0.11848589062499999 0.21941574218749998 0.11702045624999999 0.297104140625 0.1198400859375 0.3167989171875 0.12797546875000002 0.32031198125000004 0.1313670453125 0.32729213125 0.1240540078125 0.35060895 0.1351442421875 0.37277206875 0.140450953125 0.4313225390625 0.14429707812499998 0.4390625 0.20317729999999998 0.4390625
3 0.1541406515625 0.0470393125 0.062572021875 0.0742361453125 0.047560328125 0.0823699953125 0.04375 0.08941108125 0.04375 0.0956707015625 0.04533465625 0.1161570390625 0.061886870312499995 0.15419194218750001 0.0662488640625 0.1578125 0.0910385375 0.1578125 0.1516244875 0.1245497578125 0.22597579843750001 0.09763985625 0.26023315468749997 0.073548228125 0.270532103125 0.060345724999999996 0.275 0.0328968953125 0.275 0.02743200625 0.2671295171875 0.0202673546875 0.228627184375 0.0190846890625 0.1832485390625 0.029548934375000002 0.1541406515625 0.0470393125
3 0.45095695312500006 0.4390625 0.453125 0.42842189375000006 0.453125 0.424005609375 0.44571129374999996 0.4129835671875 0.43482940000000003 0.4058024765625 0.40590783750000003 0.3720784328125 0.367842228125 0.3592258609375 0.349709403125 0.35829011875 0.3432387546875 0.36680286562500003 0.35842773437500003 0.3821867765625 0.37236865625000004 0.415508934375 0.3826054921875 0.419377903125 0.3904393734375 0.43351615 0.397193384375 0.4390625 0.45095695312500006 0.4390625
3 0.1319788078125 0.4390625 0.13257454062500001 0.42902904062499997 0.11249552812500001 0.38505870937500003 0.11113229218750001 0.3624077171875 0.1035378015625 0.3547157609375 0.08262740468749999 0.3586477296875 0.0809736765625 0.3797201421875 0.0881003921875 0.407617740625 0.0871538328125 0.414930803125 0.0755647671875 0.4215090609375 0.0734375 0.4379442046875 0.0734375 0.4390625 0.1319788078125 0.4390625
3 0.11696453124999999 0.27045277031250003 0.090144425 0.237084634375 0.083933215625 0.210409709375 0.0696907953125 0.1877127328125 0.0621584140625 0.1629493046875 0.03941700625 0.164435921875 0.03701405 0.1747052015625 0.05325572656250001 0.2980974703125 0.069912109375 0.3436233921875 0.089064609375 0.353272825 0.1079777203125 0.3564759625 0.11292986093749999 0.3679909078125 0.1130029765625 0.384017659375 0.1243387765625 0.3859375 0.12599151875 0.3859375 0.131406246875 0.38286395624999997 0.134375 0.374189553125 0.134375 0.371624484375 0.124175365625 0.3474753421875 0.13016722812499998 0.3260700171875 0.1206065046875 0.31697743125 0.11696453124999999 0.27045277031250003
3 0.0968369546875 0.1559456546875 0.07907874375 0.16041148125 0.0691854671875 0.170479815625 0.0662416203125 0.18492798593749998 0.0738361109375 0.19261994375 0.11139188281250001 0.20111567031250002 0.11173544375 0.21505297343750002 0.12433885468749999 0.2171875 0.125765121875 0.2171875 0.136848753125 0.2118328171875 0.1542012953125 0.210501159375 0.1714496703125 0.20167849062499998 0.198622375 0.17425174999999998 0.2529477390625 0.1610322296875 0.26212284218750004 0.131625021875 0.27161045 0.12469085625000001 0.28594603125 0.1217806203125 0.3 0.1014471296875 0.3 0.09828969374999999 0.2708191578125 0.08932523437499999 0.2606235703125 0.078125 0.2594501859375 0.078125 0.2473285234375 0.080008715625 0.22242354999999997 0.0982109015625 0.1582049109375 0.12149875937500001 0.0968369546875 0.1559456546875
6 0.4890625 0 0.4890625 0.2211432421875 0.523828125 0.236279296875 0.551171875 0.246044921875 0.605859375 0.259716796875 0.63955078125 0.270947265625 0.672265625 0.278271484375 0.6869140625 0.279736328125 0.72744140625 0.275830078125 0.777734375 0.276806640625 0.82412109375 0.308544921875 0.85244140625 0.323681640625 0.8644384765625001 0.328125 1 0.328125 1 0.0560795015625 0.97646484375 0.054150390625 0.9408203125 0.037060546875 0.90224609375 0.025341796875 0.871484375 0.012158203125 0.835009765625 0 0.4890625 0
1 0.8336871609375001 0 0.86474609375 0.0107421875 0.8828125 0.01904296875 0.89453125 0.02685546875 0.94580078125 0.04248046875 0.9677734375 0.05615234375 1 0.05810546875 1 0.00395590625 0.9952367671874999 0 0.8336871609375001 0