7 0.8733119359374999 0 0.8488385234375 0.02317238125 0.8250989859375 0.0592677265625 0.8310155015625 0.0747365640625 0.8426592578125 0.07824975468749999 0.8513057890625 0.091011025 0.8778042906250001 0.08355691093749999 0.9447430656249999 0.015913434375 0.95181938125 0 0.8733119359374999 0
7 0.6830759125 0.073357884375 0.7862619796875 0.0802139921875 0.828659584375 0.0682874078125 0.82520586875 0.05665151875 0.8419066031250001 0.032557503125 0.8158890812500001 0.0282386890625 0.8018894078125001 0.01827634375 0.766584046875 0.016893496875 0.7432965390625 0.0098671171875 0.6985430171875 0.015344546875 0.6862045125 0.028836696875 0.689337575 0.0483212046875 0.68240565625 0.0577063265625 0.6830759125 0.073357884375
7 0.459375 0.3796875 0.49591536875 0.3796875 0.4991830234375 0.3749732796875 0.49883341718749996 0.3514731015625 0.4822885453125 0.3076371140625 0.4758086546875 0.2739005109375 0.461755540625 0.26524626875 0.459375 0.25957578125 0.459375 0.3796875
7 0.459375 0 0.459375 0.0931839828125 0.47748092656249996 0.0726810203125 0.4927876984375 0.0185919921875 0.505126203125 0.0050998390625 0.5157664484375 0 0.459375 0
7 0.61989661875 0 0.60044288125 0.012230028125 0.5622226921875 0.0501359546875 0.55207978125 0.074001571875 0.5164827203125 0.111816140625 0.5338292234375001 0.13603058125 0.5783934687500001 0.103128665625 0.6090404328125001 0.0903050984375 0.67713044375 0.026540249999999998 0.6859083484375 0.004028417187499999 0.6802473796875 0 0.61989661875 0
7 0.6754826640625 0.195102840625 0.68211841875 0.1609094390625 0.6737925406249999 0.1402995484375 0.6437334406249999 0.1387339796875 0.5970270453125 0.1599543265625 0.56795885625 0.16619169843749998 0.558190040625 0.18090059375 0.5596374421875 0.209587503125 0.577571809375 0.219412809375 0.6475122718749999 0.2065269453125 0.6754826640625 0.195102840625
7 0.5090253078125 0.2622936859375 0.509695565625 0.27794524374999996 0.5317249546875 0.2837092 0.593475375 0.2789460359375 0.607072 0.26671630625 0.6400214390625 0.2616499984375 0.6446508828125 0.24450761718749997 0.63977871875 0.235533615625 0.6189540124999999 0.2323401859375 0.5906874546875 0.21895600937499998 0.5106285734375 0.223050590625 0.510040709375 0.23743972656249998 0.4991740953125 0.2469618875 0.49885344375 0.25481050625 0.5090253078125 0.2622936859375
7 0.7223827984375 0.2653126765625 0.7642459828125 0.266467125 0.80228135625 0.2651424046875 0.81172951875 0.25828212968750003 0.8122639390625 0.24520109843750001 0.8038846218749999 0.225899309375 0.7861105796875 0.21214969374999998 0.7299805140625001 0.20757341718750003 0.6810250859375 0.2197284015625 0.6535356703125 0.219379578125 0.6411971671875 0.23287172812499998 0.648318365625 0.25091109375 0.6966324875 0.254453346875 0.7223827984375 0.2653126765625
7 0.7533548812499999 0.308646184375 0.725059371875 0.2639132140625 0.69668593125 0.2531452453125 0.644169903125 0.256280546875 0.6456173046875 0.2849674546875 0.6505963515625 0.2913252515625 0.7007319703125 0.3143976921875 0.7204054390625 0.31371249375 0.7410163781250001 0.3221383375 0.753034228125 0.316494803125 0.7533548812499999 0.308646184375
7 0.71187025625 0.3623407109375 0.7251462296875 0.35795960312499997 0.7298291125 0.3395091171875 0.71058318125 0.329729490625 0.6841626109375 0.3032186046875 0.63218100625 0.29327287343749997 0.6106081078125 0.3083928890625 0.6093789375 0.33847926250000004 0.6207554828124999 0.34853296718750004 0.654535509375 0.35519390781250004 0.6621376859375 0.36146034375 0.695033684375 0.3577021375 0.71187025625 0.3623407109375
7 1 0.1341631625 0.9883542750000001 0.1345687671875 0.9428525640625001 0.15835964062500002 0.9138912578125 0.1619808046875 0.8977249453125001 0.172993790625 0.86723830625 0.18189305 0.8602529453125001 0.192586275 0.8349591234375 0.202610915625 0.825404075 0.21208739843750002 0.8250834218750001 0.2199360171875 0.8364065249999999 0.231297825 0.8367561312499999 0.254798003125 0.8431536265625 0.2584939125 0.8589992859375 0.255329546875 0.9033497609375001 0.22766004374999999 0.9366198562499999 0.21474511718749997 0.9585668484374998 0.1904683796875 1 0.1678620203125 1 0.1341631625
7 0.6185728453125 0.3796875 0.6190698234375 0.3577353703125 0.6020974140625001 0.3243642078125 0.5982940953125 0.289228140625 0.5893269125 0.28431548906250004 0.5734278093749999 0.2887879578125 0.5860090343750001 0.3014121890625 0.58368206875 0.3263118296875 0.55921883125 0.3480637203125 0.5599416265625 0.3796875 0.6185728453125 0.3796875
7 0.4979939046875 0.21173446093749998 0.51330514375 0.22165112812499999 0.556586775 0.2201436890625 0.560064978125 0.199122678125 0.5533178765625 0.1719265921875 0.5444575796875 0.1643977328125 0.5290105015625001 0.1257484765625 0.5138595921875 0.1119075015625 0.4995927078125 0.108485671875 0.492607346875 0.11917889687500001 0.4781801359375 0.1196813765625 0.47004353749999994 0.126495971875 0.4677700140625 0.1500875078125 0.4979939046875 0.21173446093749998
7 0.459375 0.258416309375 0.4668414703125 0.2689878578125 0.47460397499999996 0.271329984375 0.4917611984375 0.2681199390625 0.498639675 0.2600429203125 0.5005925453125 0.2443000015625 0.50872914375 0.23748540624999998 0.507791675 0.2283743640625 0.4939523265625 0.21448770781249998 0.498261115625 0.205193946875 0.47620277499999997 0.16808119375 0.4764699859375 0.16154067656249999 0.48554405625 0.163837125 0.48570438125 0.1599128140625 0.4726421765625 0.1590615125 0.468197553125 0.139622684375 0.47419200000000006 0.12112651875 0.49654204062499996 0.11904185781250001 0.5023761625 0.1044700015625 0.48711836562500005 0.0932452328125 0.47410960625 0.091085825 0.4594151828125 0.09812882187500001 0.45952653125 0.1595183109375 0.459375 0.1600266328125 0.459375 0.258416309375
7 0.8173654359375 0.0882743953125 0.8177929734375 0.07780957031249999 0.8062026609374999 0.0729882765625 0.7927663609375 0.0812936953125 0.7663213 0.087439709375 0.7616918593750001 0.1045820890625 0.783939478125 0.16911932968750001 0.78340505625 0.1822003609375 0.7982353140624999 0.2038899546875 0.820536375 0.267119090625 0.8349635859375001 0.2666166109375 0.8483998859374999 0.2583111921875 0.8367561312499999 0.254798003125 0.8224602937500001 0.2200273765625 0.8227275031250001 0.2134868625 0.83763569375 0.201211453125 0.8416483203125 0.1671094109375 0.81889523125 0.14700200000000002 0.7983377359375 0.13726805312499998 0.7899049734375 0.11927436875 0.7915371906249999 0.11138006874999999 0.8173654359375 0.0882743953125
7 0.7189368125 0.3796875 0.6843274015625 0.36329999062499996 0.6738348828125 0.36366543125 0.6683748578125 0.3690805625 0.6543751828125 0.3591182171875 0.6307135781250001 0.3612485609375 0.6184285171875 0.373432609375 0.6171352609375 0.3796875 0.7189368125 0.3796875
7 0.7087817109375 0.21353670937499997 0.7486630703125 0.19908527812500001 0.7529184171875001 0.19109961875 0.7427710421875 0.150959540625 0.697750309375 0.1629774859375 0.6740107734375 0.19907283125 0.5986102843750001 0.21737382656249998 0.6138680796875 0.22859859531249999 0.6361112359375001 0.22913013906250002 0.6628235078125 0.2164436109375 0.7087817109375 0.21353670937499997
7 0.5848577984375 0.29753355937500003 0.565772190625 0.2838296234375 0.5420037015625 0.28857617343749997 0.5007862875 0.335730184375 0.501752709375 0.3761900234375 0.5308208999999999 0.36995265 0.57265513125 0.3397583015625 0.585047075 0.324958046875 0.5848577984375 0.29753355937500003
7 1 0.22801507031249998 0.9937942765625 0.2258162296875 0.9634145234375 0.2320992828125 0.965556671875 0.2437808515625 0.9544762921875 0.258535425 0.9368915296874999 0.272210296875 0.915639284375 0.279481690625 0.8791581984375 0.3068771140625 0.864973709375 0.333495978125 0.868480865625 0.3438237625 0.8790268250000001 0.34215022031250003 0.9126710140625001 0.32007857031250003 0.9645702234375001 0.29998360625 0.9942797203125 0.278048996875 1 0.270776646875 1 0.22801507031249998
7 0.8315143359375 0.31898641875 0.8538109328125 0.318209859375 0.9490162640625 0.2639505578125 0.9654497875000001 0.24639705625000002 0.9581148203125001 0.23359010468750002 0.9599073656249999 0.22177149687500003 0.9431776781250001 0.21451671718749998 0.9193557468750001 0.22057136875 0.8630408640624999 0.2525763 0.8436635609375 0.2780697796875 0.8316457078124999 0.2837133140625 0.8264284015625 0.3152448296875 0.8315143359375 0.31898641875
7 0.48984391718750003 0.026531970312499997 0.4808522453125 0.054276217187499996 0.48208587812500003 0.0881955390625 0.5049992921875 0.1043786421875 0.5301862296875 0.09697020625 0.5415872640625 0.0743670125 0.5509285421875 0.07012294218750001 0.5487329515625 0.059749478125 0.5576711828125 0.033313334374999996 0.54508995625 0.020689103125 0.5442059296874999 0.01026995625 0.5339806234375 0.0040948796875 0.52190933125 0.011046515625 0.512995590625 0.0048257593750000004 0.5037611953125001 0.0064536234375 0.48984391718750003 0.026531970312499997
7 0.8620454890625 0.18076766718749998 0.8830839656249999 0.1787286828125 0.9084846734374998 0.16608783437500002 0.9114818984374999 0.156839753125 0.8893166718749999 0.12234320624999999 0.8802426046875 0.120046759375 0.8462732984375 0.0859613328125 0.8230392296875 0.0776268515625 0.8116381968749999 0.10023004375 0.7900653 0.11535005937500001 0.78985153125 0.120582471875 0.7997027421875 0.1359142703125 0.8620454890625 0.18076766718749998
7 0.9777504125 0.0735447171875 0.898119065625 0.0671744734375 0.8589614078124999 0.095969359375 0.8609432296874999 0.11157523750000001 0.8713823046875 0.11251789999999999 0.8956607250000002 0.12734721875 0.9557254875 0.1317864578125 0.9769242890625 0.125823165625 0.986664153125 0.0797654734375 0.9777504125 0.0735447171875
5 0.826122765625 0.5031231984375 0.817472246875 0.5008163921875 0.769606040625 0.49966299062499997 0.7701827421875 0.5117737171875 0.7649924312499999 0.5233077421875001 0.743654484375 0.5135038203125 0.7396175749999999 0.515233925 0.7350039640625 0.53541846875 0.715396121875 0.5815545703125 0.70847570625 0.628844075 0.7090524078125 0.6444150093750001 0.703862096875 0.6669063578125 0.7055922 0.67151996875 0.7021319921875 0.6738267734375001 0.6998251874999999 0.681900590625 0.7004018890625 0.6917045125 0.7050154984375 0.695741421875 0.7390408734375 0.7107356546875 0.7655691328125 0.7032385375000001 0.769606040625 0.69458801875 0.774796353125 0.689974409375 0.8013246109375001 0.6940113171875 0.8197790515625 0.70035503125 0.823239259375 0.6992016296875001 0.83881019375 0.5175407296875 0.8365033875 0.511197015625 0.826122765625 0.5031231984375
5 0.661186203125 0.6807471890625 0.6519589828125 0.6726733703125 0.6202404125000001 0.6657529562500001 0.6069762828125 0.6657529562500001 0.60582288125 0.674403475 0.60639958125 0.710158953125 0.62889093125 0.7159259656250001 0.6594560984375001 0.7193861734375 0.7113592125 0.7176560703125 0.7217398359375 0.7147725640625 0.7217398359375 0.70842885 0.7113592125 0.6997783296875 0.6992484859375001 0.6963181234375 0.6917513703125 0.697471525 0.687137759375 0.701508434375 0.675603734375 0.6992016296875001 0.661186203125 0.6807471890625
6 0.746537990625 0.5135038203125 0.7569186125 0.5163873265625 0.7661458328125 0.514080521875 0.769606040625 0.5117737171875 0.7684526390624999 0.5008163921875 0.7586487171874999 0.4990862890625 0.7021319921875 0.502546496875 0.6323511390625 0.511197015625 0.6104364906249999 0.5169640281250001 0.56084018125 0.54118548125 0.5383488328125 0.5486825984375 0.5296983125 0.5492593 0.5291216125 0.55214280625 0.5118205734375 0.5671370390625 0.508360365625 0.579247765625 0.5072069640625 0.5971255046875 0.5187409890625 0.5977022062499999 0.5383488328125 0.6098129328125 0.587945140625 0.6271139703124999 0.607552984375 0.6311508796874999 0.6479220734375 0.63230428125 0.7032853953125 0.6253838671875 0.7073223046875 0.6219236593749999 0.72000973125 0.5648302328125 0.7332738609375 0.538301975 0.7396175749999999 0.5146572234375 0.746537990625 0.5135038203125