3 0.252627684375 0.0861022453125 0.2395107171875 0.095474759375 0.2336964015625 0.1230069109375 0.252821659375 0.16229515 0.2678793015625 0.1726997984375 0.273524521875 0.1985079984375 0.277991259375 0.204525734375 0.2787781921875 0.2046875 0.2878224921875 0.2046875 0.296337159375 0.20115765468750002 0.3 0.19598995156250001 0.3 0.17985594062500002 0.2977645625 0.1630345953125 0.2990456203125 0.13329568125 0.2872230140625 0.112167084375 0.2806958640625 0.09323194375 0.2686470875 0.0850606625 0.252627684375 0.0861022453125
3 0.20625 0.19089590625 0.20625 0.1932685078125 0.2111380765625 0.203309884375 0.224644721875 0.21526553124999998 0.23047620000000002 0.230403 0.23817429375 0.2359375 0.2405588296875 0.2359375 0.2494645546875 0.233881371875 0.253125 0.22606467343749997 0.253125 0.1629601625 0.2383964296875 0.125875834375 0.2293565234375 0.11993792343750001 0.2171614 0.120150790625 0.2124951015625 0.12556598125 0.21206936718749997 0.149956225 0.20625 0.19089590625
3 0.209158675 0.2435300984375 0.20612705625 0.28625293749999997 0.21654500781250002 0.3005483875 0.21849899062499997 0.319563353125 0.2243970140625 0.3234375 0.23270869843750003 0.3234375 0.23986706249999998 0.3176664453125 0.23725731875 0.29256722343749997 0.24125455156250003 0.28182997187500003 0.2513626515625 0.270224090625 0.253125 0.25828033125 0.253125 0.251452175 0.24355058437500002 0.23759604531249998 0.232224090625 0.231698046875 0.2271814171875 0.215022884375 0.20692144843750002 0.1970894140625 0.20363319375 0.21086214218750002 0.209158675 0.2435300984375
3 0.3233651234375 0.1877303125 0.3035613546875 0.187314025 0.29880192499999997 0.19806458124999998 0.290351259375 0.20202190468749998 0.28123152500000004 0.20065716406249998 0.26617388124999997 0.190252515625 0.26108184687499997 0.22005795 0.261458221875 0.24214830312500002 0.265202678125 0.245892759375 0.2695097640625 0.2610568359375 0.27706519531249996 0.2647347703125 0.2927786 0.281223675 0.297794665625 0.2994232296875 0.3054610640625 0.3078125 0.31249889375 0.3078125 0.315941003125 0.3074880765625 0.3229471046875 0.2989841921875 0.3216089734375 0.28834006875 0.31716884375 0.2807979421875 0.324973196875 0.22656235156250001 0.3233651234375 0.1877303125
3 0 0.3611386640625 0.026323967187500002 0.3556649203125 0.080426515625 0.3554825203125 0.0903749640625 0.3530229796875 0.08685668125 0.3363212078125 0.090625 0.3164145171875 0.090625 0.312802459375 0.0874420625 0.302784621875 0.08320274062500001 0.3 0.08050305625000001 0.3 0.056980868750000004 0.3017923984375 0.03469095 0.31284895156250003 0.025384959375 0.32215494218749996 0.0039370625 0.32862502031249996 0 0.3316531375 0 0.3611386640625
3 0 0.3638025234375 0.018837453125 0.372373903125 0.0263396671875 0.3791006171875 0.0369571828125 0.38196314062500003 0.0373706453125 0.3828125 0.0426640375 0.3828125 0.046116826562500005 0.38104129531250003 0.053125 0.3686922515625 0.053125 0.36192298125 0.045031475 0.3559154640625 0.0229411203125 0.3555390890625 0 0.3602641359375 0 0.3638025234375
3 0.2927555828125 0.11582599843750001 0.29777164843750004 0.134025553125 0.29650389375 0.1630022734375 0.30285809218750004 0.19184595 0.3300842484375 0.20356212187499997 0.3380160546875 0.22933040937500002 0.3588303953125 0.253125 0.3676160390625 0.253125 0.374188990625 0.252319859375 0.3827194828125 0.243789365625 0.3821967625 0.2300831578125 0.3763253734375 0.21723227500000003 0.384375 0.1898347265625 0.384375 0.1888415421875 0.3832344875 0.1706319375 0.3522068015625 0.1147882734375 0.34621567343750004 0.1087971453125 0.3265183375 0.10228330000000001 0.3097101328125 0.104862575 0.2927555828125 0.11582599843750001
3 0.3811310046875 0.2315179359375 0.37934053125 0.2467884453125 0.372414253125 0.250719159375 0.3602324359375 0.25016983125 0.350563375 0.236623271875 0.3477008515625 0.2260057578125 0.3332457546875 0.224734146875 0.3226187921875 0.2660656359375 0.332354375 0.2758012203125 0.345205259375 0.281672609375 0.3543382953125 0.28227515468750003 0.36787155 0.2927064109375 0.37966754687500004 0.3153593984375 0.385426915625 0.31875 0.392052934375 0.31875 0.39868251250000003 0.3173133796875 0.4015625 0.31036629531250004 0.4015625 0.3017559484375 0.393905921875 0.28539431406250004 0.3977529515625 0.2396093890625 0.3882701484375 0.2153921 0.3793366734375 0.20335662812500002 0.37453733125 0.21639377031249998 0.3811310046875 0.2315179359375
3 0 0.1981604234375 0.008860846875 0.2027391046875 0.0468713484375 0.2140625 0.048476496875000004 0.2140625 0.0671875 0.21028311406250003 0.0671875 0.207900490625 0.059365287499999995 0.190428103125 0.0260282640625 0.179580559375 0.00416408125 0.16624686875 0 0.1652742890625 0 0.1981604234375
7 0.5 0.20359677656250003 0.50455438125 0.220395071875 0.5243882531249999 0.2556254234375 0.6784682875 0.41822704999999993 0.7089150984374999 0.440625 0.7387411046875 0.440625 0.7629052078124999 0.41009696875 0.778165425 0.4033219 0.8069700125000001 0.370801575 0.8027514234375 0.32202108749999997 0.8053136609375 0.29898585781250003 0.809375 0.29333785 0.809375 0.2903380828125 0.783130590625 0.28272569375 0.7516697015625 0.236655234375 0.7229246015624999 0.21633003125 0.6561565859374999 0.1458693265625 0.61806841875 0.1228340953125 0.5806961453125 0.1119939875 0.5522350984375001 0.0862487296875 0.5 0.068166596875 0.5 0.20359677656250003
7 0.651277553125 0 0.6625994562499999 0.023987975 0.664250046875 0.0700584359375 0.674598825 0.1052887875 0.699710725 0.1432291671875 0.756289275 0.252985265625 0.7844662687499999 0.2841505765625 0.7896162437500001 0.284375 0.8207074765625 0.284375 0.8402348640625 0.28008553593749996 0.8596311328125001 0.271955453125 0.8713234 0.2556952921875 0.8895776953125001 0.24350016874999997 0.8850808140625 0.2258849921875 0.88671411875 0.19471968281250002 0.893986278125 0.1852345875 0.894554384375 0.1743944796875 0.8384671656249999 0.029408029687499997 0.8222012421875 0.0036627718750000004 0.8183344531250001 0 0.651277553125 0
7 1 0.3533760375 0.969426490625 0.294734503125 0.9422494453125001 0.27034425781250004 0.9027352499999999 0.2486640421875 0.881055034375 0.2486640421875 0.8727119125 0.2527290828125 0.8595226046875 0.271699271875 0.8210141203125 0.2825393796875 0.8096059046875 0.2933794890625 0.8026945734375 0.3218347734375 0.8091913500000001 0.35300008437499997 0.8084869781249999 0.392295478125 0.8380899984375001 0.4221057765625 0.8920832609375001 0.4519160734375 0.9246033499999999 0.4625 0.9315523062499999 0.4625 0.9579818328125 0.46140116875 1 0.4240130140625 1 0.3533760375
7 0.5 0.4609375 0.5165566859374999 0.4609375 0.5345502 0.44474508906250004 0.558289803125 0.40544969531249997 0.559375 0.3847428796875 0.559375 0.3685188109375 0.5528582234374999 0.35395918125 0.5179771750000001 0.3214388546875 0.5 0.31955595312499996 0.5 0.4609375
0 0.17938869531249999 1 0.191748 0.9874474140625 0.1953125 0.9775072921875001 0.1953125 0.96987855625 0.1893405609375 0.9231905703125 0.16523324374999998 0.9008215109375 0.1504019609375 0.8917154125 0.0969771859375 0.849602190625 0.0889726484375 0.844128221875 0.0845502375 0.844670340625 0.0613502875 0.8564522468749999 0.0527942015625 0.865445940625 0.050873639062499997 0.8711434609375001 0.0618935265625 0.9169651828125 0.0725607 0.9742508749999998 0.0806617734375 1 0.17938869531249999 1
1 0 0.66875 0 0.770933209375 0.014609759375 0.78601328125 0.08728442812500001 0.8416564875000001 0.102063146875 0.8552380124999999 0.1418869921875 0.8856115499999999 0.155097865625 0.893426621875 0.1949666625 0.9292567359374999 0.22423403125000002 0.946875 0.234108209375 0.946875 0.24861690468750003 0.9336042499999999 0.291401140625 0.883669771875 0.34294410000000003 0.8167718984375 0.3569091625 0.8021496125 0.39058576093749997 0.775676490625 0.4278406796875 0.76018545625 0.43581928437500006 0.7353728390625001 0.4439631859375 0.687201940625 0.45036028906250003 0.66875 0 0.66875
1 0.3213802296875 1 0.3470894 0.9663805734375 0.372967909375 0.9214977843749999 0.40109686718750004 0.8892495234375 0.40795785625000003 0.8481876406250001 0.4125 0.8336942046875 0.4125 0.8227288093749999 0.4022380140625 0.8106541796875 0.3932019640625 0.8048101046875 0.370606128125 0.7976489234375 0.3607785421875 0.798853628125 0.35286391250000004 0.804292815625 0.3331409625 0.8310416578125001 0.32448736093749997 0.8390542 0.30422427343749997 0.8653726984375 0.23596680781249998 0.944250571875 0.2266793625 0.9458856203125 0.2201489640625 0.9402309453125 0.20762450000000002 0.934317940625 0.1993761765625 0.9263910921875 0.1932845953125 0.9251516078125 0.189308609375 0.9201769125 0.18586895625 0.9205985578125 0.193595459375 0.9683136578125 0.19373412343750002 0.9797173890625 0.182518503125 0.996981959375 0.17767598281250002 1 0.3213802296875 1
1 0.47016952500000003 1 0.4722199734375 0.9928596265625 0.489688665625 0.9584422671875 0.490625 0.9573820265625 0.490625 0.9328332765624999 0.4827569125 0.8536679609375 0.461182465625 0.8417707203125 0.4485079234375 0.8393519859375 0.442855159375 0.8425276937499999 0.42593801875 0.8624773906250001 0.4063278 0.8703433796875 0.3979591359375 0.8912313828125 0.37056534218750004 0.9258722984375 0.33076672500000004 0.990833946875 0.3205145640625 1 0.47016952500000003 1
8 0.5880980984375 0.772605646875 0.5565684265625 0.8217690187500001 0.5546464578125 0.8470423390624999 0.5653007437500001 0.883137053125 0.5665878171875 0.934732846875 0.588879434375 0.9842069296875 0.610625978125 0.99843115625 0.6363692750000001 0.9633621937499999 0.6815228234374999 0.9438730546875 0.7292962281250001 0.9356139046875 0.77671989375 0.9450052203125001 0.7987941171875 0.9516576656249999 0.8005191625 0.9452882625000001 0.8037723203125001 0.9514533703125 0.8203125 0.8999796859375 0.8203125 0.89519445 0.8021812171875 0.8255464343749999 0.7365493265625 0.74887735 0.72323106875 0.7217100171874999 0.67065433125 0.72134823125 0.5950203265625 0.7370493453125 0.5880980984375 0.772605646875
8 0.9745623015625 1 0.9673073125 0.978120025 0.9244034093749999 0.9647640609374999 0.8806046984375 0.9338087046875 0.863945053125 0.9407910000000002 0.8524384765624999 0.9387437671875001 0.8472854062499999 0.9477732953124999 0.8320451796875 0.9458792828125 0.817546953125 0.9603312109375001 0.85016676875 0.98166755 0.868287415625 1 0.9745623015625 1
8 0.7851508562499999 0.66875 0.7847752187499999 0.68442879375 0.799424665625 0.743034553125 0.8153186625 0.8015892390625 0.8494004187499999 0.8656961421875 0.8706749 0.8703125 0.875031940625 0.8703125 0.90309095 0.8546747203124999 0.9390625 0.8272103421875 0.9390625 0.8257973796875 0.9139658171875 0.7899825953125 0.9030279640625001 0.741302296875 0.8861288671875001 0.7155416359375 0.8828765796875 0.66875 0.7851508562499999 0.66875
8 0.5 0.8911094437500001 0.5153089703125 0.8953395796875 0.5599071906249999 0.9359375 0.5603648546875 0.9359375 0.5640625 0.8948821953125 0.5640625 0.87835028125 0.5564894218750001 0.8432607109375001 0.547821684375 0.8234608640625 0.5404426140624999 0.7834525765625 0.5181068828125001 0.7541358609375 0.5 0.7362990203125 0.5 0.8911094437500001