7 0.5887237140625 0.4 0.6224798203125 0.360827265625 0.625 0.3427276734375 0.625 0.333761290625 0.619985384375 0.329268075 0.6094147875 0.3297522890625 0.6063891734375 0.3163614953125 0.5869001828125 0.321344515625 0.5723413984375 0.33092613125 0.5552940265624999 0.35257794531250003 0.5526528390625 0.36360634687500004 0.5394410578125 0.3751189578125 0.5209178078125001 0.4 0.5887237140625 0.4
7 0.3744476875 0.4 0.3738072171875 0.39705723437499996 0.37881079687499997 0.38036203125 0.376979584375 0.3678604359375 0.3605103578125 0.3426048609375 0.3492031640625 0.34532527343749997 0.345214975 0.3544226765625 0.332003190625 0.3659352890625 0.330761825 0.39378508437500004 0.3274683484375 0.4 0.3744476875 0.4
7 0.2008741171875 0.3385514921875 0.1912455359375 0.3527317 0.19231374375000002 0.360024296875 0.1993275484375 0.3643176890625 0.20281096718749997 0.38083387968750004 0.210714290625 0.3859375 0.2163750234375 0.3859375 0.22456256562500002 0.38403265468750003 0.27225351875000003 0.35363560625 0.27936710625 0.3440804 0.311968096875 0.3414333640625 0.330388878125 0.32915774531249997 0.3396858484375 0.3054487390625 0.3484375 0.294791640625 0.3484375 0.2921224671875 0.343342425 0.2868225390625 0.33322963125 0.29043215 0.31788143281250003 0.28735956875 0.2930308421875 0.2920637953125 0.25202208125 0.3172254375 0.2008741171875 0.3385514921875
7 0.35595125625 0.24050937499999997 0.3479484703125 0.25125898125 0.350237490625 0.266885975 0.3575829015625 0.2807081640625 0.44858333593750005 0.3280352484375 0.4810325 0.340625 0.48125 0.340625 0.48125 0.338586321875 0.46052149375000007 0.29329784375 0.4014382703125 0.26045031875 0.3896204546875 0.245154934375 0.3690368484375 0.2354001625 0.35595125625 0.24050937499999997
7 0.4737404140625 0.2989810125 0.4790550484375 0.3279988 0.48309605468749994 0.3337917921875 0.48495367500000003 0.3537385875 0.4928830875 0.36428277656249997 0.5062652171875001 0.3734375 0.52832394375 0.3734375 0.5359375 0.35794778125 0.5359375 0.353590590625 0.528577215625 0.3101033453125 0.52239979375 0.2897251578125 0.5052203796875 0.27415098125 0.4876623875 0.2777870015625 0.476381603125 0.2879526109375 0.4737404140625 0.2989810125
7 0.4703125 0.4 0.4703125 0.3981764375 0.4695706421875 0.3896401140625 0.45490622031249994 0.369440934375 0.42324139375 0.3421545765625 0.41221299531250005 0.33951339062499997 0.3963541765625 0.3184250140625 0.37889596875 0.3082124359375 0.3705615703125 0.3094332453125 0.36746258125 0.3173362484375 0.3612117828125 0.3182518546875 0.353125 0.3339840984375 0.353125 0.33502222187499997 0.35504020937499997 0.34150305625 0.3630958140625 0.34564384531250003 0.3895780484375 0.38113840625 0.4095007375 0.4 0.4703125 0.4
7 0.6576103843750001 0.4 0.6609375 0.3698031484375 0.6609375 0.357014059375 0.6598539156250001 0.3533473484375 0.6553815140625 0.3518741546875 0.6418645296875 0.3613031671875 0.6214863421875 0.36748058906250003 0.6012871625 0.382145009375 0.5873675546875 0.4 0.6576103843750001 0.4
7 0.1673374203125 0.2343431328125 0.1773768375 0.2520273171875 0.2044900359375 0.2555048859375 0.2262944515625 0.27359405625 0.2496500921875 0.284375 0.259381125 0.284375 0.2742700515625 0.2814647984375 0.2765625 0.263591496875 0.2765625 0.2531748609375 0.2665402078125 0.243223415625 0.20196919218749998 0.216500496875 0.1660902015625 0.2185635375 0.15686660624999998 0.22097874687500002 0.156893015625 0.22842394531250002 0.1673374203125 0.2343431328125
7 0.7 0.3153640421875 0.6055320828124999 0.29345095 0.596875 0.2978179453125 0.596875 0.29857127656250004 0.609678725 0.3290247375 0.6235273203125 0.3291245203125 0.6278999375 0.3444463125 0.6352189453125 0.350823303125 0.6559287421875 0.35417467812500003 0.66444215 0.361440865625 0.6888877531250001 0.3685016359375 0.6936641375 0.36875 0.7 0.36875 0.7 0.3153640421875
7 0.6123836984375 0.2625 0.614209775 0.2625 0.6205638796875 0.25963385156249996 0.63125 0.2464174515625 0.63125 0.226117078125 0.6275718312499999 0.22029785156249998 0.5951704109375 0.1952476953125 0.5829476078125 0.1917173109375 0.56904619375 0.17672712968749998 0.5606923859374999 0.1765625 0.549598578125 0.1765625 0.5413754078124999 0.183972759375 0.5498154390625001 0.21253274375000003 0.5623434453125 0.21814672812499997 0.5714936640625 0.2370253125 0.5970338828124999 0.2588238796875 0.6123836984375 0.2625
7 0.5191065109374999 0.386865703125 0.5221831390625 0.390625 0.524961246875 0.390625 0.5319133093749999 0.3871180875 0.5452512859375 0.369202075 0.5530750609374999 0.349965471875 0.562882653125 0.3442722640625 0.57548403125 0.32859245000000004 0.5984375 0.3142033515625 0.5984375 0.3053193359375 0.59362016875 0.278049040625 0.5742309624999999 0.269183465625 0.5553523765625 0.278333684375 0.534190625 0.3154863015625 0.5187484921875 0.3698917046875 0.5191065109374999 0.386865703125
7 0.45006183593750004 0.24324028125 0.4265582484375 0.24987550781249998 0.42320687343749996 0.2705853078125 0.460773490625 0.2921875 0.46461753281249996 0.2921875 0.4761390828125 0.290499840625 0.48950346875 0.280029028125 0.5018524625 0.2771560140625 0.514227865625 0.2817281984375 0.523046475 0.29107798749999997 0.548354865625 0.2894991578125 0.566901840625 0.27082014062500004 0.5740418359375 0.2687101328125 0.57927724375 0.275392325 0.5877642421875 0.275213315625 0.5921875 0.267408475 0.5921875 0.26057787656250003 0.5918786218750001 0.2597125140625 0.5789192234375 0.2584183296875 0.5647390156250001 0.24878974843749999 0.5435714125 0.24231297343749997 0.48566203124999996 0.2465388390625 0.45006183593750004 0.24324028125
7 0.42997907968750004 0.125808628125 0.5206065140625 0.15 0.5385080531249999 0.15 0.549460271875 0.142360084375 0.55 0.1302513890625 0.55 0.11420269999999999 0.5325068328125 0.1065339125 0.5055462375 0.10409814375 0.4578494328125 0.0908658015625 0.4176770515625 0.099942646875 0.4157724625 0.10873484687499999 0.42997907968750004 0.125808628125
7 0.12426084531249999 0.24043990312500002 0.10708728281249999 0.26849511718749997 0.10800289062499999 0.274745915625 0.11740549375 0.280817703125 0.18445349687499998 0.296875 0.196670853125 0.296875 0.2401382796875 0.290507959375 0.2395014640625 0.2788955609375 0.2248898609375 0.27358678125 0.2063634453125 0.25608160625 0.1305116421875 0.2395242953125 0.12426084531249999 0.24043990312500002
7 0.5815852734375 0.189854703125 0.595155078125 0.1953160859375 0.625423025 0.21875 0.627348028125 0.21875 0.6390625 0.2101115078125 0.6390625 0.199930975 0.6362166546875 0.1850448390625 0.5687630968749999 0.1421875 0.5655558875 0.1421875 0.553577028125 0.1439421453125 0.5461582375 0.1514137515625 0.5477106578125001 0.169276946875 0.5532512671875 0.1780427375 0.5702252609375 0.1776847171875 0.5815852734375 0.189854703125
7 0.328232296875 0.15188413125 0.339997296875 0.1522891171875 0.3613439078125 0.1672528890625 0.37580291250000003 0.1715198703125 0.42494650156249997 0.1728346140625 0.43626381406250003 0.1765625 0.4430858796875 0.1765625 0.4508652984375 0.1754229828125 0.45546389375 0.1704927796875 0.4578125 0.1573099265625 0.4578125 0.14293714531249999 0.4575944578125 0.14144858437500002 0.45281685468750005 0.137891790625 0.3716298609375 0.128500884375 0.3473896765625 0.1373723109375 0.3293738828125 0.13788293125 0.328232296875 0.15188413125
7 0.2762175859375 0.4 0.2895178125 0.38689006875 0.30854899687500004 0.3787816484375 0.3092591859375 0.36910025 0.3421875 0.347276984375 0.3421875 0.336851390625 0.3380187375 0.3329630234375 0.32434915000000003 0.3413502390625 0.283413765625 0.345218084375 0.22934581875 0.38293413906249996 0.20630003593750001 0.3926947640625 0.2002395359375 0.4 0.2762175859375 0.4
7 0.298716709375 0.2640625 0.3020959734375 0.2640625 0.315457321875 0.2612444671875 0.3476269171875 0.26291722812499996 0.35290928906249996 0.24086042968750002 0.3701620796875 0.2351408109375 0.383731884375 0.24060219218749998 0.39206627968749996 0.23938138437499998 0.39353947499999997 0.2349089828125 0.385888859375 0.2190031953125 0.3900032390625 0.2035023953125 0.39371263437500004 0.1997665890625 0.415625 0.19756755937499998 0.415625 0.1954531546875 0.4139382203125 0.19254736875 0.4020206234375 0.1911005828125 0.325006678125 0.2247286640625 0.30826450781250003 0.248464078125 0.29517891875 0.2535732921875 0.298716709375 0.2640625
7 0.410631453125 0.19733595625 0.396046259375 0.1994723734375 0.38758566875 0.2070965796875 0.384375 0.21970492187500001 0.384375 0.2221060046875 0.38621811093749997 0.241349775 0.4253751 0.23987073125 0.4281201546875 0.2453125 0.435921221875 0.2453125 0.46842049374999994 0.2431428796875 0.48629229062499996 0.2453125 0.49561904375 0.2453125 0.5232044765625 0.2393748171875 0.5328125 0.2299788453125 0.5328125 0.22821832031249997 0.5290972546875 0.22148521250000003 0.5147908546875 0.21826003125 0.50119464375 0.20535345 0.47812245000000003 0.20766887500000003 0.456802246875 0.2001503015625 0.410631453125 0.19733595625
7 0.5046520625 0.21627705625 0.520458065625 0.22247503750000003 0.5266090796875 0.23540802656249998 0.5408344609375 0.2375 0.54872525625 0.2375 0.55 0.23363006562500002 0.55 0.2191215390625 0.53889940625 0.174015225 0.5164845859375 0.15175885625000002 0.5091919890625001 0.1528270640625 0.49781142031250003 0.1768412734375 0.501195053125 0.2072060625 0.5046520625 0.21627705625
7 0.48327738125 0.20625 0.503125 0.1681301 0.503125 0.1582029828125 0.502428628125 0.153448890625 0.48690141875000004 0.14188931093749999 0.46787023281250006 0.14999773125 0.43677469531249996 0.199246959375 0.4618075859375 0.20625 0.48327738125 0.20625
7 0.575735925 0.1440862359375 0.6101078 0.16875 0.61061954375 0.16875 0.6288207375 0.16504256875 0.6304201265625 0.15416677031249998 0.6359375 0.1478343609375 0.6359375 0.1450403578125 0.6306461015625 0.13391477499999999 0.567395678125 0.10167765468750001 0.5532682875 0.106939471875 0.5503747171875 0.13077466875 0.552942528125 0.1410400625 0.575735925 0.1440862359375
7 0.4793031296875 0.07782178281249999 0.47102155 0.0939329875 0.51904609375 0.1046875 0.52836945625 0.1046875 0.5612795375 0.0998668828125 0.570934528125 0.0931318734375 0.5747701140625 0.08299266875 0.5727863 0.069449278125 0.558911290625 0.061904296875 0.4793031296875 0.07782178281249999
7 0.3434536015625 0.074520509375 0.34515862343750003 0.0934255 0.3523514375 0.10620588906249999 0.3761132609375 0.13039325625 0.40183253125 0.1328125 0.41875 0.1328125 0.41875 0.11585175 0.4141492234375 0.10673121875 0.3838049921875 0.0739306625 0.363957984375 0.06193968749999999 0.3526507890625 0.06466009843750001 0.3434536015625 0.074520509375
7 0.508385184375 0.044537943749999996 0.4796725984375 0.051936174999999994 0.453527825 0.0695998015625 0.4341914359375 0.07562462187499999 0.42959284374999995 0.080554825 0.42755733749999997 0.09375 0.44728629375000006 0.09375 0.47073364843750004 0.092619175 0.48275103125 0.08021736562500001 0.5187562125 0.071750925 0.5215764093749999 0.069209521875 0.5185507953124999 0.0558187296875 0.508385184375 0.044537943749999996
1 0.45494160937499994 1 0.5083535265625 0.9062009921874999 0.5140625 0.8926119374999999 0.5140625 0.8892539234375001 0.512924221875 0.8839950156249999 0.4910580453125 0.8527446015625 0.473186096875 0.8230746437499998 0.4259295703125 0.7575168078125 0.40960632343750003 0.73135370625 0.3965449921875 0.721628925 0.381081425 0.7163107046875 0.32588336875 0.707092675 0.2941113609375 0.7048656796875 0.2349277359375 0.6945632234375 0.1410218875 0.6834525953125 0.08383104531249999 0.6736923515625 0.086480475 0.825478065625 0.0903336609375 0.847384278125 0.09008871874999999 0.861757653125 0.08723374375000001 0.8686328265625001 0.0875367828125 0.8859939390625 0.09648267187500001 0.8871938171875 0.15148158750000001 0.8850031171874999 0.26650900312500003 0.8847054312499999 0.3815883671875 0.8873839328125002 0.39948014375 0.8897836890625002 0.397961053125 0.9447854875000001 0.39522729375 0.9586051046874999 0.387637115625 0.97826165 0.3878016234375 0.9876862531249999 0.39233638437499996 1 0.45494160937499994 1
1 0.1847595765625 0.4 0.1794753734375 0.41839122656249994 0.1378358078125 0.5041923421875 0.08312123125000001 0.636297178125 0.0842406578125 0.6720230078125 0.1419621640625 0.683778925 0.195453109375 0.6890625 0.216653109375 0.6890625 0.2179156296875 0.6890175734375 0.22331137031249998 0.6856723484374999 0.2235736296875 0.6722910375 0.25132179374999997 0.6144289171875 0.26268974375 0.583952034375 0.28763488593750003 0.535941278125 0.30904719375 0.48437748124999996 0.3349584234375 0.4349017203125 0.3488991625 0.4 0.1847595765625 0.4
5 0.5589131218750001 0.6867175890625 0.51880381875 0.689750675 0.5184463171875 0.6976756375 0.5116836953125 0.707930671875 0.5098381015625 0.7158209984375 0.53396798125 0.734728346875 0.5638207000000001 0.7453125 0.5646221890625001 0.7453125 0.58719056875 0.7443962281250001 0.6020022546875 0.7407743328125 0.6078853703125 0.7369446234374999 0.6102443125 0.730057903125 0.6084618359375 0.7131581890625001 0.6125 0.709977228125 0.6125 0.7016878640625 0.61069090625 0.69883099375 0.60849898125 0.6868800515625 0.5876483296874999 0.6854030859375 0.583348553125 0.6947237828125 0.58040699375 0.6966386375 0.5589131218750001 0.6867175890625
8 0.85876838125 1 0.8602802203125 0.9982359437500001 0.8811919984375001 0.95192843125 0.8960775125 0.9079016078125001 0.9091599890625 0.8602379171875001 0.9200629515625 0.8064402937499999 0.9209100343750001 0.767246509375 0.9313384031249999 0.639241515625 0.9341135640625 0.6115558953125 0.934375 0.6112017125 0.934375 0.608638228125 0.777541746875 0.5913091171875 0.761512534375 0.6209678937499999 0.7445967640625 0.6451266953125 0.7177151828125 0.7030518859375 0.7 0.7319861968750001 0.7 0.9823516906249999 0.703544875 0.984846390625 0.7189977640625 0.9919558531250001 0.7435505609375 1 0.85876838125 1