9 1 0.170439878125 0.99111328125 0.1642578125 0.9857421875 0.16279296875 0.98232421875 0.15791015625 0.97646484375 0.15546875 0.9623046875 0.14423828125 0.9544921875 0.14130859375 0.93740234375 0.130078125 0.896875 0.09833984375 0.87734375 0.07978515625 0.84365234375 0.0548828125 0.7982421875 0.0265625 0.79091796875 0.024609375 0.7875 0.0216796875 0.781640625 0.0216796875 0.7728515625 0.05244140625 0.75673828125 0.09736328125 0.76015625 0.11982421875 0.7640625 0.12763671875 0.7708984375 0.157421875 0.7728515625 0.1818359375 0.78359375 0.1935546875 0.82021484375 0.2208984375 0.82314453125 0.231640625 0.82998046875 0.24384765625 0.83046875 0.2580078125 0.85244140625 0.28388671875 0.85537109375 0.28681640625 1 0.28681640625 1 0.170439878125
1 0.63169884375 0 0.641015625 0.0236328125 0.65078125 0.06123046875 0.664453125 0.083203125 0.6693359375 0.08759765625 0.73623046875 0.11396484375 0.7474609375 0.1203125 0.75771484375 0.1193359375 0.75869140625 0.1125 0.75625 0.10517578125 0.75673828125 0.09736328125 0.77431640625 0.0509765625 0.78115234375 0.02314453125 0.78359375 0.020703125 0.82021484375 0.040234375 0.86416015625 0.071484375 0.87294921875 0.0763671875 0.87685546875 0.07587890625 0.8666015625 0.04560546875 0.86171875 0.0158203125 0.85390625 0.00263671875 0.8529318109374999 0 0.63169884375 0
6 1 0 0.8955078125 0 0.8900390625 0.020703125 0.8919921875 0.03193359375 0.89931640625 0.05048828125 0.898828125 0.05537109375 0.89638671875 0.059765625 0.88564453125 0.065625 0.88564453125 0.0734375 0.88759765625 0.0802734375 0.8978515625 0.08857421875 0.91103515625 0.1056640625 0.91982421875 0.110546875 0.92373046875 0.11640625 0.92958984375 0.11884765625 0.94912109375 0.13837890625 1 0.1714658015625 1 0
10 0.4488503328125 0.3 0.45045105625000004 0.36389250625 0.49500415468750003 0.37276023125 0.49970244218750004 0.34141295937500005 0.5110967421875 0.3146813984375 0.522788178125 0.30672183125 0.523239246875 0.3 0.4488503328125 0.3
10 0.15353454375 0.3 0.1493190875 0.31577469062499997 0.14893750781249998 0.4065272078125 0.1989377625 0.4231544625 0.24264771093749998 0.31312077031249996 0.21578053593750002 0.3 0.15353454375 0.3
10 0.43152520625 0.6613915453125 0.43296485156250003 0.6128714656250001 0.4392091296875 0.59715236875 0.4359625484375 0.5643332015625 0.4241285796875 0.55508359375 0.3851772375 0.55553821875 0.373319140625 0.5775813281250001 0.3759593875 0.588502865625 0.361924840625 0.6043128890625 0.367966265625 0.6496164062500001 0.387899703125 0.6619007265625 0.398794015625 0.6774197890625 0.41297109687500005 0.6788189421874999 0.43152520625 0.6613915453125
10 0.1683588921875 0.476708509375 0.1604019625 0.490882975 0.1676801796875 0.5486890328125 0.17203307968749998 0.561155203125 0.21423100156250002 0.5935197421874999 0.23125118281249998 0.5448178125 0.248877696875 0.5180135124999999 0.2487351625 0.5008043359375 0.2213327203125 0.47609021875 0.1850336875 0.471820021875 0.1683588921875 0.476708509375
10 0.16097210312500002 0.55971968125 0.1329512640625 0.5287542937499999 0.11488507968749999 0.5195774234374999 0.091359675 0.5182873828125001 0.0654790953125 0.54049415625 0.0263128359375 0.6176177578125 0.025991575 0.6301384828125001 0.04233304375 0.6534170781249999 0.06321820156249999 0.6437855828125001 0.09407007656250001 0.6402962484375 0.13116623125 0.6210878140625 0.16484914374999998 0.5831437546875 0.16097210312500002 0.55971968125
10 0.058389440625 0.6422773218750001 0.049029054687500004 0.658032790625 0.0508721796875 0.69243295625 0.1175351640625 0.7198180843750001 0.134828353125 0.721180865625 0.1675716078125 0.6895062624999999 0.17818084843749998 0.6706069734375 0.16947505000000002 0.6456746359375 0.1593537328125 0.6379696593749999 0.14206054375 0.636606878125 0.058389440625 0.6422773218750001
10 0.2616611625 0.7103127890625001 0.2496846578125 0.683854003125 0.213088490625 0.6608118140625 0.19267919375 0.6594854031249999 0.16524055937499998 0.6817103625 0.11096962343750001 0.7480579078125 0.1079960515625 0.765303453125 0.12059095312500001 0.7980135078124999 0.15752044375000002 0.7928886140625 0.19430740156249998 0.7705545453125 0.2357564546875 0.76381228125 0.2594605859375 0.735372421875 0.2616611625 0.7103127890625001
10 0.2131586453125 0.77189914375 0.1854228765625 0.775352109375 0.152691684375 0.791380353125 0.1533100796875 0.797631621875 0.1804033265625 0.8192201062500001 0.19505626874999998 0.8096613515625 0.233389215625 0.8029554546875 0.273446878125 0.782147834375 0.2535255046875 0.7542171578125 0.24215533125 0.749656 0.2131586453125 0.77189914375
10 0.2796067125 0.8759532468749999 0.30972178281249996 0.8177107484375 0.2933803140625 0.794432153125 0.268927315625 0.78376520625 0.20001550156249998 0.8440251484375001 0.2113736109375 0.8642326624999999 0.25264393749999997 0.8872202984375 0.2680698765625 0.8854756312500001 0.2796067125 0.8759532468749999
10 0.3901145703125 0.41622925312500003 0.3728213796875 0.4148664703125 0.31903836874999997 0.45460975000000003 0.3187050421875 0.4827768328125 0.3302177515625 0.5045471671875 0.3659104515625 0.4869197359375 0.38803240156249996 0.48979077968749996 0.3880444640625 0.4741444203125 0.4114273328125 0.4582252875 0.4128428515625 0.440997925 0.40521924687500005 0.42700530937500003 0.3901145703125 0.41622925312500003
10 0.5314796859375 0.552266009375 0.50358931875 0.55415615625 0.498772621875 0.5370015359375 0.473546628125 0.518520503125 0.4465597265625 0.561080271875 0.44795111875 0.5751456296875 0.492492153125 0.5996597109375 0.53377454375 0.6070009875 0.5314796859375 0.552266009375
1 0.1805239609375 0.6627565171875001 0.20685627499999998 0.6608845546875 0.2992211125 0.6957928078125001 0.358260490625 0.70918531875 0.39097961875 0.7088034328124999 0.3995549453125 0.7008802359375 0.4003520671875 0.6774016046875 0.388993959375 0.6571940890625 0.2877445953125 0.6270833984374999 0.24053918749999997 0.622940496875 0.1900992640625 0.5703320703125 0.1659554640625 0.5627907609375 0.1606387796875 0.5878867624999999 0.1339731390625 0.6179258093750001 0.134900734375 0.6273027140625 0.164646290625 0.644166375 0.1805239609375 0.6627565171875001
10 0.076441334375 0.8720660312499999 0.06473783749999999 0.89567195625 0.161337165625 0.894544484375 0.13705083125 0.8697939984375 0.09763569062500001 0.8655601718749999 0.076441334375 0.8720660312499999
10 0.11376446874999999 0.7605422609375 0.0899298671875 0.756126584375 0.067950453125 0.7704647171875 0.0698056421875 0.789218525 0.06232457031250001 0.792435084375 0.03985723125 0.8333774828125 0.0448164640625 0.867741278125 0.066462553125 0.8815702296874999 0.09202187187500001 0.8718841796875001 0.134089321875 0.8713931859375 0.1346134359375 0.7978498421875 0.11376446874999999 0.7605422609375
10 0.0449732890625 0.6643386140625 0.027216303125 0.65828738125 0.015215670312499999 0.6631213125000001 0.008662195312499999 0.6757147765625 0.0101961203125 0.706989309375 0.043521581250000003 0.7285050531249999 0.04723195625 0.7660126703125 0.07339760937499999 0.778224246875 0.08743215625 0.7624142234375 0.08558903125 0.7280140562499999 0.053833687500000005 0.6908337687499999 0.0449732890625 0.6643386140625
10 0 0.671140396875 0.0057006859375 0.6773139640625001 0.0233151375 0.666156021875 0.048089396875 0.66430224375 0.040620390625 0.6518724453125 0.00245410625 0.6444948 0 0.6430549109375 0 0.671140396875
6 0 0.3 0 0.38628525625 0.015575349999999998 0.39869603124999997 0.044702509375 0.40930842187500005 0.0979855328125 0.41181576406250003 0.1344512265625 0.40200242187499996 0.1475461171875 0.3924618515625 0.14973463125 0.3830485765625 0.1488432265625 0.326732596875 0.1387630828125 0.3 0 0.3
6 0.55 0.3933395078125 0.5297330687499999 0.392694971875 0.47880522187499996 0.3666908109375 0.43004176093749996 0.3625660953125 0.41944458124999995 0.365819025 0.41164225 0.3815563109375 0.39044789375 0.3880621703125 0.3933852765625 0.41775569843750004 0.4091083484375 0.43478302499999993 0.41781414687499996 0.4597153625 0.4567413625 0.4905534546875 0.461712659375 0.5092708937499999 0.4937892625 0.53393045625 0.4984513609375 0.549522259375 0.5148048921874999 0.5571544968750001 0.5286727765625 0.5554280140625 0.543765390625 0.581850428125 0.55 0.5776918578125001 0.55 0.3933395078125
6 0.55 0.3 0.5230465718749999 0.3 0.5149737828125 0.3381054734375 0.5230370578125 0.388079259375 0.53627448125 0.3957478671875 0.55 0.3980940890625 0.55 0.3
6 0.2849157859375 0.45657263906250006 0.3410177828125 0.44027161875000004 0.38482201250000003 0.41003253749999996 0.340947628125 0.32918428906249997 0.3242848984375 0.31842641718750003 0.2929692265625 0.317227303125 0.24138679062500001 0.33191094843749996 0.2275068421875 0.34928379062500003 0.20003201874999998 0.418447825 0.1998532921875 0.44817772656250005 0.2211781203125 0.4745274015625 0.24282420937500002 0.4883563515625 0.2668254734375 0.47868848750000004 0.2849157859375 0.45657263906250006
6 0.33902099531249996 0.3 0.338164846875 0.3010535765625 0.335500471875 0.32142475937500004 0.3456097265625 0.34477609375 0.386546728125 0.3959308109375 0.388401915625 0.41468461874999996 0.399772090625 0.4192457765625 0.44186366718750003 0.3874620625 0.43953261718750003 0.3796661625 0.44858380468750003 0.3607850578125 0.44815619843750004 0.3091575296875 0.4439723421875 0.3 0.33902099531249996 0.3
6 0.55 0.60113359375 0.544217121875 0.602185240625 0.48702086875 0.623192896875 0.42796942812500005 0.6254467453125001 0.41936997343750004 0.6646626609374999 0.39583250468750003 0.6790189765625 0.387993984375 0.7416953375 0.3703433421875 0.79979235625 0.3721985296875 0.818546165625 0.41627576718750003 0.8383717953125001 0.4542874515625 0.8441866234375001 0.512720496875 0.8356815046874999 0.541538459375 0.8431682609374999 0.55 0.8416766921875001 0.55 0.60113359375
6 0.237886878125 0.6276653203125 0.324507425 0.636042046875 0.331833896875 0.63126266875 0.32779019531250003 0.621922134375 0.35833287343750003 0.615307165625 0.3726766171875 0.602622775 0.3879720828125 0.5680225734375 0.39424048906250003 0.52101075625 0.3877111390625 0.5023115031250001 0.3679323015625 0.4915900015625 0.3437764375 0.49969505000000003 0.30607395 0.4970058546875 0.2926698640625 0.503420790625 0.236983409375 0.586995696875 0.23104832968750003 0.6058404312500001 0.237886878125 0.6276653203125
1 0.55 0.87029605 0.596365503125 0.875937003125 0.619924415625 0.8741620078124999 0.6384096625 0.8798410078125001 0.6515939515625 0.8817351203125 0.691294825 0.8810843015625001 0.718300559375 0.8785734359374999 0.72131515625 0.8753676703124998 0.723192471875 0.857931890625 0.728482453125 0.8412217406250001 0.7382203281249999 0.8228695187499999 0.7531453109375 0.8131738453124999 0.8052233578125 0.7860593125 0.8117872437500001 0.7777331828125 0.8127317984375001 0.7582806078125001 0.80146020625 0.674542603125 0.7957611796874999 0.666826321875 0.7590183875000001 0.6457249984375 0.7472901640625 0.6444202499999999 0.7202275046875 0.649366946875 0.70801013125 0.6480281296875 0.7046430046875 0.6453538390625 0.7063723125 0.63425121875 0.6992058328125 0.6264327390625001 0.6587320015625 0.5972642312499999 0.6505758375 0.5898647875 0.6463442609375 0.5822507015625 0.63611764375 0.579586653125 0.6138785859375 0.5668148000000001 0.6065413296875 0.5663038109375 0.5907632828125 0.5705725265625 0.5773740625 0.5774473999999999 0.5583195609375 0.5961267015624999 0.55 0.60922876875 0.55 0.87029605
3 0.55 0.9715974265625 0.5696537375 0.9706925765625 0.5899138328125 0.9633202921875 0.6294894703125 0.9680283 0.646655271875 0.9672719453124999 0.6545499875 0.964894003125 0.661068334375 0.9585165374999999 0.6663697 0.9413192203125 0.6607845234375 0.928731278125 0.6536066609375 0.9213999656249999 0.6064778609375 0.90445491875 0.59660418125 0.8866887218749999 0.581668225 0.8758893578125001 0.5641385062500001 0.8712528203125001 0.55 0.87026816875 0.55 0.9715974265625
3 0.6484866375 0.9727670359375 0.6410583015625 0.9761533734375 0.6443798890625 0.9807763296874998 0.6575072515625 0.9851062734374999 0.7029185375 0.9916845703125 0.80614064375 0.9983853234375001 0.820906234375 0.9955099734375 0.837332821875 0.984455 0.8516320343749999 0.980571253125 0.8645890296875001 0.9712264812499999 0.9332408546875 0.9686882265625 0.934755071875 0.9038951468749999 0.857890159375 0.9014697859374999 0.8332964296875 0.8846302749999999 0.79481294375 0.8751187390624999 0.751176096875 0.8764713624999999 0.688826303125 0.8818883046875001 0.6368852859375 0.882174640625 0.6167504265625 0.8841880984374999 0.5952391968749999 0.8822020296875 0.592759290625 0.883493196875 0.6013476796875 0.8933625390625 0.6074561625 0.9045230499999999 0.65117229375 0.92074246875 0.660295375 0.9286972125 0.6653800140625 0.9417382546875 0.6611594140625 0.9546192093750001 0.6570982062499999 0.960679840625 0.6476221875 0.9678272437500001 0.6484866375 0.9727670359375
3 0.7442824531250001 0.8779431031249999 0.753678775 0.8742058609375001 0.76635114375 0.877040240625 0.8021388140625 0.8761168953125 0.8294401515625001 0.8819219171875 0.8359015734374999 0.8779802812499999 0.8371189609374999 0.867817925 0.8337518328125 0.865143634375 0.8323982328125 0.8601697765625002 0.82810973125 0.8549915218749999 0.7878290359375001 0.8385233984374999 0.7371395625 0.8271858812499999 0.7305642921875 0.8359991781249999 0.7269011515624999 0.8459912015625001 0.722555315625 0.8642309843749999 0.7222137625 0.8788459640624999 0.7442824531250001 0.8779431031249999
4 0.55 0.75580605625 0.5567162359375 0.7600960453125001 0.5704146578125 0.7599356375 0.5835095265625 0.7616834109374999 0.5944111375000001 0.7616068265625 0.5972989328125 0.757628840625 0.5968058875 0.7548084359375 0.5957547734374999 0.7519491640625 0.5958652828125001 0.747220534375 0.597649959375 0.74260851875 0.5968908921875 0.7392123609375 0.5921668875 0.7380475578125 0.58916258125 0.7350522609375 0.5892405875 0.7317144015625 0.5868203281250001 0.7276453671875001 0.58688533125 0.7248638281249999 0.5932965046875001 0.725588925 0.599078103125 0.7293348453124999 0.6034840578125 0.7321491546875001 0.6153978015625 0.7366007609375 0.623450640625 0.738833225 0.63281411875 0.7447788578125001 0.6369020453124999 0.7492426546875001 0.638147678125 0.7557373468749999 0.64630403125 0.7654994125 0.6608720296875 0.7640065078125 0.672370715625 0.7622998484375 0.6793079515625 0.7524745375 0.6823257578125 0.742933471875 0.6901065484375 0.732888284375 0.6969982390625 0.7250100421875 0.7019822390625 0.7150487 0.699653009375 0.7070854890625 0.6944944875 0.7005968828125 0.6910296171875 0.6933904109375 0.6890378921875 0.682943259375 0.688947359375 0.674857375 0.69175116875 0.6625153171875 0.692770278125 0.6547853031249999 0.688318796875 0.653918071875 0.6863656046875001 0.6537820468750001 0.6773911625 0.6551072875 0.6656264546874999 0.65623820625 0.656976540625 0.6556358 0.6457958828125 0.655692959375 0.6295862171875 0.6556784890625 0.6114623421875 0.6538590796875 0.5963492703125001 0.6547567953125 0.5854346375 0.6553897015625 0.5782444 0.66408298125 0.572942371875 0.6756938203124999 0.564934540625 0.6834943328125 0.5518911984375 0.6915013703125 0.55 0.69464153125 0.55 0.75580605625