3 0.5173173203125 0 0.5173115078125 0.000062003125 0.5173115078125 0.0203993046875 0.5202876984375 0.0323040671875 0.5230158734374999 0.037264384375 0.5262400796875 0.04073660625 0.5314484125 0.042720734375 0.5443452375 0.0447048609375 0.5550099203125 0.041232640625 0.5604662703125 0.041232640625 0.5649305546875001 0.0447048609375 0.5701388890625 0.051401290625 0.578571428125 0.0595858140625 0.596924603125 0.067522321875 0.647271825 0.074466765625 0.6770337296875001 0.08116319375 0.6931547609375001 0.0856274796875 0.7025793640625 0.0893477203125 0.7165416296875 0.0921875 0.732943753125 0.0921875 0.7487103171875 0.0895957359375 0.768799603125 0.074466765625 0.7764880953125 0.056361606249999995 0.7802083328125 0.0449528765625 0.7828125 0.029141860937500003 0.7828125 0.013888890625 0.78095238125 0.0047743046875 0.778565228125 0 0.5173173203125 0
3 0.686197915625 0.20009920625 0.67578125 0.196875 0.6455233125 0.1911706359375 0.6222098203125 0.189682540625 0.6055927578125 0.1919146828125 0.5984002984375 0.196875 0.5949280765625 0.2013392859375 0.5887276796875 0.21374007968750003 0.5810391875 0.2320932546875 0.576822915625 0.2638392859375 0.5713665671875 0.2950892859375 0.56863839375 0.32162698437500004 0.5669022828125 0.3298115078125 0.5636780765625 0.337748015625 0.5599578375 0.35833333437500003 0.5597098203125 0.36750992031249996 0.5614459328125 0.374950396875 0.5651661703124999 0.3828869046875 0.5713665671875 0.3913194453125 0.5731026796875 0.396527778125 0.57235863125 0.40223214374999994 0.5646701390625 0.41463293749999997 0.562934028125 0.4265376984375 0.5639260921875 0.43000992031249996 0.5708705359375 0.4349702390625 0.5775669640625 0.43769841249999997 0.585503471875 0.43943452499999996 0.6122466609374999 0.4421875 0.648520178125 0.4421875 0.6544518859374999 0.44117063593749994 0.6626364078125 0.43794642968749997 0.6673487093749999 0.433978175 0.6690848203125 0.42232142968749997 0.6651165671875 0.4109126984375 0.6651165671875 0.4047123015625 0.6671006953124999 0.40099206406250004 0.6802455359375 0.387351190625 0.6842137906250001 0.380902778125 0.6857018859374999 0.37643849218750003 0.688430059375 0.36279761875 0.6899181546875 0.34072420625 0.703125 0.2539363578125 0.703125 0.2212563359375 0.7020709328125 0.2162202390625 0.6983506953124999 0.20828373125000002 0.6943824390625 0.2045634921875 0.686197915625 0.20009920625
1 1 0.6296875 1 0 0.7911295875000001 0 0.775706846875 0.054761904687499995 0.769010415625 0.07534722187500001 0.737760415625 0.197123015625 0.7164310515625 0.26904761875 0.7008060515625 0.33625992031249996 0.6948536703125 0.356597221875 0.6822048609375 0.40669642812499995 0.6819568453125 0.4106646828125 0.6849330359375 0.421329365625 0.6928695453125 0.43497023749999997 0.73701636875 0.4920138890625 0.7447048609375 0.5046626984375 0.7541294640625 0.524751984375 0.7608258921875 0.53095238125 0.7704985109375 0.5359126984375 0.77744295625 0.543105159375 0.8282862093750001 0.6123015875 0.8421579484375 0.6296875 1 0.6296875
0 0.309375 0.7447462546875 0.284170615625 0.7364498046875 0.2632241359375 0.7468776984375001 0.2432420765625 0.759912565625 0.22239123125 0.785113309375 0.22586637187499997 0.844204709375 0.24497964687499998 0.87896435625 0.309375 0.89282486875 0.309375 0.7447462546875
0 0.309375 0.6835408734375 0.261486565625 0.6730134484375 0.24150450625 0.690393271875 0.2310790828125 0.7086420859375 0.22673515625000001 0.73123585625 0.2206536609375 0.76078155625 0.22586637187499997 0.773816425 0.2441108609375 0.759043575 0.25801142499999996 0.749484671875 0.2675680625 0.7460087062499999 0.28407498124999997 0.7373187953125 0.309375 0.74531016875 0.309375 0.6835408734375
0 0.309375 0.9570540031250001 0.3084009671875 0.9563045703124999 0.292762834375 0.94848365 0.28581255156249996 0.94848365 0.2658304921875 0.9502216328124999 0.2441108609375 0.95891154375 0.23802936406250003 0.9702084296875 0.2345542234375 0.97976733125 0.24150450625 0.9954091734375 0.2484547875 0.9988851375 0.2625730328125 1 0.2849945984375 1 0.3040570421875 0.9919332078125 0.309375 0.9904825125000001 0.309375 0.9570540031250001
0 0.309375 0.89083235625 0.27017441875000003 0.8850472937500001 0.24237329062500002 0.8780953640625 0.2302102984375 0.8859162859375 0.2293415125 0.8998201437500001 0.2336854390625 0.913724003125 0.25106114375 0.9215449234375 0.27278077343749996 0.9232829062500001 0.2910252625 0.9215449234375 0.3075321828125 0.9232829062500001 0.309375 0.9242754281250001 0.309375 0.89083235625
0 0.42483527343750005 0.6296875 0.42362351093750006 0.6450768859375 0.42362351093750006 0.660577875 0.4440848203125 0.6692584328125 0.4657862093749999 0.67297866875 0.47588048125000004 0.6734375 0.50923505 0.6734375 0.5129092265625 0.660577875 0.5140625 0.65336991875 0.5140625 0.639437621875 0.5129092265625 0.6345362109375 0.5122627312500001 0.6296875 0.42483527343750005 0.6296875
1 0.7727627781249999 0.6296875 0.772904265625 0.6562872015625001 0.772904265625 0.6859375 0.7735621734375 0.6859375 0.8423487093750002 0.674268353125 0.8984375 0.652695740625 0.8984375 0.6494531359375 0.8963121624999999 0.6296875 0.7727627781249999 0.6296875
3 0.6573437515625 1 0.6498635921875 0.9913690468749999 0.64676339375 0.9498263890625 0.6294022796875 0.7929563484375001 0.6263020812500001 0.7768353171875 0.6188616078125 0.761334325 0.605840771875 0.7644345234375 0.5940600203124999 0.7520337296874999 0.5872395812500001 0.7458333328125 0.5618179546875 0.765674603125 0.5463169625 0.7625744046875 0.5301959328125 0.7464533734375001 0.5239955359375 0.7321924609374999 0.5115947421875 0.7073908734375001 0.50849454375 0.6894097218749999 0.509108859375 0.6734375 0.506584821875 0.6734375 0.498573909375 0.6739087296874999 0.4973338296875 0.6739087296874999 0.485553075 0.6819692453125 0.49423363125 0.7173115078125 0.5078745031249999 0.81651785625 0.5817363249999999 1 0.6573437515625 1
1 0.53740355 1 0.5600446421875 0.9490575390625 0.5172619046875 0.841170634375 0.5104414687500001 0.81884920625 0.504241071875 0.787847221875 0.4949404765625 0.7351438484375 0.493700396875 0.7357638890625 0.47385912656249995 0.7339037703125 0.4540178578124999 0.7425843249999999 0.43479662656249995 0.7419642859375 0.309375 0.7800195656250001 0.309375 1 0.4579955296875 1 0.483159721875 0.970758928125 0.5066295296875 1 0.53740355 1
0 0.9219859546875 1 0.9221478171874999 0.99990079375 0.9364087296874999 0.9843998015625001 0.946329365625 0.9620783734374999 0.9469494046874999 0.93975694375 0.93330853125 0.919295634375 0.902306546875 0.88271329375 0.8533234125 0.8275297625 0.8235615078125 0.7952876984375 0.8136408734374999 0.7853670640625 0.7857390875 0.7779265875 0.7782986109375 0.777306546875 0.77705853125 0.7785466265625 0.779538690625 0.8988343249999999 0.83999135 1 0.9219859546875 1
1 0.6495278843750001 0.6296875 0.649950396875 0.6415178578125 0.6468501984375 0.6551587296875 0.6505704359375001 0.6694196421874999 0.654290675 0.70166170625 0.648090278125 0.71592261875 0.6356894843750001 0.743204365625 0.6201884921875 0.7568452375 0.6301091265625001 0.7928075390625 0.6431299609375 0.9347966265625001 0.6735119046875 0.9540178578124999 0.6902529765625001 0.9657986109374999 0.70947420625 0.972619046875 0.7472966265625 0.958978175 0.7658978171874999 0.9478174609375 0.7801587296875 0.9372767859375 0.7731566984375 0.6296875 0.6495278843750001 0.6296875