8 0.4390625 0.087270359375 0.43358390468749997 0.08665578125 0.42743903281250006 0.1035897890625 0.41396769375 0.1277583046875 0.40383552500000003 0.171435303125 0.37942280625 0.18480949062500002 0.371212271875 0.1914413015625 0.362174525 0.2025120328125 0.35642573125 0.21999399375 0.3557055921875 0.2425717765625 0.36815452656250003 0.2746832171875 0.3839407359375 0.29155979374999996 0.397781621875 0.3001617703125 0.42354649687499996 0.31161192656250003 0.4390625 0.31458291250000003 0.4390625 0.087270359375
7 0.8222127562499999 0.5 0.8212791906250001 0.49270690781250004 0.8205503734375 0.4885755546875 0.8282708578125 0.48015135625000005 0.8296875 0.4758381546875 0.8296875 0.47173356406250005 0.8111178406249999 0.46331645468750005 0.80664546875 0.46899538749999997 0.797700725 0.48035325625 0.7936530171875 0.479976459375 0.7841210109375 0.48518439999999996 0.7735791125 0.5 0.8222127562499999 0.5
7 1 0.0265625 0.9903792578124999 0.0265625 0.9773468937499998 0.055314826562499995 0.9668450421875001 0.0888770328125 0.9639718578124998 0.10080009062499999 0.96799086875 0.13063463749999998 0.9740126921875 0.14643335 0.9735880250000001 0.152489078125 0.9738214 0.16368545 0.9694905828125 0.16734580625 0.9684154234375001 0.1804521171875 0.9847016625 0.1875 0.9872098375 0.1875 0.9961048281250001 0.1799820515625 1 0.1734836578125 1 0.0265625
7 0.94592723125 0.163418975 0.9344912781249999 0.164386171875 0.9239689953125 0.17153368125 0.9199423296875 0.1853811203125 0.917281478125 0.194276315625 0.9165029234375 0.205378484375 0.9331815390625 0.24350263125 0.9599291171874998 0.2609375 0.9611444078125 0.2609375 0.9794470578125001 0.25187292499999997 0.9875 0.23583983593750002 0.9875 0.232926390625 0.9853847203124999 0.2107747109375 0.9799501578125 0.2011259265625 0.9699514046874999 0.1839411296875 0.9612687296875 0.1770376125 0.9545391296875 0.1713317796875 0.94592723125 0.163418975
7 0.853577825 0.0345344640625 0.8209261515625 0.036749659375 0.8483973640624999 0.0708350453125 0.8721158328125 0.09581328125000001 0.8940707875000001 0.10836641250000001 0.8983300140625001 0.1227754015625 0.9117605359375001 0.144168603125 0.930652278125 0.1503061140625 0.935662053125 0.16653653125 0.9496233828125 0.167836171875 0.9619005625 0.16810325625 0.9696744484375 0.15744175625 0.9670993687500001 0.1440653234375 0.963529675 0.13234786875 0.9615647640624999 0.11027041875000002 0.9485797093749999 0.09504915625 0.9373398171874999 0.07999034687499999 0.9302797890625001 0.0679479828125 0.9249649296874999 0.05606806875 0.9164038031249999 0.040382842187500004 0.9138287250000001 0.027006410937500003 0.8926426656250002 0.028537357812500004 0.853577825 0.0345344640625
7 0.7319727171875 0.4034787390625 0.7452481000000001 0.37949201875 0.7520791203125 0.146819725 0.7118351734375 0.08947564999999999 0.7062847765625 0.07844959375 0.7060210859375 0.052151603125 0.695528075 0.036461696875 0.6913396765625001 0.0360718046875 0.6650368390625 0.41115018281250004 0.6993149828125 0.41830462187500006 0.7319727171875 0.4034787390625
7 0.82875238125 0.360991865625 0.8371291781250001 0.3617716484375 0.8582176125000001 0.36163286562499997 0.8691059140625 0.341627684375 0.8708119984374999 0.3323280625 0.8626620375 0.28322625625 0.8423058062500001 0.272923821875 0.830546034375 0.2602688078125 0.8117714625 0.257470171875 0.79818118125 0.27091820312500003 0.799177075 0.28677497500000004 0.7939635921875 0.3010027890625 0.818867146875 0.3516641609375 0.82875238125 0.360991865625
7 0.8260279015625 0.1894353921875 0.8404676359375 0.1939323765625 0.8440702703125 0.20267524374999998 0.8587296656250001 0.20403986562499998 0.9215116140624999 0.1804578875 0.92762575625 0.168415790625 0.928870503125 0.15066571875 0.9145772093750001 0.14408048906249998 0.8981677015624999 0.122585134375 0.8458347359375 0.132426665625 0.8441286515625 0.141726290625 0.8294180515624999 0.15612096875 0.8325081453125 0.1721726859375 0.8246659046874999 0.1787992265625 0.8260279015625 0.1894353921875
7 0.8013296546875001 0.226020965625 0.800670671875 0.23541806250000002 0.8096040421874999 0.25831934843750004 0.829425715625 0.26121545625000003 0.8422325875000001 0.27396794375 0.8937821453125 0.29032693125 0.9046924624999999 0.28503693124999996 0.9254880156249999 0.28907463437500003 0.9360102187500001 0.2742900640625 0.9336011203125001 0.263556428125 0.9122710125000001 0.2521124 0.906186059375 0.23368001875000002 0.8601648812499999 0.21363190781250002 0.8238092765625 0.2060438671875 0.8197893328125 0.218280909375 0.8013296546875001 0.226020965625
7 1 0.22501788125000002 0.9987481359375 0.2212777296875 0.9891777984375001 0.222488715625 0.977850171875 0.248758625 0.9666469734375 0.2582251125 0.941077259375 0.26215049375 0.93123605625 0.2822531453125 0.9234670359375 0.28783556718750003 0.908807640625 0.2864709453125 0.9072479999999998 0.2936823234375 0.9168403515625 0.307186515625 0.9249682984375 0.3415731421875 0.9339528703125 0.3487151296875 0.9518267859375001 0.3493280484375 0.958695146875 0.3415599109375 0.999436796875 0.3316902984375 1 0.335540975 1 0.22501788125000002
7 0.9152955484374999 0.374302728125 0.9256713109374999 0.3616064015625 0.9268428359375 0.34490045468749997 0.917499334375 0.2977894203125 0.9088808609375001 0.28542682343750003 0.8959495656249998 0.28947775625 0.8626620375 0.28322625625 0.86051663125 0.298790609375 0.8707387781249999 0.33337218125 0.8695672515624999 0.3500781328125 0.8815687000000001 0.3743159609375 0.8981026328125001 0.37900789375 0.9152955484374999 0.374302728125
7 1 0.446237865625 0.9969109390625001 0.442854575 0.971465653125 0.4299765328125 0.9552758062500001 0.4053488140625 0.9244193890624999 0.4245461296875 0.905498375 0.42383573593749996 0.9109023296875 0.43695003750000005 0.95821228125 0.46867843281250005 0.97476823125 0.4880855421875 1 0.49231996875000006 1 0.446237865625
7 0.8644930328125 0.4074073578125 0.8486400984374999 0.4080335078125 0.824996128125 0.3995268984375 0.808945546875 0.418000590625 0.7880987906250001 0.4297221875 0.7915549859375 0.440553296875 0.7994924609374999 0.4475978109375 0.852770115625 0.469372353125 0.8778272859375 0.47275582812500005 0.8862332734375 0.4430611328125 0.8834360609375 0.4228329265625 0.8644930328125 0.4074073578125
7 1 0.5 1 0.49126577656250003 0.9768624296875 0.4882804890625 0.9552174250000001 0.46629776874999995 0.936882175 0.457234403125 0.9230282031249999 0.4443844421875 0.91465140625 0.44360465937500004 0.8830847984375 0.48795836875000004 0.9059821343750001 0.5 1 0.5
7 0.770581309375 0.5 0.7923532328125 0.47425761250000004 0.793012215625 0.46486051875 0.761262315625 0.43668245937499994 0.737984446875 0.42295524218749997 0.7315554109375 0.4244586484375 0.7232006265625 0.438394040625 0.7131909671875001 0.4458697609375 0.6888147953124999 0.44780437031250003 0.675861484375 0.4371401234375 0.6720171703125001 0.416814446875 0.664751540625 0.41521852812500004 0.6630092624999999 0.44006340625 0.7162416328125 0.5 0.770581309375 0.5
7 1 0.3351551390625 0.9694590250000001 0.338358153125 0.9529471062500001 0.3483814 0.94885394375 0.3616625640625 0.94955695625 0.381695825 0.9562276687499999 0.3917752296875 0.970740625 0.39522809531249997 0.9950435765625001 0.3943376078125 1 0.38981692031250004 1 0.3351551390625
7 1 0.3931627640625 0.998331315625 0.392541784375 0.9579557671875001 0.397190784375 0.9590981046875001 0.41095931406249997 0.9764814890625001 0.43359626406249996 1 0.44092066562500004 1 0.3931627640625
7 0.8060746265625 0.2485323609375 0.7955596015624999 0.21812727656250003 0.777956553125 0.1986226921875 0.7505123015625 0.199220759375 0.748140059375 0.263107134375 0.7518379312500001 0.285521059375 0.7734829375000001 0.3075037765625 0.7982472265625 0.3150637375 0.8060746265625 0.2485323609375
7 0.7888888859375001 0.20804786718749999 0.8004069828125001 0.209120071875 0.8059353625 0.2054309484375 0.811075625 0.19224725781250002 0.8325813640625 0.17112856406250002 0.8440554312499999 0.1427704109375 0.8693834671874999 0.1272622171875 0.870701434375 0.108468025 0.8579677828125 0.094671415625 0.8293299921875 0.0972602546875 0.7833968734375001 0.1360728578125 0.7844880015625 0.1656006859375 0.7751081359375 0.1941537859375 0.7888888859375001 0.20804786718749999
7 0.75929254375 0.4196840921875 0.78824523125 0.42763394374999997 0.809919428125 0.41914218437499995 0.8204416265625 0.40435761406250004 0.8245127765625 0.37636127343750003 0.8221769015625 0.364583515625 0.7951059265625 0.31477131875 0.7796923140625001 0.3091327359375 0.7667390015625 0.29846849375 0.7532731484375 0.2951130984375 0.746551228125 0.30079299375 0.7468077421875 0.37228063906250003 0.7417627140625 0.39913538593750003 0.75929254375 0.4196840921875
7 0.8238317796875 0.371043190625 0.8203684078125001 0.40540173749999997 0.8514885171875001 0.4125024125 0.8720423921875 0.40495730312499995 0.8788375328125 0.3982332875 0.8808877015625001 0.36899787812499996 0.8693475921874999 0.353210496875 0.8550763124999999 0.3613404453125 0.8307733609374999 0.3622309328125 0.8238317796875 0.371043190625
7 0.666100675 0.41100899999999996 0.664687471875 0.4161321359375 0.6640040828125 0.425877271875 0.665075590625 0.4256267046875 0.6656833671875 0.4319889078125 0.6836525171875 0.44627288125 0.6981654718750001 0.449725746875 0.7142380671874999 0.445967234375 0.7254412671875 0.43650074375000003 0.731482190625 0.42550276875000004 0.730559515625 0.4086018765625 0.7070107812499999 0.4137663234375 0.666100675 0.41100899999999996
4 0 0.5 0 0.977198190625 0.0081292890625 0.9906651890625 0.0262484359375 0.9989686734374998 0.053568071875 0.9991926281249999 0.053717115625 1 0.27771628593750003 1 0.28066690156249996 0.9982468296875 0.283476775 1 0.3188869765625 1 0.32222276562499996 0.9939084125000001 0.34363567968750003 0.9755013484374999 0.363919546875 0.9773387218749999 0.379661740625 0.97165235 0.4091698703125 0.9763059406250001 0.4390625 0.96380689375 0.4390625 0.540063175 0.43532638749999997 0.5202440421875 0.41384215781250006 0.505963865625 0.41154808750000005 0.5 0 0.5
6 0.6095510234375 0.5 0.59988425625 0.50882015 0.58182529375 0.5191417453125 0.5742365765625 0.5261860734375 0.5721125703125 0.5323561406249999 0.56864464375 0.574835446875 0.572157290625 0.593945065625 0.5806754656249999 0.6106516765625 0.569240475 0.6340219015625 0.5560142765625 0.6704963703125 0.549572909375 0.713139834375 0.550364484375 0.7427876046874999 0.5545082578125 0.777239778125 0.5623374421875 0.8022456890624999 0.5720267734375 0.8111989421875 0.58961464375 0.8210248484375 0.669058796875 0.8524649562500001 0.690561878125 0.8430165484375 0.7004235609375 0.844598765625 0.7033280625 0.8473830203125001 0.707036040625 0.858138796875 0.7123858546875 0.8621785640624999 0.7141536703125 0.87124196875 0.716093834375 0.8729343390625001 0.7192511171875 0.8649077421874999 0.7164844953125 0.8562266578125 0.7300086078125 0.849345415625 0.7296528312499999 0.8433940453125001 0.7332807890625 0.8364047953125 0.7372530390625001 0.8358583140625001 0.7433722734374999 0.8281589640625 0.7654954046875 0.8133596687499999 0.78772194375 0.7941377546874999 0.8137598734375 0.7812489953125 0.8341147781250001 0.7785711390625 0.84498675625 0.779279634375 0.8528048625 0.7835921015625 0.8619775578125001 0.79347361875 0.866557953125 0.809252503125 0.86645454375 0.8136751249999999 0.8608634359374999 0.8199548078125 0.8393948265625 0.8279290109375002 0.8348484875000001 0.831860765625 0.83521575625 0.8373207328125 0.83760361875 0.8410332531249999 0.85322834375 0.85014959375 0.8580500296875 0.8556090234375 0.8539169203124999 0.8630351375 0.8453523734375 0.8694789796875 0.8472350890625 0.8736283625000001 0.8528196578125 0.8765625 0.8690498328124999 0.8765625 0.8784389906250001 0.8726418078125 0.9008144890625001 0.8682165062500001 0.915647228125 0.8688699234375001 0.9370468984375 0.8638441390625001 0.940077790625 0.8612229687500002 0.9519264218749999 0.8201622531249999 0.9648883500000001 0.7949900421875 0.965625 0.7915834578125001 0.965625 0.7726426125 0.9651070749999999 0.7644685515624999 0.9602283500000001 0.7402812859375001 0.9444665703125 0.6946920859375 0.9193137874999999 0.6485580140625 0.8858266671875 0.5778548921875 0.8786400999999999 0.567700134375 0.8520633765625 0.5401302765625 0.8059356421875 0.5020249453125001 0.8038607015625001 0.5 0.6095510234375 0.5
5 1 0.639509653125 0.992407415625 0.6301166453125 0.9752442671875 0.623293696875 0.971398403125 0.6184347484374999 0.9538105359374999 0.60860884375 0.9394254968750001 0.6099755765625 0.9373014906249999 0.6161456453125 0.9353038781249999 0.6169102875 0.9229509203124999 0.616038171875 0.9183586250000001 0.6219355375 0.912354290625 0.624720865625 0.9102417734374999 0.6303995312499999 0.9148911109375 0.64323 0.9442914921875001 0.6982087781249999 0.9642557359375001 0.71223860625 0.9986509765625 0.7229360921875 1 0.72432275625 1 0.639509653125
10 0.6490559515625 1 0.6317017093749999 0.9204011281250001 0.6255599078125 0.9078984390624999 0.6192342671875 0.9032581890625 0.6059867390625 0.8559760843750001 0.590855671875 0.8469142875 0.584633440625 0.8378514156250001 0.579731325 0.8358318015625 0.513052528125 0.85112785625 0.5029840265625001 0.8583908812499998 0.49130815781250003 0.8708957140625 0.48507402187500004 0.883509090625 0.4853149015625 0.894374484375 0.49331602343750003 0.9331942046874999 0.4925466046875 0.9449333218749999 0.5041408046875 0.99942284375 0.5043236296875 1 0.6490559515625 1
7 0.79210460625 0.78913856875 0.742232771875 0.8264910499999999 0.741898321875 0.9042962546875 0.749509609375 0.9174539656250001 0.7528962796875 0.9207841671875 0.7568455484375 0.9212204906250001 0.7648585718750001 0.9383639625000001 0.7905649312499999 0.9515625 0.8000866578125001 0.9515625 0.835348759375 0.9294010640625 0.8404002437500001 0.925032446875 0.8377025640625 0.913402946875 0.8556006640625 0.9099609859375001 0.862707215625 0.9023707140624999 0.864292015625 0.8769268703125 0.8529148859374999 0.8766552375 0.8465432843750001 0.8739805984375 0.8446375890625 0.8708140234374999 0.8457168265625 0.8669918828125001 0.8502057140625 0.865517140625 0.8547865234375 0.8601111765624999 0.857450146875 0.852030040625 0.8536042890625 0.8471710921875001 0.8398622781250001 0.8422041374999999 0.8360164187500001 0.8373451875000001 0.8346848140625 0.8307933343749999 0.8372450265625 0.82713481875 0.860183121875 0.8198156421875 0.8647179703125001 0.816375290625 0.865625 0.81413590625 0.865625 0.8094661375 0.8586795796875 0.7994499796875 0.8521245484375001 0.7834529359375 0.843812784375 0.7790859265625001 0.82305614375 0.7777780203125 0.8021271500000001 0.7838411515624999 0.79210460625 0.78913856875
10 0.7564786124999999 1 0.7439056859375001 0.9844000890625001 0.7157675578125 0.960106425 0.6989716749999999 0.9587434421874999 0.684414696875 0.9462963656250001 0.6740363765625 0.9456424125 0.6591117171875001 0.94892021875 0.6495253828124999 0.9567291874999999 0.6438308671875 0.9674314953125001 0.644990121875 0.9813543828124999 0.648609353125 1 0.7564786124999999 1
6 0.8890187953125 1 0.8972728 0.98706048125 0.90625 0.9671937984374999 0.90625 0.9650532921874999 0.8826606031249999 0.9467361531249999 0.8643247109375001 0.9447103562500001 0.856403075 0.9508733203125 0.84265906875 0.9641350015625001 0.8176642671875 0.9747460312499999 0.8187792625 0.987537925 0.8193773656250001 1 0.8890187953125 1