10 0.12199451562500001 0.359403521875 0.13715114374999998 0.38287963125 0.1390334828125 0.40175730156249995 0.1700443796875 0.4125 0.172726875 0.4125 0.1875694171875 0.39047317187499997 0.2119096953125 0.3935892546875 0.2302647546875 0.3688123609375 0.24375 0.33683857968750003 0.24375 0.327328703125 0.24122284062500002 0.3019842359375 0.22905882187499998 0.29245461562499997 0.19113053124999999 0.2815938171875 0.1745254296875 0.2917889265625 0.12706304531249998 0.345971346875 0.12199451562500001 0.359403521875
6 0.241909190625 0 0.2383923328125 0.0030028734375000003 0.17687135 0.0447211609375 0.18357967656250002 0.1601956203125 0.1778837 0.167335240625 0.16445255 0.1611636625 0.1514085625 0.0624794171875 0.1444576953125 0.0570339203125 0.0326875421875 0.0767886453125 0 0.0998171625 0 0.400379709375 0.019952756250000002 0.398919059375 0.0890398140625 0.38488198749999997 0.115926596875 0.3653388234375 0.2083293390625 0.24774691093749998 0.248708475 0.1546595375 0.2495295015625 0.1146957640625 0.2737373984375 0.0843523921875 0.2894135703125 0.0487752875 0.2960088109375 0 0.241909190625 0
8 0.41875 0.15178277812500002 0.4105921125 0.1442737640625 0.39719768125 0.09027271249999999 0.37431811718749997 0.037542251562500004 0.35999565 0.0359375 0.3531548484375 0.0359375 0.3068119171875 0.051367559375 0.2897484703125 0.0409000953125 0.2663126390625 0.09505232031250001 0.2714890734375 0.14696591875 0.3027802171875 0.1555274984375 0.365808615625 0.2092563953125 0.3830411625 0.2053538421875 0.39443311406250003 0.19107460781250002 0.4086608140625 0.1891687234375 0.41875 0.198976325 0.41875 0.15178277812500002
6 0.41875 0.18716101093749998 0.41516607656250004 0.18395920625 0.4056809453125 0.18522979687500002 0.326613690625 0.22770435781249998 0.3150648796875 0.2404104515625 0.29932750625 0.3557033453125 0.30168042968750003 0.379300434375 0.3768483640625 0.474445265625 0.3930352328125 0.484375 0.40967844375 0.484375 0.40987722812499994 0.4843682203125 0.41875 0.47847242031250004 0.41875 0.18716101093749998
9 0.0320053671875 0.46817905 0.0179222890625 0.48760122812500006 0.0226223703125 0.49375 0.0424340046875 0.49375 0.044157146875 0.49365182656249995 0.0751468109375 0.483123971875 0.08922988750000001 0.46370179218749996 0.1108912765625 0.45601766250000003 0.11912151875000002 0.4421619609375 0.1359375 0.397597715625 0.1359375 0.391118178125 0.1311898765625 0.370402653125 0.12218756875 0.3604495015625 0.05672056875 0.39472562187500004 0.0484780875 0.4245244828125 0.031547021875 0.4475164734375 0.0320053671875 0.46817905
10 0 0 0 0.0660538703125 0.014338192187500001 0.0715238109375 0.06128103124999999 0.0763946015625 0.099378425 0.072885384375 0.1412772140625 0.0593020375 0.1484375 0.0488160921875 0.1484375 0.0388590203125 0.1425955625 0 0 0
7 0.7117483124999999 0.0732017671875 0.5088440515625 0.180499196875 0.5059361234375 0.1980189328125 0.540511165625 0.2576062890625 0.5373139874999999 0.2627689375 0.550455171875 0.2734375 0.5710247546875 0.2734375 0.57345308125 0.2731974359375 0.6634002406249999 0.217724309375 0.7593168234375 0.17243120625 0.7833468515625001 0.1487845296875 0.8027679843750001 0.1150925765625 0.828125 0.10353589062499999 0.828125 0.0956998265625 0.823787703125 0.07881930468750001 0.8080053359375 0.055338921875 0.7955225234375 0.056842228125000005 0.7777678234375001 0.071521653125 0.7451151609375 0.0682875984375 0.7117483124999999 0.0732017671875
9 0.7556857562499999 0.2190557546875 0.7457371281249999 0.238617803125 0.708597065625 0.4431529890625 0.7262500078125 0.45312037031249996 0.8258777375000002 0.46298791250000004 0.8314016500000001 0.45120658281250003 0.830568434375 0.4607128453125 0.8364527484375 0.46403530625 0.9156063078125001 0.471875 0.9251500703125 0.471875 0.931434353125 0.452895271875 0.9237473093750002 0.446654609375 0.9238151515624999 0.430223403125 0.902828734375 0.403487940625 0.9028453859375001 0.37198356875 0.9163994734374998 0.3582579265625 0.9595280781250001 0.3515709453125 0.9640625 0.3264288375 0.9640625 0.32143375937499996 0.9428101140624999 0.30745049375 0.9348338218750001 0.288852740625 0.8849358828125 0.2318572203125 0.772845303125 0.21116651718749999 0.763202578125 0.2115812890625 0.7556857562499999 0.2190557546875
10 1 0.3440762 0.9298299734375 0.3541137796875 0.9071092843749999 0.3628220421875 0.9023647078125 0.38563917812500004 0.9050179203125002 0.4023398875 0.9449160421875 0.463824290625 0.9439637968749999 0.47468859218750004 1 0.48023864843749997 1 0.3440762
7 1 0.0677115328125 0.9735358015625 0.056985468750000004 0.9226011234375001 0.058789821875 0.8784012453125001 0.0776991421875 0.8520584437500001 0.1120753671875 0.8579600265625 0.1386865984375 0.872092615625 0.14967513593749998 0.9272790953125 0.16199016718749998 0.9750165953125001 0.165348459375 0.99329860625 0.1603100515625 1 0.1504183046875 1 0.0677115328125
8 0.41875 0 0.41875 0.076400625 0.424613815625 0.0788273921875 0.4490737046875 0.08125 0.45767151093749997 0.08125 0.4786266421875 0.07321843125000001 0.5137789500000001 0.0479336953125 0.5298838734375 0.0207624265625 0.53083306875 0 0.41875 0
7 0.41875 0.422797253125 0.488317434375 0.4296875 0.498221990625 0.4296875 0.5015625 0.411611965625 0.5015625 0.4036431328125 0.4990429578125 0.40061360625000003 0.4829546859375 0.39628050625 0.44948545781250004 0.37104834375 0.41875 0.3577318390625 0.41875 0.422797253125
8 1 0.1534088859375 0.9752506499999999 0.1669507296875 0.9614418484375001 0.2148968171875 0.9407792203125 0.247095978125 0.9388580781249999 0.3003289484375 0.9600825562499999 0.324348340625 0.9606464265625 0.3484375 0.96564843125 0.3484375 1 0.344132534375 1 0.1534088859375
8 0.41875 0.18334141718750002 0.43401328125000005 0.190625 0.45223763906250003 0.190625 0.46110170625 0.1843868671875 0.49751216249999997 0.129090553125 0.525 0.0991569125 0.525 0.09048814375 0.521677875 0.07258146875 0.5054193812500001 0.0545332375 0.49317463281249996 0.05332046875 0.45678082656249996 0.0771124125 0.42909415156249997 0.0798495171875 0.41875 0.09968584999999999 0.41875 0.18334141718750002
6 0.41875 0.3616121 0.5020205140625 0.401822371875 0.49579420625 0.42997205625 0.5086969765625 0.43125 0.5186539484375 0.43125 0.51963953125 0.4200053546875 0.534145865625 0.3954154109375 0.5358122953125 0.37640288437499997 0.5497234750000001 0.3586031265625 0.55375386875 0.34393421874999996 0.550930434375 0.31351838125 0.5560999453125 0.2701959296875 0.500267121875 0.24959791875 0.4640768390625 0.2240962546875 0.42581184531250005 0.2066080640625 0.41875 0.20426625937499998 0.41875 0.3616121
4 0.20670921562500003 0.6296875 0.1948916375 0.64198575 0.1966316421875 0.66685378125 0.20848901875 0.683098553125 0.2032985734375 0.690634421875 0.173538153125 0.6943167156250001 0.1479092296875 0.685543375 0.1299217046875 0.6940483578125 0.09229113125 0.697612371875 0.07765949375 0.7030060953125 0.0767844546875 0.71092944375 0.07982710781249999 0.71355614375 0.112764375 0.724633153125 0.11296323281250001 0.7274752125 0.0967953203125 0.7415566375 0.0972775171875 0.7586628421875 0.10199063906250001 0.7647344421875 0.11513571874999999 0.7687389359375001 0.1219816875 0.774649015625 0.11780047656249999 0.7863941343749999 0.10660920468749999 0.8000986828125001 0.09016282656249999 0.8306296359375 0.05663385625 0.8417401234374999 0.033933209375 0.8441735046875 0.025913915625 0.8419236796874999 0.0117248359375 0.8229983687500001 0.000563459375 0.8167008093750001 0 0.8174850234375001 0 0.8870861140624999 0.0056343265625 0.8891733593750001 0.00801574375 0.8925644203124999 0.0134446875 0.9292958515624999 0.0231393234375 0.9657042468749999 0.0389988734375 0.9880744546875 0.07504345625 0.9924876250000001 0.0849470265625 0.9910233546875 0.0917582265625 0.9862218687500001 0.1119630796875 0.9889774515624999 0.14040103125 0.9868238671875 0.16335265625 1 0.1788059015625 1 0.17988598281249998 0.999547859375 0.1958550375 0.982624375 0.20059805625 0.9686938703125 0.2007770921875 0.9508233078125 0.205917825 0.942576925 0.22339325937500001 0.9369678453125001 0.2458602828125 0.9209808328125 0.3126696484375 0.8952072859375001 0.370037825 0.8672915937500001 0.40844400781249995 0.854383203125 0.41875 0.8485846859375 0.41875 0.7161648781250001 0.4160610453125 0.718093159375 0.41108440625 0.7184700375 0.4021553015625 0.713431990625 0.3811748390625 0.7200207875 0.34185397968750003 0.6994272875 0.303890353125 0.6880166421875 0.30079798593749996 0.6846794218750001 0.31179039999999997 0.6681328140625 0.310547540625 0.6503699359375 0.29578170625 0.6436310609375 0.2764356703125 0.6296875 0.20670921562500003 0.6296875
4 0.41875 0.9148951750000001 0.41787057968749997 0.9147119453125001 0.36778605781249996 0.893505009375 0.3423062765625 0.8868632109375 0.329608628125 0.8892533546875001 0.29632823125 0.9039164156249999 0.28779684375 0.9045624906249999 0.24816762187500002 0.920420625 0.22884268125 0.94045536875 0.20252262656250003 0.9524484859375001 0.20384996875 0.98163345 0.2165639375 1 0.3783669765625 1 0.3821538453125 0.99670183125 0.4160805296875 0.9912754687499999 0.41875 0.9910262015625 0.41875 0.9148951750000001
6 0.5811309671875 0.6296875 0.5555158140625001 0.651827775 0.519278253125 0.676361225 0.5130328734375 0.682664471875 0.5011326687500001 0.7010961953125 0.459990309375 0.7807268765625001 0.4435737796875 0.8204961328125 0.440625 0.8319475656249999 0.440625 0.8398429515625001 0.4412918390625 0.8578103734375 0.4508991078125 0.90407078125 0.48732528281250004 0.9743663234375 0.4923444625 0.9818373828125001 0.502254978125 0.9894552843750001 0.5084088703125 0.990625 0.5332037281249999 0.990625 0.566682534375 0.9834834390625 0.6379886421875 0.9794749859374999 0.6555838140625 0.979222365625 0.67617685625 0.9826711328125001 0.6908167703125001 0.981158534375 0.701011015625 0.9770235421875 0.7203377140624999 0.9639390328124999 0.7484279062500001 0.9487750890625 0.7681747015625 0.9317501874999999 0.7961796640625 0.9117034343749999 0.8413621718750001 0.867478278125 0.8739516421874999 0.8300002390625 0.8830159109375 0.817144471875 0.8890625 0.796202846875 0.8890625 0.785851975 0.8882104937499999 0.7786488078125 0.8491809765625 0.6992466421875 0.8385861515624999 0.6804324125 0.8210531124999999 0.6562368265625 0.7938917421875 0.6296875 0.5811309671875 0.6296875
6 0.41875 0.9750943843750001 0.41933180625000005 0.9754019640625 0.43655801875 0.9820194265625 0.44523040312499995 0.9890625 0.4509445203125 0.9890625 0.45524907187499997 0.98853445625 0.47712797656249994 0.981626884375 0.4918019828125 0.982067409375 0.4912114265625 0.9762421781249999 0.4801709328125 0.9599035015625 0.46146530312499995 0.9245457343750001 0.44867870937500004 0.8921962078125001 0.44067265312500004 0.8536458671875 0.43942335468750005 0.8380891546875 0.442148490625 0.826165540625 0.45805116874999996 0.784965584375 0.49920205156249997 0.7058231859374999 0.5015625 0.6999095640624999 0.5015625 0.697734765625 0.500993240625 0.696409265625 0.4950997734375 0.69486586875 0.48766475624999994 0.689030371875 0.47295665781250007 0.686636721875 0.41875 0.6912688859375 0.41875 0.9750943843750001
6 0.4513278859375 0.6296875 0.4435922453125 0.6466950703125 0.430587634375 0.6578708640625 0.42727194218750003 0.663969246875 0.41875 0.67194315625 0.41875 0.693478346875 0.42969383125 0.6906881390625 0.4775880078125 0.6897834390625001 0.486916490625 0.6920643906249999 0.49829185000000004 0.6995798609375 0.5074839625 0.6940483140625 0.520394821875 0.6775014265625 0.5566409046875 0.6534562562499999 0.5840745765625 0.6296875 0.4513278859375 0.6296875