0 0.358408078125 0.4890625 0.290910684375 0.16256226875 0.2721216984375 0.10493358593749999 0.2594821390625 0.0889603328125 0.2563814609375 0.086829496875 0.10771239531250001 0.10417099062499999 0.09153391875 0.12475197812500001 0.0825865953125 0.179384678125 0.07230411875000001 0.4890625 0.358408078125 0.4890625
0 0.459375 0.4890625 0.459375 0.306526134375 0.42139416093750004 0.1997485671875 0.40370180468749994 0.1831184390625 0.3855303390625 0.175267996875 0.3613785609375 0.171875 0.350513440625 0.171875 0.33419880156250004 0.17377801875 0.30045147031249997 0.187684528125 0.2996014 0.2064775359375 0.356446353125 0.4702845671875 0.35946176093750004 0.4890625 0.459375 0.4890625
7 0.490428496875 0 0.47619683437500004 0.0078407671875 0.47571845 0.0225736203125 0.48641876093749997 0.05274828593749999 0.492886646875 0.056522878124999995 0.531873175 0.0575744625 0.5328125 0.0540128515625 0.5328125 0.05072528750000001 0.522354359375 0.035223734374999996 0.5159685015625 0.0108368859375 0.5068833890625 0 0.490428496875 0
7 0.5575016734375 0.3188936828125 0.5432051890625 0.3251165296875 0.5420312796875 0.327106859375 0.5352718109375 0.32628341562499996 0.5292002874999999 0.3283882265625 0.5259701359375 0.33140806562499997 0.524803809375 0.3432126640625 0.5282359328124999 0.3480396625 0.532056828125 0.34893179375 0.550959346875 0.3455456140625 0.566631715625 0.3451792734375 0.5808310046875 0.33994014375 0.593273221875 0.3425936421875 0.599247553125 0.34147254843749997 0.6025748984375 0.33746899531249996 0.6057002703125 0.3256186015625 0.6090276140625 0.321615046875 0.6102911359375 0.30882673125000004 0.6088180578125 0.303953940625 0.6000023515625 0.30416000625 0.581399 0.3144093046875 0.5575016734375 0.3188936828125
7 0.5580179796875 0.35323217812499996 0.5563656828125 0.36995536093750003 0.5707076734375 0.42261813125 0.589528165625 0.439844209375 0.5965792125 0.43771649999999995 0.5991214234375 0.4317684078125 0.60715199375 0.42961780625 0.6108529453125 0.40205084375 0.5995618890625 0.3679642078125 0.6015133484375 0.3581041453125 0.599943078125 0.3542150703125 0.59631656875 0.35135550625 0.5940583578125 0.3445381796875 0.5911197890625 0.34460686875 0.5867081421875 0.3398027671875 0.578871959375 0.3399859375 0.5736827625 0.34305156718749996 0.5721200765625 0.3489767640625 0.5634015640625 0.3481991140625 0.5580179796875 0.35323217812499996
7 0.6249702109374999 0.4174239703125 0.6343614984375 0.40150133437499996 0.6530696265625 0.40008258906250005 0.6726525015625 0.38981039375000004 0.6791128015625001 0.38377071875 0.6882049234375 0.3609849625 0.6857523234375 0.3561350671875 0.6772281984375 0.353389984375 0.675852315625 0.347533478125 0.6731081343750001 0.3456347328125 0.6467657921875001 0.35508348437500004 0.641090628125 0.3630676984375 0.62082739375 0.380225909375 0.6108529453125 0.40205084375 0.608811875 0.42270889375 0.619586628125 0.422457034375 0.6249702109374999 0.4174239703125
7 0.6364177375 0.40047182656249997 0.6175379718749999 0.4333008140625 0.61773994375 0.44114765 0.6259724875 0.44684388124999996 0.72710823125 0.44447984375000005 0.7063753937499999 0.42435413437499997 0.66189291875 0.40969079375 0.6499366703125 0.4021187109375 0.6364177375 0.40047182656249997
7 0.7525101671875 0.42229429218750003 0.7315362406249999 0.40708144218750003 0.703122490625 0.3979311625 0.6965649968750001 0.40495455781249995 0.69785126875 0.4216090515625 0.7100019046874999 0.4272136984375 0.727999596875 0.4444590078125 0.7978243453125 0.4428268609375 0.7735737031250001 0.4267091578125 0.7525101671875 0.42229429218750003
7 0.6894836109375 0.367825184375 0.6778416968750001 0.3867447640625 0.680197103125 0.3925783734375 0.7195648265625 0.379880821875 0.7342425015625 0.3599088375 0.7351172484375 0.3510553875 0.7258004015624999 0.3365514984375 0.712184275 0.33588832812499997 0.6979849843749999 0.3411274609375 0.6913302953125 0.3491345703125 0.6894836109375 0.367825184375
7 0.8079466171874999 0.415109803125 0.8384014375 0.40360203281249996 0.8540586359375 0.383607153125 0.8923420562499998 0.36210194375000004 0.8915493375000001 0.3503431359375 0.8761685515625001 0.3477583265625 0.8373915765625 0.36436784843750003 0.8117295921875 0.3669305859375 0.7653184062499999 0.3915701171875 0.7524949984375 0.40266575312499997 0.7572058109375 0.41433297500000005 0.7554487359375 0.4222256046875 0.7699471921875001 0.42384959375 0.7808267234375 0.43242828906249997 0.8079466171874999 0.415109803125
7 0.834490928125 0.41350788749999995 0.8316723046875 0.44203566875 0.8682411640625001 0.441180875 0.8722139390624999 0.4273477859375 0.8865028390624999 0.41131066718750003 0.889037465625 0.3955483078125 0.8864876718750001 0.39168213125 0.8728639593749999 0.381204690625 0.858171115625 0.38154813593750003 0.8463272296875001 0.3926208765625 0.8397773187500001 0.40945854062500003 0.834490928125 0.41350788749999995
7 0.7711652078125001 0.3521756609375 0.7599940953125 0.3465481171875 0.7597921234375 0.3387012796875 0.7520531359375 0.3379007328125 0.73442930625 0.348127134375 0.73531921875 0.358902225 0.7238716921874999 0.3758543703125 0.7093808203125 0.38404465 0.7112502562499999 0.39479684375 0.7210530687500001 0.4043821515625 0.7421090218749999 0.3989827453125 0.7569886703125001 0.3868575984375 0.7660883734375 0.3738861140625 0.7711652078125001 0.3521756609375
7 0.758850521875 0.387795525 0.7582673578125 0.39369782343750004 0.7744256953124999 0.3884129 0.81075006875 0.3669534828125 0.839350621875 0.36432205781250004 0.8628515890624999 0.3539582796875 0.8689155312499999 0.342039196875 0.864301915625 0.3293882578125 0.8526372500000001 0.3188650296875 0.8457805875 0.319025303125 0.8293306687499999 0.327261375 0.8205225453124999 0.33728171093750003 0.8117068406250001 0.3374877765625 0.7973207453125 0.3545086109375 0.783809396875 0.36267599375000004 0.7778426484375001 0.373611359375 0.758850521875 0.387795525
7 0.8423257124999999 0.28475549375 0.8247018828125 0.294981896875 0.796789271875 0.3005415765625 0.79150288125 0.304590921875 0.7912188828125 0.31735634375 0.7938658703125 0.3202388046875 0.827266846875 0.3184766140625 0.834811446875 0.32124459375000003 0.8536167718750001 0.3188421328125 0.8563609515625 0.32074087812499996 0.8769309343749999 0.32026005468749996 0.8850587000000001 0.31712573593750004 0.8976953046875 0.3178118015625 0.9117002062499999 0.314540103125 0.91493035625 0.3115202640625 0.9158871281250001 0.282054559375 0.9103987671875 0.27825707187500004 0.885910690625 0.278829478125 0.8789568375 0.27997346875 0.8767062093749999 0.282970409375 0.8423257124999999 0.28475549375
1 0.459375 0.632842503125 0.4428898046875 0.6626549703125 0.3836181625 0.6700457515625 0.1722934484375 0.675149615625 0 0.6749492781249999 0 0.8930202890625001 0.0010849640625 0.9008517109374999 0.44471173437499995 0.9375 0.459375 0.9375 0.459375 0.632842503125
9 0.15031935937500002 0.4890625 0 0.513886925 0 0.678125 0.076897546875 0.678125 0.3375 0.6751676328125 0.3375 0.674186596875 0.2865989 0.4890625 0.15031935937500002 0.4890625
9 0.2903734875 0.4890625 0.3400108171875 0.66609086875 0.35488538593749996 0.671875 0.35744641875 0.671875 0.363839471875 0.4890625 0.2903734875 0.4890625
9 0.459375 0.4890625 0.3594643265625 0.4890625 0.3602974625 0.6703125 0.362674009375 0.6703125 0.43836199843749996 0.6646618890625 0.459375 0.6335193312499999 0.459375 0.4890625
9 0.5980261859375 0.8380795921875 0.552162125 0.8431686046875001 0.5187996421875 0.8468756859375001 0.5148735140625 0.8494906343749999 0.5108455875 0.8761467796875 0.497443534375 0.9546875 0.50101414375 0.9546875 0.5092915609374999 0.9517078296874999 0.52603955625 0.947973365625 0.55249511875 0.94256300625 0.5721003546875 0.9378685593749999 0.5877177203125 0.933149934375 0.600662734375 0.9278287296875 0.6197797046875 0.9212011312499999 0.636070290625 0.9168530875 0.64885610625 0.9141940828124999 0.657027146875 0.9131196890624999 0.6676874828124999 0.9108856265625 0.6703125 0.89347800625 0.6703125 0.8632668796875 0.6702535328125 0.8618218078125001 0.6681252609375 0.8458856593749999 0.6681551109375 0.828413803125 0.667228175 0.826121896875 0.628263215625 0.831611696875 0.5980261859375 0.8380795921875
9 0.781786575 0.7439154421875 0.7598865218749999 0.753701609375 0.7433495703125 0.7612872187499999 0.7253378640625 0.7662154140625 0.706812753125 0.7693228984375 0.6911057296875001 0.7721358734375 0.7010241781250001 0.7835169750000001 0.7043123812500001 0.7932480328125 0.711920746875 0.8065106249999999 0.7281311046875001 0.8252002218750001 0.736629584375 0.8362611359375001 0.744166825 0.846485315625 0.7502129390625 0.8533509046875001 0.7552367078125 0.8609375 0.7573282265625 0.8609375 0.8135599578124999 0.8441534390625 0.8442745593750001 0.8287602015625 0.8670756484375 0.8172397828125 0.8703125 0.8151785390625002 0.8703125 0.8126616906249999 0.8645845874999999 0.8013337421875001 0.8569602249999999 0.7974446374999999 0.838199440625 0.780427346875 0.8142935953125001 0.7548102421875 0.795035759375 0.7366734234375001 0.781786575 0.7439154421875
9 1 0.6185793515625 0.97550761875 0.6105563593750001 0.9158552265625 0.5867664265625 0.8678801875000002 0.567514165625 0.86184054375 0.574314665625 0.8509595937500001 0.586145296875 0.835716771875 0.6058349656249999 0.7878214328124999 0.66060623125 0.8020587609375 0.6685779515625 0.8224125015624999 0.6730314609375 0.846208290625 0.6832945546875 0.9024379046875 0.7020954421875001 0.95102686875 0.7299205953125 0.971348925 0.734375 0.9728224453125 0.734375 1 0.6954199671875 1 0.6185793515625
9 1 0.929047359375 0.9415747312499999 0.8757021703125 0.8763265609375 0.890412096875 0.8347144906249999 0.8987063609374999 0.8314872203125001 0.899402325 0.869163840625 0.95393010625 0.9014470703124999 0.9935981890625001 0.907308246875 0.9976485390625001 0.9212876062500002 0.9943941828125 0.9178144390625 1 0.97231016875 1 1 0.992019834375 1 0.929047359375
9 0.7929004281250001 1 0.799445740625 0.9971774953124999 0.8294821125 0.9756414437500001 0.8621190921874999 0.9450350499999999 0.849346646875 0.9315722109374999 0.8367049515625 0.9236948437500001 0.8223850640624999 0.9127933765625 0.8095752640625001 0.8977347218750001 0.7979587125000001 0.8821514374999999 0.7793686546874999 0.8604980375 0.7120424921875 0.898348425 0.713991225 0.900125175 0.7513107140624999 0.932219228125 0.7637009734375 0.9465218390625001 0.7507058203125 0.9578783171874999 0.7055858453124999 0.9873897218749998 0.7158153875 1 0.7929004281250001 1
9 0.6845196765624999 1 0.6887947546875 0.9979397046875 0.7625 0.9474211046875001 0.7625 0.94638673125 0.678982153125 0.8705858390625 0.6720408375 0.87494686875 0.667880665625 0.9113396609375 0.6354757671875 0.9175257421874999 0.5680558984374999 0.938569353125 0.5827400046875 0.9650302546875 0.6076045734375001 0.9972261312499999 0.6102340953125001 1 0.6845196765624999 1
9 0.459375 0.8710186265625 0.4753880078125 0.8626823453125001 0.48761648125 0.8812131953125 0.4945860265625 0.8955248515625 0.505001146875 0.899572021875 0.514071421875 0.8461674531250001 0.6015625 0.8366602484375001 0.6015625 0.83422815625 0.5338724171875 0.778802340625 0.5202259 0.7941680375 0.459375 0.8446632031250001 0.459375 0.8710186265625
9 0.459375 0.8205184671874999 0.47296261250000005 0.8224470343749999 0.4793236671875 0.8167884453124999 0.48879374374999995 0.8178550187500001 0.49682541875 0.8079092421875 0.49141844843750004 0.732645134375 0.459375 0.72642511875 0.459375 0.8205184671874999
9 0.58150584375 0.683170453125 0.5850487906249999 0.70536739375 0.5814090843749999 0.7177836 0.5791649265625 0.725239640625 0.60446345625 0.708152775 0.6066795093749999 0.6994960734375001 0.623175496875 0.6809219375 0.62329440625 0.6730862421875 0.6373073640625 0.6517626265625001 0.6246854515625 0.5837666453125 0.6165740265624999 0.5846143484375 0.5720277328125001 0.626990734375 0.57798344375 0.6489355234375 0.58150584375 0.683170453125
9 0.794597825 0.646562290625 0.7963757109375 0.6358816125 0.7960363875 0.6213856875 0.7920361843749999 0.6124118296875001 0.7567338593749999 0.605714275 0.7037883593750001 0.5963124343749999 0.6602992609375 0.5923807265625001 0.6565745484375001 0.6238509765625 0.6550612703125 0.663163115625 0.65286066875 0.6904376203125 0.7099086265625 0.7018326015625 0.7965105453125 0.710946296875 0.792643009375 0.701662890625 0.7898007437500001 0.68419938125 0.789565103125 0.674132771875 0.7893577390625 0.665274140625 0.7892257796875001 0.6596368484374999 0.794597825 0.646562290625
9 0.459375 0.718319028125 0.4722319171875 0.7150702765625001 0.47244093749999994 0.7239996421875 0.4614997578125 0.726634940625 0.47556213124999996 0.7291436359375 0.48203634375000004 0.7279697468749999 0.4810733609375 0.729562253125 0.4835911359375 0.73029370625 0.4920726015625 0.7294073328125 0.5019230625 0.722907703125 0.5138852843749999 0.721160275 0.5220648328124999 0.70737593125 0.5212872281250001 0.6955222515624999 0.4932429359375 0.6512105890625 0.49316165156249997 0.6477380593750001 0.4979417296875 0.638287296875 0.497349921875 0.6343708296875 0.494321625 0.633195440625 0.48642035625 0.63750220625 0.4798067921875 0.6327231875 0.47631442343749997 0.633088165625 0.46449154843749996 0.6407885046875 0.459375 0.6428448046875 0.459375 0.718319028125