7 1 0.028794642187500004 0.998288690625 0.0276537703125 0.9933283734374999 0.0276537703125 0.9843998015625001 0.029637896875000003 0.9744791671874999 0.029141865625000003 0.9588541671874999 0.0338541671875 0.9509176593750001 0.038814484375 0.9442212296875001 0.0412946421875 0.9015625 0.042534721875 0.88916170625 0.044766865625 0.810540675 0.0688244046875 0.798387896875 0.07353670625 0.792931546875 0.07800099218749999 0.7902033734375 0.08271329375 0.7867311515625 0.09288194375 0.785491071875 0.100818453125 0.7869791671875 0.116443453125 0.7936755953125 0.1340525796875 0.79913194375 0.141741071875 0.80458829375 0.14595734062500001 0.810788690625 0.14744543593749998 0.8217013890625001 0.14744543593749998 0.8378224203125001 0.1462053578125 0.8437748015625001 0.1444692453125 0.8593998015625001 0.1429811515625 0.9819196421875 0.13529265937499999 0.9948164687500001 0.13529265937499999 1 0.13450727499999998 1 0.028794642187500004
8 0.609375 0.17059824375 0.6396577375 0.16852678593749998 0.6900049609375001 0.1620783734375 0.7095982140625 0.16083829375 0.720758928125 0.158358134375 0.73563988125 0.157862103125 0.7406001984375 0.15711805625 0.7463045640625 0.15438988125 0.7567212296875 0.1471974203125 0.7634176593750001 0.139012896875 0.7693700390625 0.1273561515625 0.7763144843750001 0.1005704359375 0.7760664687500001 0.0814732140625 0.773586309375 0.06708829375 0.7683779765625001 0.050471229687499994 0.7604414687500001 0.036582340625 0.75498511875 0.02938988125 0.7408482140625 0.020461309375 0.7309275796875 0.0182291671875 0.68975694375 0.0150049609375 0.609375 0.0018554078125000001 0.609375 0.17059824375
8 0.609375 0.2890625 0.8146839984375 0.2890625 0.86063988125 0.27790178593750003 0.886681546875 0.2506200390625 0.8693204359375001 0.2357390875 0.858159721875 0.161334325 0.8221974203125001 0.14893353125 0.7763144843750001 0.1464533734375 0.751512896875 0.151413690625 0.7254712296875 0.1576140875 0.6200644843750001 0.1687748015625 0.609375 0.1709126984375 0.609375 0.2890625
9 0.609375 0.6238738749999999 0.571875 0.6958333328124999 0.53125 0.7864583328125 0.49895833281249996 0.8729166671874999 0.4895833328125 0.8875 0.48020833281249997 0.9260416671874999 0.503125 0.9479166671874999 0.54375 0.9677083328125 0.609375 0.9810106984375 0.609375 0.925140225 0.5729166671875 0.9104166671874999 0.5302083328125 0.8625 0.5333333328125 0.8510416671875 0.6052083328125 0.7541666671875 0.609375 0.7479166671875 0.609375 0.6238738749999999
9 0.609375 1 0.609375 0.9794836953124999 0.546875 0.9677083328125 0.42604166718750003 0.928125 0.3697916671875 0.9177083328125001 0.30416666718749996 0.8979166671875 0.2791666671875 0.9635416671874999 0.275 0.9854166671875 0.278125 0.9927083328125 0.3526620421875 1 0.609375 1
9 0.13229166718750002 0.8916666671875 0.1510416671875 0.9427083328125001 0.1625 0.9447916671875 0.290625 0.9260416671874999 0.30625 0.9010416671874999 0.353125 0.9125 0.3697916671875 0.9125 0.48645833281249995 0.8885416671874999 0.49583333281249997 0.878125 0.5135416671875 0.8302083328125001 0.5135416671875 0.7666666671875 0.49375 0.740625 0.4760416671875 0.7333333328125 0.4427083328125 0.7291666671875 0.375 0.7479166671875 0.3395833328125 0.771875 0.3239583328125 0.76875 0.309375 0.75625 0.3 0.75625 0.25625 0.7802083328125 0.2166666671875 0.79375 0.18125 0.828125 0.14895833281249998 0.8510416671875 0.134375 0.871875 0.13229166718750002 0.8916666671875
9 0.38333333281250004 0.665625 0.3802083328125 0.6458333328125001 0.3854166671875 0.6375 0.3916666671875 0.6354166671874999 0.40208333281249997 0.6395833328125 0.41041666718750003 0.63125 0.43645833281249996 0.6229166671874999 0.4375 0.61875 0.425 0.575 0.40416666718750005 0.5270833328125001 0.3604166671875 0.53125 0.27291666718749996 0.5552083328125 0.25833333281250004 0.5447916671874999 0.2510416671875 0.515625 0.23958333281250002 0.5125 0.22395833281250002 0.5135416671874999 0.1927083328125 0.5239583328125 0.1770833328125 0.55 0.2010416671875 0.6083333328125 0.23020833281250003 0.7270833328124999 0.22291666718749997 0.76875 0.22395833281250002 0.7864583328125 0.246875 0.78125 0.3145833328125 0.7427083328124999 0.35208333281250004 0.7291666671875 0.38333333281250004 0.665625
9 0.609375 0.5248263890625 0.5572916671875 0.5291666671874999 0.5364583328125 0.525 0.40625 0.525 0.428125 0.5854166671875 0.43645833281249996 0.6208333328125001 0.4125 0.6291666671874999 0.403125 0.6364583328125001 0.403125 0.6552083328125 0.4166666671875 0.6572916671875 0.425 0.6635416671875 0.45416666718750004 0.6645833328125 0.5875 0.659375 0.59375 0.6552083328125 0.609375 0.6266522984374999 0.609375 0.5248263890625
9 0.5577088921875 0.4791666671875 0.5420838921875 0.4625 0.5358338921875 0.446875 0.5379172265625 0.428125 0.5597922265624999 0.403125 0.5525005593750001 0.39270833281249995 0.546250559375 0.39270833281249995 0.5347922265625 0.40208333281249997 0.5004172265625 0.40416666718750005 0.3452088921875 0.43541666718750005 0.2410422265625 0.46875 0.240000559375 0.484375 0.25770889218750004 0.5427083328125001 0.2660422265625 0.5541666671875 0.2785422265625 0.5552083328125 0.46812555937500006 0.5052083328125001 0.5525005593750001 0.49166666718749996 0.5577088921875 0.4791666671875
9 0.3167668265625 0.2890625 0.265625 0.325 0.2635416671875 0.33125 0.2708333328125 0.3458333328125 0.234375 0.3489583328125 0.21979166718749998 0.35625 0.2270833328125 0.3708333328125 0.2260416671875 0.38333333281250004 0.25729166718749996 0.40208333281249997 0.3239583328125 0.409375 0.3427083328125 0.39270833281249995 0.3427083328125 0.384375 0.35 0.3760416671875 0.3875 0.35 0.42291666718750004 0.353125 0.41770833281249997 0.3604166671875 0.45 0.3552083328125 0.48020833281249997 0.3270833328125 0.509375 0.3072916671875 0.5256510421875 0.2890625 0.3167668265625 0.2890625
9 0.109375 0.6541666671874999 0.12291666718750001 0.659375 0.1854166671875 0.703125 0.1989583328125 0.7041666671875 0.2114583328125 0.6791666671875 0.209375 0.6541666671874999 0.16354166718750002 0.65 0.159375 0.6447916671874999 0.1614583328125 0.6072916671874999 0.109375 0.565625 0.109375 0.6541666671874999
7 0.609375 0.8071407015624998 0.641183575 0.8116847828125 0.6713768109375 0.7947765703125 0.6882850234375 0.63897946875 0.6919082125 0.624486715625 0.7039855078125 0.611201690625 0.7124396140625 0.5894625609374999 0.714855071875 0.5641002421875 0.6955314015624999 0.5000905796875 0.6605072468750001 0.43245772968749996 0.6580917875 0.3817330921875 0.6363526562499999 0.3648248796875 0.6146135265625 0.3624094203125 0.609375 0.3639061421875 0.609375 0.8071407015624998
7 0.6774154593749999 0.861201690625 0.6894927531249999 0.8805253624999999 0.7208937203125 0.9046799515625 0.7716183578125 0.90588768125 0.7861111109375 0.9022644921874999 0.7945652171875001 0.8926026562499999 0.8138888890625001 0.8285929953124999 0.8609903375 0.74042874375 0.8754830921875 0.6860809171875 0.876690821875 0.645018115625 0.86944444375 0.599124396875 0.85736715 0.5592693234375 0.8452898546875 0.53753019375 0.851328503125 0.48680555625000005 0.8368357484375 0.46868961406250004 0.8042270531250001 0.45782004843749996 0.7692028984375 0.4662741546875 0.755917875 0.48076690781250003 0.75108695625 0.5290760875 0.728140096875 0.5532306765625 0.7100241546875 0.599124396875 0.6907004828125001 0.6256944437499999 0.6786231890625001 0.653472221875 0.6846618359375001 0.6884963765625 0.6762077296875 0.7223128015625 0.6713768109375 0.8382548312499999 0.6774154593749999 0.861201690625
7 1 0.646304609375 0.9841787437499999 0.670380434375 0.9092995171875 0.7054045890625 0.8658212562500001 0.742844203125 0.851328503125 0.7609601453125 0.8320048312499999 0.8008152171875 0.8054347828124999 0.8358393718750001 0.795772946875 0.897433575 0.7861111109375 0.9191727046875 0.9431159421875 0.9155495171875 0.9539855078125001 0.9191727046875 1 0.9191727046875 1 0.646304609375
7 1 0.5223047515625 0.9660628015625001 0.5471920296875 0.9165458937500001 0.6015398546874999 0.8899758453125 0.6438103859375 0.8718599031250001 0.6848731890625 0.8621980671875 0.7319746375 0.8646135265625 0.738013284375 0.8718599031250001 0.738013284375 0.9032608703125 0.7114432359375 0.9890096625 0.6715881640625 1 0.6548134375 1 0.5223047515625
7 0.8718599031250001 0.636564009375 0.8815217390625 0.6546799515625 0.8948067640625 0.6438103859375 0.9262077296874999 0.5930857484375001 0.9225845406250001 0.5556461359375 0.9286231890625001 0.5302838171875 0.931038646875 0.47835145 0.9274154593749999 0.4143417875 0.9382850234375001 0.3769021734375 0.9370772953125 0.36361715 0.925 0.3515398546875 0.8923913046875 0.3430857484375 0.8706521734375 0.3467089375 0.85736715 0.35878623125 0.8477053140624999 0.395018115625 0.8018115937499999 0.45178140156249996 0.8018115937499999 0.4602355078125 0.834420290625 0.46989734375000003 0.8477053140624999 0.48680555625000005 0.8416666671874999 0.54115338125 0.854951690625 0.5641002421875 0.8658212562500001 0.5967089375000001 0.8718599031250001 0.636564009375
1 1 0.2890625 0.609375 0.2890625 0.609375 0.3667343578125 0.6291062796875 0.3648248796875 0.6448067640625 0.369655796875 0.655676328125 0.37931763281249997 0.6592995171875 0.42883454062500004 0.6991545890624999 0.5085446859375 0.71727053125 0.577385265625 0.75108695625 0.5290760875 0.7595410625 0.4771437203125 0.7716183578125 0.465066425 0.7993961359374999 0.45661231874999997 0.8440821249999999 0.4070954109375 0.8609903375 0.3539553140625 0.8730676328125 0.3455012078125 0.888768115625 0.3430857484375 0.9237922703125001 0.3515398546875 0.9358695656249999 0.3624094203125 0.9370772953125 0.37810990312500004 0.9262077296874999 0.4191727046875 0.9298309171875001 0.5000905796875 0.9225845406250001 0.5737620765625 0.9358695656249999 0.577385265625 0.9817632843749999 0.535114734375 1 0.5241727046875 1 0.2890625