0 0.632116903125 0.5890625 0.630481696875 0.5833308859375 0.62091651875 0.5668095015625 0.60747044375 0.551123971875 0.5854301890625 0.533711234375 0.5754636796875 0.5281364203125001 0.5492912203125 0.5190211515625001 0.5193840859375001 0.512216853125 0.51054620625 0.5080311171874999 0.47744814062499996 0.4990264046875 0.374329403125 0.4634196828125 0.35070664375 0.46003280156250004 0.3231504453125 0.46195014062500006 0.303940921875 0.46809623125 0.2771120234375 0.4823492171875 0.24880190156249998 0.5066514 0.2268736390625 0.5353544109375 0.214424484375 0.564715184375 0.20857696718750002 0.5890625 0.632116903125 0.5890625
7 1 0.155208378125 0.9994177328125 0.15376628125 0.9984382093749999 0.1537891765625 0.9986325984375 0.1518217421875 0.9966735531250001 0.1518675359375 0.9958884171874999 0.149923 0.9939293718750001 0.149968790625 0.994026565625 0.1489850734375 0.9891289499999999 0.14909955625 0.98903175625 0.1500832734375 0.9870727109375 0.150129065625 0.9857044125 0.15408682812500002 0.9836481718750001 0.15511633593750002 0.983550978125 0.156100053125 0.9738529437500001 0.1553453 0.971602315625 0.158342240625 0.9706227937499999 0.15836513593749998 0.9704284046874999 0.16033257031249998 0.96944888125 0.16035546875 0.96906010625 0.164290334375 0.9680805828124999 0.16431323125 0.9678861953125001 0.1662806625 0.96886571875 0.16625776718750002 0.9686713296875 0.16822520000000002 0.969650853125 0.1682023046875 0.9695536593749999 0.16918602031250002 0.9733745562499999 0.17007815312500002 0.97592435 0.17394433125 0.9769038734375 0.17392143437500002 0.9768066796875001 0.17490515 0.9777862031250001 0.174882253125 0.9776890078125 0.1758659703125 0.9796480531249999 0.175820178125 0.9795508609375 0.17680389531250001 0.9922846578125 0.17650624374999999 0.9923818531249999 0.1755225265625 0.9943408999999999 0.175476734375 0.99443809375 0.17449301718750002 0.9963971390624999 0.174447225 0.9986477656249999 0.17145028281250002 1 0.1711529703125 1 0.155208378125
7 0.6390625 0.5890625 0.6870581921875 0.5890625 0.6751253937499999 0.577479134375 0.6390625 0.56559125 0.6390625 0.5890625
7 0.7562086359375 0.5890625 0.7423237031250001 0.5798341578125 0.7212601671875001 0.5754192921875 0.700286240625 0.5602064421875 0.671872490625 0.5510561625 0.6653149968750001 0.5580795578125 0.66660126875 0.5747340515625 0.6787519046875 0.5803386984375 0.6878563109375 0.5890625 0.7562086359375 0.5890625
7 0.6582336109375 0.520950184375 0.6465916968750001 0.5398697640625 0.648947103125 0.5457033734375 0.6883148265625 0.533005821875 0.7029925015625 0.5130338375 0.7038672484374999 0.5041803875 0.6945504015624999 0.48967649843750005 0.680934275 0.489013328125 0.666734984375 0.49425246093749997 0.6600802953125 0.5022595703125 0.6582336109375 0.520950184375
7 0.7766966171874999 0.568234803125 0.8071514375 0.5567270328125 0.8228086359375 0.536732153125 0.8610920562500001 0.51522694375 0.8602993375000001 0.5034681359375 0.8449185515625001 0.5008833265625 0.8061415765625 0.5174928484375 0.7804795921875 0.5200555859375 0.73406840625 0.5446951171875 0.7212449984375 0.5557907531249999 0.7259558109375 0.5674579750000001 0.7241987359375 0.5753506046875 0.7386971921875001 0.5769745937499999 0.7495767234375 0.5855532890624999 0.7766966171874999 0.568234803125
7 0.838497028125 0.5890625 0.8409639390624999 0.5804727859375001 0.8552528390624999 0.5644356671875 0.857787465625 0.5486733078125 0.8552376718750001 0.54480713125 0.8416139593749999 0.534329690625 0.826921115625 0.5346731359375 0.8150772296875001 0.5457458765625 0.8085273187500001 0.562583540625 0.803240928125 0.5666328875 0.8010248203125 0.5890625 0.838497028125 0.5890625
7 0.7399152078125 0.5053006609375 0.7287440953125 0.4996731171875 0.7285421234375 0.49182627968750003 0.7208031359375 0.49102573281249995 0.70317930625 0.5012521343749999 0.7040692187500001 0.512027225 0.6926216921874999 0.5289793703125001 0.6781308203124999 0.5371696499999999 0.6800002562499999 0.54792184375 0.6898030687500001 0.5575071515625 0.7108590218749999 0.5521077453125 0.7257386703125001 0.5399825984375 0.7348383734375 0.5270111140625 0.7399152078125 0.5053006609375
7 0.727600521875 0.540920525 0.7270173578125 0.5468228234375 0.7431756953125 0.5415379 0.77950006875 0.5200784828125 0.808100621875 0.5174470578125 0.8316015890624999 0.5070832796875 0.8376655312500001 0.49516419687499996 0.833051915625 0.48251325781250004 0.8213872500000001 0.47199002968750003 0.8145305875 0.472150303125 0.79808066875 0.480386375 0.7892725453125 0.4904067109375 0.7804568406250001 0.4906127765625 0.7660707453125 0.5076336109375 0.752559396875 0.51580099375 0.7465926484375001 0.526736359375 0.727600521875 0.540920525
7 0.8110757124999999 0.43788049375 0.7934518828125 0.448106896875 0.765539271875 0.4536665765625 0.76025288125 0.45771592187500004 0.7599688828125 0.47048134375000006 0.7626158703125 0.4733638046875 0.796016846875 0.4716016140625 0.803561446875 0.47436959375 0.8223667718750001 0.4719671328125 0.8251109515625 0.473865878125 0.8456809343749999 0.4733850546875 0.8538087000000001 0.4702507359375 0.8664453046875 0.47093680156250006 0.8804502062499999 0.467665103125 0.88368035625 0.4646452640625 0.8846371281250001 0.435179559375 0.8791487671875 0.431382071875 0.854660690625 0.43195447812500004 0.8477068375 0.43309846875 0.8454562093749999 0.436095409375 0.8110757124999999 0.43788049375
0 1 0.6689474921875 0.9952807921875 0.6692564437499999 0.976348525 0.67711623125 0.969131309375 0.6827919703124999 0.9561553984375 0.7017825328125 0.9330735984375 0.7665007015625 0.9161550828125 0.807481875 0.91464015 0.818777240625 0.916616209375 0.8299630562499999 0.9233535749999999 0.842676153125 0.9326691921875 0.8546795796875 0.942935178125 0.8632997937500001 0.9535963640624999 0.8689733921875 0.98940964375 0.8759535625 1 0.8751603359375 1 0.6689474921875