3 0.092055 0.299867340625 0.0919123609375 0.34167494062500003 0.0837038421875 0.36685430937499997 0.086759596875 0.432662990625 0.083661078125 0.4556924171875 0.0945116359375 0.4649721109375 0.121589396875 0.465625 0.12386551718750001 0.465625 0.1329465046875 0.4624332171875 0.134375 0.419524534375 0.134375 0.3683297125 0.13012752656249998 0.3119647546875 0.12363372343750001 0.261873425 0.111935778125 0.2567842171875 0.0995359609375 0.259019240625 0.099852671875 0.288279696875 0.092055 0.299867340625
3 0.125519234375 0.285921434375 0.1341957234375 0.383018965625 0.1325780140625 0.460378828125 0.13848976875000002 0.497935171875 0.147403034375 0.51037291875 0.1579140640625 0.512340534375 0.169223975 0.5090730859375 0.1893729609375 0.4942058375 0.205841378125 0.48983303125 0.2078125 0.4769162765625 0.2078125 0.472970215625 0.1879634703125 0.41897160468749994 0.17015688281250002 0.3272063796875 0.148381578125 0.28460945 0.13435830937499998 0.27432163906249996 0.1282069046875 0.2764837328125 0.125519234375 0.285921434375
3 0.19419434062500002 0.401972621875 0.195044596875 0.442723484375 0.20245710468749997 0.4677205296875 0.2033786828125 0.48756759375 0.198656715625 0.49807418906249995 0.20248566562499998 0.535654840625 0.21483985 0.577316584375 0.24685797968749998 0.59366525625 0.24804092187500001 0.59375 0.26022096562499997 0.59375 0.275 0.5790374296875 0.275 0.577272971875 0.2701539859375 0.5568131593750001 0.275 0.5577203125 0.275 0.5531290171875 0.26240194843750003 0.5245040390625 0.24210170625 0.4463548484375 0.22412966562499997 0.418345603125 0.2176615453125 0.39124723906250003 0.1969790171875 0.39462408125000004 0.19419434062500002 0.401972621875
3 0.3162170328125 0.65 0.316179815625 0.6496460625 0.2971435515625 0.6435973546875 0.29472121875 0.636309590625 0.2851060796875 0.631196071875 0.28273225156250004 0.6249528890625 0.24468254374999998 0.5909070921875 0.22242506562500003 0.582805684375 0.20171684843749998 0.5631895640625 0.1741068484375 0.552015184375 0.14918451875 0.5314031 0.137075725 0.5399056156250001 0.13438805625 0.5493433203125 0.1718328984375 0.5928025109374999 0.19442990468750002 0.60821599375 0.20789681249999997 0.62896178125 0.21850485000000003 0.6330185625 0.22206559218750002 0.6423833375 0.235332340625 0.65 0.3162170328125 0.65
3 0.23458724687500002 0.65 0.226107634375 0.646212065625 0.19445185 0.6152270890625 0.1647105421875 0.6030324359375 0.14836194687499998 0.587546025 0.1114763375 0.578570203125 0.0899692390625 0.564189146875 0.0807906359375 0.5684768703125 0.07502726562499999 0.5789956218750001 0.0807193171875 0.5893806703125 0.110800153125 0.6088873968749999 0.1372717421875 0.6179847671875 0.1601112671875 0.6386211625 0.1804934 0.65 0.23458724687500002 0.65
3 0.1774748421875 0.65 0.1532221859375 0.6410863140624999 0.141233215625 0.6297296140624999 0.139755278125 0.6203405265625 0.112387796875 0.614389059375 0.09058967500000001 0.593740509375 0.0513787390625 0.5795660875 0.0413270625 0.565051328125 0.032002946875 0.5662053031250001 0.021129575 0.5788739921875 0.03038236875 0.5986238171875 0.046294425 0.6047089890625 0.06249750625 0.6170616546875001 0.090558634375 0.65 0.1774748421875 0.65
3 0 0.363950921875 0.0035490078125 0.3631083953125 0.0333024921875 0.3569977765625 0.067993909375 0.329380703125 0.0751269296875 0.3156949546875 0.0931620796875 0.3017039265625 0.0984375 0.28243414218749996 0.0984375 0.2799881078125 0.0945053578125 0.257443065625 0.0904728921875 0.26800625624999996 0.06324903125 0.28087941562499996 0.041733481249999996 0.28330878125000003 0 0.3053247078125 0 0.363950921875
3 0 0.4198254171875 0.020321076562500002 0.4124130359375 0.065632040625 0.37843943593749996 0.06875 0.37512100312499996 0.06875 0.3634175140625 0.05821952968750001 0.353442390625 0.0064889515625 0.3613622078125 0 0.36399461875 0 0.4198254171875
3 0 0.3067284609375 0.0481907390625 0.28247737968750003 0.0831846890625 0.25071449375 0.0859375 0.23912958906249998 0.0859375 0.2353466765625 0.0801318046875 0.22984715625000002 0.0168972984375 0.23685609375 0 0.24391353750000003 0 0.3067284609375
3 0 0.5094237749999999 0.050543220312500005 0.47963467968750007 0.0793857671875 0.4500338859375 0.0859375 0.4374295234375 0.0859375 0.4025116015625 0.0769120578125 0.396760190625 0.039664103125 0.40242067812500004 0 0.419713896875 0 0.5094237749999999
3 0 0 0 0.0964272140625 0.000701875 0.09786319843749999 0.0107784296875 0.103125 0.0125747296875 0.103125 0.016394228125 0.076777075 0.022060590625 0.06416915937499999 0.034072375 0.0535774796875 0.0342407046875 0.03476284375 0.0239322890625 0 0 0
3 0 0.602142575 0.0012240953125 0.6018175453125 0.0163115796875 0.5901448171875 0.037767303125 0.5585399437499999 0.087777421875 0.5360081328125 0.0915778125 0.5056544703125 0.099521 0.49720057500000003 0.1128167046875 0.4918196484375 0.1234375 0.46818790000000005 0.1234375 0.4665174484375 0.092713353125 0.4627901328125 0.08082139375 0.45352259687499996 0.06851858281249999 0.4578467828125 0.047667725 0.48003826250000003 0 0.508172825 0 0.602142575
7 0.609375 0.5647185593749999 0.6150904140625 0.5796875 0.8671875 0.5796875 0.8671875 0.5708374625 0.8667493390625 0.56601769375 0.8455853171874999 0.540885415625 0.8204530421874999 0.5250123999999999 0.7410879625 0.444324571875 0.67230489375 0.4099330375 0.64584986875 0.3821552578125 0.609375 0.3608041171875 0.609375 0.5647185593749999
5 0.1538282453125 0.65 0.1538593046875 0.6633966421874999 0.16425491718750002 0.6935635296875 0.16592940312499999 0.7046316984375001 0.171576528125 0.717219478125 0.174510553125 0.7438046578125 0.16606800625 0.7965935156249999 0.146100321875 0.895172 0.143679378125 0.9257713890625 0.1378124484375 0.956750146875 0.13794134062500002 0.9640745531249999 0.141507625 0.9705312968750001 0.1480190171875 0.9761745718749999 0.16633662031250002 0.98002885625 0.17975716875 0.9858899796875 0.23222675625 0.9890625 0.241930153125 0.9890625 0.26209740625 0.9841637046875 0.28575279375 0.9830271921874999 0.29751604062500003 0.9787967328124999 0.304408009375 0.9780379937499999 0.3232007109375 0.98086149375 0.39452166875 0.9695850625 0.454892090625 0.9526648218750001 0.471034334375 0.9450168390625 0.4931011625 0.9376950953125001 0.498896859375 0.9306969281249999 0.5064640515625001 0.912251221875 0.512829365625 0.9095935031250001 0.51610349375 0.8994482578125 0.5275917703124999 0.8795923984374999 0.5350042937499999 0.8523574015625 0.5353100265624999 0.8136738015624999 0.5286034890625 0.7689128296875001 0.52764719375 0.7425991609375 0.534217615625 0.667511378125 0.53473948125 0.65 0.1538282453125 0.65
6 0.42024785937500003 1 0.4165990375 0.9964007234375 0.41680775625 0.980232834375 0.42246596875 0.9654219671875 0.4265625 0.962085884375 0.4265625 0.96043331875 0.42631830624999995 0.9601054640625 0.3940166375 0.9744248421874999 0.3738244234375 0.976158571875 0.3663886125 0.97404174375 0.3358670359375 0.977401878125 0.319189546875 0.9826625874999999 0.3132219953125 0.9798948796874999 0.29156151874999997 0.9822794890625 0.27971234218749996 0.9816270109375 0.25314621875 0.985530165625 0.217615878125 0.9845493187500001 0.2142558234375 0.9898116265624999 0.2116403421875 1 0.42024785937500003 1