1 0.5796875 0.56875 0.5796875 0 0.503562740625 0 0.427978515625 0.02744140625 0.416259765625 0.034765625 0.398681640625 0.0396484375 0.389892578125 0.0455078125 0.368896484375 0.05087890625 0.364990234375 0.05576171875 0.363525390625 0.0640625 0.367919921875 0.0748046875 0.369384765625 0.085546875 0.375732421875 0.09873046875 0.378173828125 0.1177734375 0.386474609375 0.1421875 0.387939453125 0.165625 0.394775390625 0.19443359375 0.419189453125 0.26767578125 0.427490234375 0.30234375 0.429443359375 0.32431640625 0.436767578125 0.34140625 0.441162109375 0.3658203125 0.447021484375 0.37802734375 0.449951171875 0.394140625 0.456298828125 0.405859375 0.461181640625 0.43759765625 0.467041015625 0.44736328125 0.474365234375 0.4703125 0.480224609375 0.507421875 0.485595703125 0.52255859375 0.49648990312499997 0.56875 0.5796875 0.56875
7 0.388232421875 0.260693359375 0.384814453125 0.258740234375 0.376025390625 0.263623046875 0.372607421875 0.260205078125 0.365283203125 0.260693359375 0.354541015625 0.265087890625 0.349658203125 0.270458984375 0.329638671875 0.276318359375 0.312548828125 0.286083984375 0.304736328125 0.285107421875 0.291552734375 0.273388671875 0.286669921875 0.259716796875 0.280322265625 0.248974609375 0.238818359375 0.193310546875 0.226611328125 0.179150390625 0.220751953125 0.178173828125 0.214404296875 0.181103515625 0.210009765625 0.185986328125 0.207568359375 0.198681640625 0.211962890625 0.223095703125 0.225146484375 0.252392578125 0.236376953125 0.257763671875 0.267138671875 0.284619140625 0.280810546875 0.293896484375 0.304736328125 0.315869140625 0.429736328125 0.417431640625 0.462744140625 0.4421875 0.46543579062499996 0.4421875 0.465625 0.4416829421875 0.465625 0.432080078125 0.464404296875 0.425732421875 0.436572265625 0.324169921875 0.420458984375 0.307080078125 0.388232421875 0.260693359375
6 0.5796875 0 0.5796875 0.3756906703125 0.6082217265625001 0.384375 0.612225115625 0.384375 0.6225260421875001 0.349609375 0.6420572921875001 0.3131510421875 0.668098959375 0.2779947921875 0.705859375 0.24674479218749998 0.7475260421875001 0.22721354218749998 0.7852864593750001 0.220703125 0.8203125 0.22445591562499997 0.8203125 0.219954425 0.8165364593750001 0.20768229218749998 0.7983072921875 0.1673177078125 0.773567709375 0.1529947921875 0.780078125 0.1165364578125 0.7709635421875001 0.07486979218749999 0.769661459375 0.0319010421875 0.760961175 0 0.5796875 0
2 0.909244790625 0.5139322921875 0.933984375 0.5087239578125 0.909244790625 0.437109375 0.893619790625 0.38372395937500003 0.894921875 0.36809895937500003 0.874088540625 0.3108072921875 0.862369790625 0.273046875 0.8337239578125001 0.27825520937500003 0.785546875 0.2912760421875 0.7555989578125 0.31341145937500003 0.7295572906250001 0.2912760421875 0.7061197906250001 0.3498697921875 0.6852864578125 0.413671875 0.6852864578125 0.42018229218750003 0.7282552078125 0.426692709375 0.7256510406250001 0.457942709375 0.715234375 0.499609375 0.7256510406250001 0.519140625 0.7608072906250001 0.5282552078125 0.792057290625 0.534765625 0.8156412734374999 0.54375 0.85073529375 0.54375 0.851953125 0.523046875 0.862369790625 0.511328125 0.883203125 0.511328125 0.909244790625 0.5139322921875
8 0.8347005203125001 0.56875 0.8626302078125001 0.56015625 0.8951822921874999 0.5432291671875 0.923828125 0.5197916671875 0.955078125 0.47942708281249996 0.9720052078125001 0.437760415625 0.9765625 0.380794275 0.9765625 0.3707899296875 0.9576822921874999 0.316666665625 0.9264322921874999 0.27109375 0.8782552078125001 0.24244791562499998 0.8274739578125001 0.228125 0.7819010421874999 0.22161458281250002 0.7233072921875 0.23984375 0.6829427078125 0.2645833328125 0.6516927078125 0.3036458328125 0.6282552078125 0.336197915625 0.6178385421875 0.367447915625 0.619140625 0.3817708328125 0.6165364578125 0.3856770828125 0.6178385421875 0.429947915625 0.6282552078125 0.469010415625 0.6490885421875 0.5119791671875 0.697265625 0.5484375 0.7457899296875 0.56875 0.8347005203125001 0.56875
7 0.7880667890625 0 0.7684895828125 0.0229525859375 0.7684895828125 0.0713541671875 0.8127604171874999 0.0635416671875 0.84140625 0.084375 0.8609375 0.1091145828125 0.8765625 0.1286458328125 0.89609375 0.1091145828125 0.9299479171874999 0.06484375 0.9494791671874999 0.0361979171875 0.9520833328125 0.01015625 0.9452032921875 0 0.7880667890625 0
6 0.9499674484374999 0 0.9546875 0.0075520828124999995 0.946875 0.04140625 0.8739583328125 0.1299479171875 0.9221354171874999 0.2692708328125 0.946875 0.2979166671875 0.9703125 0.3578125 0.98203125 0.3916666671875 0.98203125 0.3864583328125 1 0.3984375 1 0.024665178125 0.9924479171874999 0.0192708328125 0.9667534734375 0 0.9499674484374999 0
1 0.3475257328125 0.56875 0.1246362421875 0.6778139390625 0.12423046093750001 0.67584499375 0.1253149265625 0.764369825 0.1418654421875 0.796875 0.145495646875 0.796875 0.515625 0.6719795703125 0.515625 0.56875 0.3475257328125 0.56875
1 0 1 0.111551484375 1 0.102473471875 0.6868175187500001 0 0.6075026328125 0 1
6 0.4584961015625 1 0.41182177031249995 0.856358471875 0.36864076562500003 0.7375223890625 0.3382836265625 0.7282503968749999 0.3095013546875 0.7337833671875 0.30266740468750003 0.7412508625 0.18246493125000002 0.7819019125000001 0.18495364375 0.78338925 0.18104915 0.782209628125 0.1967519015625 0.81101108125 0.23051987343749997 0.8611257343750001 0.27738664218750003 0.9031215421875001 0.3642600859375 0.9827638437499999 0.3637625484375 1 0.4584961015625 1
7 0.5796875 0.807071940625 0.5923095703125 0.811279296875 0.6362548828125 0.828369140625 0.668497721875 0.8421875 0.6886962890625 0.8421875 0.6972900390625 0.841796875 0.7473388671875 0.838134765625 0.8010498046875 0.833251953125 0.8218017578125 0.81982421875 0.8486572265625 0.78564453125 0.8596435546875 0.7783203125 0.8816162109375 0.760009765625 0.896875 0.73653470625 0.896875 0.6788330078125 0.8864990234375 0.647705078125 0.8608642578125 0.6318359375 0.8291259765625 0.625732421875 0.7802978515625 0.593994140625 0.7424560546875 0.586669921875 0.6948486328125 0.586669921875 0.6509033203125 0.6025390625 0.6008544921875 0.6171875 0.5796875 0.6251966328125 0.5796875 0.807071940625
7 0.86435546875 1 0.86875 0.9912109375 0.86875 0.9881784546875 0.851171875 0.96875 0.8140625 0.958984375 0.7994140625 0.9326171875 0.765234375 0.892578125 0.73203125 0.865234375 0.702734375 0.8505859375 0.6548828125 0.8359375 0.6158203125 0.8193359375 0.581640625 0.806640625 0.5796875 0.8060396640625 0.5796875 0.9905133921874999 0.5962890625 1 0.86435546875 1
7 0.7432173296875 1 0.7333984375 0.969140625 0.7158203125 0.906640625 0.6982421875 0.86171875 0.6728515625 0.851953125 0.6318359375 0.8607421875 0.5927734375 0.875390625 0.5796875 0.8940129203125 0.5796875 0.9508029515625 0.5869140625 0.97890625 0.5883203124999999 1 0.7432173296875 1