7 0.04187646875 0 0.0635018421875 0.0228213921875 0.1139386828125 0.0946371109375 0.12642938125 0.140707571875 0.146263253125 0.1759379234375 0.3003432875 0.33853955 0.33079009843749996 0.3609375 0.3606161046875 0.3609375 0.3847802078125 0.33040946875 0.400040425 0.3236344 0.42884501249999996 0.29111407499999997 0.4246264234375 0.24233358749999998 0.42718866093749996 0.2192983578125 0.43125 0.21365035 0.43125 0.2106505828125 0.40500559062499997 0.20303819375 0.3735447015625 0.156967734375 0.3447996015625 0.13664253125 0.2780315859375 0.0661818265625 0.23994341874999997 0.0431465953125 0.2025711453125 0.032306487499999995 0.1741100984375 0.0065612296875000005 0.1551562234375 0 0.04187646875 0
7 0.4390625 0 0.288953546875 0 0.29647382499999997 0.025601287499999997 0.321585725 0.0635416671875 0.378164275 0.17329776562500002 0.40634126875 0.2044630765625 0.41149124375 0.2046875 0.4390625 0.2046875 0.4390625 0
7 0 0.38125 0.1384316859375 0.38125 0.1564252 0.36505758906249997 0.180164803125 0.3257621953125 0.18125 0.3050553796875 0.18125 0.2888313109375 0.1747332234375 0.27427168125 0.139852175 0.2417513546875 0.075166590625 0.23497628750000002 0 0.2411111296875 0 0.38125
7 0 0.24433967031249998 0.0439358890625 0.23810975625 0.085941309375 0.23810975625 0.10940261874999999 0.229979675 0.12936699375 0.21100948593750002 0.13891733906249998 0.1839092140625 0.1390625 0.1811393796875 0.1390625 0.1596211359375 0.1210008265625 0.11209349531249999 0.0940368203125 0.0836382109375 0.033801059375 0.0609375 0.0310560375 0.0609375 0 0.06653075625 0 0.24433967031249998
5 0.127262125 0.604071103125 0.0879803375 0.57135618125 0.07353498593749999 0.56371000625 0.0471593078125 0.5455450578125001 0.034700406249999996 0.539984078125 0.0296877828125 0.54274068125 0.0251921171875 0.5425318875 0.0206702953125 0.5468059890625 0.0070757671875 0.5646092875 0.007049612500000001 0.5690921828125 0.019496890625 0.5766455625 0.02549983125 0.5754296562500001 0.029016803125 0.5721053546875 0.0350052140625 0.57337994375 0.0598561796875 0.5959581921874999 0.092737221875 0.6124323359374999 0.0997217640625 0.6142514265625 0.10967144843750001 0.6216888078125 0.108965596875 0.6570306734375 0.1048502984375 0.677267159375 0.09724999375 0.695348853125 0.099669121875 0.7089135359375 0.1091628796875 0.7088562234375 0.118627578125 0.7137799078125 0.1245840203125 0.7205335921875 0.131975084375 0.7383150671875001 0.14044074687500002 0.743192353125 0.14538943437500002 0.7513939390625 0.15985512968749999 0.7555534171875 0.180329578125 0.7575007906250001 0.1873054015625 0.760814178125 0.19673231875 0.7722131546875 0.203318065625 0.7984375 0.20706499374999998 0.7984375 0.21257742031250002 0.7968643109375 0.2508779421875 0.7408479187499999 0.265625 0.7143707218750001 0.265625 0.653807315625 0.26288996875000004 0.6517235890624999 0.2504078171875 0.6501474046875 0.2439344203125 0.6463591171875 0.223927521875 0.6499140390625 0.1561266765625 0.623846346875 0.127262125 0.604071103125
4 0.1882876875 0.5920677750000001 0.15484028593750002 0.5870267203124999 0.148901278125 0.5772844359375 0.1369448 0.5712485578125 0.125461684375 0.5697187734375 0.12644909843750002 0.5717575703125 0.122903065625 0.5800628671875 0.12487207656249999 0.585136659375 0.13529512500000002 0.5970801359375 0.14724288593749998 0.6046103125 0.1512128796875 0.6092788046875001 0.1626756515625 0.614295284375 0.1676301515625 0.621500671875 0.16907930468750001 0.6300379625 0.2224260765625 0.649953775 0.22342136875000002 0.65 0.22731088906250002 0.65 0.2328125 0.6477016296875 0.2328125 0.6436102984375001 0.22160140625000002 0.62002140625 0.215130915625 0.61573501875 0.2126914453125 0.60565703125 0.2102112859375 0.6025524359375 0.197743665625 0.59848575625 0.1882876875 0.5920677750000001
4 0.034337621875 0.7598660953125 0.024350157812500002 0.7589040078125 0.0217740984375 0.7722367 0.01826584375 0.7740667015625 0.011713979687499999 0.7837271015624999 0.01453381875 0.81425036875 0.019467975000000002 0.8249424515625 0.02392541875 0.828125 0.0440179078125 0.828125 0.0499531390625 0.8238671156249999 0.0534875484375 0.8175542171875 0.0540539078125 0.8061211265624999 0.05711204843749999 0.7958002328125 0.06875 0.77812910625 0.06875 0.776288828125 0.0642854875 0.765242853125 0.05931936249999999 0.7600298640625001 0.0563280609375 0.75889446875 0.051820771875000005 0.7606780734375 0.037346357812499995 0.7580128953124999 0.034337621875 0.7598660953125
3 0.8761219796875 1 0.8762179296875001 0.9535754781249999 0.8796875 0.8891496312499999 0.8796875 0.8807245218750002 0.8723578843750002 0.8639881671874999 0.8765581234375001 0.8297484468749999 0.8737101031249999 0.756122040625 0.8763156078125001 0.718741846875 0.848811721875 0.7089120890625 0.8167982921875 0.7035624359374999 0.7851622062500001 0.7032069921874999 0.7542808046875 0.7128399671875 0.742089575 0.7234482703125 0.7267781703124999 0.759491790625 0.7373239500000001 0.7784374640625 0.718156253125 0.8943384062499999 0.709375 0.9819444859375001 0.709375 0.9829978671875 0.712061915625 1 0.8761219796875 1
7 0.4390625 1 0.683085596875 1 0.6762460234375001 0.98792310625 0.6576585343750001 0.9780404609375001 0.62943460625 0.9740803703124999 0.5678598515625 0.9676026390625001 0.49260181875000003 0.9596854125000001 0.447779803125 0.961906403125 0.4390625 0.9627145546874999 0.4390625 1
3 0.4390625 0.9630936859375 0.479867271875 0.95903924375 0.48212204375 0.9567991921874999 0.505930453125 0.95236754375 0.552664540625 0.958770375 0.5671965265625 0.9573264484374999 0.581111159375 0.9528448671875 0.5953084843750001 0.9379885484375 0.5992006703125 0.930470790625 0.603125 0.9145775281249999 0.603125 0.8845814578125001 0.596789996875 0.8613494562499999 0.5876075984375 0.851465334375 0.5738469937499999 0.8425859359375 0.5427509374999999 0.8378282437500001 0.5157017203125001 0.8404325984375 0.4595025375 0.8345203828125001 0.4390625 0.8310969468749999 0.4390625 0.9630936859375
0 0.551706615625 0.686376390625 0.5245973953125 0.6894698859374999 0.5008149703125 0.7057951 0.4856062484375 0.7329313 0.48030862656249995 0.7680464765625 0.48963701562499995 0.7888458828125 0.5112939625 0.8059877578125001 0.5571626421875 0.8355857562499999 0.5789222734375 0.8438203078125 0.593832840625 0.8515625 0.59969809375 0.8515625 0.6130104671875001 0.8483973265625 0.6234375 0.842680009375 0.6234375 0.838665015625 0.621960259375 0.8077209468750001 0.6200042531250001 0.7510337265625 0.6016394578125001 0.7312654828125 0.5955005375 0.716747025 0.5794505187500001 0.6942495921875 0.551706615625 0.686376390625
3 0.4390625 0.8279773859375 0.4427992859375 0.8292996875 0.465162509375 0.8375 0.46701474843749996 0.8375 0.485563865625 0.8357803718749999 0.50764130625 0.8375 0.5227852859375 0.8375 0.5296875 0.8293620749999999 0.5296875 0.8259011609375001 0.513958515625 0.8060677375 0.4936562890625 0.79402289375 0.4812584390625 0.7659642578125 0.486298725 0.7248765921875 0.4777250234375 0.7140656046875 0.461452309375 0.70145376875 0.4390625 0.688603471875 0.4390625 0.8279773859375