7 0.3890625 0.219398271875 0.376318359375 0.225634765625 0.337744140625 0.250537109375 0.323583984375 0.266162109375 0.303564453125 0.308154296875 0.298193359375 0.309130859375 0.275244140625 0.303271484375 0.243017578125 0.303271484375 0.221044921875 0.309130859375 0.205908203125 0.318408203125 0.192236328125 0.332080078125 0.178564453125 0.356494140625 0.173193359375 0.378466796875 0.173193359375 0.396533203125 0.179052734375 0.420458984375 0.185888671875 0.432666015625 0.197119140625 0.444873046875 0.20781886875 0.45 0.3890625 0.45 0.3890625 0.34216684218750004 0.380224609375 0.338427734375 0.364111328125 0.338916015625 0.353857421875 0.334521484375 0.353369140625 0.330126953125 0.365087890625 0.299853515625 0.377294921875 0.281787109375 0.3890625 0.273008121875 0.3890625 0.219398271875
7 0.2595703125 0.153369140625 0.2537109375 0.152392578125 0.2517578125 0.153369140625 0.2517578125 0.157763671875 0.26005859375 0.179736328125 0.2615234375 0.192919921875 0.2546875 0.205126953125 0.2517578125 0.216845703125 0.24833984375 0.245166015625 0.25224609375 0.254931640625 0.26640625 0.265185546875 0.280078125 0.270068359375 0.302819825 0.2734375 0.3105631515625 0.2734375 0.31767578125 0.272509765625 0.3474609375 0.242236328125 0.35625 0.214404296875 0.3671875 0.206091796875 0.3671875 0.1992024734375 0.3669921875 0.198291015625 0.3640625 0.193896484375 0.35869140625 0.190966796875 0.30009765625 0.172412109375 0.27373046875 0.161669921875 0.2595703125 0.153369140625
3 0.3890625 0 0.3890625 0.059215529687500004 0.41455477968750004 0.0899539734375 0.42484667031249995 0.090625 0.4339580484375 0.090625 0.5062056390625 0.07127107656250001 0.652307690625 0.023502134375 0.66875 0.012639739062499999 0.66875 0.00467455 0.6640469609374999 0.0003342875 0.6635820765625 0 0.3890625 0
3 0.3890625 0.2479816890625 0.42765066249999995 0.24328909531249998 0.56195154375 0.18211065312500002 0.582817065625 0.15477190624999998 0.584375 0.12293428437500001 0.584375 0.110415978125 0.5632154578125 0.0737164140625 0.55270775625 0.06875 0.524496003125 0.06875 0.5237292015625 0.06875896249999999 0.3890625 0.10391698281249999 0.3890625 0.2479816890625
3 0.406500584375 0.2430137578125 0.3960268203125 0.2472004078125 0.39518985156249997 0.25398390625 0.4150559859375 0.2849108046875 0.44415048125 0.31302035156249997 0.4991741171875 0.32727940312500003 0.509321453125 0.33664400156249996 0.5116900453125 0.35016374843750003 0.536375671875 0.365625 0.5395653546875 0.365625 0.57169529375 0.35894559843749996 0.5857010484374999 0.34794395 0.590625 0.3362171609375 0.590625 0.2895221859375 0.5820452546875 0.2816042578125 0.5603829671875 0.28050270781250003 0.5300631734375 0.2361505609375 0.5074819125000001 0.2228670625 0.47389624374999995 0.22461436093749998 0.406500584375 0.2430137578125
3 0.611414884375 0.314429284375 0.6177858046875 0.36312557968750003 0.6601712984375 0.3707586296875 0.7277681687499999 0.396875 0.7284374609375 0.396875 0.7547012921875 0.3723632296875 0.7766900078125 0.3599135328125 0.8568460203124999 0.3318817875 0.8951270765625001 0.302984740625 0.91558416875 0.27023179375 0.9234375 0.19673316875 0.9234375 0.185934240625 0.91880824375 0.169943103125 0.9075176140625001 0.1633013515625 0.7941023578124999 0.17952915 0.7439180203125 0.19366314843750002 0.6239911250000001 0.2844779375 0.611414884375 0.314429284375
3 0.6594741875000001 0.12409021406250001 0.6074116937499999 0.149084109375 0.5654965328125 0.18344260625 0.5368723734375 0.1973246046875 0.5322991953125 0.208216003125 0.53487200625 0.22444285156250002 0.552962090625 0.267583196875 0.579483778125 0.2794658953125 0.5967771 0.2941659453125 0.6097924499999999 0.2953125 0.6104220453125 0.2953125 0.7535153359375 0.1907282078125 0.798451946875 0.1427869640625 0.8328125 0.11813006562499999 0.8328125 0.115554771875 0.8307504140624999 0.08821971875 0.823400209375 0.0801771703125 0.7985323609375 0.072339371875 0.7582091359375001 0.0741654203125 0.7001439453125 0.0911010171875 0.6594741875000001 0.12409021406250001
10 0 0.7883093984375 0.026516534375 0.7868801624999999 0.064458275 0.79375 0.06577198125 0.79375 0.11829986562499999 0.7780207890625 0.1453125 0.7816516109375 0.1453125 0.7799900921875 0.11889714375 0.72847594375 0.1007114890625 0.6258772171875 0.069908871875 0.54589290625 0.0420736484375 0.52507404375 0 0.5322613609375 0 0.7883093984375
10 0.1941246421875 0.68358204375 0.1661931484375 0.741206159375 0.16742634218750002 0.75633981875 0.25599969843750003 0.9151114078125001 0.3044945609375 0.9460404406249999 0.3249076171875 0.9484375 0.3353531296875 0.9484375 0.34430703125 0.94094431875 0.344491978125 0.9068142328125 0.3568315171875 0.9353949499999998 0.3640625 0.934159703125 0.3640625 0.9314892765625 0.348515215625 0.8924875578125 0.346187540625 0.8366226765625001 0.3203639359375 0.8086404765624999 0.25683955625 0.6387701484375 0.22790605 0.6385979984375 0.1941246421875 0.68358204375
10 0.3890625 0.6007724671875 0.3839357875 0.6008547796875 0.2965842296875 0.64135065625 0.28236798125 0.655713646875 0.278664596875 0.6716906078125 0.286614803125 0.721480234375 0.31412636875 0.8020267484375001 0.3317223453125 0.831414446875 0.3461746125 0.8390625 0.35287095625 0.8390625 0.3695231921875 0.833481665625 0.3890625 0.8210825453125 0.3890625 0.6007724671875
10 0.3890625 0.5397301515625 0.261826275 0.625596621875 0.2551979375 0.63525354375 0.25935608593750004 0.6567072406250001 0.275070771875 0.6859375 0.27551810625 0.6859375 0.29592374062500004 0.643640796875 0.33843378281250003 0.6261493859375 0.3890625 0.6175006328125 0.3890625 0.5397301515625
10 0.3890625 1 0.3890625 0.9367152421875 0.3596607078125 0.9337855890625001 0.316191096875 0.94632615 0.265684609375 0.9225604515625001 0.20260740156249998 0.9128766484374999 0.223174571875 0.9400518640625 0.2282922921875 0.9664564125 0.22479550312500002 1 0.3890625 1
6 0.3890625 0.4831731296875 0.3769916453125 0.47953578906249994 0.3524474734375 0.4581547265625 0.32547935156249996 0.4593517625 0.3083381453125 0.46739471874999994 0.29773280468749996 0.48284579218749996 0.2483670421875 0.4912787984375 0.2090093390625 0.5338055749999999 0.2167784 0.5563473546875001 0.255904915625 0.5564831875 0.26966259843749996 0.5660674765625 0.2715817453125 0.57596918125 0.262621928125 0.59113915625 0.2335959484375 0.60803205 0.243330390625 0.6319430140625 0.2716704203125 0.6202820734375 0.33900205156249996 0.5729765953125 0.358567209375 0.5423555437500001 0.3673458765625 0.49993771875000004 0.3851268 0.49519533125 0.3890625 0.498623821875 0.3890625 0.4831731296875
8 0 0.9327396765625 0.008232440625 0.9363674109375001 0.0115697265625 0.927272690625 0.028391074999999998 0.9175794500000001 0.12762740781249998 0.8682336375 0.15180928437500002 0.835119 0.142167315625 0.7941429921875001 0.11661733437499999 0.7763436015625 0 0.7838013890625 0 0.8594708296875 0.0220401578125 0.8760412453124999 0 0.9136277749999999 0 0.9327396765625
8 0.2297070890625 1 0.23489882031249998 0.9743682796875 0.23110676562500002 0.9460323453124999 0.2177614140625 0.9210332984375 0.19024604843749998 0.9018647203124999 0.1541369625 0.89098388125 0.11267896875000001 0.8963611031250001 0.0882697078125 0.9107604125 0.07798422499999999 0.9278617734375001 0.0689319359375 0.9600967921875 0.071078465625 0.9887138249999999 0.0772008234375 1 0.2297070890625 1