0 0.6749411265624999 0.6285923734375001 0.670767540625 0.60390813125 0.6650774265625 0.5953223078125001 0.6637048937500001 0.587273096875 0.660284746875 0.585126640625 0.6523502531250001 0.5856632546875 0.64539636875 0.5904927796874999 0.628350003125 0.5904927796874999 0.595575428125 0.5878097109375 0.5716887671875 0.5835167984375 0.5309237078125 0.5808337296875 0.4974484671875 0.5765408171875 0.48805665156250005 0.5733211328125 0.4765628421875 0.5652719234375 0.46100259687499995 0.5641986953125 0.43417249687500004 0.5572227125 0.4227042671875 0.5647353093749999 0.418469865625 0.57010145 0.4128021171875 0.5974687624999999 0.4052291375 0.6167868671875001 0.40405015625 0.6259093046875 0.4091195640625 0.659179371875 0.41376986093749996 0.6833270031249999 0.417385165625 0.6924494390625 0.431177740625 0.7021084921875 0.44174692968749996 0.7064014046875 0.46728767656250003 0.7112309296875 0.481753725 0.7171336828125 0.5225747734375 0.72035336875 0.5459847234375 0.72518289375 0.58142279375 0.7278659625 0.6484868625 0.72732935 0.664215075 0.73001241875 0.6718696265624999 0.726792734375 0.675936059375 0.719816753125 0.68135909375 0.64415418125 0.6749411265624999 0.6285923734375001
9 1 0.422177040625 0.8893097437499999 0.43058181093750003 0.9136224875 0.5615156265625 0.9225834265625 0.62698253125 0.9262759812500001 0.6827903890625 1 0.7248500265625 1 0.422177040625
9 0.68826774375 0.504634540625 0.6793533015625 0.5110739093750001 0.7221086750000001 0.683863615625 0.7565819546875 0.679570703125 0.7782781375 0.6731313375 0.7954897828124999 0.6645455124999999 0.82094129375 0.6634722828124999 0.8388248046875001 0.6613258281250001 0.8531769499999999 0.6559596875 0.872404196875 0.66669196875 0.8891105890625 0.6634722828124999 0.9085645015624999 0.6559596890625 0.9251589156250001 0.6516667765624999 0.8991145812499999 0.47351093125 0.8895282734375 0.47351092968749997 0.8485474984374999 0.47887707031250004 0.8235439015624999 0.48424320937500004 0.7649035703125 0.49390226249999997 0.7277354625 0.494975490625 0.68826774375 0.504634540625
9 0.6376925250000001 0.5711746765625 0.63790395625 0.5711746765625 0.6708921984375 0.48102352656249997 0.6870960453125 0.46277864687500003 0.7010603343749999 0.4230692125 0.7194518171875 0.3951652875 0.7237697421875 0.385506234375 0.5184342265625 0.28569603125 0.47698926718749995 0.40911725 0.44951131093749996 0.4724377015625 0.4599360953125 0.49068257812500005 0.45970942812500004 0.508927453125 0.46402464375 0.519659734375 0.46587363281250005 0.527172328125 0.5013566453125 0.5507833453125001 0.5275919984375 0.5572227125 0.5485016234375 0.5636620812500001 0.5865655515625 0.5711746765625 0.6281062171875 0.5711746765625 0.6376925250000001 0.5711746765625
9 0.4034043578125 0.6634722828124999 0.3975733734375 0.6688384234375 0.3839504421875 0.6709848828125 0.378064825 0.6656187421875 0.3788513828125 0.6527400046875 0.3819921859375 0.6420077234375 0.39415940625 0.625909303125 0.40475622656250004 0.615177025 0.410363253125 0.6076644296875 0.416139603125 0.5915660093749999 0.418665884375 0.5647353093749999 0.4110978875 0.5636620812500001 0.377742453125 0.560442396875 0.36748699218750003 0.533611696875 0.3200661359375 0.48746289374999996 0.2129971453125 0.441314090625 0.1457155375 0.5110739093750001 0.1374729640625 0.5239526453125001 0.1376395734375 0.5357581546875 0.13354560625 0.5475636609375 0.132480459375 0.5475636609375 0.1475017578125 0.569028221875 0.16891392968750002 0.5904927796874999 0.2815271765625 0.679570703125 0.3559125953125 0.7289391921874999 0.38741633124999997 0.7450376125 0.39952620625 0.73859824375 0.41158145 0.7214265953125001 0.42458986093749995 0.7031817203124999 0.4183136796875 0.6838636140625 0.41702728906250003 0.6613258281250001 0.412040209375 0.6441541796875 0.4034043578125 0.6634722828124999
9 0.19292615468750002 0.4316550390625 0.4323488734375 0.5325384703125 0.443396315625 0.50570776875 0.49718324375 0.3168196421875 0.33921394843749997 0.2524259625 0.22653793437499997 0.2137897546875 0.2265871421875 0.2653047 0.21806055781250003 0.3060873625 0.22276633750000002 0.33077160625 0.193155378125 0.41448339062499995 0.19292615468750002 0.4316550390625
9 0 0.15447040781250002 0.0046042734375 0.28631953593750004 0.1748840078125 0.38228655 0.18104685625 0.3790668671875 0.2183937765625 0.32969837968750004 0.2212559921875 0.3060873625 0.22462346093750002 0.2771102078125 0.22686844218750002 0.25779210468749997 0.2266472 0.235254315625 0.11044523749999999 0.152615759375 0.0791108265625 0.1279315171875 0.0035509953125 0.05709846875 0 0.056744395312499994 0 0.15447040781250002
9 1 0.3518907828125 0.9926997343749999 0.3189660984375 0.9723662718750001 0.1955448796875 0.9623921093750001 0.161201584375 0.93761246875 0.1687141796875 0.9413596578125001 0.235254315625 0.9340129062500001 0.25671887656250003 0.9254316859375 0.28676925937500003 0.9074881171875001 0.3189660984375 0.8890420015625 0.33613774687500003 0.873512734375 0.340430659375 0.8914400328125 0.43058181093750003 1 0.4222604078125 1 0.3518907828125
9 0.6795826828125 0.4724377015625 0.6858021265625001 0.49926840156249996 0.8991145812499999 0.47351093125 0.8755310453125 0.3393574296875 0.8691401750000001 0.33935743125 0.8313002031250001 0.333991290625 0.7819675890625 0.33077160625 0.6472567453125 0.315746415625 0.6497748875 0.350089709375 0.7216394515625 0.385506234375 0.6795826828125 0.4724377015625
9 0.681095740625 0.47673061250000004 0.66545178125 0.5003416296875 0.6462136875 0.5711746765625 0.6763736875 0.5743943625 0.6798927296875 0.6366415859375001 0.7059083187499999 0.6430809515625 0.6847336625 0.5218061890625 0.6842884625 0.497121946875 0.681095740625 0.47673061250000004
9 0.46985291250000005 0.534684925 0.45954010468749995 0.5175132765625 0.457524503125 0.49819517500000005 0.45937620625 0.48531643750000003 0.4513603 0.47995029687499996 0.4345911421875 0.533611696875 0.4154758703125 0.5239526453125001 0.36012635 0.5024880859375 0.37903155312500003 0.5625888546875 0.423879634375 0.5636620812500001 0.44086732343749996 0.5529298 0.49350735312499994 0.5572227125 0.5366730515625 0.5625888546875 0.46985291250000005 0.534684925
9 0.8712270734375 0.6656187421875 0.8621460234375 0.6602526 0.843926575 0.6591793703125 0.8326578890624999 0.6634722828124999 0.80448345 0.66669196875 0.8883786640625001 0.6870833000000001 0.8943243359374999 0.6623990578125001 0.8786830921875 0.665618740625 0.8712270734375 0.6656187421875
7 0.92120195625 0.185885828125 0.935615234375 0.17086063437500001 0.9395696906250001 0.162811425 0.9291428859374999 0.14456655000000002 0.9161917546874999 0.13276104375 0.8962867375 0.1257850609375 0.8595033265625001 0.120418921875 0.6869392999999999 0.105393728125 0.610062696875 0.10378388593750001 0.47941069687500004 0.1075401859375 0.44142110937499995 0.1059303421875 0.3843391515625 0.1000275875 0.3722262453125 0.1064669578125 0.336783353125 0.134370884375 0.32713878125 0.13383426874999999 0.31735504375 0.12685828906250002 0.27908551406250004 0.1225653765625 0.2599083546875 0.1225653765625 0.2500670203125 0.125248446875 0.2448792015625 0.13168781406250002 0.240025703125 0.15154253125 0.2452902703125 0.19178858125 0.25636175156249996 0.2111066859375 0.26219264062500003 0.21593621093749998 0.2903968828125 0.2207657375 0.3304052859375 0.22130235312500002 0.349748803125 0.2331078578125 0.369820178125 0.2518893484375 0.387509609375 0.26315824375 0.41341348125 0.2765735921875 0.45274680156249997 0.291062171875 0.4884648140625 0.2964283109375 0.505511178125 0.2964283109375 0.5161939531249999 0.2915987859375 0.5289787265625 0.2915987828125 0.565536575 0.305014134375 0.594862203125 0.310380275 0.6298795515625 0.314136571875 0.6581685828125 0.3146731859375 0.7278945375 0.324332240625 0.786041890625 0.33023499375 0.8385263265624999 0.3329180640625 0.8720575578125 0.3377475875 0.8830202765624999 0.335601134375 0.8976846999999999 0.3280885375 0.9083402828124999 0.3178928703125 0.9232318796874999 0.2921354 0.9347049343749999 0.25403580312499996 0.9365878015625 0.2261318765625 0.933281240625 0.2148629828125 0.9302818109375 0.21164329999999998 0.9286581328124999 0.19608149375 0.926668115625 0.192325196875 0.921537890625 0.18910551250000002 0.92120195625 0.185885828125