7 0.6796875 0.41957073125 0.689899128125 0.419332034375 0.6952827109374999 0.4142989703125 0.7046739984375 0.39837633437500003 0.7233821265625 0.3969575890625 0.7429650015625 0.38668539375 0.7494253015625001 0.38064571875 0.7585174234375 0.35785996249999996 0.7560648234375 0.3530100671875 0.7475406984374999 0.350264984375 0.746164815625 0.344408478125 0.743420634375 0.3425097328125 0.7170782921875001 0.351958484375 0.711403128125 0.3599426984375 0.69113989375 0.377100909375 0.6811654453125 0.39892584375 0.6796875 0.41388440156249995 0.6796875 0.41957073125
7 0.79742073125 0.44135484375 0.7766878937499999 0.421229134375 0.73220541875 0.40656579375 0.7202491703125 0.3989937109375 0.7067302375 0.39734682656250003 0.687850471875 0.4301758140625 0.68805244375 0.43802265 0.6962849875 0.44371888125 0.79742073125 0.44135484375
7 0.7803144046874999 0.42408869843749997 0.7983120968749999 0.4413340078125 0.8681368453125 0.4397018609375 0.8438862031250001 0.42358415781250003 0.8228226671875 0.4191692921875 0.8018487406249999 0.40395644218750004 0.773434990625 0.3948061625 0.7668774968750001 0.40182955781249996 0.76816376875 0.4184840515625 0.7803144046874999 0.42408869843749997
7 0.7961129015624999 0.3334264984375 0.782496775 0.332763328125 0.768297484375 0.33800246093749997 0.7616427953125 0.3460095703125 0.7597961109375 0.364700184375 0.7481541968750001 0.3836197640625 0.750509603125 0.3894533734375 0.7898773265625 0.376755821875 0.8045550015625 0.3567838375 0.8054297484375 0.3479303875 0.7961129015624999 0.3334264984375
7 0.8275183109375 0.41120797500000006 0.8257612359375 0.4191006046875 0.8402596921875001 0.42072459375 0.8511392234375 0.4293032890625 0.8782591171874999 0.411984803125 0.9087139375 0.40047703281249997 0.9243711359375 0.380482153125 0.9626545562500001 0.35897694375 0.9618618375000001 0.3472181359375 0.9464810515625001 0.3446333265625 0.9077040765625 0.3612428484375 0.8820420921875 0.3638055859375 0.8356309062499999 0.38844511718749997 0.8228074984375 0.39954075312500004 0.8275183109375 0.41120797500000006
7 0.9431764593749999 0.378079690625 0.928483615625 0.3784231359375 0.9166397296875001 0.3894958765625 0.9100898187500001 0.40633354062500004 0.904803428125 0.41038288749999996 0.9019848046875 0.43891066875 0.9385536640625001 0.438055875 0.9425264390624999 0.4242227859375 0.9568153390624999 0.40818566718750005 0.959349965625 0.3924233078125 0.9568001718750001 0.38855713125 0.9431764593749999 0.378079690625
7 0.7913655687500001 0.40125715156249997 0.812421521875 0.3958577453125 0.8273011703125001 0.3837325984375 0.8364008734375 0.3707611140625 0.8414777078125001 0.34905066093750003 0.8303065953125 0.3434231171875 0.8301046234375 0.33557627968750003 0.8223656359374999 0.3347757328125 0.80474180625 0.345002134375 0.80563171875 0.35577722500000003 0.7941841921874999 0.3727293703125 0.7796933203125 0.38091965 0.7815627562499999 0.39167184375 0.7913655687500001 0.40125715156249997
7 0.8820193406250001 0.3343627765625 0.8676332453125 0.35138361093750003 0.854121896875 0.35955099375 0.8481551484375001 0.37048635937499996 0.8291630218750001 0.384670525 0.8285798578125 0.3905728234375 0.8447381953124999 0.3852879 0.88106256875 0.3638284828125 0.909663121875 0.3611970578125 0.9331640890624999 0.3508332796875 0.9392280312500001 0.338914196875 0.934614415625 0.3262632578125 0.9229497500000001 0.31574002968750003 0.9160930875 0.315900303125 0.8996431687499999 0.32413637500000003 0.8908350453124999 0.3341567109375 0.8820193406250001 0.3343627765625
7 0.9807112671875 0.275132071875 0.956223190625 0.275704478125 0.9492693375 0.27684846875 0.9470187093749999 0.279845409375 0.9126382124999999 0.28163049375 0.8950143828125 0.291856896875 0.867101771875 0.2974165765625 0.8618153812499999 0.301465921875 0.8615313828125 0.31423134375 0.8641783703125 0.3171138046875 0.897579346875 0.3153516140625 0.905123946875 0.31811959375 0.9239292718750001 0.3157171328125 0.9266734515625 0.317615878125 0.9472434343749999 0.3171350546875 0.9553712000000001 0.3140007359375 0.9680078046875 0.3146868015625 0.9820127062499999 0.311415103125 0.98524285625 0.3083952640625 0.9861996281250001 0.27892955937499997 0.9807112671875 0.275132071875
6 0.134912734375 0.5296875 0.1231984765625 0.5459010125 0.10639088125 0.5785497265624999 0.08214459843750001 0.6156474390625 0.08573046250000001 0.6754602578125001 0.032026959375000004 0.6733209312499999 0.007769218749999999 0.68527805 0.038874434375 0.7913182171875001 0.0495823703125 0.8618140828125 0.07775022499999999 0.9112981281250001 0.0997611234375 0.938223771875 0.133708209375 0.8913150906249999 0.137255875 0.86732591875 0.15924385624999998 0.84397036875 0.1744569359375 0.861841309375 0.1728585953125 0.9039807640624999 0.172545803125 0.9274930156250001 0.2796323765625 0.9385235156250001 0.3249206203125 0.9318466000000001 0.3737679921875 0.926321109375 0.384430090625 0.8962545890625 0.41711454843749995 0.9182543078125001 0.4446148015625 0.9225806656250001 0.44296925312499996 0.9211471187499999 0.4283869546875 0.8076424937500001 0.4303057265625 0.7587511890625 0.4377253109375 0.7124011921875 0.44449257343750004 0.6544143046875 0.45515085468749994 0.6159675859375 0.44411866718750004 0.5438433734375 0.44251137968750004 0.5296875 0.134912734375 0.5296875
6 0.5390619359375 1 0.5458992281249999 0.9797226984375002 0.5572212875 0.9780534703124999 0.5756539625 0.9619266953124999 0.579518240625 0.9228054718750001 0.575299153125 0.8932567562500001 0.5950059171875 0.833362178125 0.5771988265625 0.8024644546874999 0.5801018109375 0.7835987890625 0.55646965625 0.7485314078125 0.5263677515625 0.714417875 0.48301355468749996 0.7057242765625 0.4409754640625 0.7454450671874999 0.42512916250000005 0.7578382234375 0.446556490625 0.92397055 0.38993090625 0.8987959015625 0.37894455625 0.9272340734375 0.27995662656250003 0.9401518624999999 0.1903376140625 0.924869940625 0.1592744140625 0.9110119593749999 0.1939081984375 0.9511619625 0.22594797187500001 0.9782851843749999 0.24897852656250002 1 0.5390619359375 1