3 0.509375 0.1795020625 0.4953125 0.17333984375 0.48212890625 0.16943359375 0.47529296875 0.16796875 0.45185546875 0.1689453125 0.32880859375 0.19873046875 0.321484375 0.2041015625 0.3126953125 0.2060546875 0.29755859375 0.2060546875 0.27705078125 0.21142578125 0.2697265625 0.2138671875 0.253125 0.2265625 0.23798828125 0.22900390625 0.2248046875 0.234375 0.15400390625 0.2490234375 0.106640625 0.2646484375 0.0431640625 0.27734375 0.028515625 0.283203125 0.01630859375 0.29296875 0.00458984375 0.3076171875 0 0.3175618484375 0 0.3946105953125 0.01533203125 0.42431640625 0.02216796875 0.4296875 0.1968505859375 0.4296875 0.27119140625 0.41796875 0.36640625 0.3994140625 0.501171875 0.37744140625 0.509375 0.3734641328125 0.509375 0.1795020625
3 0.509375 0.4296875 0.509375 0.40067771093750004 0.478125 0.3875 0.46884765625 0.385546875 0.452734375 0.385546875 0.37412109375 0.39921875 0.36728515625 0.40166015625 0.3658203125 0.405078125 0.3753588296875 0.4296875 0.509375 0.4296875
10 0.509375 0.07041842968749999 0.315478515625 0.12041015625 0.185107421875 0.15166015625 0 0.2011358734375 0 0.2748760515625 0.002978515625 0.27373046875 0.049365234375 0.2654296875 0.118212890625 0.24833984375 0.138232421875 0.24248046875 0.171435546875 0.229296875 0.209521484375 0.225390625 0.256884765625 0.215625 0.509375 0.155996309375 0.509375 0.07041842968749999
3 0.509375 0 0.4050021703125 0 0.39208984375 0.033203125 0.3935546875 0.06591796875 0.39599609375 0.07275390625 0.39697265625 0.0859375 0.40212890625000003 0.0953125 0.404340278125 0.0953125 0.4248046875 0.09130859375 0.509375 0.06858265 0.509375 0
3 0.509375 0.4296875 0.5734375 0.4296875 0.5734375 0.429220215625 0.5535884703125 0.3752216046875 0.5357818828124999 0.2834563796875 0.514006578125 0.24085945 0.509375 0.23746161093749998 0.509375 0.4296875
3 0.61476176875 0.4296875 0.60772670625 0.4026048484375 0.589754665625 0.374595603125 0.5832865453125 0.3474972390625 0.5626040171875 0.35087408125 0.559819340625 0.358222621875 0.560669596875 0.398973484375 0.5680821046875 0.4239705296875 0.568347565625 0.4296875 0.61476176875 0.4296875
9 0.20836307812500002 1 0.2070694390625 0.9878815734374999 0.20604029218750003 0.96159104375 0.20774165 0.9376899453124998 0.2074185203125 0.9252945499999999 0.211385778125 0.9129266515625 0.2134324625 0.8814079515625 0.2100460203125 0.8772798406250001 0.195326328125 0.8704551390624999 0.1673651078125 0.8650873046874998 0.1217779546875 0.8484880765625 0.089231328125 0.8426016390625 0.0827345671875 0.8404104359375001 0.0749290078125 0.8405679421875 0.06109436875 0.83521654375 0.057033096875 0.8349236687499999 0.049305959375 0.8388767625 0.039755335937500004 0.8421658937500001 0.0349673546875 0.8451127265625 0.0484604859375 1 0.20836307812500002 1
9 0.318613909375 0.6819150890625 0.2590287171875 0.6462491515625001 0.258540809375 0.6476163953125 0.2547296296875 0.6540369734375 0.2495226921875 0.6639459000000001 0.24543512031249998 0.6741618 0.24606658593750003 0.675836009375 0.23381928125 0.697718221875 0.2091267625 0.7409138359374999 0.1844013390625 0.7881161062500001 0.16864437968749998 0.813310815625 0.1562502859375 0.8340358 0.157876146875 0.8353381843750001 0.157406121875 0.84265759375 0.158871690625 0.8439404781250002 0.1684583515625 0.85085421875 0.1747892265625 0.8557138250000002 0.1889427703125 0.8642727656249999 0.20570551718750002 0.873908684375 0.22597226875 0.8862088499999998 0.2682403453125 0.9116840859374999 0.2703723984375 0.9125 0.2740172984375 0.9125 0.27626798125 0.9073932484375 0.2829582796875 0.8957878015624999 0.28708124375 0.8884110046875 0.290207703125 0.8830949609375001 0.29533606875 0.8757417437499999 0.30133374687500003 0.8651230921875002 0.309869196875 0.8529130031250001 0.31955319531250004 0.837559359375 0.3255450390625 0.8284836265625 0.33283592500000003 0.8176361140624999 0.33876151718749997 0.8119706796875 0.345161759375 0.8020217500000001 0.35285268125 0.7886302640625 0.36114705625 0.773886146875 0.3685104625 0.756557421875 0.3779702640625 0.73435760625 0.3809849625 0.7249813203125 0.3859375 0.714704928125 0.3859375 0.714065290625 0.3821126765625 0.7124629875 0.3773714015625 0.7113988890625 0.35045538125000003 0.6976506890625 0.318613909375 0.6819150890625
9 0.35998715 1 0.3702206046875 0.9832265734375 0.3822759421875 0.9701556703125 0.44073777343750004 0.9057224734375 0.45445113125000003 0.886875496875 0.4638322375 0.8755837515625 0.46446373281250003 0.87392393125 0.41944498281250003 0.837152971875 0.405039915625 0.8328874265625 0.39245285937499996 0.8273434171874999 0.38441706875000003 0.821939859375 0.374483925 0.8146806468750001 0.3594621859375 0.8017526593750001 0.3534746078125 0.7935237484375 0.3516844421875 0.7908501765625 0.3383109453125 0.8127362578125 0.33247588281249996 0.8176711109374999 0.3248181515625 0.8291807328124999 0.2930181140625 0.879656478125 0.2853215609375 0.89072698125 0.2797421515625 0.9036507265625 0.27442690000000003 0.9131925546874999 0.27338016875000004 0.914300790625 0.2662706375 0.910661078125 0.251701065625 0.9027980187499999 0.234630309375 0.8919456734375 0.23353960312500002 0.8923604546874999 0.2090219109375 0.9172903765625 0.2066709109375 0.9338486390625 0.2814295171875 1 0.35998715 1
9 0.509375 0.7956975453125 0.4959701109375 0.788738559375 0.49526704062500004 0.789517640625 0.4529018984375 0.8640808921875 0.4645199015625 0.8735787390624999 0.46440733749999996 0.8748495515624999 0.4372270203125 0.9093021406249999 0.4118014234375 0.9784105640625 0.411934215625 0.980674696875 0.4339257328125 0.9907134718750001 0.4747527734375 0.981296928125 0.4779934375 0.98034066875 0.48141170000000005 0.9791786328125 0.48557444062500005 0.9775845624999999 0.48876399687500005 0.9760417109375 0.493578775 0.9751990265625 0.5003399046875 0.9742539000000001 0.509375 0.9727608906250002 0.509375 0.7956975453125
10 0.5788907875 0.4296875 0.5636975640624999 0.43993849375 0.56067688125 0.4433479375 0.5500047109375 0.45056059687500005 0.53429716875 0.4682896921875 0.5239445968750001 0.47503655624999996 0.5174393421875 0.48153850781249996 0.509375 0.49310545625 0.509375 0.69614893125 0.515033521875 0.7086740703125 0.5258014328125 0.727934946875 0.5363036859375 0.7400360140625001 0.5450474734374999 0.7465571359375 0.5496904203125 0.7515080078125 0.56457400625 0.7631816828125 0.5767753953125 0.7704231015625 0.58523464375 0.7771603140625001 0.6146579546875 0.790284165625 0.6363704390625 0.79677164375 0.6482400921875 0.7991342078125 0.6659879359375 0.8012710640625 0.6713793703125 0.8015625 0.707790984375 0.8015625 0.727654309375 0.7983849015625 0.7583816406249999 0.7895491109374999 0.76549911875 0.7859283703125 0.7756453671875001 0.7824612875 0.793045296875 0.77259309375 0.8073894828124999 0.76638405 0.8184473328124999 0.75642463125 0.8277669421875 0.7497930187499999 0.8414085531250001 0.732294425 0.8485098531249999 0.7215474875 0.8613801109375 0.7095424046875 0.8660298015624999 0.7017727265625 0.8781893953125 0.674914996875 0.8881077515625 0.6495362953124999 0.8919186671875 0.6332574390625 0.8919645203125001 0.6220687296875 0.8953125 0.6054530703125 0.8953125 0.5904494875 0.8942489234375 0.57683369375 0.8902869828125001 0.557980971875 0.8800166812500001 0.5225036703125 0.86583298125 0.48955224375000006 0.856893659375 0.47537189843750005 0.849104621875 0.46567183593749994 0.8299988265625 0.446050828125 0.8163626171875 0.43454521875 0.8078271046874999 0.4296875 0.5788907875 0.4296875
10 1 0.4296875 0.8019383734375 0.4296875 0.8048325437500001 0.4310888796875 0.8127537359375001 0.43622702343749997 0.8314576765625 0.45146859062499994 0.8518890625000001 0.47432135625000005 0.8615066890625 0.4891019515625 0.87643881875 0.5221542203125 0.8775580843749999 0.52866575625 0.8832232031249999 0.5444403796875 0.88611711875 0.5636580578125 0.8902152609374999 0.579730409375 0.8912927203125001 0.599212203125 0.887349646875 0.6200529796875001 0.888297653125 0.62959459375 0.8857381609375 0.64782306875 0.88635443125 0.6524858281249999 0.8888222171875 0.6566347671875 0.8944280062499999 0.6619697984374999 0.9121610125 0.67326410625 0.9166637109375 0.6792138 0.92354789375 0.68268564375 0.925976575 0.6853027390624999 0.9279143937499998 0.69141570625 0.9347284531250001 0.695386959375 0.939878440625 0.703968159375 0.9453749984375002 0.7082707546875 0.9474490171875001 0.7116033515625 0.9489930687499999 0.7168999781250001 0.9472669625 0.7255724296875 0.9451390015625 0.729865440625 0.9390625781249999 0.7369340281250001 0.9365138765625 0.7442235015625001 0.9392270937500001 0.7466245062500001 0.9452536203124999 0.748963075 0.9661084453125 0.754317278125 0.98319670625 0.75625 0.99615005 0.75625 0.9989259765625 0.75594028125 1 0.75565465 1 0.4296875