9 0 0 0 0.166782565625 0.0722820484375 0.1600988296875 0.24375 0.1627522109375 0.24375 0.148777215625 0.23747846718750001 0 0 0
9 0.51875 0 0.321180725 0 0.31913738125 0.1692388375 0.418450871875 0.16688408593749998 0.51875 0.1719193953125 0.51875 0
9 0.51875 0 0.27604723125 0 0.264463428125 0.0126118453125 0.40790219375000003 0.1655967984375 0.51875 0.0813774171875 0.51875 0
8 0 0.8791697171875 0.0024118734375 0.8794175796874999 0.10197339999999999 0.870634009375 0.242170296875 0.8627295687500001 0.257979853125 0.8593590265625 0.2959055078125 0.841543859375 0.3124876046875 0.8393183624999999 0.3398636046875 0.840966165625 0.34874194531249997 0.8394475468749999 0.35501691874999997 0.8334320749999999 0.35368865 0.8276342890624999 0.32867760156250003 0.8218337046874999 0.3272330390625 0.8190544187499998 0.3303863078125 0.813517378125 0.367602540625 0.78443994375 0.3810570984375 0.768006240625 0.38125 0.76706738125 0.38125 0.7556199859375 0.3758129703125 0.74938450625 0.3726007015625 0.733136190625 0.367039259375 0.71851135 0.35669474375 0.7050933500000001 0.3576309125 0.695631978125 0.3512969359375 0.679862090625 0.335777246875 0.652391775 0.33227921875 0.6350817390625 0.3243212640625 0.629668290625 0.303844928125 0.6312271734375 0.236395128125 0.648039621875 0.1519927453125 0.6639757390625001 0.1263155046875 0.6712275484375 0.0396644609375 0.6882979453125 0.026675073437500002 0.6926576453125 0.021034732812500002 0.6906793328124999 0.018330853124999998 0.6866716734375 0.0117052859375 0.6551534328125 0.007742089062500001 0.6499174046875 0 0.645362078125 0 0.8791697171875
8 0.774184225 0.25 0.7534596312499999 0.2870811765625 0.7483564125 0.2924033640625 0.7391335578125 0.2969081453125 0.737997265625 0.29908754531250004 0.7404753578125 0.3111343015625 0.732063178125 0.3145095203125 0.7292258125 0.31846298281249996 0.730581075 0.3267089875 0.7621740609375001 0.400724259375 0.7676556921875 0.40679759375 0.82300416875 0.44652070312500003 0.8682797843750001 0.47345263906249996 0.9807199875 0.5140625 1 0.5140625 1 0.279886084375 0.98098495625 0.2711074953125 0.9519285296875001 0.2549602390625 0.9444886406249999 0.25 0.774184225 0.25
8 1 0.5359834187500001 0.9816452343750001 0.5120008328125 0.9311002281250002 0.49241104374999994 0.873684671875 0.47345229062499994 0.8439837453125 0.4564146390625 0.830415553125 0.4526666828125 0.8165015499999999 0.45893879374999996 0.76940369375 0.4876022875 0.743655171875 0.5097679718749999 0.7114414390625 0.5319999140625 0.695081946875 0.5476408578124999 0.6742771984375 0.5635142359375 0.661777984375 0.5874876375 0.6432313031250001 0.6413483359375001 0.6318021218750001 0.656677128125 0.6282203390625 0.6682253625000001 0.6324522984375001 0.6909434203125 0.637369146875 0.69661141875 0.6481864296875 0.701807821875 0.7114294250000001 0.716819840625 0.7703281890625 0.7265625 0.7933262937500001 0.7265625 0.800546728125 0.725586675 0.8190654265624999 0.72005225 0.9357793624999999 0.6754636406250001 1 0.6466653734375 1 0.5359834187500001
8 0.51875 0.4770835046875 0.5783097015625 0.46274194218750003 0.5964297953125 0.45478222187499995 0.667820990625 0.40419220781250004 0.675 0.39572765 0.675 0.386067190625 0.671668865625 0.382138846875 0.6521205218749999 0.3783774265625 0.6286523703125 0.3568282625 0.6198685109375 0.345817884375 0.61002135 0.3404620390625 0.51875 0.34197565 0.51875 0.4770835046875
8 0.51875 0.25 0.51875 0.34479306093749995 0.537940509375 0.3426287125 0.5585454249999999 0.3437256734375 0.6025926203124999 0.34196612968749995 0.6150312515625 0.3449034125 0.6221275015625001 0.3517077 0.6326191640625 0.35795394375 0.6434566375 0.35418011875 0.6475100171875 0.348532315625 0.6559693171875 0.3242265640625 0.6609375 0.2991875 0.6609375 0.27454211875 0.6554796390625001 0.25456442031250004 0.6525979859375 0.25 0.51875 0.25
8 0.734436171875 0.328294703125 0.7293531484375 0.3246466640625 0.7030005156250001 0.32798149374999996 0.6801960031250001 0.33471846875 0.6635310890625 0.342439025 0.6434572953125001 0.356697784375 0.6377028453125 0.36411965 0.6412442390625 0.370511871875 0.652772278125 0.38306388125 0.67378253125 0.38359606093750004 0.676898390625 0.399523290625 0.6692037046875 0.407264040625 0.6371561453125001 0.427476025 0.586323796875 0.4637275609375 0.6213997078125 0.49831379375000007 0.646363425 0.5016833375 0.6643566734374999 0.5141690890625 0.6874464109375 0.5243227312500001 0.698835203125 0.526934396875 0.705630390625 0.5328125 0.7136078125 0.5328125 0.8296875 0.450394709375 0.8296875 0.449634671875 0.816214890625 0.4378999828125 0.767238440625 0.40360570781250005 0.7611190406249999 0.3936518984375 0.734436171875 0.328294703125
8 0.6485459296875 0.25 0.6542217453125 0.26295686093750004 0.657310678125 0.2908443953125 0.6483124703125 0.339150475 0.648950240625 0.343030946875 0.6499521375 0.34375 0.6593300671875 0.34375 0.6874428140625 0.331722934375 0.7253638796875 0.3229996578125 0.7405803484375 0.3125281875 0.7453848765625001 0.2962955359375 0.7562358124999999 0.2865415578125 0.7761302953125 0.25 0.6485459296875 0.25
8 0.51875 0.732369521875 0.5293275328125 0.7366516437499999 0.5413473609375 0.74613385625 0.5435334953125001 0.7442800734375 0.544191459375 0.7391903171875 0.539428378125 0.7011165421875 0.540584865625 0.6899669140625 0.560706834375 0.6184116546875 0.5629468171875 0.5926372625 0.57125340625 0.5643713187499999 0.5792871734375 0.5496005765625 0.5895800625 0.536451184375 0.6040262453125 0.5091688203125 0.62029255625 0.49902296874999996 0.61699705625 0.49109584999999994 0.5989375484374999 0.472144884375 0.5885323359375 0.46339362812499996 0.58126318125 0.4615993703125 0.568492203125 0.4627020046875 0.51875 0.47579836249999996 0.51875 0.732369521875
8 0.639601734375 0.5013292093749999 0.62328263125 0.4990297 0.608564684375 0.5034412953125 0.5975475718750001 0.5152152296875 0.591287865625 0.531687046875 0.5767821578125 0.5495141234375 0.5378272203125001 0.6944054359375 0.5360262328125 0.70466466875 0.5374544828125 0.7163858078125 0.5513674296875 0.7464796671875 0.56330080625 0.758466896875 0.578158003125 0.7639956484375 0.6805044203125 0.7835404296874999 0.701674115625 0.785042728125 0.7841341640625 0.7714901125 0.7903006859375 0.7605133890625 0.7854376875 0.730924784375 0.7551450531249999 0.7254420984375 0.74812179375 0.7221129421875 0.7045798515625 0.7148225359375 0.6871379187500001 0.7087222734374999 0.6497288390625 0.705405525 0.6391507234375 0.7016643 0.6339879796875 0.6975311984375 0.6295763828125 0.682813253125 0.6291317125 0.66495251875 0.6321352515625 0.658979096875 0.64355096875 0.6496304578125001 0.6681249250000001 0.5748526875 0.6768829140625 0.561457403125 0.7059471281249999 0.5382486125 0.7037744609375001 0.53412224375 0.69352869375 0.5263411031249999 0.6555020375 0.5101736546875 0.639601734375 0.5013292093749999