7 0.56875 0.31875 0.56875 0 0.3558268140625 0 0.3673767734375 0.055379970312500006 0.3750899171875 0.072220725 0.4128974125 0.136266646875 0.4395709734375 0.165723828125 0.4531525171875 0.17824573906250002 0.4717324921875 0.19183814375 0.48623720625000005 0.20830691250000002 0.49443987187499994 0.22073430156249998 0.5069332921874999 0.24552033125 0.5131778671875 0.2756011828125 0.5241495140625 0.30429111249999996 0.5308309390625 0.3162004375 0.5332903953125 0.31875 0.56875 0.31875
7 0 0.10289095 0.025587490624999997 0.1139202265625 0.1533162609375 0.1657890703125 0.1635307546875 0.1654772359375 0.17151899375 0.153825696875 0.1744529265625 0.1538772546875 0.20687504531249998 0.16875 0.2101034515625 0.16875 0.21454841249999998 0.1678477421875 0.2234375 0.13804215312499998 0.2234375 0.12397690312500001 0.22069351093749998 0.121770728125 0.18565073125 0.1093630171875 0.1854895125 0.094620290625 0.181415315625 0.0886527390625 0.042603153125 0.0336411515625 0 0.03391441875 0 0.10289095
9 0.56875 0.31875 0.9175315218750001 0.31875 0.8806795562499999 0.184721721875 0.56875 0.23623519218750003 0.56875 0.31875
9 0.9599052859375 0.31875 0.9640625 0.19987241875 0.9640625 0.1772802609375 0.6720462546875 0.141047253125 0.6801211265625 0.21388464218749997 0.8836098031249999 0.182127753125 0.92191758125 0.31875 0.9599052859375 0.31875
9 1 0.31875 1 0.08979448437500001 0.9563878734374999 0.0813004609375 0.8580074937500001 0.06602890312500001 0.8572268671875 0.10579325937499999 0.8385329171875 0.10256176875 0.8298281265625 0.1305478203125 0.7762435640625001 0.12865773593750002 0.77546710625 0.1370527140625 0.959304953125 0.171578134375 0.9599814453125 0.31875 1 0.31875
2 0.1450388 0.31875 0.1390625 0.44643784374999995 0.1390625 0.452849859375 0.13952600625 0.453125 0.1405941265625 0.453125 0.15084243749999998 0.45155558437500004 0.1885260671875 0.42753166406250004 0.21877231406250003 0.41261005156249997 0.276613290625 0.36451714218750003 0.2941395703125 0.3645622046875 0.3158594453125 0.36060971875000003 0.35426087968750003 0.3426497109375 0.39347291875 0.328770940625 0.40540686406250004 0.31875 0.1450388 0.31875
9 0.56875 0.31875 0.5373627484375 0.31875 0.5201996546875 0.328833521875 0.493045715625 0.35258708125 0.49122662500000003 0.3593526609375 0.4999249375 0.376810565625 0.5127704421875 0.39126225937500003 0.52253455 0.4073490234375 0.54829515625 0.43476540156250004 0.5570289546875 0.4407649453125 0.56875 0.45424169687500004 0.56875 0.31875
9 1 0.8046971109375001 0.9443326531249999 0.8474248187499999 0.9326519953125001 0.85882338125 0.9324261234375001 0.8657060015625 0.9438029734375 0.9118826109375 0.958809071875 0.95671126875 0.965615828125 0.9677806109375 0.97778440625 0.9982352765625 0.9819405234375 1 0.9851016203124999 1 1 0.9862015781250001 1 0.8046971109375001
9 0.81260420625 0.7432498953125 0.7762814109375 0.7429470671875 0.7734183031249999 0.74825966875 0.7725718718750001 0.7782531078125 0.7731215578125 0.8560382125 0.7636869796875 0.9103366843749999 0.7642831296875 0.915279684375 0.7705507921875 0.9238689843749999 0.7707499015625 0.9283057281249999 0.7601509640625 0.9697660609375 0.794886771875 0.9764110859375 0.8182516140625001 0.97871565 0.884775125 0.9978074765624999 0.888177328125 0.99497491875 0.9086334703125001 0.8800357796875 0.9234375 0.7809156625 0.9234375 0.760492040625 0.9168675109375 0.757280703125 0.8858180078125001 0.7517506875 0.83673519375 0.7495191078125 0.81260420625 0.7432498953125
9 1 0.5632590937499999 0.9993901718749999 0.562929790625 0.9753732968750001 0.561586496875 0.9353362562499999 0.5631207921875 0.928956834375 0.56634003125 0.9262928359375 0.576089375 0.9307499921875 0.6146379515625 0.9283130421875001 0.625871903125 0.9288824281250001 0.6421342703125 0.9337330953125 0.656087415625 0.9354086109375 0.6743577296875 0.9409113078125 0.687349609375 0.9525454984374999 0.74879315 0.9551024453125001 0.7843212609375 0.9543398343749999 0.8054582984374999 0.9554459609375 0.8074662484375 0.9645021984375 0.809375 0.973028553125 0.809375 1 0.8013926156250001 1 0.5632590937499999
9 1 0.4051475265625 0.9800693531250001 0.404189440625 0.9140011156250001 0.3964340609375 0.8794353000000001 0.38881068281250003 0.8640659828124999 0.382359778125 0.8360786984375 0.37595390625 0.8238286546874999 0.371090103125 0.81852624375 0.3709021953125 0.8152090390625 0.3732455796875 0.8040674765624999 0.3871241828125 0.798568309375 0.3992339921875 0.7736608953124999 0.5174606984375 0.7710260124999999 0.5326251375 0.7725862359375 0.537602303125 0.8517835968749999 0.5507448265624999 0.8881075703124999 0.559414884375 0.9790426421875 0.5636218046874999 1 0.5637194921875001 1 0.4051475265625
9 0.8865439484375 0.5583428125000001 0.8272801140624999 0.5449223156249999 0.8104088078125 0.5443244328125 0.8035194062500001 0.5504787234374999 0.7991554843750001 0.570011575 0.783000321875 0.6211187578125 0.7654537515625 0.6579031953125 0.752956959375 0.7130775203124999 0.755736246875 0.7166213265625 0.783638534375 0.723516371875 0.8595769234375 0.74983246875 0.8691997593749999 0.7515625 0.88557038125 0.7515625 0.8873080421875 0.7493386375 0.9280400468749999 0.6488992828125 0.9288306000000001 0.6248101109374999 0.9296875 0.6210672625 0.9296875 0.589527853125 0.9240311078125 0.5714837765625 0.923774940625 0.564584075 0.9153811953125001 0.55985693125 0.8865439484375 0.5583428125000001