8 0.0678168515625 0 0.082399271875 0.0820695875 0.08636610156249999 0.118635953125 0.08476520781249999 0.1216458515625 0.07874912187500001 0.124759228125 0.0839085703125 0.1296875 0.08721056875 0.1296875 0.18644373593750002 0.1162904390625 0.22441623281249998 0.108960325 0.23222261249999998 0.10035562656250001 0.2491437875 0.07370303593750001 0.2591794984375 0.0551381609375 0.259375 0.0540659015625 0.259375 0.04540910625 0.2456774859375 0 0.0678168515625 0
8 0.4 0.012159371875 0.376948884375 0.0141657203125 0.3630835765625 0.017463059375 0.3419713921875 0.025884207812499997 0.329508878125 0.0326164453125 0.32287305312500003 0.0387167265625 0.3185180984375 0.0393141890625 0.3132248359375 0.0483553828125 0.2810094640625 0.08676054062500001 0.2644583984375 0.11241366562499999 0.25829575781249997 0.1264292 0.2603437546875 0.1432246796875 0.2638808734375 0.1520589171875 0.2732962171875 0.16471855625 0.2895796296875 0.17721723125 0.3077135765625 0.1847185703125 0.3211137671875 0.1977802109375 0.36839727031249997 0.25067024375 0.38698701406249997 0.274013584375 0.4 0.28779114375 0.4 0.012159371875
7 0 0.7900931953125 0.2674168 0.815625 0.292064659375 0.815625 0.2982038765625 0.80771998125 0.3071134859375 0.79582991875 0.3170340140625 0.779017084375 0.3201182125 0.7554083625000001 0.3234375 0.7376822390625 0.3234375 0.718045109375 0.3232995890625 0.715101078125 0.3205412265625 0.6827205015625 0.310872221875 0.6563135265625 0.3001694328125 0.638758390625 0.2952749078125 0.6358687203125 0 0.5620725140625 0 0.7900931953125
9 0.2179612640625 1 0.216378453125 0.8873163734375 0.050381020312500004 0.8863007359375 0.0470567328125 0.9511647312499999 0.03715906875 0.964048490625 0.03735613125 1 0.2179612640625 1
9 0 0.9635910578125 0.0090640234375 0.9640625 0.03403315 0.9640625 0.0446147953125 0.9523978859375 0.0640625 0.7979342734375 0.0640625 0.796971253125 0 0.79103194375 0 0.9635910578125
9 0.4 0.6468475234375 0.32107893125000003 0.6822684156250001 0.32577338125 0.7195374812499999 0.4 0.867238778125 0.4 0.6468475234375
9 0.1256851953125 0.8682130921875 0.124428153125 0.8849251468749999 0.21869799687499997 0.8897217625 0.2146943453125 0.9025369609375 0.3247387109375 0.8973280609375 0.34654443281249997 0.863679540625 0.34876634218749997 0.8194546078125 0.1256851953125 0.8682130921875
9 0.25919230781249997 1 0.32473299375 0.8983103296875001 0.2156480984375 0.9074368765624999 0.21703027812500003 1 0.25919230781249997 1
7 0.4 0.8003259500000001 0.40930510781249996 0.8119327343750001 0.42886605781250003 0.8264382203124999 0.441624978125 0.8282542062499999 0.8330417999999999 0.865625 0.857689659375 0.865625 0.8638288765625 0.85771998125 0.8727384859375 0.84582991875 0.8826590140625001 0.829017084375 0.8857432124999999 0.8054083625 0.8890625 0.7876822390625 0.8890625 0.7680451093749999 0.8889245890625 0.7651010781250001 0.8861662265625 0.7327205015625 0.876497221875 0.7063135265625 0.8657944328125 0.688758390625 0.8608999078124999 0.6858687203125 0.4666015359375 0.5873242000000001 0.44892522343749997 0.5865476187499999 0.420391784375 0.5947371484375 0.41145359218750005 0.6115385546875001 0.4074613703125 0.6223892171875 0.401498765625 0.6342449984374999 0.4 0.636490825 0.4 0.8003259500000001
9 0.7828839390625 1 0.782003453125 0.9373163734375 0.6160060203125 0.9363007359375001 0.6127414250000001 1 0.7828839390625 1
9 0.6105417 1 0.6296875 0.8479342734374999 0.6296875 0.846971253125 0.46978395156249997 0.8321464078125 0.44527062656250005 1 0.6105417 1
9 1 0.6814195375 0.8867039312500001 0.732268415625 0.8913983812499999 0.76953748125 0.9826746015625 0.9511652625 1 0.9434749421875 1 0.6814195375
9 0.6913101953125 0.9182130921875 0.6900531531249999 0.9349251468750002 0.7843229968750001 0.9397217625 0.7803193453125 0.9525369609375 0.8903637109375001 0.9473280609374999 0.9121694328124998 0.913679540625 0.9143913421875001 0.8694546078125001 0.6913101953125 0.9182130921875
9 0.857043140625 1 0.89035799375 0.9483103296875001 0.7812730984374999 0.9574368765625 0.7819086625 1 0.857043140625 1