2 0.4390625 0.6296875 0.4390625 0.295902709375 0.401866725 0.23205028749999998 0.3910482625 0.21900181718749998 0.3651183734375 0.22059221093749998 0.29916205625000003 0.23404075 0.2154354 0.24626661562500002 0.1957367984375 0.2505619296875 0.1862782140625 0.2556254703125 0.1816097984375 0.2645840796875 0.1885006984375 0.2881383671875 0.18869349062500002 0.3015222078125 0.1670057140625 0.3188443125 0.15506067968749998 0.3332235171875 0.1434809734375 0.358292484375 0.13746274375 0.385049328125 0.120382471875 0.4009216203125 0.117398746875 0.4065261640625 0.10657008593749999 0.413310015625 0.0963591296875 0.4127586734375 0.1254267703125 0.6296875 0.4390625 0.6296875
10 0.06379753437499999 0.6296875 0.045190518750000006 0.6434388296875 0.0444411890625 0.66076745625 0.061137264062499995 0.690365490625 0.0764545484375 0.7419510578125 0.1198281265625 0.7154878609375 0.12462407812500001 0.703556040625 0.1339461265625 0.64634215 0.1264823453125 0.63088963125 0.12378636875 0.6296875 0.06379753437499999 0.6296875
10 0.20207910468749998 0.6840570671874999 0.178488875 0.6819205453125 0.1600843171875 0.6885327328125 0.13094880625 0.71565665625 0.12624280625 0.738705225 0.1586157734375 0.781879671875 0.1950652796875 0.806664453125 0.2258195171875 0.8146897140625 0.24638231249999998 0.8274510546875 0.263557865625 0.8063702140625001 0.2636777328125 0.7937004953125 0.2271981109375 0.7102260250000001 0.20207910468749998 0.6840570671874999
10 0.11940868593750001 0.8010699562499999 0.1098167828125 0.824933596875 0.11976849062499999 0.845536953125 0.15142204374999998 0.88225355625 0.1687775 0.8834062156249999 0.23646072187499997 0.865537384375 0.23951807500000002 0.8311260984375 0.2307054203125 0.81387464375 0.14716540625000002 0.795933565625 0.12980995 0.79478090625 0.11940868593750001 0.8010699562499999
10 0.09569858437499999 0.81160315 0.0752257421875 0.8099585609375 0.0377871671875 0.8278418406249999 0.024868059375 0.8527665203125 0.026187014062500003 0.878351921875 0.048908045312499995 0.910486790625 0.0901535015625 0.923339753125 0.1261833671875 0.951230475 0.16296256250000002 0.96179256875 0.176720953125 0.9306560140624999 0.1743528953125 0.9128354562500001 0.12237628593750001 0.8380180750000001 0.09569858437499999 0.81160315
10 0.0105402390625 0.9234651984375001 0.0498973109375 0.9502948828125 0.08802538125 0.9626559125 0.10235339843749999 0.9744333890625001 0.1302299890625 0.9566272796874999 0.13106927031249999 0.950415403125 0.0988762046875 0.92947445625 0.071239353125 0.9219411281250001 0.0430029578125 0.8952802375000001 0.0314626390625 0.8982173828125 0.0105402390625 0.9234651984375001
10 0 1 0.0796398421875 1 0.0818506375 0.9965752671875 0.0150065 0.925756065625 0 0.9300928765625001 0 1
10 0.3010914921875 0.6296875 0.322937825 0.696784584375 0.3455988234375 0.694016234375 0.3448195734375 0.735131328125 0.3541717390625 0.736607125 0.37230644218750003 0.6966446890625 0.3984145171875 0.6801455828125 0.4005127203125 0.664615890625 0.36646119062500004 0.6338652 0.359660571875 0.6296875 0.3010914921875 0.6296875
1 0 0.8298120859375 0.0814605171875 0.810942425 0.10774849687500002 0.8166768187500001 0.1242945875 0.8002548828125 0.1546591046875 0.7875996140625 0.1559180265625 0.7782818 0.1302894265625 0.7441020296875 0.12585308281250002 0.71802469375 0.1014235703125 0.7221000484375 0.0490875515625 0.767767978125 0.0016972703125 0.7650479015625 0 0.7653058796875 0 0.8298120859375
10 0.3780639703125 1 0.353662740625 0.9760247796874999 0.3186520609375 0.9641556828125001 0.28903687499999997 0.9594823265624999 0.26148997343749997 0.963065746875 0.264067853125 0.9793333359374999 0.2574134359375 0.9814554093750001 0.2555250515625 0.99543213125 0.25645153125000003 1 0.3780639703125 1
10 0.3528230625 0.8172843453125 0.304053990625 0.8365518015625 0.2780358671875 0.8641676578125 0.276747028125 0.897271940625 0.30986932500000003 0.9231177593750001 0.346858340625 0.9321268859374999 0.363914021875 0.9237157640625 0.38108957499999996 0.9026349218749999 0.38360741875 0.88399929375 0.37284634843750003 0.84582134375 0.3747347328125 0.8318446218750001 0.3666414890625 0.8210510093749999 0.3528230625 0.8172843453125
10 0.4390625 0.717784796875 0.4311171734375 0.7090973390624999 0.41064433125 0.7074527484375001 0.352403225 0.737914128125 0.3498554625 0.7803362265625 0.401172496875 0.8011228265625 0.4144813296875 0.7968786796874999 0.4390625 0.7584884484375001 0.4390625 0.717784796875
10 0.23815244375 1 0.2214735234375 0.9646814390625 0.21409969218749997 0.9603456703125 0.21661753749999998 0.9417100406250001 0.195125509375 0.9240438265625001 0.171115640625 0.9250132421874999 0.14893431562499998 0.9595788734375 0.147808 1 0.23815244375 1
10 0.243354875 0.838075871875 0.2335531515625 0.86349248125 0.20046097187499998 0.89633635 0.1974036171875 0.9307476359375 0.210892353125 0.9487369890625 0.237510021875 0.9402486937500001 0.2425457109375 0.9029774359375 0.27665707500000003 0.886155190625 0.2792947890625 0.8548498421874999 0.27317988125000003 0.8411962593750001 0.2613397921875 0.8345696234375 0.243354875 0.838075871875
10 0.2402374875 0.837583940625 0.264966771875 0.8430723671875 0.2822023578125 0.8568947437500001 0.29853862656249996 0.8420257796874999 0.33004219687499997 0.8327224140624999 0.34928603593749996 0.8198983515625 0.33735599375 0.802154965625 0.28660858437500003 0.8242823937500001 0.2481508265625 0.826144053125 0.2402374875 0.837583940625
6 0 0.770422478125 0.051575478125 0.77291881875 0.059189046875 0.75191515 0.0539134203125 0.7320496890625 0.0011274453125 0.6396577171875 0 0.638937465625 0 0.770422478125
6 0.4390625 1 0.4390625 0.8622753921874999 0.42937897343750003 0.8515701859375 0.4083965390625 0.841914784375 0.3970660390625 0.8432989578125 0.3958071171875 0.8526167734375001 0.3977256171875 0.8973297390624999 0.4056090375 0.9096763187500001 0.4098355609375 0.9373066234374999 0.40512956093749997 0.9603551953125 0.41052505625 0.9675509343750001 0.406238696875 0.9874935671875 0.3936377109375 1 0.4390625 1
5 1 1 1 0.8643847656249999 0.98662109375 0.859033203125 0.963671875 0.856591796875 0.93193359375 0.859521484375 0.90849609375 0.863916015625 0.8982421875 0.868310546875 0.89384765625 0.874658203125 0.89189453125 0.887841796875 0.89482421875 0.891748046875 0.9158203125 0.906884765625 0.934375 0.917138671875 0.95048828125 0.915185546875 0.96611328125 0.907373046875 0.97294921875 0.907373046875 0.97392578125 0.910302734375 0.9705078125 0.918603515625 0.96953125 0.929345703125 0.96513671875 0.936669921875 0.944140625 0.952294921875 0.93583984375 0.961083984375 0.93486328125 0.965478515625 0.940234375 0.972314453125 0.9392578125 0.975732421875 0.91435546875 0.974755859375 0.88896484375 0.982080078125 0.8826171875 0.985986328125 0.8812355578125001 1 1 1
8 0.8875 1 0.8875 0.99501953125 0.88720703125 0.9908203125 0.8828125 0.98203125 0.865234375 0.968359375 0.857421875 0.95908203125 0.85888671875 0.93857421875 0.86669921875 0.93125 0.865234375 0.92587890625 0.8115234375 0.8853515625 0.79638671875 0.87509765625 0.7880859375 0.87216796875 0.763671875 0.89365234375 0.73193359375 0.894140625 0.712890625 0.8921875 0.712890625 0.92099609375 0.71533203125 0.93125 0.72265625 0.94736328125 0.7333984375 0.95419921875 0.7392578125 0.96494140625 0.74951171875 0.972265625 0.76220703125 0.97666015625 0.76806640625 0.97568359375 0.77001953125 0.97763671875 0.7783203125 0.9947265625 0.7802714843749999 1 0.8875 1