3 0.07693980781250001 0 0.07297496875000001 0.0100438875 0.06726428749999999 0.050842306250000004 0.06897035625 0.10390566875 0.0649999953125 0.13296131718749998 0.032590403125 0.26875 0.1119538703125 0.26875 0.14199192031250002 0.2073810640625 0.1666374546875 0.14446282187499998 0.173914015625 0.1341661296875 0.2032565515625 0.106395828125 0.212299759375 0.0921090015625 0.23618440000000002 0.029793298437499997 0.2449874484375 0 0.07693980781250001 0
3 0.24493977656250002 0 0.2440613953125 0.0020450843749999998 0.2399949328125 0.040245896875 0.24517308437500002 0.0860252578125 0.24388758593749998 0.10064680625 0.22909880624999998 0.1641809484375 0.218508115625 0.22827745 0.2080900234375 0.26875 0.2766995015625 0.26875 0.3081805765625 0.1987261765625 0.3366042640625 0.1250426078125 0.36509836406249996 0.090818478125 0.3820302765625 0.0592723125 0.400701353125 0 0.24493977656250002 0
3 0 0 0 0.2651814078125 0.00123343125 0.26875 0.0319928 0.26875 0.061917406249999994 0.13611439218750002 0.06711141875 0.036776221875 0.0733932875 0 0 0
3 0.2075856578125 0.26875 0.207858021875 0.2664769984375 0.22068794687499999 0.2252233125 0.2362547484375 0.1286835640625 0.24235047812500002 0.107661728125 0.2446154015625 0.08189994843750001 0.242341278125 0.06750603125 0.22445563281249997 0.061587828125 0.2161996453125 0.08302475000000001 0.2062731125 0.09930664375 0.1760472515625 0.1290720109375 0.1663043640625 0.1432651125 0.1298432171875 0.2278479125 0.1281641078125 0.2388944140625 0.130018140625 0.26875 0.2075856578125 0.26875
3 0.4632543875 0.26875 0.465625 0.24896611875 0.465625 0.22649815156250003 0.46392144062499996 0.21683237187499999 0.4482131765625 0.17809601875 0.43971169843749996 0.14596076875 0.42436215781250003 0.11924836093749999 0.39364594999999997 0.0982266140625 0.3641368984375 0.0956826421875 0.34213213750000004 0.11245998593749999 0.329310775 0.1375121359375 0.30347584375 0.20590676718749998 0.29922574062499996 0.2461963703125 0.3021383296875 0.2613802796875 0.30565027968749997 0.26875 0.4632543875 0.26875
3 0.4259345703125 0 0.4300641484375 0.0261378921875 0.434499165625 0.09647395625 0.44328958749999997 0.15753095 0.45987260937499996 0.21047376875 0.47746994843749996 0.2438274578125 0.4821250375 0.26875 0.527665015625 0.26875 0.551292990625 0 0.4259345703125 0
0 0.4576606390625 0.65660495625 0.45408813437499995 0.6847261265625 0.46177668125000004 0.7123052875 0.4724291140625 0.715625 0.5363282421875 0.715625 0.617035359375 0.7046609859374999 0.631326528125 0.697743140625 0.639307346875 0.68987159375 0.6421875 0.6740212203125 0.6421875 0.6622326125 0.641434771875 0.652046321875 0.63303914375 0.6397618125 0.6143458468749999 0.634488715625 0.4697872796875 0.6391602984375 0.4627636640625 0.6454425687500001 0.4576606390625 0.65660495625
0 0.5331164734375 0.7963346015625 0.5411034765625 0.7965217328125 0.5637840921875 0.793829715625 0.5788008921875 0.795793259375 0.5839893515625 0.79188555625 0.5955550453125 0.7720101968749999 0.603125 0.7484271 0.603125 0.7229397484375 0.597980925 0.7067928984375 0.5651549609375001 0.706829653125 0.517800075 0.7161962421875 0.5059359265625 0.7634636296874999 0.517934984375 0.7879203671874999 0.5331164734375 0.7963346015625
0 0.157339384375 0.6240590515625 0.1409753078125 0.63576345 0.1307630734375 0.6500295453125 0.12694044375 0.664445346875 0.12822702187499999 0.6757574390625 0.19569050937500002 0.746641484375 0.20631755156249998 0.7525314484375001 0.2235719515625 0.7561591265625001 0.24137492656249998 0.746100146875 0.25625 0.7278639 0.25625 0.720551709375 0.2549219125 0.7061248703125 0.2453189546875 0.6817242703125 0.22580840625 0.6522564203125001 0.185769403125 0.619890034375 0.1723500015625 0.6179639140625 0.157339384375 0.6240590515625
7 0.354432121875 0.47480601250000004 0.3451102109375 0.5044041828125 0.3382698359375 0.5413131796874999 0.3376481921875 0.5638625140625 0.3531652390625 0.5932368 0.3502143765625 0.5988086359375 0.35022674375 0.614925996875 0.35598233437500004 0.621507678125 0.36940173593750003 0.62343379375 0.3802603484375 0.6188530875 0.38902749999999997 0.5948828921875 0.40379417812499996 0.583141065625 0.41408566249999995 0.5680709734375 0.4453676 0.429391234375 0.4546875 0.41457722812500003 0.4546875 0.4129115203125 0.4508421453125 0.38197414375000005 0.42615550312500006 0.37253135625 0.40163355 0.36953925625 0.3790321859375 0.3714272765625 0.36817975625 0.3840666640625 0.354432121875 0.47480601250000004
7 0.5922348625 0.5666634937499999 0.59367994375 0.57636759375 0.5792364546875 0.5929521125 0.5731824109375 0.613762459375 0.572877771875 0.6330958093750001 0.6204831937499999 0.6390625 0.6308947359375 0.6390625 0.6323840359374999 0.6385192843749999 0.634536196875 0.6329287328125 0.6375 0.6099118328124999 0.6375 0.6042260718750001 0.6314566109374999 0.574835125 0.633517153125 0.5539312109375001 0.6313588078125 0.55146308125 0.6066783484375 0.5500789765625 0.5955027312500001 0.55787566875 0.5922348625 0.5666634937499999
7 0.4322928984375 0.4640104328125 0.428787275 0.47521024531249995 0.4268852359375 0.49450616875 0.428970515625 0.505836975 0.425 0.53080826875 0.425 0.5324153578124999 0.44720685624999995 0.54011009375 0.4694912109375 0.5414380609375 0.4884418140625 0.55 0.5142704015625 0.55 0.5298754265625 0.5460762515625 0.542483759375 0.5318662953125 0.546875 0.508666934375 0.546875 0.5032158578124999 0.543330790625 0.49078761406249993 0.5256677640625 0.47506255625 0.489079871875 0.464535075 0.47621522968749996 0.4569809796875 0.4413101734375 0.45374560781250006 0.4322928984375 0.4640104328125
8 0.4800444171875 0.4490141375 0.47733749531249997 0.46023266406249996 0.48636713593750003 0.4660852015625 0.5191992859375001 0.474107128125 0.5351002234375 0.48334406718749995 0.5436543546875 0.49402058593750003 0.5463798296875 0.5069780984375 0.5393747656250001 0.53743640625 0.5416978 0.5463552234375 0.567030821875 0.565483396875 0.56880544375 0.565625 0.583004515625 0.565625 0.6034416625000001 0.5534428312499999 0.6125381859375 0.542374009375 0.615625 0.5368222406250001 0.615625 0.50733946875 0.600916834375 0.489721246875 0.58819833125 0.4644417984375 0.5500675515625 0.420838171875 0.5418366109375 0.41500434999999997 0.5087728921875 0.41745309375 0.4800444171875 0.4490141375
7 0.13897060156250002 0.512896253125 0.11402261250000001 0.579197571875 0.107419990625 0.6136945796875001 0.10934676562500001 0.626633378125 0.11542554687499999 0.6380577515625 0.10841429843749999 0.6604573796875 0.11089583437499999 0.667768203125 0.120412225 0.671875 0.1253906796875 0.671875 0.13571624375 0.643368275 0.15335453125 0.6268586109375001 0.1652496 0.619884625 0.1732366046875 0.6200717578124999 0.17459006562499998 0.61446249375 0.1854486796875 0.6098817859375 0.19095414375 0.60275809375 0.2041048703125 0.566802803125 0.203141484375 0.5603334 0.1966664453125 0.5529290109375 0.197934471875 0.5400650640625 0.20990879062499998 0.5322870843749999 0.23129664375 0.51022429375 0.2401492296875 0.49350878125 0.240625 0.49111044375000007 0.240625 0.48354827656250005 0.2342227703125 0.4724177359375 0.21855958593749997 0.46076880156249994 0.19778719375 0.4522235796875 0.17590528125 0.45493430625000003 0.1577122296875 0.47707195 0.13897060156250002 0.512896253125
7 0.556402815625 0.7879672 0.54570270625 0.7909399140625 0.5146326453125 0.7894061015625 0.48365420625000005 0.8031856515625 0.46009564062499997 0.8066629531250001 0.450675925 0.8128890796875 0.4251360671875 0.8364662968750001 0.41731993593750005 0.8507885328124999 0.4086196703125 0.8578373703125 0.4010474765625 0.8778062953125 0.41343660625 0.8901843703125 0.4547312671875 0.8935694484375001 0.48108219375 0.8861283046875 0.5735358171875 0.8415549515624999 0.5836687953124999 0.8280928546874999 0.5847721359375 0.80877821875 0.5776569 0.7997471234375 0.5833208703125 0.7910154390625 0.556402815625 0.7879672
7 0.42560539375 0.8235836359375 0.42839156875000006 0.8115611125000001 0.4222335359375 0.8009407359375 0.415904634375 0.7758109921874999 0.41067906875000004 0.731366615625 0.38260201875 0.6751048875000001 0.359494228125 0.641523484375 0.3525313109375 0.6228257156250001 0.3471781640625 0.6202827328125 0.33014915 0.5981257046875 0.31912585 0.5962557265624999 0.3023655125 0.611980109375 0.27569757968749997 0.622637240625 0.277874478125 0.649281409375 0.2981837296875 0.678767975 0.3089878265625 0.7072259843750001 0.320901446875 0.724428040625 0.3427412140625 0.770873390625 0.3634405375 0.7882812921875 0.38093887656250003 0.7975556578125 0.39165135625 0.8107003031249999 0.3916575375 0.818758984375 0.39845576875 0.8310060671875 0.41107647031249994 0.8329134734375 0.42560539375 0.8235836359375
7 0.34396205 0.9046736796874999 0.3526685015625 0.9056835218749999 0.368075378125 0.895568403125 0.3852443421875 0.8919413984375 0.3963407109375 0.8849487 0.412692421875 0.8571269390625 0.47158208437500004 0.7875915890625 0.47788006562499996 0.77242793125 0.47691667656250003 0.76595853125 0.45893046093749995 0.745390784375 0.44662676562500003 0.7402673921875 0.43145146093750003 0.7399118421875001 0.414130178125 0.7532055203125 0.412868334375 0.774128146875 0.4224651078125 0.7904700671875 0.422952984375 0.801763446875 0.42767211875 0.810738403125 0.4256846453125 0.8227796406250001 0.42121563437500004 0.8275100546874998 0.4070829671875 0.8328199062500001 0.39925446875000004 0.83102478125 0.3917367890625 0.8179549875 0.39165135625 0.8107003031249999 0.3818230125 0.80482905625 0.343998015625 0.8474589218750002 0.3374870125 0.8972692890625 0.34396205 0.9046736796874999
7 0.2114907359375 0.6324148484375 0.21165542343750002 0.6388655359375 0.23059884375 0.657844003125 0.24435380312500002 0.680730175 0.261486803125 0.7343179281250001 0.321932859375 0.8195429234375 0.33144419687500004 0.8286301593750001 0.3385532484375 0.829602575 0.3552405171875 0.8227408687499999 0.374238453125 0.8086806187499999 0.37550647656249997 0.795816671875 0.3427412140625 0.770873390625 0.2947449890625 0.67304643125 0.2597297578125 0.6303216546874999 0.24885259375 0.610726321875 0.239268190625 0.6105017640625 0.2114907359375 0.6324148484375
7 0.33307251718750003 0.8689609859375 0.3340904203125 0.84239166875 0.31593333125 0.8073145546875 0.27035794375 0.7417784578125 0.2564506640625 0.728558959375 0.23426411093750002 0.7506030359375 0.209431334375 0.7588856015625 0.2046453171875 0.766832003125 0.2036942984375 0.7764799640625 0.2065782765625 0.7878294828125 0.2188943390625 0.8090702359375002 0.256866615625 0.8542818578125001 0.272139725 0.8780094515624999 0.302258765625 0.889191225 0.31209329218750004 0.9031211546875 0.322317890625 0.9049724203124999 0.33341426093750004 0.8979797218750001 0.3373223265625 0.8908186046874998 0.3390658609375 0.873130675 0.33706601875 0.8690545531249999 0.33307251718750003 0.8689609859375
7 0.140608203125 0.6855521390625 0.1287800171875 0.6756047671875 0.1100867203125 0.67033166875 0.1041911796875 0.689534025 0.1066789 0.7049035265625 0.124201975 0.7464126171875 0.14795615 0.7896794046875 0.1517911484375 0.7913809640625 0.1882688703125 0.7624190421875 0.192262371875 0.7625126078125 0.198658159375 0.77072099375 0.20296248125 0.7595398921875 0.20207834687499998 0.752266496875 0.1693861484375 0.7184605359375 0.16762406093749999 0.7119724234375 0.15691776875000002 0.7068864578125 0.140608203125 0.6855521390625
7 0.29521203281249997 0.4490300921875 0.20063716406249998 0.539487396875 0.201283546875 0.5491727843750001 0.22775082812499997 0.589279725 0.24365794843750002 0.6065753468749999 0.25140719843750003 0.60917446875 0.26338151875000004 0.6013964875 0.272636546875 0.5887196734375 0.309431275 0.5565417640625 0.345097928125 0.5114437671875001 0.3535418890625 0.482630878125 0.36155866875 0.417544571875 0.341353409375 0.41948873124999997 0.3170815765625 0.430202 0.313258946875 0.44461780156249997 0.29521203281249997 0.4490300921875
7 0.3873385640625 0.6026890437500001 0.3944476140625 0.603661459375 0.46569044374999996 0.60371894375 0.5118503734375001 0.598353625 0.51919099375 0.5888553703125 0.5216416109375 0.5558727906250001 0.49832079843750005 0.556938103125 0.46204991093750003 0.5431946328125 0.42378536718750004 0.5334337203125 0.41533522031250003 0.5541879296875 0.41390869218750004 0.5686598703125 0.4010626046875 0.585281815625 0.388051828125 0.5954530734375 0.3873385640625 0.6026890437500001
7 0.4519973234375 0.661419575 0.38679617187500004 0.6244343828125001 0.356683315625 0.621311290625 0.354531153125 0.626901840625 0.3594149765625 0.6423274828125 0.381163121875 0.6734594671874999 0.40116155 0.7142206984375 0.41674548125 0.726673628125 0.42936618125 0.7285810328125 0.43982235468750003 0.719961628125 0.4533817046875 0.6961037125 0.4519973234375 0.661419575
0 0.5618324125 0.5570830640625 0.522171878125 0.5668985484375 0.5168678250000001 0.5936360609375 0.523158321875 0.638105390625 0.5702775156250001 0.6338370156249999 0.5618324125 0.5570830640625
0 1 1 1 0.74221968125 0.975370909375 0.7432766921875 0.9652287484375 0.7473243796875 0.9535922718750001 0.75728340625 0.9417903265625001 0.75791236875 0.9279612390625 0.7649500515625001 0.8717566906249999 0.7808322046875 0.847742575 0.7924092296875 0.8258353390625001 0.8078909187499999 0.8037322078125 0.8312334171875001 0.7879985765625 0.8545015453125 0.7780403171875 0.8732818171875 0.770035909375 0.9033359031250001 0.767310915625 0.94020455625 0.7722354046875 0.9735457828125 0.783361709375 1 1 1
0 1 0.28564453125 0.9979690874999999 0.2853320359375 0.981714621875 0.2865041453125 0.962220325 0.2911521875 0.9473684453125 0.29869296875 0.936350528125 0.3071713015625 0.9261410703124999 0.3176048234375 0.91590718125 0.333932525 0.9082885671875001 0.35956168593750004 0.9065679265625001 0.39052471875 0.900223303125 0.423997528125 0.8960039921874999 0.4667775234375 0.897357715625 0.484934553125 0.9019328375000001 0.49421313125 0.9127059953125001 0.50538396875 0.9134471578125 0.5137249953125 0.9172995546875 0.520065065625 0.9276929140625001 0.5243641296874999 0.942881721875 0.5241867796874999 0.9552306609375 0.5265625 0.9583557984375 0.5265625 0.9780976578124999 0.5188640078125 1 0.5129742578125001 1 0.28564453125
6 1 0.5126607453125 0.9836755515625001 0.5168548656249999 0.9309028828125001 0.542028946875 0.8923389515625001 0.5539395796875001 0.871597390625 0.56727930625 0.8663305609374999 0.5902615015625 0.8558783453125001 0.6165786265625 0.87006709375 0.640970840625 0.8694141078125 0.6671735468750001 0.8652089374999999 0.696692115625 0.8903400156250001 0.7078590250000001 0.9340693468750001 0.7302691218749999 0.9353325734375 0.753125 0.9359758734374999 0.753125 0.9599763078125001 0.7512501265625 0.9954167140625 0.7377387718749999 1 0.736930515625 1 0.5126607453125
4 1 0.5780090765624999 0.9746754062499999 0.5855249078125 0.9236173781250001 0.5910326578125 0.8988949734375 0.6126048296875 0.8899330734374999 0.6405417453125001 0.8921178390625 0.6716228937500001 0.9181676843750001 0.6909650390625 0.9367659406250001 0.7022082265625 0.9419513296875 0.6988732953125 0.94989303125 0.7200640703125 0.939155040625 0.7496589171875 0.9593865015624999 0.7608830359375001 0.9920705968749999 0.722845975 1 0.71544410625 1 0.5780090765624999