5 0.31875 0.13202118125 0.311844528125 0.126652021875 0.2806582484375 0.11346377031249999 0.2710599046875 0.10695042187499999 0.2603248609375 0.1094958953125 0.24087384531249997 0.1200946640625 0.205872709375 0.15086056406249998 0.191825265625 0.16582830625 0.170682378125 0.1954158015625 0.1626789640625 0.22150652499999998 0.16164693593749999 0.236930696875 0.1679654453125 0.25094825 0.1853524046875 0.2711978296875 0.2006939390625 0.27513859531249996 0.20824064375 0.28106218437499997 0.21831660312499998 0.31891986562499997 0.249497434375 0.3846657703125 0.26295789687500004 0.42138459843750004 0.26769541874999997 0.44503717812500004 0.2715963171875 0.4546055390625 0.27445821875 0.45847852656250004 0.28235771875000004 0.46286105468749994 0.2847621515625 0.46190975312500004 0.2916614328125 0.43995978750000003 0.297384471875 0.4108671640625 0.301703303125 0.4090583328125 0.3062966125 0.410144078125 0.3097400421875 0.414888146875 0.312301865625 0.4419041734375 0.31875 0.46803233593750004 0.31875 0.13202118125
8 0.31875 0.55 0.1989221140625 0.55 0.19579606562500002 0.5776274296875 0.1990461609375 0.6117365953125 0.20465512187499998 0.6290066515625 0.221503359375 0.65917296875 0.239600409375 0.680424465625 0.2687659625 0.7014637078125 0.2996045984375 0.7141412812500001 0.31875 0.716735890625 0.31875 0.55
0 0.5516223703125 0.6509518171875 0.5493822296875 0.6695564359375 0.5519936421875 0.6887105859375 0.55962805 0.69634840625 0.573633171875 0.70284855625 0.6491816109374999 0.7109375 0.70571299375 0.7109375 0.7147096765625001 0.710727096875 0.72892825625 0.705962975 0.7375 0.6794630921875 0.7375 0.672976565625 0.73564868125 0.6501491203125 0.7310525953125 0.639136903125 0.72430379375 0.6330602578125 0.579597425 0.632606075 0.5606113125000001 0.6384238468750001 0.5516223703125 0.6509518171875
0 0.5916265765625 0.7685910640625 0.6022959 0.788126709375 0.60563475625 0.790625 0.61524761875 0.790625 0.6224616890625001 0.789481240625 0.6352016625 0.790625 0.6539120578125 0.790625 0.6687018765625 0.78223514375 0.68125 0.7585995000000001 0.68125 0.7544292671875 0.6721773375 0.7105155109375 0.6251389703125 0.7025313890625 0.5922317515625 0.7034521921875 0.5845065078125 0.72475565 0.5837015078125 0.740069884375 0.5916265765625 0.7685910640625
0 1 0.612964990625 0.9683717734374999 0.638428978125 0.9474395874999999 0.668462503125 0.9366760171875 0.6931403578124999 0.9337603156250001 0.71419175625 0.9483955828124999 0.7327157640624999 0.9656535109375 0.7421875 0.9660573124999999 0.7421875 0.9832420546874999 0.7381236640625 0.9941702546875 0.7319243984374999 1 0.7259377984375 1 0.612964990625
7 0.565269959375 0.55 0.5637705171875 0.5516653 0.5648627656249999 0.57250665 0.55688205625 0.6042727921875 0.559069959375 0.6306832640625 0.560967209375 0.636210378125 0.5650591796875 0.6376035124999999 0.6208764406249999 0.6290517078125 0.62147139375 0.60972951875 0.6163711921875 0.5890982171875 0.6026635453125 0.5729369703125 0.6045642 0.56319185625 0.601697325 0.5545003921875 0.595165978125 0.55 0.565269959375 0.55
7 0.6011772734375 0.8053107624999999 0.6013839125 0.8245909421875 0.6109155703125 0.837755871875 0.701527071875 0.879627065625 0.7275980609375 0.8862986625 0.7691547328125 0.8817093937500001 0.7821516265625 0.8689713749999999 0.7754902546875 0.8492256812499999 0.7670962640625001 0.8424314640624999 0.75992736875 0.8283389124999999 0.7354209593750001 0.8055094765625 0.7262673875 0.799558859375 0.7028112171875 0.7967691859375 0.6723962 0.7838949125 0.641176184375 0.7863348765625 0.6305874703125001 0.7836746390625 0.6034594249999999 0.787507734375 0.6087310734375 0.796073171875 0.6011772734375 0.8053107624999999
7 0.8662539437500001 0.5872555046875 0.8481500328125 0.6099066750000001 0.842664928125 0.6126055140625 0.8348136546875 0.6315041984375 0.8100835625 0.665755721875 0.7793154265625 0.7228298625 0.7720068671875 0.76742145 0.7644916703125 0.7927328578124999 0.75782348125 0.8035316203124999 0.7600568046875 0.8154714562500001 0.7741879578125 0.8243763796875001 0.786929384375 0.8221010453125001 0.794315146875 0.8096570921874999 0.7946966390625 0.8015991796874999 0.8060483421875 0.7881435890625 0.8240228171874999 0.7783598749999999 0.8455851484375 0.76035020625 0.8696430859375 0.7132732374999999 0.8823879203124999 0.6957256765625 0.8945446234375 0.6669558484375 0.9162784 0.6368803171875 0.9197016281250001 0.610175775 0.8934626 0.6002978171875 0.8773921921875001 0.585064190625 0.8662539437500001 0.5872555046875
7 0.7751292109375 0.7656502296875 0.7748385515625 0.7447668703125 0.75809258125 0.731980025 0.7428623640625001 0.73277820625 0.7302889734375 0.7382599015625 0.711299453125 0.7593499015624999 0.71003235 0.7658466453124999 0.7156400734374999 0.7808248046875 0.7714402921875 0.8486341390625001 0.7865376640624999 0.875975640625 0.7973364265625 0.8826438296875001 0.8143798734375001 0.8857695828125 0.829354625 0.8954340843749999 0.838130109375 0.8941703890625 0.8449663359375 0.8865779890625 0.8407585640625002 0.8369634015624999 0.8048232484375 0.795441921875 0.7946966390625 0.8015991796874999 0.7942731359375 0.808855503125 0.7861277953125 0.822143053125 0.778195909375 0.8241663328125 0.76427480625 0.8192693609375 0.7600147953125 0.8146698656249999 0.7585830625 0.8026880203125 0.7637320890625 0.7935764578125 0.7647471359375 0.7822701734375 0.7751292109375 0.7656502296875
7 0.8122476093749998 0.7990717875 0.8306387718749999 0.8125762046875 0.8470486671875002 0.8189503265625 0.8542209703125 0.8177706499999999 0.8641795390624999 0.8084070296875 0.9287473203125 0.7214288046874999 0.94841921875 0.6673475703125 0.9632747609375001 0.644062846875 0.9831498906250001 0.6245340171875 0.9836154031250001 0.618079284375 0.9567882421875 0.596979059375 0.9471691578125 0.597483175 0.9353519421875 0.6173934984375 0.898258509375 0.66113466875 0.8455851484375 0.76035020625 0.8115754578125 0.786246340625 0.8122476093749998 0.7990717875
7 0.85092718125 0.8316077359375 0.850710315625 0.8581442390625 0.8467023640625001 0.8583542859375001 0.844507640625 0.8624882671874999 0.8454318515625001 0.8801232546875 0.8490162984375 0.8871695296875 0.8598150609375 0.8938377187500001 0.8701517171875001 0.8916884140625001 0.8806598203124999 0.8774732437499999 0.9113757203125001 0.8654141953125001 0.9277924328125 0.8412438625 0.9679661968750001 0.7949298828125 0.9813025765625 0.7733323609375 0.9847223953124999 0.7619000453125 0.9842182796875001 0.7522809609375 0.97979023125 0.7444751046875 0.9552804140625 0.7369178984375 0.9340643859375 0.7155236046875 0.919506321875 0.729147234375 0.8707637109374999 0.7960050890625 0.85092718125 0.8316077359375
7 0.7020215734375 0.55 0.6995753734375001 0.5509784046874999 0.6762452328125 0.5505935015625 0.677166034375 0.5835007187500001 0.6840828734375 0.5927837265625 0.7301096015625 0.596801903125 0.8015351687500001 0.5946662328125 0.8087074718749999 0.59348655625 0.8083293859375 0.5862722437500001 0.79575940625 0.5764817109375 0.7836549390625 0.5602364453125 0.7831184703125 0.55 0.7020215734375 0.55
7 0.811602725 0.664068521875 0.834855665625 0.6323057890625 0.8404702046875 0.61673949375 0.8385729578125 0.6112123796875 0.8082385515624999 0.615213515625 0.741150196875 0.654096315625 0.738147065625 0.6888167624999999 0.7506296171875 0.712276340625 0.760710809375 0.7205897218749999 0.7734522359375 0.7183143859375 0.789655490625 0.7054083312499999 0.811602725 0.664068521875
0 0.6752001515625 0.5616334296875001 0.6358964859375 0.5529760203125 0.6238555874999999 0.6299673 0.6708950921875 0.6328606796875 0.6792724375000001 0.588213078125 0.6752001515625 0.5616334296875001