7 0.13495741249999998 0.41875 0.1347827640625 0.41638913281249995 0.13862624375000002 0.402095525 0.1471691953125 0.389570946875 0.1484375 0.3622811875 0.1484375 0.353457690625 0.141683334375 0.3204669078125 0.1434960703125 0.303986540625 0.13737269531250001 0.2947595203125 0.0972716984375 0.2950253671875 0.061185473437500006 0.29566463593750003 0.0673638203125 0.3668309640625 0.0729504296875 0.3873293640625 0.080450990625 0.40001427500000003 0.0758293796875 0.4049120765625 0.0802634671875 0.41875 0.13495741249999998 0.41875
7 0.4390625 0.30056656249999997 0.43646379218750003 0.2995585703125 0.3816108234375 0.29578845781249996 0.36296865624999997 0.30204600312499996 0.35374100625 0.313174975 0.355468565625 0.346633615625 0.3623311421875 0.3619230234375 0.3798374875 0.3728747640625 0.385887571875 0.3734375 0.3976306953125 0.3734375 0.4390625 0.36941935 0.4390625 0.30056656249999997
7 0.4390625 0.41875 0.4390625 0.4006663640625 0.4193579890625 0.389084721875 0.38142534375000003 0.37302080000000004 0.356179665625 0.3659717375 0.34363926093749997 0.36950620624999997 0.3279317 0.371179128125 0.306548790625 0.3582215046875 0.2933036171875 0.36874175 0.28965153125 0.39268997968749997 0.31018311249999997 0.4000840484375 0.31968189375 0.41875 0.4390625 0.41875
8 0.2557411765625 0.41875 0.264172675 0.409524790625 0.2826260359375 0.3736340890625 0.30197652656249996 0.3472286109375 0.30416411718749997 0.332545940625 0.3127684671875 0.328645365625 0.3213178578125 0.320038796875 0.31886462656250003 0.3119758015625 0.3328125 0.2954766453125 0.3328125 0.2938069875 0.3121364265625 0.27452637343749997 0.304181884375 0.266735165625 0.273764653125 0.28819389218749997 0.24877545156249997 0.3031061640625 0.23459651093749997 0.301003859375 0.2166555625 0.31343778125 0.2040144 0.3083445828125 0.1713271390625 0.3374269796875 0.1495875375 0.36125980156250004 0.15137263750000002 0.3794459046875 0.1460820078125 0.3977573578125 0.15167491875 0.40532890312500003 0.16005534999999999 0.41875 0.2557411765625 0.41875
7 0 0.23581100312499997 0.00338280625 0.2450253515625 0.008865796875 0.24318489531249998 0.033324268750000004 0.25016073437499997 0.05866154999999999 0.26505312812500004 0.09260318281249999 0.2760449484375 0.11554219375000001 0.2875803484375 0.1344718734375 0.292474978125 0.151882096875 0.30192916406250003 0.169164078125 0.300402684375 0.19042790781250002 0.3031639765625 0.2119516984375 0.3109375 0.213548978125 0.3109375 0.1902080671875 0.284339978125 0.18156707656249998 0.2851032171875 0.179049728125 0.2715498890625 0.1646784265625 0.2529765859375 0.1552777046875 0.25601960468749996 0.14963899375 0.2445263953125 0.1495565546875 0.2374673953125 0.1368695953125 0.2284525328125 0.1273314734375 0.219730553125 0.06971858125 0.20183611250000003 0.0436582078125 0.1923608328125 0.028545495312500002 0.177635971875 0.012142324999999999 0.1870790078125 0 0.20144235156249998 0 0.23581100312499997
8 0.227058909375 0.1456483875 0.2018956671875 0.145658325 0.1643202640625 0.1601833984375 0.13220037499999998 0.1705150171875 0.1315414046875 0.1814224625 0.1265625 0.205676003125 0.1265625 0.208673346875 0.1280725140625 0.2210573546875 0.1352673234375 0.2311283390625 0.1415283640625 0.2285767734375 0.1487048546875 0.237079090625 0.14960198593750001 0.24656431093750003 0.1599364765625 0.256143846875 0.1646139375 0.252661503125 0.180577978125 0.2729499140625 0.1807336984375 0.286283578125 0.19169967968749999 0.2826026671875 0.213083703125 0.3140625 0.21395710625 0.3140625 0.22268483125 0.30977260625 0.23437390156250001 0.30067458281250004 0.24776563281250003 0.30270366718749997 0.27198594531250003 0.2892868421875 0.28837079375 0.27827514375 0.3063575453125 0.2697628875 0.307126434375 0.26826744062499996 0.3094972265625 0.2692714375 0.3234375 0.260998971875 0.3234375 0.2582969328125 0.316243196875 0.240910090625 0.286823303125 0.2131022625 0.2525702296875 0.1754431125 0.227058909375 0.1456483875
8 0.4390625 0.194913390625 0.4267851625 0.197988653125 0.4087709359375 0.204147909375 0.386674090625 0.1973917328125 0.371021490625 0.20377065156250002 0.382994521875 0.2189869609375 0.38882559375 0.24695116874999998 0.39315552343750004 0.2810436015625 0.40589744375 0.2947644640625 0.4390625 0.29982833593749997 0.4390625 0.194913390625
8 0 0.41875 0.0670182390625 0.41875 0.0704198671875 0.4089055265625 0.0717561265625 0.38865930312499997 0.064972965625 0.34650387656250003 0.060459834375 0.29672477656249996 0.089549965625 0.296296609375 0.09191159531250001 0.29651627187499996 0.0949230375 0.2850441546875 0.066455234375 0.271427546875 0.02132778125 0.24529263750000002 0.0016933281250000002 0.2473837875 0 0.2494122359375 0 0.41875
8 0.36979273749999997 0.19549044375 0.3791761109375 0.1976951375 0.3788958140625 0.17369453906250001 0.3794792953125 0.166423259375 0.3694812984375 0.1688231140625 0.35735133750000003 0.160369321875 0.33789210937499997 0.15389765 0.2703568421875 0.15161175625 0.23357034375 0.14952205937500002 0.2505321375 0.17107849375 0.2776165078125 0.20090201093750001 0.3046853015625 0.229392159375 0.32230844062499997 0.250344153125 0.3237868453125 0.2624689265625 0.3078211921875 0.2689754234375 0.3308129296875 0.29175868125000004 0.3335361578125 0.29600773125 0.3553313 0.303125 0.3570744515625 0.303125 0.3696457421875 0.297368509375 0.38430428125 0.29340426875 0.3921875 0.2787039234375 0.3921875 0.2713663546875 0.3890266421875 0.239900825 0.38338553124999997 0.21473564375 0.3699328875 0.20749074374999998 0.36979273749999997 0.19549044375
7 0.22376911718749998 0.1225934828125 0.21369326093750002 0.1183265 0.206418490625 0.12497540468749999 0.20862052812499998 0.14182920000000002 0.225356528125 0.1440518203125 0.233425 0.1481320890625 0.2633474203125 0.1515625 0.3010262265625 0.1515625 0.3089820234375 0.1504981484375 0.3296875 0.15113512499999998 0.3296875 0.14716798125 0.3247491359375 0.118666740625 0.24477458749999997 0.11122807812499999 0.22902092812500002 0.1144245 0.22376911718749998 0.1225934828125
5 1 0.41875 1 0.167545534375 0.8685538515625 0.05 0.8682889249999999 0.05 0.7290302578125 0.1867807546875 0.9664362843750001 0.41875 1 0.41875
5 0.8413566484375 0.049838790625000004 0.708916171875 0.19319196562500002 0.9561231953124999 0.409375 0.95625 0.409375 0.95625 0.40930840625 0.728757440625 0.1862475203125 0.8542534734375 0.062239584375000004 0.8413566484375 0.049838790625000004
5 0.6457837296875001 0 0.6457837296875001 0.0189360125 0.6428075390625001 0.077963790625 0.6384183 0.10625 0.6386119375 0.10625 0.6457837296875001 0.093340775 0.6591765875 0.07548363125 0.6755456343749999 0.07002728281250001 0.8144345234374999 0.07746775781250001 0.8327876984374999 0.058618551562499996 0.8359057062499999 0 0.6457837296875001 0
5 0.8348281671875 0 0.83203125 0.0592013890625 0.841455853125 0.0517609125 0.8533606140625001 0.0621775796875 0.8672495031250002 0.0507688484375 1 0.169362853125 1 0.0343612140625 0.8508168359375 0 0.8348281671875 0
5 0.6251984125 0.174603175 0.6023809531250001 0.290674603125 0.7970865109374999 0.3078125 0.8053425546874999 0.3078125 0.8078125 0.286817965625 0.8078125 0.282859059375 0.7273809531250001 0.21130952343749998 0.6232142859375001 0.20882936562499999 0.6256944453125 0.17361111093749998 0.6251984125 0.174603175
5 0.96499073125 0.41875 0.809226190625 0.28224206406249996 0.80674603125 0.3075396828125 0.6757936499999999 0.296130953125 0.6790898609375 0.41875 0.96499073125 0.41875
5 0.6491567453125 0.08759920624999999 0.64072420625 0.10248015937499999 0.62881944375 0.134722221875 0.6238591265625 0.20664682499999998 0.7275297625 0.21210317500000003 0.706200396875 0.1947420640625 0.8140625 0.0784686953125 0.8140625 0.07817460312499999 0.813343253125 0.07817460312499999 0.6799107140625 0.06924603124999999 0.663045634375 0.0732142859375 0.6491567453125 0.08759920624999999
5 1 0 0.9449430859374999 0 0.9415302562499999 0.00078125 0.974764384375 0.027070932812499997 1 0.033415887500000005 1 0
6 0.340625 1 0.340625 0.9640255921875 0.33987907812499996 0.9627552500000001 0.33592964531249997 0.9628851265625 0.326744990625 0.9687252125000001 0.319309571875 0.9821149796875 0.30995326875 0.9830920984375 0.3011914890625 0.986909975 0.295138603125 0.983457565625 0.290148365625 0.968102971875 0.2748359234375 0.9543658328125 0.2771219421875 0.9491177546875 0.282934521875 0.9457620109375 0.28253973125 0.9345771859374998 0.275600525 0.9200169734374999 0.2704792125 0.9149516312500001 0.263460425 0.9121395625 0.2632201203125 0.9053314078125 0.271821171875 0.8829572328124999 0.283508746875 0.8640112999999999 0.288012128125 0.8515699609375 0.284977103125 0.8496006093750001 0.27316313281250004 0.8509628359375 0.263212309375 0.8490991953125 0.25938302812499997 0.8526331500000002 0.2386028671875 0.8940302796874999 0.211683996875 0.9295435140624999 0.1888518765625 0.9688172484375001 0.1855141296875 0.9722741812500001 0.1801072609375 0.9731214218750001 0.174923534375 0.9802905187500001 0.1745359234375 1 0.340625 1
9 0.4390625 0.9844791671875001 0.45182291562500004 0.996875 0.4563683703125 0.996875 0.6143229171875 0.7796875 0.634375 0.756627603125 0.634375 0.7541666703125001 0.6320312484375 0.7494791671875 0.5934895828125 0.7182291671875 0.5408854171875 0.6791666671875 0.5044270828124999 0.6489583328125 0.4885937484375 0.6390625 0.4873177078125 0.6390625 0.4700520828125 0.659375 0.4575520828125 0.6838541671874999 0.4390625 0.7147066078125001 0.4390625 0.9844791671875001
1 0.4390625 1 0.85 1 0.85 0.9807291984375001 0.8494791656250001 0.9651041671874999 0.8442708328125 0.9463541671875 0.8338541656249999 0.921875 0.8223958328125001 0.9067708328125 0.805729165625 0.8921875 0.7921875 0.8854166671874999 0.771875 0.8807291671874999 0.7473958328125001 0.8807291671874999 0.7177083328125 0.890625 0.7078125 0.890625 0.6489583328125 0.8859375 0.6296875 0.8807291671874999 0.6114583328125 0.8786458328125001 0.5671875 0.8765625 0.5473958328124999 0.8776041671874999 0.5359375 0.8859375 0.518229165625 0.9083333328125001 0.45572916562500004 0.99375 0.44739583281249995 0.9921875 0.4390625 0.9835336546875 0.4390625 1
1 0.7716145828125001 0.6072916671875 0.7221354156249999 0.572395834375 0.68046875 0.55625 0.6278645828125 0.528645834375 0.620572915625 0.5302083343749999 0.609635415625 0.539583334375 0.597135415625 0.5604166671875 0.5794270828125 0.6161458343749999 0.56171875 0.6817708343750001 0.5606770828125 0.6911458343750001 0.562760415625 0.6963541671875 0.6091145828125 0.731770834375 0.631510415625 0.7520833343750001 0.631510415625 0.7557291671874999 0.6122395828125 0.778645834375 0.5716145828125 0.8375 0.56796875 0.8432291671875 0.5684895828125 0.8479166671874999 0.5778645828125 0.85625 0.64140625 0.8848958343749999 0.6863136453124999 0.8890625 0.7000000109375 0.8890625 0.72421875 0.8875 0.7294270828125 0.8848958343749999 0.76796875 0.8354166671875 0.8299479156249999 0.764583334375 0.85234375 0.731770834375 0.859375 0.7242708328124999 0.859375 0.6535590296875 0.8502604156250001 0.6505208343750001 0.8294270828125001 0.6375 0.80390625 0.6260416671875 0.7716145828125001 0.6072916671875