7 0.4896783 0.21867071718750003 0.4940757921875 0.2147585625 0.4952392875 0.20143041875 0.47715289843750003 0.194408478125 0.4672585359375 0.20321082656249997 0.462551225 0.21122619843749998 0.453601328125 0.221102115625 0.44598316875000005 0.22692258125000003 0.4239032390625 0.23412592656250003 0.39420515 0.2471497390625 0.3843882421875 0.2549262796875 0.37646026718750003 0.2648499640625 0.33934395 0.321792315625 0.3348840078125 0.340113503125 0.3527363609375 0.3481539296875 0.359657428125 0.35156570781249996 0.36492193125 0.3497529296875 0.3786091546875 0.358628096875 0.38961789687500004 0.36223094218749996 0.4194859015625 0.3605387484375 0.47191357343749996 0.3588716125 0.48547831874999997 0.328622896875 0.4962871296875 0.2941276640625 0.4984375 0.2852940609375 0.4984375 0.2755520515625 0.495375096875 0.251878603125 0.48938348749999994 0.23615716562500003 0.4898482171875 0.2300023375 0.4896783 0.21867071718750003
7 0.44406098437499997 0.2264843375 0.4531657921875 0.21455680937500002 0.46109376874999997 0.20463312500000003 0.4671875 0.196027721875 0.4671875 0.19462370625 0.44347378125 0.193515284375 0.4308414390625 0.228125 0.43503279062500005 0.228125 0.44406098437499997 0.2264843375
7 0.2445325109375 0.182566125 0.2407993 0.1898463046875 0.24978690625 0.2254098796875 0.2676504375 0.2699079625 0.2730949203125 0.2734375 0.27604874687500003 0.2734375 0.298460646875 0.255373778125 0.3046875 0.226320346875 0.3046875 0.2241175359375 0.29400753125 0.20191794062500001 0.2799245390625 0.1916750890625 0.264543721875 0.184566440625 0.2445325109375 0.182566125
7 0.4755073171875 0.14750069062499999 0.47773607812499996 0.17231107031249998 0.48317049843750004 0.18182990937500002 0.4931723296875 0.198768215625 0.5019048671874999 0.20535294375 0.508671025 0.2108163296875 0.5159166484375 0.2171875 0.5267619078125 0.2171875 0.528886940625 0.216908384375 0.53956095 0.20917190468750002 0.543711071875 0.1949539375 0.546452 0.185817225 0.546875 0.180215040625 0.546875 0.1735571984375 0.53067591875 0.136696840625 0.5032240156250001 0.119972309375 0.483977478125 0.130396371875 0.4755073171875 0.14750069062499999
7 0.36253529218749997 0.1209119796875 0.3593146265625 0.122820290625 0.3475937859375 0.11506646250000001 0.3429489203125 0.1086728015625 0.325343940625 0.1109381875 0.31757087031250003 0.1188102625 0.3064222265625 0.13064225625 0.304006125 0.1490589765625 0.3005681015625 0.16742793125 0.3049806015625 0.17689900625 0.3085411 0.19765393281250002 0.30589263125 0.21914806874999998 0.3001934171875 0.2538821328125 0.282990715625 0.26440172500000003 0.275929746875 0.276424784375 0.2776787734375 0.294006765625 0.3004233640625 0.318746665625 0.3215419484375 0.33125 0.328619509375 0.33125 0.3335270390625 0.3285293953125 0.35518968125 0.2996886125 0.3696214390625 0.27153927499999997 0.385322484375 0.2537435171875 0.38656175937500004 0.23733064062499998 0.3880333984375 0.21784035 0.3866092 0.20953837812499998 0.3848354421875 0.194014090625 0.3939649796875 0.18002886875 0.40228023124999995 0.16497616406249999 0.403125 0.1537881125 0.403125 0.14301134375 0.39051436875 0.117072646875 0.385637140625 0.11375640000000001 0.37023090625 0.1140657109375 0.36253529218749997 0.1209119796875
7 0.5650569937500001 0.256539984375 0.5516123953125 0.23549994531250001 0.53255988125 0.2301720875 0.5275934062500001 0.2139656390625 0.513494221875 0.213306615625 0.5010906609375 0.21361431562500002 0.49317301562500004 0.22478123125 0.49569621250000007 0.23821109375 0.4992341578125 0.2499134625 0.5010896203125 0.272186728125 0.5141204328125 0.286995196875 0.5253888484375 0.3017212875 0.5324515859375001 0.3135884125 0.5377519265624999 0.3253731609375 0.546309971875 0.340860025 0.54883316875 0.3542898875 0.570249040625 0.35174105624999996 0.6097563046875 0.34382562031249997 0.6421875 0.3401093171875 0.6421875 0.33935148593750003 0.6152043796875 0.30680688749999996 0.5913857109375 0.282619559375 0.5692758140625 0.270936565625 0.5650569937500001 0.256539984375
7 0.7212820296875 0 0.7140625 0.20601560000000002 0.7140625 0.2257536125 0.753728925 0.28103211875 0.759272278125 0.29194076406249997 0.7593839578125 0.318569828125 0.7691037656249999 0.3328125 0.7721037671875 0.3328125 0.7972332078125001 0 0.7212820296875 0
7 0.6077908953125 0.012961695312499999 0.5966713875 0.0337410265625 0.5948927984375 0.043242478125 0.602838740625 0.0926017609375 0.62334649375 0.1020799625 0.6351543546875 0.11434637343750001 0.6475768000000001 0.115625 0.6547590484375 0.115625 0.667919184375 0.10203346093750001 0.667006225 0.08601647968750001 0.671875 0.0726796953125 0.671875 0.07038356875 0.64749280625 0.02120715625 0.637559440625 0.012223221874999999 0.6290999296875001 0.0118278078125 0.6077908953125 0.012961695312499999
7 0.605921553125 0.1726188171875 0.5423465171874999 0.199465915625 0.5360977859375 0.211953284375 0.5347356109375 0.2299938296875 0.5491391171875 0.23599184375 0.565009465625 0.25625 0.5687648859375 0.25625 0.61852944375 0.24456004375 0.6203080328125 0.2350585921875 0.6352566578125 0.2197830078125 0.632228821875 0.203667175 0.6390625 0.1975891203125 0.6390625 0.18737661249999998 0.6388781890625 0.1858737625 0.62431443125 0.18199816562499999 0.620725696875 0.17331079062500002 0.605921553125 0.1726188171875
7 0.5714637375 0.0866672984375 0.56040858125 0.092540284375 0.5394200609375 0.089429334375 0.5287011921875 0.10490262187499999 0.5310722296875 0.115662990625 0.5525572921874999 0.126251825 0.558597190625 0.1446383546875 0.6049800234375 0.1627806796875 0.6416364421874999 0.16875 0.641671659375 0.16875 0.6458037234375 0.15616922187499999 0.6640625 0.147663034375 0.6640625 0.1349359484375 0.6563307843749999 0.1151280734375 0.6363195734375 0.11312776093750002 0.6234542750000001 0.10081192187500002 0.5714637375 0.0866672984375
7 0.3069611578125 0 0.3069697609375 0.000572903125 0.3406305265625 0.060718729687499993 0.371568190625 0.0866587515625 0.39012132187500004 0.0939156796875 0.44166264375 0.1421178296875 0.46029590468750003 0.14831355 0.46398173125 0.159375 0.47440243750000005 0.159375 0.4858990453125 0.1324710265625 0.4972747109375 0.12235320624999999 0.5231340125 0.1171721921875 0.5331960828125 0.09634343437500001 0.5410789234375 0.09032216875 0.555883065625 0.09101414062499999 0.5575014015625 0.083635109375 0.5478885484375 0.0704063390625 0.539878253125 0.0359534015625 0.5308420703125 0.029141309375 0.51278548125 0.029362268749999997 0.5057998234375 0.037555375 0.4645754828125 0.049472878125 0.4597375046875 0.015168215625 0.45305658437499996 0.0052713546875 0.4529663796875 0 0.3069611578125 0
7 0.2599820453125 0.11308823906250001 0.2276284765625 0.091846303125 0.22305426874999998 0.152426790625 0.2404661296875 0.188852709375 0.27715597812500004 0.1948274734375 0.2923765390625 0.2040585390625 0.3037626453125 0.2234375 0.30502180624999997 0.2234375 0.3109375 0.20339201562500003 0.3109375 0.1973369484375 0.3020865453125 0.159784340625 0.3098577046875 0.127134009375 0.2957747125 0.1168911609375 0.2599820453125 0.11308823906250001
7 0.5575693 0 0.5500111609375 0.00242229375 0.53945255 0.015773165625 0.538170503125 0.032752503125 0.5473341421875 0.0800387953125 0.554878009375 0.090625 0.5602245359375 0.090625 0.5690595890625 0.08744400625 0.591487246875 0.090625 0.60288281875 0.090625 0.6046875 0.07794973125 0.6046875 0.07555875937499999 0.594791434375 0.0417887875 0.5960734828125 0.024809453125 0.5840895921875 0.00082031875 0.5806471546875 0 0.5575693 0
7 0.45451395781250004 0 0.46254725781249995 0.0453125 0.46519927031249997 0.0453125 0.4948206359375 0.040819753125000004 0.5115636265625 0.0298878578125 0.5140625 0.021794984375 0.5140625 0 0.45451395781250004 0
7 0.659060253125 0.125276003125 0.6695059390625 0.1555829625 0.686173490625 0.1734375 0.7028912734375 0.1734375 0.7149114578125 0.17261465 0.7171875 0.1193994796875 0.7171875 0.10467595781250001 0.7140798765625 0.0852495625 0.6923386484375 0.0639992171875 0.6673607578125 0.0575069375 0.659060253125 0.125276003125
7 0.6536611437500001 0.18219152031250002 0.6318069937499999 0.20459900156250002 0.6200464609375 0.2338680015625 0.594363190625 0.250771734375 0.5929208874999999 0.26987348906249997 0.6052874046875 0.2828125 0.6088992390625 0.2828125 0.634657546875 0.27927901093749996 0.6812977874999999 0.23779595156250002 0.6803690515625 0.20793383125 0.6890625 0.181465134375 0.6890625 0.177642396875 0.6761720984374999 0.1651395046875 0.6645402687499999 0.1645958109375 0.6589325640625 0.1685935140625 0.6536611437500001 0.18219152031250002
7 0.6420736953125 0 0.643624978125 0.00800495 0.6706849484374999 0.05719270625 0.686226021875 0.062178937499999996 0.699251575 0.0723723609375 0.712163246875 0.075 0.7129924203125 0.075 0.7196634265624999 0.06906663125 0.7198174734375 0 0.6420736953125 0
7 0.5853302593749999 0 0.5848813546875 0.0059452640624999996 0.5956381328125 0.0203125 0.5982073875 0.0203125 0.6109166859374999 0.0124869734375 0.6354781625 0.0104401578125 0.6425439484375 0.0011858390625 0.6426694703125 0 0.5853302593749999 0
10 0.8 0 0.8 0.28689344375000003 0.8589843234375 0.29050118125 0.914883709375 0.2671560984375 0.9202380109374999 0.1357788453125 0.8932518593750001 0.10338123749999999 0.925201571875 0.013989112500000001 0.9257717 0 0.8 0
8 0.8 0.7620436515625 0.83146204375 0.712229984375 0.8437007953125001 0.6813726078125001 0.8503291781250001 0.669709828125 0.8612383765624999 0.6403345406250001 0.89236656875 0.5799914421875 0.9020760828125001 0.5643004390625 0.9104090375 0.5438517203125001 0.9109375 0.53897613125 0.9109375 0.525999321875 0.9098983125 0.5213891937499999 0.9054929406250001 0.5158525390625 0.8956230156249999 0.5085717843750001 0.8816621765624999 0.49552256093749997 0.882881246875 0.4860906140625 0.88053368125 0.48004088125 0.869549334375 0.4725777546875 0.8611247609375001 0.4607178078125 0.8567111546874999 0.457446028125 0.8418868796875 0.442272559375 0.8245745390625 0.43094108750000004 0.8076236640625 0.4256176046875 0.8 0.42437000312500006 0.8 0.7620436515625
8 1 0.65432244375 0.988287378125 0.6566157718750001 0.9785279359375 0.6572848765625 0.9580380484375001 0.6573310765625 0.934069703125 0.65567491875 0.8946539984375 0.65687310625 0.8809858406250001 0.659168778125 0.86953829375 0.6640940750000001 0.866528871875 0.6675674781250001 0.8571008796875 0.6920861625000001 0.8460618125 0.70925925 0.8367302328124999 0.7264284906249999 0.827382184375 0.7481274796875 0.82234549375 0.7628835140625 0.8162467046874999 0.7726500140624999 0.8051606265625001 0.7835832984375 0.8 0.7908172015625 0.8 1 0.9437143546875 1 0.9586979359375001 0.9934065656249998 0.9726417812499999 0.9823743953124999 0.9836367625 0.967743590625 0.9942426515625 0.945117334375 1 0.9275888796875 1 0.65432244375