10 0.1445454078125 0 0.1177556484375 0.055268659374999994 0.11898884218750001 0.07040231875 0.2075621984375 0.2291739078125 0.2560570609375 0.260102940625 0.27647011718750003 0.2625 0.2869156296875 0.2625 0.29586953125000004 0.25500681875 0.29605447812499996 0.2208767328125 0.30839401718750004 0.24945745000000003 0.315625 0.248222203125 0.315625 0.2455517765625 0.30007771562499996 0.2065500578125 0.297750040625 0.1506851765625 0.2719264359375 0.1227029765625 0.22604066718750002 0 0.1445454078125 0
10 0.23250198281249998 0 0.238177303125 0.035542734375 0.26568886875 0.11608924843749999 0.2832848453125 0.14547694687499999 0.2977371125 0.153125 0.30443345625 0.153125 0.3210856921875 0.147544165625 0.39829047812499996 0.0985520828125 0.4 0.0936542703125 0.4 0.0060706625 0.397955396875 0 0.23250198281249998 0
10 0.4 0.2566939828125 0.3112232078125 0.24784808906250003 0.267753596875 0.26038865 0.217247109375 0.23662295156250002 0.1541699015625 0.2269391484375 0.174737071875 0.2541143640625 0.1798547921875 0.2805189125 0.1756928453125 0.320443153125 0.2016089203125 0.3313603078125 0.218064175 0.32854930625 0.22180999375 0.365417759375 0.23606868125 0.40390018281250006 0.256820796875 0.39694531093749996 0.4 0.41527356875 0.4 0.2566939828125
0 0 0.352511740625 0.01582471875 0.393663428125 0.032855507812500004 0.4464483125 0.0425732703125 0.49366276249999996 0.048451074999999996 0.496875 0.0580741109375 0.496875 0.0840312640625 0.4882855421875 0.08832812343749999 0.48414166875 0.0802392078125 0.4599496078125 0.082343303125 0.4357212265625 0.090625 0.42548126249999996 0.090625 0.40783783281249997 0.0214202234375 0.3318985859375 0.00405163125 0.3212262140625 0 0.321291265625 0 0.352511740625
8 0 0.2215117484375 0.0793020640625 0.18207836093750002 0.103125 0.14945525625 0.103125 0.14743831406250002 0.093841971875 0.10798771562500001 0.068291990625 0.0901883265625 0 0.0945556625 0 0.2215117484375
8 0.0401850859375 0.2249286984375 0.029899603125 0.242030059375 0.0208473140625 0.274265078125 0.02299384375 0.3028821109375 0.044154490625 0.3418904140625 0.06508775312500001 0.36218339374999997 0.115046996875 0.3655834765625 0.149329409375 0.349497565625 0.180733103125 0.3185590984375 0.1859375 0.29286485 0.1859375 0.28198548125 0.18302214375 0.26020063125 0.1696767921875 0.235201584375 0.1421614265625 0.21603300625 0.10605234062499999 0.20515216718749998 0.064594346875 0.21052938906250002 0.0401850859375 0.2249286984375
2 0.821484375 0.2791015625 0.786328125 0.2654296875 0.74970703125 0.2625 0.7365234375 0.26689453125 0.708203125 0.26494140625 0.70478515625 0.26689453125 0.688671875 0.268359375 0.67255859375 0.27373046875 0.64423828125 0.2751953125 0.63349609375 0.27861328125 0.622265625 0.34453125 0.622265625 0.403125 0.61298828125 0.42314453125 0.61689453125 0.42705078125 0.64130859375 0.436328125 0.67841796875 0.44658203125 0.7169921875 0.45146484375 0.72529296875 0.444140625 0.72822265625 0.444140625 0.73701171875 0.4490234375 0.74970703125 0.45146484375 0.76142578125 0.45634765625 0.766796875 0.46171875 0.7677734375 0.467578125 0.76630859375 0.47099609375 0.77314453125 0.47490234375 0.77216796875 0.47978515625 0.7873046875 0.48466796875 0.794140625 0.48466796875 0.79755859375 0.4880859375 0.801953125 0.4890625 0.81123046875 0.4978515625 0.825390625 0.50419921875 0.8393359374999999 0.50625 0.8422926687500001 0.50625 0.846875 0.50029296875 0.85712890625 0.47490234375 0.8634765625 0.4509765625 0.8625 0.4412109375 0.85517578125 0.41728515625 0.86982421875 0.39970703125 0.87080078125 0.39091796875 0.8765625 0.37322126093749997 0.8765625 0.36240234375 0.876171875 0.35966796875 0.86689453125 0.3474609375 0.87373046875 0.32060546875 0.8732421875 0.31572265625 0.84541015625 0.2927734375 0.821484375 0.2791015625
6 0.4 0.559375 0.5901409640625 0.559375 0.607958984375 0.554052734375 0.668994140625 0.539404296875 0.719287109375 0.530126953125 0.756396484375 0.526220703125 0.759326171875 0.523291015625 0.759326171875 0.519384765625 0.755419921875 0.502783203125 0.752490234375 0.498876953125 0.745166015625 0.495458984375 0.744189453125 0.492529296875 0.780810546875 0.492529296875 0.7875 0.4870203359375 0.7875 0.480537109375 0.786669921875 0.477880859375 0.774462890625 0.467626953125 0.766650390625 0.457373046875 0.743701171875 0.448095703125 0.729541015625 0.445166015625 0.722216796875 0.449560546875 0.700244140625 0.447119140625 0.629931640625 0.431005859375 0.571337890625 0.411474609375 0.511767578125 0.400244140625 0.492724609375 0.399755859375 0.401904296875 0.405126953125 0.4 0.40550781249999995 0.4 0.559375
1 0.3316610953125 0.559375 0.32765941875000004 0.5688183687499999 0.3017647375 0.6360869046875 0.27880153124999996 0.683707025 0.262189846875 0.731142146875 0.20307180468750002 0.87469604375 0.189880175 0.9166517171875 0.1908573328125 0.9337409093750001 0.1952545421875 0.9502414124999999 0.22505785312499998 0.9757834359374999 0.24997482031249998 1 0.4 1 0.4 0.9858902296875 0.39459472500000004 0.9723126265625 0.3916632515625 0.9425643859375 0.36479141249999997 0.8000478546875 0.350134046875 0.7412966 0.34182820625 0.73175700625 0.341339625 0.7102519 0.3369424171875 0.6942404734375 0.3320566265625 0.6846012625 0.3320566265625 0.6801995812499999 0.3364538375 0.6614866234375001 0.359905625 0.59673461875 0.3747075546875 0.559375 0.3316610953125 0.559375
1 0.048335823437499995 0.559375 0.048335823437499995 0.7599675171875 0.12992849687500002 0.8294851453125001 0.17096912343749998 0.8708393687499999 0.19241616718750001 0.884375 0.1954931703125 0.884375 0.199795278125 0.881737578125 0.21298690625 0.849563421875 0.22129274687499997 0.8341601515624999 0.2721049515625 0.7069876765625 0.277967896875 0.68774295 0.3067940515625 0.6247907109375 0.3322190671875 0.559375 0.048335823437499995 0.559375
7 0.8141038250000001 0.559375 0.8216256625 0.609800778125 0.8273231890625 0.6290219703125001 0.8299361890625001 0.6607241593750001 0.832252521875 0.665567971875 0.8436797406250001 0.674075521875 0.849117284375 0.6801322390625 0.8621884453125 0.6993843156249999 0.8687350078125 0.7157312046875 0.8729455312500001 0.7356069453125 0.8736029656250001 0.7555808359375 0.8706042703125 0.7738874671875 0.8647395984374999 0.7866437328125 0.8569143765625 0.7962965671875001 0.8565266593749999 0.798364221875 0.8601803 0.8043439124999999 0.8633898312500001 0.807070021875 0.8691709296875001 0.8103024828125001 0.8727534578124999 0.8107087374999999 0.9063237843749998 0.8066238406250001 0.916762240625 0.8025463921875 0.9282999828125 0.7998820515625 0.9345007328125 0.797238828125 0.9373275312499999 0.7934077234375 0.94375 0.7716652875 0.94375 0.7516401890625 0.9310618375 0.6512186468750001 0.9233810390624999 0.559375 0.8141038250000001 0.559375
7 0.5138851843750001 0.559375 0.51367141875 0.5595086874999999 0.5110532015625 0.5625581640624999 0.5104274625 0.5649030421875 0.5134431375 0.568662978125 0.513946125 0.5729253609375 0.5061086765625 0.5780135640624999 0.505497659375 0.5806106421874999 0.5054068421875 0.5834098734375 0.5084519578125001 0.5876742078125 0.5089843859375 0.59244099375 0.49107898437499997 0.6035992218749999 0.4623499015625 0.6165901140625001 0.4584974203125 0.62026911875 0.45699320468749993 0.6249838984375 0.4572434546875 0.6292713078125 0.4586838015625 0.6321725890625001 0.4651298125 0.6424416421875 0.47906473125 0.6590716140625 0.4895248328125 0.6671875 0.4987637859375 0.6671875 0.4990998515625 0.6669805234374999 0.494185003125 0.656813525 0.483118553125 0.6414214828125 0.48315048593750004 0.63761345 0.484296425 0.635470725 0.5029478203125001 0.6196727875 0.513923690625 0.6117372609375 0.5199011390624999 0.6096234625 0.52661710625 0.61580725625 0.53323251875 0.6159132125 0.53897195 0.6140766421875 0.5455554296875 0.61799063125 0.550445821875 0.6190283625 0.5562441328125 0.6182005921875 0.5595764171875001 0.6143194390625 0.5668642234375 0.6085246843750001 0.5867326671875001 0.5961574578125 0.5926340203125 0.597095090625 0.5996493796875 0.599698028125 0.6235761562500001 0.6133094046875 0.6316932937499999 0.6130130140625 0.6538805640625001 0.6011771640625 0.6581354828125 0.595682709375 0.6628345109375 0.593441834375 0.6659434921875 0.5900901078125 0.6741072828125001 0.586237884375 0.7005936328125 0.569664178125 0.7183327828125 0.559375 0.5138851843750001 0.559375
7 0.7658876328125 0.559375 0.7438264921875 0.5660658468750001 0.720422175 0.5744709875 0.6739840421875 0.59327385 0.5586652765625 0.647052878125 0.52061174375 0.6657865218750001 0.5014131984375 0.6765654734375 0.48971104218750006 0.6807680453125 0.48356917343749994 0.6844200687499999 0.4687899671875 0.6881663359375001 0.46710910781250004 0.6898547109375001 0.46703301249999996 0.6929061437499999 0.47005592656250006 0.7098555765625 0.47494382812499997 0.7152057421875 0.483303734375 0.732134059375 0.4871577578125 0.734375 0.4914132515625 0.734375 0.49510644218749994 0.7340093234375 0.568050396875 0.71638689375 0.6718139703125 0.6954592390625 0.7154228093749999 0.684799915625 0.7543473421875 0.6766336671875 0.7786276453125 0.67017105625 0.81620763125 0.6476794296875 0.8259639609375 0.640625625 0.8265625 0.6394575390625 0.8265625 0.6283102359375 0.8238245109375001 0.6126814203125 0.8175012468750001 0.59580510625 0.8094087999999999 0.579103965625 0.798349975 0.559375 0.7658876328125 0.559375
7 0.4 0.9275727109374999 0.40055954531250004 0.9290135828124999 0.4036488203125 0.9340345187500001 0.40615517187499994 0.9359375 0.42255906718749997 0.9359375 0.46906694687500006 0.92248406875 0.4926945640625 0.9135495015625 0.5137334015625 0.9081688140624999 0.58653264375 0.8837119453125 0.61485679375 0.8768489374999999 0.6355398484375 0.8697278718749999 0.6558818375 0.8611186249999999 0.6819166046875 0.8542286390625 0.7223011921875 0.8405910078125001 0.747563015625 0.8335238953124999 0.8296547734375 0.8071323093749999 0.8500556453125 0.7995318656249999 0.8601088765625 0.793209640625 0.8696002406249999 0.781616228125 0.8721154171875 0.7768013453125 0.8742920234374999 0.766185853125 0.875 0.7584507390625 0.875 0.7353866546875001 0.8732004515625 0.72570865 0.8687788578125 0.71092696875 0.8637462453125 0.6987423640625 0.855592425 0.68534485625 0.84658956875 0.6748216515625 0.8377633546875 0.6673248515625 0.8309418531249999 0.6636880875 0.8216223890624998 0.660805971875 0.8101607421875 0.6604188843750001 0.7789214687499999 0.66959979375 0.7487986921875001 0.6761335734375 0.7305400000000001 0.6812389890625 0.627073328125 0.7028982203125 0.57115380625 0.7160447609375 0.553535571875 0.7190574984375 0.5104469328125 0.7299189734375 0.43114030468750003 0.747410421875 0.4 0.7550256390625 0.4 0.9275727109374999
7 0.6762771828125 1 0.681811015625 0.9982990328125 0.69894098125 0.9912761124999999 0.7472807796875001 0.9745678812499999 0.7924968781249999 0.9609591796875 0.8214320468749999 0.9514990937500001 0.8450596625 0.9425645265625 0.8570734453124998 0.9393457328124999 0.873118846875 0.9311619109375 0.8815231515625002 0.9227200265625001 0.9102497406250001 0.9140415671875001 0.918057746875 0.9084489640625 0.9229531265625 0.9008618296875 0.9265625 0.8912577 0.9265625 0.87137330625 0.9214813171875 0.8495149812499999 0.9167750484375 0.8385663546875 0.9134624718750001 0.8340748421875 0.9105498437499999 0.8320803124999999 0.90537726875 0.8305632015625001 0.8979325218749998 0.8249588843750001 0.89041168125 0.8224059968749999 0.8769722718749999 0.8229757078125001 0.8661927531250001 0.8255649765624999 0.8523067453125 0.8271935390625 0.8365043484375001 0.8264752718749999 0.7165237109375 0.8439354765625 0.7024585640625001 0.84685006875 0.6745049171874999 0.8557056546874999 0.65095339375 0.861588790625 0.6201435078124999 0.8737710812499999 0.5851131265625 0.8833273609375001 0.51628413125 0.9061228312499999 0.50687135625 0.9103523796874999 0.5052199374999999 0.9125451578125 0.50459170625 0.91920246875 0.5059459890625 0.9424049140624999 0.5112630390625 0.9768832609375 0.5143351015625 0.98596443125 0.5162023437500001 0.996179528125 0.516771784375 1 0.6762771828125 1