5 0.2041503734375 0 0.20191343593750002 0.0084242703125 0.19401550625 0.0171917703125 0.1691433234375 0.0359932890625 0.173594990625 0.0431593953125 0.1871152390625 0.05494445 0.19114006562500002 0.059578121875 0.17341543125 0.0663280875 0.1636355515625 0.06897156875 0.1570461765625 0.0725562421875 0.1585511828125 0.0798226765625 0.1542616859375 0.0856674109375 0.1540624671875 0.09365625 0.1365925546875 0.086757275 0.125594165625 0.085151975 0.0936881125 0.0902818171875 0.0609375 0.0922340265625 0.0609375 0.09394288281249999 0.06324394375 0.106540015625 0.061706696875 0.12421190468750001 0.070820734375 0.13776519062499998 0.081232246875 0.1512406484375 0.10847302968750001 0.18293224218749998 0.184269440625 0.22430902656249999 0.1760992234375 0.23130111874999998 0.2248122171875 0.252488334375 0.2576254171875 0.2615495765625 0.2724183421875 0.2751152484375 0.317494465625 0.295244384375 0.31815436875 0.28152225937500003 0.3326067953125 0.27564467187499997 0.3321996125 0.288690703125 0.3339100453125 0.29590722343750003 0.32693695156249997 0.3003752609375 0.350447034375 0.3109375 0.35908175625 0.3109375 0.3528528890625 0.30120694062500003 0.345520840625 0.288756865625 0.351274521875 0.2718946296875 0.3561443078125 0.26176055 0.327772815625 0.2614671421875 0.30157110625 0.24247432343750003 0.30569275 0.22508032500000003 0.304898071875 0.22259106874999998 0.3177134828125 0.212831696875 0.296305740625 0.21026366406250002 0.294961765625 0.19383304375 0.28270292812500003 0.180737490625 0.3202899359375 0.18118635156250001 0.355941903125 0.172360315625 0.359375 0.170454259375 0.359375 0.1046715140625 0.3442817046875 0.1007388140625 0.3405012046875 0.0925247640625 0.3371756859375 0.077805725 0.3317528953125 0.055868703124999995 0.33052119687500003 0.0213728484375 0.319781096875 0.0062115359375 0.31644458124999997 0 0.2041503734375 0
6 0.359375 0.3139631703125 0.12437408750000001 0.20126482656250003 0.0347676859375 0.1329425890625 0.0372813765625 0.151191725 0 0.130777871875 0 0.3632264609375 0.15823979999999999 0.3216847828125 0.175923609375 0.305803640625 0.3540542328125 0.44231141875 0.3540542328125 0.4496149 0.335273465625 0.465900465625 0.32630120156250003 0.4828125 0.3264653296875 0.4828125 0.359375 0.459761553125 0.359375 0.3139631703125
5 0.6691495109375 0 0.6345349406249999 0.0890699578125 0.589938278125 0.26121749375 0.6348273531249999 0.2625 0.64752264375 0.2625 0.6486929890625 0.2006593625 0.7673257578125 0.218638784375 0.9600793281249999 0.2430310015625 1 0.2424809515625 1 0.10023205625 0.79781274375 0 0.6691495109375 0
5 0.6025619015625 0 0.4995449640625 0.2734375 0.507973340625 0.2734375 0.5948007296875 0.26483671875 0.6000217250000001 0.2213892015625 0.6533845109375 0.036317584375 0.6687509984375 0 0.6025619015625 0
5 1 0.56875 1 0.2467389671875 0.9417070375 0.24900597656249998 0.596806384375 0.26557948750000004 0.5701115999999999 0.269637625 0.6232714046875 0.56875 1 0.56875
5 0.6196486296874999 0.56875 0.5667366609375 0.26894732499999996 0.5657617687500001 0.2702382046875 0.4578125 0.2790756375 0.4578125 0.47199585 0.4715512515625 0.56875 0.6196486296874999 0.56875
5 0.5378185375 0 0.4578125 0.1671816078125 0.4578125 0.198604284375 0.5180146296875 0.2200694265625 0.5191408281250001 0.22483645624999998 0.6013329515625 0 0.5378185375 0
6 0 1 0.07320667656249999 1 0.06806640625 0.990576171875 0.05439453125 0.975927734375 0.03583984375 0.967138671875 0.02021484375 0.963232421875 0.01142578125 0.958837890625 0.0119140625 0.954443359375 0.016796875 0.950537109375 0.02216796875 0.941748046875 0.04365234375 0.920751953125 0.05048828125 0.894384765625 0.05927734375 0.881201171875 0.06318359375 0.866064453125 0.0626953125 0.858740234375 0.05390625 0.847021484375 0.0353515625 0.832373046875 0.02802734375 0.822607421875 0.01875 0.815283203125 0.01484375 0.802099609375 0.01044921875 0.796240234375 0 0.79310546875 0 1
2 0.3260934546875 1 0.326611328125 0.998291015625 0.3296875 0.984228515625 0.3296875 0.9706313187500001 0.321728515625 0.951904296875 0.305615234375 0.931396484375 0.286083984375 0.911865234375 0.269482421875 0.901611328125 0.253857421875 0.884521484375 0.206005859375 0.869384765625 0.191357421875 0.866455078125 0.153271484375 0.848388671875 0.139111328125 0.844970703125 0.128369140625 0.837158203125 0.104931640625 0.828857421875 0.083447265625 0.815185546875 0.074658203125 0.814697265625 0.063916015625 0.817138671875 0.061474609375 0.819580078125 0.061474609375 0.824462890625 0.074658203125 0.844482421875 0.076123046875 0.850341796875 0.061962890625 0.870361328125 0.057080078125 0.883056640625 0.049267578125 0.893798828125 0.041455078125 0.921142578125 0.022412109375 0.939208984375 0.018017578125 0.946533203125 0.011181640625 0.952880859375 0.011181640625 0.958740234375 0.021435546875 0.964599609375 0.033642578125 0.967529296875 0.054638671875 0.976318359375 0.081494140625 0.975341796875 0.104931640625 0.982666015625 0.128857421875 0.993896484375 0.138278065625 1 0.3260934546875 1
2 0.077734375 0.8501953125 0.062109375 0.8228515625 0.0630859375 0.81796875 0.06650390625 0.81552734375 0.08359375 0.81455078125 0.09287109375 0.8228515625 0.1041015625 0.8287109375 0.12802734375 0.83701171875 0.1373046875 0.84482421875 0.14951171875 0.8462890625 0.1626953125 0.85166015625 0.165625 0.85166015625 0.17978515625 0.84140625 0.18125 0.8140625 0.171484375 0.8130859375 0.1568359375 0.8052734375 0.14755859375 0.79599609375 0.13779296875 0.7916015625 0.13388671875 0.784765625 0.1275390625 0.77939453125 0.10947265625 0.77353515625 0.073828125 0.7671875 0.06455078125 0.7623046875 0.05625 0.76083984375 0.0298828125 0.76669921875 0.0123046875 0.7974609375 0.01669921875 0.80673828125 0.01767578125 0.8150390625 0.02548828125 0.819921875 0.034765625 0.83212890625 0.04111328125 0.83505859375 0.046484375 0.8423828125 0.0591796875 0.8521484375 0.062109375 0.85947265625 0.06259765625 0.8697265625 0.06796875 0.8658203125 0.077734375 0.8501953125
5 0.19345703125 0.81357421875 0.19638671875 0.8169921875 0.196875 0.823828125 0.20517578125 0.83603515625 0.20859375 0.835546875 0.20908203125 0.82626953125 0.210546875 0.82578125 0.21396484375 0.8296875 0.2271484375 0.83505859375 0.2427734375 0.83603515625 0.25009765625 0.82822265625 0.25693359375 0.816015625 0.2623046875 0.81796875 0.27646484375 0.80966796875 0.2828125 0.7984375 0.28427734375 0.7896484375 0.27841796875 0.77890625 0.269140625 0.77255859375 0.26279296875 0.759375 0.24912109375 0.741796875 0.233984375 0.7271484375 0.22861328125 0.72275390625 0.22373046875 0.72177734375 0.20517578125 0.7291015625 0.1783203125 0.72177734375 0.17392578125 0.72763671875 0.1744140625 0.7310546875 0.17783203125 0.73447265625 0.17587890625 0.7486328125 0.17685546875 0.75595703125 0.19150390625 0.7642578125 0.19638671875 0.769140625 0.1998046875 0.77646484375 0.20517578125 0.77890625 0.20078125 0.7828125 0.198828125 0.80380859375 0.194921875 0.808203125 0.19345703125 0.81357421875
5 0.16025390625 0.73447265625 0.165625 0.7134765625 0.165625 0.6978515625 0.163671875 0.6919921875 0.15634765625 0.68466796875 0.1470703125 0.68369140625 0.13486328125 0.67734375 0.12998046875 0.67783203125 0.12802734375 0.6724609375 0.11875 0.66318359375 0.1060546875 0.663671875 0.0982421875 0.65830078125 0.09384765625 0.65830078125 0.08798828125 0.6666015625 0.07578125 0.67392578125 0.08310546875 0.687109375 0.08505859375 0.7349609375 0.0884765625 0.7369140625 0.08896484375 0.74033203125 0.09287109375 0.74130859375 0.09384765625 0.74814453125 0.1080078125 0.7662109375 0.12021484375 0.76767578125 0.13681640625 0.765234375 0.144140625 0.74765625 0.16025390625 0.73447265625
2 0.359375 0.82232213125 0.37365171406250003 0.8234375 0.3839264953125 0.8234375 0.399041675 0.8157119640625 0.4005063390625 0.8135149671875 0.40160483750000003 0.80399464375 0.399041675 0.7739690125 0.401238671875 0.75492836875 0.4046875 0.7428574703125 0.4046875 0.733005309375 0.401238671875 0.7278320671875 0.3950138453125 0.7263674015625 0.392084515625 0.7238042375 0.38988751875 0.71831174375 0.38659202187499997 0.7150162484375 0.38293035937500003 0.7146500812500001 0.36535438125 0.71831174375 0.359375 0.7220765390625 0.359375 0.82232213125
2 0.5192961031250001 0.8254179453124999 0.5152682734375 0.823220946875 0.5134374421875 0.8158976234375 0.508311115625 0.8162637875 0.49805846093749995 0.8243194453125 0.4958614640625 0.853246578125 0.49256596718749995 0.855443575 0.4907351359375 0.8730195546875 0.4943967984375 0.880709046875 0.504649453125 0.8905955343749999 0.522043265625 0.8953125 0.533691775 0.8953125 0.536505915625 0.8942571984375001 0.545660071875 0.8781458843750001 0.5606728875 0.8645977328125 0.5609375 0.860760853125 0.5609375 0.8512394078125001 0.5588420562499999 0.838966096875 0.5522510640625 0.8298119390625001 0.5412660765625 0.7994201421875 0.527351759375 0.797955478125 0.5222254328125 0.8188269515625001 0.5192961031250001 0.8254179453124999
2 0.40820326875 0.7450870796875 0.40820326875 0.757902896875 0.41076643125 0.7626630578125 0.4407920640625 0.7751127109375 0.47923951875000004 0.7839007 0.5019418250000001 0.78573153125 0.53306595625 0.776211209375 0.542586278125 0.76925405 0.553571265625 0.7637615578125 0.557965259375 0.759733728125 0.5751750734375 0.7275111 0.57847056875 0.7238494375 0.5788367359375 0.7198216078125 0.57590740625 0.704076459375 0.5729780765625 0.697851634375 0.5619930890625 0.68174031875 0.5565005953125001 0.6762478265625 0.5433186109375 0.6700229999999999 0.542586278125 0.666727503125 0.5458817734375 0.6597703453125 0.5396569484375 0.653179353125 0.537093784375 0.6517146875 0.5337982875 0.6524470203125 0.522447134375 0.66453050625 0.518053140625 0.6780786578125 0.50377265625 0.6897959765625 0.50011099375 0.6952884703125 0.499744828125 0.6982178 0.49681549843749995 0.699682465625 0.4913230046875 0.7084704546875 0.48912600624999997 0.708836621875 0.485098178125 0.705541125 0.477774853125 0.6934576390625 0.475211690625 0.677712490625 0.48290118125000003 0.6601365109375 0.51841930625 0.6319417109375001 0.51841930625 0.6293785468750001 0.5132929781250001 0.62535071875 0.5004771609375 0.6246183859375 0.49681549843749995 0.625716884375 0.48912600624999997 0.63267404375 0.45470637968750005 0.6484191921875 0.44372139375 0.6509823546875 0.4261454140625 0.6524470203125 0.4202867546875 0.655010184375 0.4096679328125 0.6670936703125 0.40087994375 0.6736846625 0.3851347953125 0.6916268078125001 0.38257163125 0.7000486312499999 0.397584446875 0.724215603125 0.40490777187500004 0.733369759375 0.40820326875 0.7450870796875
2 0.359375 0.7212840765624999 0.3635309875 0.7194554421875 0.3745159734375 0.702245628125 0.38037463437499996 0.6993162984375 0.384036296875 0.6956546359375 0.3869656265625 0.697851634375 0.39502128281250004 0.6949223046874999 0.3990491125 0.6799094890624999 0.40344310625 0.6755154937500001 0.40747093593750006 0.66819216875 0.4019784421875 0.6637981734375 0.3770791375 0.66086884375 0.36682648281249997 0.662333509375 0.3664603171875 0.665995171875 0.3627986546875 0.6711214984375 0.359375 0.6748019265625 0.359375 0.7212840765624999
2 0.46715603281250007 0.8424872984375 0.477774853125 0.8311361453125 0.47960568437499995 0.8318684781249999 0.48070418281249994 0.8358963062499999 0.48326734687500006 0.836262471875 0.485098178125 0.8399241343749999 0.486929009375 0.8399241343749999 0.48985833906250004 0.8326008093749999 0.499744828125 0.8307699796874999 0.50011099375 0.8252774859375 0.5067019859374999 0.8201511578125 0.5103636484375 0.813560165625 0.5041388234374999 0.79305485625 0.5012094921875 0.789027028125 0.490590671875 0.7846330328125 0.47557785625 0.7820698687500001 0.46312820468750004 0.777675875 0.4418905625 0.77474654375 0.4283424109375 0.7699863828125 0.42468074843750003 0.7732818796875 0.422117584375 0.7813375359375 0.41442809374999995 0.7860976984375 0.4202867546875 0.806236840625 0.41992058749999994 0.8120955000000001 0.42358225000000005 0.8124616671875 0.4265115796875 0.8098985031249999 0.4301732421875 0.8018428453125 0.4411582296875 0.8267421500000001 0.460565040625 0.8494444578125 0.462395871875 0.8509091218750001 0.46459286874999994 0.85054295625 0.46715603281250007 0.8424872984375
5 0.59311721875 0.8816670859375 0.5975112140625 0.9010738968750001 0.5997082109375 0.9025385625 0.6037360406250001 0.9025385625 0.6136225281250001 0.8999753984375 0.626438346875 0.8919197406249999 0.6407188296874999 0.8758084265624999 0.6542669812499999 0.8640911062499999 0.6670828 0.8476136265624999 0.683926446875 0.8168556625000001 0.6791662859375001 0.8066030078124999 0.673307625 0.8000120140625 0.6648858015625001 0.795251853125 0.6531684828125 0.7923225234375 0.645112825 0.792688690625 0.630466175 0.8073353390625 0.6297338421875001 0.8106308359375 0.6257060140625 0.8106308359375 0.6158195265625 0.8073353390625 0.6143548609374999 0.804406009375 0.6139886953125 0.7923225234375 0.6026375406250001 0.7839007 0.6011728765625 0.7809713703125001 0.601905209375 0.7421577484374999 0.5865262265625001 0.72934193125 0.57956906875 0.7249479359375 0.5766397375000001 0.7249479359375 0.5521066 0.77108488125 0.5418539453125 0.7868300296875 0.53306595625 0.7959841859375001 0.53306595625 0.7978150171875 0.5403892812500001 0.8022090125 0.5528389328125 0.8336993093749999 0.557965259375 0.8402903015625001 0.5565005953125001 0.8516414546875 0.559063759375 0.8560354499999999 0.5586975921875 0.8659219374999999 0.5663870828124999 0.871048265625 0.589089390625 0.877273090625 0.59311721875 0.8816670859375
6 0.5806152640625 0.56875 0.5671194156249999 0.590198759375 0.5627254203125001 0.6000852484375 0.555402096875 0.6081409046874999 0.5440509421875 0.6161965625 0.527939628125 0.6242522203124999 0.48290118125000003 0.6579395140625 0.47484552343750003 0.6751493265625 0.47411319062499996 0.6824726515625 0.4803380171875 0.708836621875 0.481436515625 0.7212862734375001 0.48436584531250004 0.7260464343749999 0.49535083281250003 0.7311727625 0.5026741578125 0.7304404296875 0.5191516390625 0.701513296875 0.5275734625 0.692359140625 0.5378261171875 0.6733184953125 0.5418539453125 0.6707553328125 0.5458817734375 0.670389165625 0.553571265625 0.6744169953125 0.559063759375 0.6806418203125 0.56858408125 0.6974854671874999 0.5737104078125 0.7135967828125 0.5824983984375001 0.7267787671875 0.5879908921875 0.729708096875 0.5971450468749999 0.7308065953125 0.6106931984375 0.7395945859374999 0.6246075156249999 0.7439885796875 0.6495068203125001 0.7553397343749999 0.671110628125 0.7619307265625 0.68063095 0.7546074015625 0.6886866078125 0.750579571875 0.69710843125 0.7498472406250001 0.7004039265625 0.7509457390625001 0.712121246875 0.746917909375 0.7190784046875001 0.74655174375 0.7348235531249999 0.7377637546875 0.735922053125 0.735200590625 0.735922053125 0.7029779609375 0.743977709375 0.6367018718749999 0.7469070390625 0.6242522203124999 0.75715969375 0.6026484125 0.7688770140625001 0.5876355953125 0.7692431796875 0.580312271875 0.7667051203125 0.56875 0.5806152640625 0.56875