3 0 0.25817273749999997 0.0054757 0.28117886875 0.0074845734375 0.32278523125 0.0114479296875 0.334263909375 0.018229184375 0.3412469640625 0.0267199796875 0.34488879687499996 0.030406965624999997 0.3453125 0.0443700578125 0.3453125 0.05576814375 0.343766415625 0.075405184375 0.33371809531249996 0.080946965625 0.327946103125 0.0828125 0.32332238125 0.0828125 0.3111822625 0.0817304171875 0.3011189875 0.0722978625 0.27452780468750004 0.0644008671875 0.19535547343749998 0.056965659375 0.1739670875 0.028820535937500003 0.1257682265625 0.0221432 0.0968275921875 0.0178351265625 0.097152846875 0.013636734375 0.0937223015625 0.0038495546875000003 0.097673378125 0 0.1016828453125 0 0.11596051874999999 0.0009590734374999999 0.12305349531250001 0.0005360093750000001 0.1375401390625 0 0.1401187296875 0 0.25817273749999997
3 0.1632767953125 0.36875 0.1646248390625 0.36672205468749997 0.165625 0.362497075 0.165625 0.338332040625 0.1584332453125 0.3211486046875 0.1549540109375 0.23789522343749997 0.1525278375 0.22897728437499998 0.143717896875 0.21786451874999999 0.12292387656249999 0.175534971875 0.1184220109375 0.16409695156249998 0.116230871875 0.1471308796875 0.1131251703125 0.14308248125 0.103447671875 0.1432777609375 0.09421466875 0.14665163750000001 0.090842590625 0.1517244578125 0.09176868125 0.1752103515625 0.082061465625 0.2316206078125 0.077377334375 0.244822878125 0.07755545625 0.2571226953125 0.095098609375 0.3371728328125 0.09285632031249999 0.358756496875 0.09522791093750001 0.36875 0.1632767953125 0.36875
3 0.17288175156250002 0.1502854515625 0.1632768328125 0.129596234375 0.15807976875000002 0.12356429375 0.1455415078125 0.0929247140625 0.14241437343750002 0.07121107343750001 0.1387858296875 0.066666790625 0.13289356562500002 0.06604093125 0.12201369531249999 0.0706098609375 0.1192114671875 0.0745689421875 0.12067606718749999 0.09801417812499999 0.1151301390625 0.1407262796875 0.11919327187499999 0.1671874859375 0.1434904859375 0.2183536546875 0.1502404046875 0.2264097953125 0.1537592640625 0.23470987656250003 0.1583311859375 0.317345403125 0.162628634375 0.31875 0.1644204921875 0.31875 0.1903226 0.3074350625 0.1921875 0.3021788265625 0.1921875 0.29267120156250004 0.191231403125 0.276315603125 0.1825880609375 0.2410990890625 0.1811589421875 0.17964065625 0.17288175156250002 0.1502854515625
3 0.2248281171875 0.0675046203125 0.21730465468750002 0.0675372734375 0.2118725546875 0.0695534671875 0.20797763749999998 0.074130403125 0.207811040625 0.098234153125 0.1915633671875 0.15781500312500002 0.1896402203125 0.186869603125 0.1962763109375 0.23562165 0.197354946875 0.290682228125 0.20402652031250001 0.3014210796875 0.20984043749999998 0.304729653125 0.21802189374999997 0.30625 0.22376215625 0.30625 0.22485602343750002 0.30573743124999997 0.22958716093749998 0.290925534375 0.2445813140625 0.274268071875 0.2593346671875 0.2474569640625 0.259375 0.23893498750000003 0.259375 0.1787141296875 0.25718315625 0.15553759218750002 0.2341823265625 0.0967785140625 0.2311021984375 0.0734552484375 0.2248281171875 0.0675046203125
3 0.3296875 0.10637767499999999 0.3180547671875 0.07707011875 0.3144204609375 0.054324051562499996 0.303728621875 0.0524544765625 0.2955726359375 0.0557470375 0.29275473750000003 0.06024265937499999 0.29325200156250003 0.0800134140625 0.275535584375 0.1530891359375 0.2825193203125 0.20625 0.283135353125 0.20625 0.2951742421875 0.1981827078125 0.3223289796875 0.16989995156249998 0.3296875 0.159203790625 0.3296875 0.10637767499999999
3 0.3296875 0.15720768125 0.3215403265625 0.1689317546875 0.28390320625 0.20657166562499998 0.2454826390625 0.271038696875 0.22877894375 0.29103738125 0.22528151406250002 0.300402540625 0.22720051562500002 0.3082880515625 0.239878575 0.3203125 0.2445263546875 0.3203125 0.2526358046875 0.30208484375 0.2694178453125 0.2794034484375 0.3139714765625 0.2257159265625 0.325243071875 0.207733434375 0.3296875 0.2035694109375 0.3296875 0.15720768125
3 0.3296875 0.20594975781249997 0.248590228125 0.30666685 0.24507713125000002 0.31656855156249997 0.2458564390625 0.32668154375 0.263648675 0.34300511093749997 0.2841804671875 0.35751576875 0.28744123125 0.3578125 0.298878325 0.3578125 0.3117541234375 0.3516864796875 0.3296875 0.3334514875 0.3296875 0.20594975781249997
7 0.3296875 0.7478918921875 0.326879953125 0.7498651265625 0.24191053281250002 0.718754534375 0.2378646921875 0.6654973046875 0.22432035 0.642959115625 0.206298721875 0.6244581968749999 0.1937389828125 0.6199282578125 0 0.5594467 0 0.784134565625 0.143414396875 0.8520959546875 0.1609978671875 0.8566570109375 0.19037555625 0.8547096843750002 0.20107689374999999 0.8400645328125 0.20620890468750003 0.8302241718750001 0.2134158796875 0.8198159484375 0.22029548906250002 0.8123092703125 0.2290326640625 0.8150733875 0.30570222812500003 0.8484554296875 0.30537570468749997 0.8602612734375 0.3296875 0.871061371875 0.3296875 0.7478918921875
9 0.16533730156249998 0.609375 0.2078125 0.4479882125 0.2078125 0.4420977546875 0.056352671875 0.4015625 0.055714929687500005 0.4015625 0.042819675 0.41164442812499996 0.0069031609375 0.5606656109375 0.1643681578125 0.609375 0.16533730156249998 0.609375
9 0.059375789062499996 0.36875 0.052073578125 0.4001334296875 0.20242998281250002 0.4375 0.2047953015625 0.4375 0.22349866875000002 0.36875 0.059375789062499996 0.36875
1 0.7574137171875 0.36875 0.763603740625 0.3812645453125 0.765748153125 0.41215985312500003 0.7621173953125 0.4575002203125 0.7536689453125 0.45951652656249997 0.726856325 0.45689194375 0.6731809515625 0.44122477968750007 0.6638682390625 0.4364452109375 0.65122275 0.43524431718749995 0.6419100359375 0.4304647484375 0.6069363453125 0.43526655156250005 0.598041640625 0.4383561828125 0.59127158125 0.44354624062500003 0.5791881359375 0.50977161875 0.58075990625 0.5204124203125 0.5932924156249999 0.557383421875 0.59874771875 0.56533951875 0.63246845 0.571875 0.6479416656250001 0.571875 0.663655684375 0.565083371875 0.7322445390625 0.5299048625 0.7658293390625001 0.5179050359375 0.7991528828125001 0.50098695625 0.80170189375 0.4826535234375 0.800419625 0.4679884453125 0.803125 0.4460604078125 0.803125 0.40327322343749994 0.80263960625 0.39608952343750004 0.7973714203125 0.37270749375 0.7947432734375 0.36875 0.7574137171875 0.36875
6 0.482385959375 0.36875 0.482529428125 0.36941714531250003 0.487039028125 0.378536415625 0.4925000265625 0.384505390625 0.5455793546875001 0.4007763 0.559586421875 0.3992496359375 0.5782075953125 0.4088095390625 0.6007636062499999 0.41666856093749993 0.6427285578124999 0.4299735765625 0.6691671578125 0.43514806562499997 0.6930856984375 0.4497133296875 0.7306455515625 0.4558663765625 0.7529152890625 0.459375 0.7603615796875001 0.459375 0.765625 0.4386970984375 0.765625 0.43489525156250003 0.7638083109375 0.417130128125 0.7637078140625 0.3962941640625 0.7628717968750001 0.3805557625 0.7585242484375 0.36875 0.482385959375 0.36875
6 0.9297829046875 0.375481946875 0.921569584375 0.38192468125 0.9136980140625 0.38532678750000005 0.9005801453124999 0.384707396875 0.8931287015624999 0.386544353125 0.8090078312500001 0.4230273234375 0.803600540625 0.43492358124999997 0.8014151640625 0.46957691874999996 0.8046109578125 0.491842171875 0.8029826937500001 0.49908642656249996 0.7735949375 0.5143034515625 0.7440504234375 0.526569528125 0.728043909375 0.537889840625 0.7083911109375001 0.5468869328125 0.68265175625 0.5549928296875 0.6463894359375 0.5734326109375 0.637940984375 0.57544891875 0.611206740625 0.5742998109374999 0.6022597859375 0.57640579375 0.5993428953125 0.597288028125 0.601728796875 0.604306703125 0.629751671875 0.5918178296875001 0.6384896203125 0.5857772453125 0.655647778125 0.5866628828125 0.700645928125 0.571616871875 0.71227040625 0.5630709375 0.7216113640625 0.5589079765625 0.7661893859375 0.5454271171875 0.8238852781249999 0.532565646875 0.879637284375 0.5304808796875 0.89309690625 0.52805964375 0.8959050546875 0.524078815625 0.8993204484374999 0.50310690625 0.9066673890625001 0.4993026515625 0.91031579375 0.492191521875 0.9184768625 0.4847651375 0.9253012921875001 0.471124378125 0.92761305625 0.45779887343750003 0.927721796875 0.44089746874999997 0.9357522406250001 0.431011959375 0.9390625 0.4206875078125 0.9390625 0.417068740625 0.932375690625 0.395869578125 0.9379397359375 0.386924271875 0.9374172250000001 0.37708776718750003 0.9297829046875 0.375481946875
5 0.744425625 0.5552595046875 0.7087508140625 0.565649203125 0.711218153125 0.5711636546875 0.7264797125 0.577355715625 0.7357119234375 0.58066019375 0.7418493109375001 0.58253529375 0.7572229125 0.568846209375 0.762206778125 0.5679496671875001 0.7714389859375 0.5712541453125001 0.7813544625 0.5684774109374999 0.78659958125 0.5724991218750001 0.7869653375000001 0.5793846734375 0.7852330484375 0.5846615421875001 0.790498765625 0.5875 0.7972892265625 0.5875 0.801390415625 0.5857272109375 0.813194934375 0.580624559375 0.8158717453125 0.574184734375 0.8171875 0.569281690625 0.8171875 0.5541773734375 0.8156144937499998 0.5503978187499999 0.815144234375 0.5415449671875 0.8169287765625001 0.5372517484375 0.744425625 0.5552595046875
5 0.5597363453125 0.4375 0.5615284984375 0.4375 0.5841458828125 0.434330815625 0.5942703625 0.435488684375 0.5983619546875 0.4367387515625 0.6359375 0.42901816249999997 0.6359375 0.42832302968749997 0.57373744375 0.40641168906249997 0.5721363625 0.41663020156249997 0.5689330359375 0.43210218749999996 0.5597363453125 0.4375
9 0.64999419375 0.6171875 0.65429758125 0.6171875 0.7070288359375001 0.6095145390625 0.6985843921875 0.602096153125 0.7002121812500001 0.5948519843750001 0.701683215625 0.5846568640625 0.706458078125 0.5798257234374999 0.7109375 0.57431035625 0.7109375 0.569994203125 0.7098181546875 0.5673046890625 0.6506388078125 0.589866984375 0.6663219109374999 0.6009484671875001 0.64999419375 0.6171875