0 0.771456865625 0 0.7582417953125 0.0037014328125 0.7521717000000001 0.00863005625 0.7256904109375 0.0166473296875 0.6784229546875 0.0392838328125 0.6598567953125001 0.0420357296875 0.6472448953125001 0.0392433609375 0.63444550625 0.04221628125 0.620656128125 0.0568320328125 0.6163594125 0.067804834375 0.617793640625 0.082189125 0.6369449546875 0.13664111875 0.6605088203125 0.180735953125 0.6699381890625 0.193660978125 0.6797867203125 0.2020519984375 0.696739521875 0.2008681421875 0.7111522671875 0.19632718124999998 0.720912428125 0.1907250515625 0.7307526 0.1889290296875 0.73989775 0.18343915 0.853809684375 0.1397237484375 0.8502987484375 0.124444925 0.84128854375 0.106985896875 0.8253364812499999 0.06277533125 0.8145170687500001 0.042462590625000005 0.79779833125 0.0009391 0.7967785828125 0 0.771456865625 0
2 0.51875 0 0.51875 0.041334954687499995 0.524261853125 0.0381290765625 0.5374087515625 0.037003084375 0.5341462109374999 0.04332963125 0.5352245703125 0.0456799515625 0.5716976921875 0.033291834375 0.59203723125 0.0365841140625 0.6211744125 0.0325395890625 0.6514532421875 0.0142774078125 0.65426079375 0.0156753328125 0.662024259375 0.0129847796875 0.6619422593750001 0 0.51875 0
6 0.8848205515625001 0.2639679015625 0.8597842406249999 0.252617875 0.83083455 0.2508971109375 0.804949165625 0.2823666828125 0.7989674390625 0.3012884578125 0.8126827765625 0.33699227187499997 0.8154712203125 0.3619547453125 0.8204796765625 0.3750498859375 0.8246139828124999 0.4004035 0.8338033156249999 0.401910196875 0.8542145078125 0.39882154375 0.8718623296875 0.40133154531250004 0.9138347249999998 0.3911236328125 0.9317500484375 0.391674453125 0.9530437484375 0.3865143703125 0.9661381062500001 0.3682047625 0.9645163875 0.3595857609375 0.9686172546874999 0.34419120625 0.9652663421875001 0.33652460156249997 0.959036225 0.3338410046875 0.9444276312500002 0.333960215625 0.9303815015625 0.3167835546875 0.9183320671875 0.29669531718750003 0.8848205515625001 0.2639679015625
8 0 0.74665448125 0.029210975 0.7423274953125001 0.05482519375 0.7270388265625 0.0656673375 0.7083673906250001 0.0694857859375 0.6663018078125 0.0581558890625 0.6240825125 0.0333917703125 0.5948893109375 0.0035271015625 0.5815778 0 0.5815333546875 0 0.74665448125
4 0.7096515812499999 0.4796875 0.6892258203124999 0.49996691875000004 0.6663990249999999 0.533221215625 0.662751065625 0.579207215625 0.6966565484375 0.5900210875 0.648613671875 0.6223091937499999 0.6751279828125 0.6254969703125 0.6940918390624999 0.618777284375 0.7090813578125 0.604252159375 0.72348943125 0.5977715953125 0.7643321734375 0.5933381265625 0.8411193609375001 0.5961769218749999 0.8808471015624999 0.5757738890625 0.8932401609374999 0.55680559375 0.8948012656250001 0.5464198875 0.8838579187500001 0.520662425 0.890978409375 0.4916671078125 0.8882306171875 0.4796875 0.7096515812499999 0.4796875
4 0.51875 0.760044690625 0.53968875625 0.73220896875 0.6027529031250001 0.718595103125 0.6105901796875 0.6998659296875 0.61405490625 0.66762790625 0.641142859375 0.6135424125 0.6503023125 0.5810054859375 0.66669365 0.5538132874999999 0.66631938125 0.53208053125 0.6732009453125001 0.4996631640625 0.6703655562499999 0.4917979453125 0.655479625 0.49143440937499994 0.6446476734375001 0.500016996875 0.632708525 0.54185873125 0.6120560328125 0.589882125 0.602363025 0.5984049312499999 0.5832398828125 0.6028432515625 0.551882971875 0.6285312328125 0.51875 0.6748913468750001 0.51875 0.760044690625
4 1 0.9160627453124999 0.989125478125 0.8986663390625 0.9667130374999999 0.872366003125 0.9631608625 0.8542346359374999 0.9532528734374999 0.8433060515624999 0.9380962625 0.8063211031249999 0.89899785625 0.7866208890624999 0.8510507640625 0.754791628125 0.8137763375 0.7120984140625 0.7934346109374999 0.71545583125 0.783741603125 0.7239786374999999 0.779002590625 0.7379657359375 0.7379209203125 0.7389771578125 0.6890019734375 0.75871775 0.6752867390625 0.7914938015625 0.6848282640625 0.8299183359375 0.7175229640625 0.888880015625 0.779750596875 0.9451467140624998 0.8879025 0.9715262328125001 0.974621621875 0.9692642687500002 1 0.973514415625 1 0.9160627453124999
4 0.6876177953125 1 0.689566746875 0.979646703125 0.6874163921875 0.9488482656249999 0.6632996999999999 0.86539421875 0.630342125 0.8190398328124999 0.6030313859375 0.8044452265625001 0.594341984375 0.7945975437499999 0.565549784375 0.7915293312499999 0.5358815124999999 0.7759136015625 0.51875 0.7753026546875 0.51875 0.9987547515624999 0.5207223484375 1 0.6876177953125 1
4 1 0.7243684921875 0.9902092578125 0.7177210687500001 0.9541851703125002 0.709308125 0.9271451109375001 0.7313349328125 0.8847412640625001 0.7461541109375001 0.8823597843750001 0.7611623296875 0.8966403234375001 0.7855997671875 0.935555496875 0.8190479578125001 0.9645147906249999 0.873626246875 1 0.9071039015625001 1 0.7243684921875
4 0.72337750625 0.7271470125 0.723879309375 0.7179617687500001 0.7294147499999999 0.7153815 0.7352687625 0.7173639609375 0.740939540625 0.7330944015625 0.778604375 0.732262321875 0.7913956484375 0.7189974421875001 0.8092205578125 0.7123375375000001 0.8362684234375 0.7395394359375 0.87790759375 0.7465127953125 0.9238079171875 0.73265495625 0.9584223812499999 0.7045062718749999 0.9608038593749999 0.68949805 0.9855103312499999 0.650420778125 0.97952098125 0.6301276078125 0.9886564875000001 0.6136200203125 0.9813449609374999 0.60713460625 0.9446837312499999 0.589596196875 0.8805045843749999 0.5872404984374999 0.8511309375 0.5922168453125 0.812462496875 0.6114194125 0.6565862906250001 0.621890728125 0.6324055640624999 0.635753415625 0.630024084375 0.6507616359374999 0.6140309609375001 0.683657246875 0.6180849375 0.6926033687500001 0.6502939765625 0.6954922421875 0.659540878125 0.7133247062500001 0.6729453453125 0.7252146296875 0.7049711515625 0.741851478125 0.720996028125 0.7421552328125001 0.7332058531250001 0.7369349125 0.72337750625 0.7271470125
4 0.8650247078125 1 0.8884599984375001 0.9795110140624999 0.8879821421875 0.9726669171874999 0.878552009375 0.9685824296875001 0.7891807281250001 0.9492312015625 0.7749558875 0.9419637875 0.7212583703125001 0.8932634046875 0.684007890625 0.83454085 0.667059053125 0.853748265625 0.6687872484375 0.8948726312499999 0.68781460625 0.9545516796874999 0.688826015625 0.9854098984374999 0.6877714703125 1 0.8650247078125 1