6 0 0 0 0.34018408125 0.029578621875 0.3542960953125 0.039127509375 0.359375 0.5012463140625 0.359375 0.515625 0.15338816875 0.515625 0.1420006453125 0.4866893296875 0.11925663281250001 0.3920752328125 0.035164028125 0.347706796875 0 0 0
0 1 0 0.9170640453125 0 0.9154731390624999 0.00347995625 0.911900634375 0.0316011265625 0.9195891812500001 0.0591802875 0.9302416140625 0.0625 0.9941407421875 0.0625 1 0.0617040234375 1 0
0 1 0.058247515625 0.9756125749999999 0.0630712421875 0.9637484265625 0.1103386296875 0.975747484375 0.13479536718750001 0.9909289734375001 0.1432096015625 0.9989159765625001 0.1433967328125 1 0.14326806718750001 1 0.058247515625
0 0.609375 0 0.609375 0.04715108125 0.6535030093749999 0.093516484375 0.6641300515624999 0.09940644843749999 0.6813844515625 0.1030341265625 0.6991874265625 0.092975146875 0.7140625 0.0747389 0.7140625 0.067426709375 0.7127344125 0.052999870312499996 0.7031314546875 0.0285992703125 0.6841959890625 0 0.609375 0
7 1 0.13764138125 0.9724451453124999 0.1362811015625 0.94146670625 0.15006065156249998 0.9179081406249999 0.15353795312500002 0.908488425 0.1597640796875 0.8829485671875 0.183341296875 0.8751324359374999 0.1976635328125 0.8664321703125001 0.2047123703125 0.8588599765625 0.2246812953125 0.87124910625 0.2370593703125 0.9125437671875 0.24044444843749999 0.93889469375 0.23300330468750002 1 0.2035434703125 1 0.13764138125
7 0.7383343 0 0.7559962296875 0.025642975000000002 0.7668003265625 0.05410098437500001 0.7787139468750001 0.07130304062500001 0.8005537140625 0.117748390625 0.8212530375 0.1351562921875 0.8387513765625 0.1444306578125 0.8494638562500001 0.157575303125 0.8494700375 0.16563398437500002 0.8562682687500001 0.17788106718750002 0.8688889703125 0.17978847343749998 0.8834178937499999 0.1704586359375 0.88620406875 0.1584361125 0.8800460359375 0.1478157359375 0.8737171343749999 0.12268599218750001 0.86849156875 0.07824161562500001 0.84041451875 0.0219798875 0.825289878125 0 0.7383343 0
7 0.8018105156249999 0.194333921875 0.7952995125 0.2441442890625 0.80177455 0.2515486796875 0.8104810015625 0.252558521875 0.8258878781250001 0.242443403125 0.8430568421875 0.23881639843750002 0.8541532109375 0.2318237 0.8705049218750001 0.2040019390625 0.929394584375 0.1344665890625 0.935692565625 0.11930293125 0.9347291765625 0.11283353125 0.9167429609375001 0.092265784375 0.904439265625 0.0871423921875 0.8892639609374999 0.0867868421875 0.871942678125 0.1000805203125 0.870680834375 0.121003146875 0.8802776078125 0.1373450671875 0.8807654843750001 0.148638446875 0.88548461875 0.157613403125 0.8834971453125 0.169654640625 0.8790281343749999 0.1743850546875 0.8648954671875 0.17969490625 0.8570669687500001 0.17789978125 0.8495492890625 0.1648299875 0.8494638562500001 0.157575303125 0.8396355124999999 0.15170405625 0.8018105156249999 0.194333921875
7 0.6837010546875 0 0.68841134375 0.004719003125 0.7021663031250001 0.027605175 0.7192993031249999 0.081192928125 0.779745359375 0.1664179234375 0.789256696875 0.175505159375 0.7963657484375 0.176477575 0.8130530171875 0.16961586875 0.832050953125 0.15555561874999999 0.8333189765625001 0.142691671875 0.8005537140625 0.117748390625 0.7525574890625 0.01992143125 0.7362308140625 0 0.6837010546875 0
7 0.7968783609375001 0.22000567499999998 0.79487851875 0.215929553125 0.7908850171874999 0.2158359859375 0.7919029203125 0.18926666875 0.7737458312500001 0.1541895546875 0.7281704437500001 0.0886534578125 0.7142631640625 0.075433959375 0.6920766109375001 0.0974780359375 0.667243834375 0.1057606015625 0.6624578171875 0.113707003125 0.6615067984375 0.12335496406249999 0.6643907765625 0.1347044828125 0.6767068390625 0.1559452359375 0.714679115625 0.20115685781249998 0.729952225 0.2248844515625 0.7600712656249999 0.236066225 0.7699057921875 0.24999615468749997 0.780130390625 0.25184742031249996 0.7912267609375 0.244854721875 0.7951348265625 0.2376936046875 0.7968783609375001 0.22000567499999998
7 0.609375 0.13815451406249998 0.6096036484375 0.13825596406250001 0.6460813703125 0.10929404218750001 0.650074871875 0.10938760781250001 0.6564706593749999 0.11759599375 0.66077498125 0.1064148921875 0.659890846875 0.099141496875 0.6271986484375 0.0653355359375 0.6254365609375 0.058847423437500004 0.61473026875 0.0537614578125 0.609375 0.0467563046875 0.609375 0.13815451406249998
7 0.8247703937499999 0 0.838975621875 0.0203344671875 0.8589740499999999 0.0610956984375 0.8745579812500001 0.073548628125 0.88717868125 0.07545603281249999 0.8976348546875 0.06683662812499999 0.9111942046875001 0.0429787125 0.9098098234374999 0.008294575 0.8951873265625 0 0.8247703937499999 0
8 0.23128080468749998 0.6001961390625 0.23505578124999998 0.6174524890624999 0.22947202187500002 0.6323444140625 0.219237090625 0.688068825 0.21352118281250002 0.6939991062499999 0.2018562203125 0.6993745296875 0.19439044218749998 0.7116049999999999 0.185538403125 0.7212202546875 0.1693838765625 0.7634657625 0.1579630046875 0.7872597703124999 0.155585653125 0.7948635734375 0.1575280296875 0.8014689890625 0.1869112125 0.82177951875 0.199000071875 0.825 0.2108566484375 0.825 0.21417772031250001 0.8243226234375001 0.22255420625000003 0.8141658296875001 0.26812743437500003 0.733895046875 0.2759770203125 0.712253871875 0.29402450625 0.6846032609374999 0.303125 0.6622693953125001 0.303125 0.6357729015625 0.296347559375 0.6276437343750001 0.2673698953125 0.6060480312500001 0.2377660171875 0.599806634375 0.23128080468749998 0.6001961390625
2 0.0626884234375 0.9252122406249998 0.068040721875 0.9281973640625001 0.0731102140625 0.9381166875 0.08577763125 0.9447671843750001 0.09575332812500001 0.94420605 0.11490595781249999 0.95046704375 0.1344471046875 0.953125 0.138747221875 0.953125 0.13971389375 0.95228365625 0.1448220984375 0.9368501953124999 0.1453125 0.934022871875 0.1453125 0.9214557546875 0.1282383015625 0.9164104453124999 0.105422640625 0.90235004375 0.0853189046875 0.8950059703125 0.0765973265625 0.88922068125 0.0778312390625 0.8833695546874999 0.07553389375 0.88125 0.068249803125 0.88125 0.0663884796875 0.8832966750000001 0.0658540109375 0.9086032249999999 0.061818115625 0.9221479625000001 0.0626884234375 0.9252122406249998
8 0.08706761562500001 0.6932600609375 0.063565140625 0.696039865625 0.030988420312499997 0.713883228125 0.023724648437500002 0.7211606953125 0.016774825 0.732942103125 0.0174944703125 0.751902225 0.023566418750000002 0.77384746875 0.038784153125 0.7911767015625 0.080382953125 0.8815666203125 0.0846629421875 0.8864404671875 0.090531196875 0.8889765265625 0.09233104375 0.8890625 0.11460364687499999 0.8890625 0.134166865625 0.8806167484374999 0.13777855156250002 0.8774733171874999 0.140625 0.8675707234375001 0.140625 0.8381245078124999 0.140354953125 0.8265036328124999 0.1334110140625 0.7771319234375 0.140625 0.7488310890625 0.140625 0.74025499375 0.13828438437499999 0.7308511328125 0.1266177328125 0.71186436875 0.11740039843750001 0.7060328375 0.08706761562500001 0.6932600609375
5 0.1615819921875 0.781723059375 0.17242630625 0.7598640140625 0.1804981 0.7327745375 0.1792128375 0.7276828203125 0.1716443703125 0.71802760625 0.1624985796875 0.72264361875 0.156053771875 0.7220425203125 0.141070871875 0.7355606187499999 0.1411424140625 0.7460081609375 0.13553845312499999 0.761395384375 0.135154646875 0.7708060890625 0.140418571875 0.81256334375 0.15730537656250002 0.8255735859375001 0.17113685 0.840287603125 0.1724268 0.840625 0.17427581406249998 0.840625 0.177945271875 0.8319732953125001 0.1859375 0.82094448125 0.1859375 0.8199725328125 0.17240947812500002 0.8090836890624999 0.1624632421875 0.7967207796875 0.1603076765625 0.788564784375 0.1615819921875 0.781723059375
1 0.19205500625 0.5811132375 0.1766462109375 0.5806704500000001 0.1614907625 0.5862175046875 0.15315467968750002 0.5953836984375 0.15114220312499999 0.6081227874999999 0.15327756875 0.616774084375 0.15719732343749998 0.6792877078125 0.16381468125 0.6878598484375 0.1715649515625 0.6930573609375 0.1819879546875 0.696875 0.20384585624999998 0.696875 0.2092625109375 0.69607616875 0.2143210609375 0.69406205 0.2195210140625 0.6885808328125 0.22663075156249998 0.6484748328125 0.230879596875 0.6419105375 0.233307025 0.631198884375 0.234375 0.6193350609375 0.234375 0.6091599875 0.23150412343750001 0.60219404375 0.2257772703125 0.5961908796875 0.21410136406250002 0.5896328625 0.19205500625 0.5811132375
1 0.2641959015625 0.8698425703125 0.271085121875 0.8595470640624999 0.27441231250000003 0.8389756453124999 0.24556510937499998 0.8019793968750001 0.23837119375000002 0.7953422203125 0.2338690015625 0.795916675 0.22217458125 0.8142161437500001 0.21183527500000002 0.8236926828125 0.205765015625 0.8261096234374999 0.185955028125 0.8237647953125 0.17811470000000001 0.8329772234374999 0.1773967390625 0.8383792890624999 0.20316672656249998 0.8532124234375 0.2229876578125 0.8674906953124999 0.2358074234375 0.8826075343750001 0.24865664375000002 0.8848003296875 0.2641959015625 0.8698425703125
6 0.3691118015625 0.8301225625 0.3559862625 0.8033288875 0.359873659375 0.7951683 0.353772615625 0.770450315625 0.3337981375 0.7721386421875 0.3194317125 0.7757705515625 0.29438425625 0.779826784375 0.2764190125 0.7845435640625 0.25267256875 0.79156219375 0.2486120234375 0.8039682109375 0.274934040625 0.8383850687500001 0.271091134375 0.8628858609375001 0.24889219687500003 0.8842540890624999 0.236173075 0.88235753125 0.22861350625000001 0.875970359375 0.227225925 0.8751306765625 0.21965313125 0.8864988515625001 0.2324167421875 0.9047356093750001 0.231333371875 0.9138679890624999 0.24294026093749999 0.9256044937500001 0.2553551703125 0.917528990625 0.302299759375 0.9169355937500001 0.3430146515625 0.91220985 0.347219484375 0.8962659734375 0.358593103125 0.878859928125 0.343820259375 0.8575947171875 0.3577381828125 0.8475286078125001 0.3691118015625 0.8301225625
7 1 0.359375 0.8653748374999999 0.359375 0.853954315625 0.3682572 0.8470956109374999 0.374906865625 0.8117344187500001 0.40249199999999996 0.78322375 0.42702041875 0.7456631375 0.45560582812500006 0.7389857859375 0.4617022984375 0.7256392640625 0.4703022859375 0.71950188125 0.476535640625 0.7014633546875 0.5051568234375 0.6898076484375 0.5146647796874999 0.674055809375 0.5355970953125 0.6666994078124999 0.5551825171875 0.6548678109375 0.594484590625 0.650125353125 0.605026096875 0.643617084375 0.615958796875 0.6358870640625 0.6256231015625 0.6187048515625 0.6419986109375 0.6154214 0.6445215921875 0.609375 0.6474893078124999 0.609375 0.6983303859375 0.6228691828125 0.7113597703125001 0.6253035953125 0.7125 0.63360395 0.7125 0.638646934375 0.7106859984375 0.6535151890625001 0.6981577484375 0.662656490625 0.6856156890625 0.6703033359375 0.6808434999999999 0.679795071875 0.6725844734375 0.693137503125 0.6657809609375 0.7149108281250001 0.6578792109375 0.7458636359375 0.6523045203125 0.7747002000000001 0.6428379890625 0.7938091265625 0.6345004624999999 0.837198959375 0.60847130625 0.8479519906250002 0.5999328546875 0.8617798484375001 0.5855830140625 0.869753946875 0.5794557765625 0.889533740625 0.5612222515624999 0.8969010515625 0.552664340625 0.9235709140624999 0.5298262796875 0.9405404140625 0.511958834375 0.9567804093750001 0.49810065156250005 0.982157615625 0.4734968890625 1 0.45920789375000004 1 0.359375
7 1 0.4828704140625 0.985824190625 0.48015255 0.9782605234374999 0.4800326234375 0.97209586875 0.4824243734375 0.9615241921875001 0.49040962656250003 0.9285669578124999 0.52207936875 0.8956888078125 0.550653471875 0.8752545046875 0.57159709375 0.8590145093749999 0.5854552765625 0.8475319750000001 0.5980029890624999 0.8387261078125 0.6055970453125 0.82238384375 0.6169127859375 0.8021704375 0.6357553906250001 0.7995687640625 0.6394098796875 0.7789653796875 0.6555172718750001 0.7732970625 0.6613902015625 0.7490147968749999 0.6954987734375 0.7371218328125 0.7142936484375 0.7298840609375 0.7292356109375 0.72408484375 0.745141428125 0.7167120828125 0.77191275 0.70714808125 0.7960913984375 0.7024097140625 0.8048364281249999 0.6930120625 0.8192308468749999 0.6867642328125 0.8265147109375001 0.6803745921875001 0.8328039515625001 0.66673626875 0.84300764375 0.6551078328125 0.8563572078125 0.6515639421875 0.862529025 0.6506885375 0.8673401390625 0.654349696875 0.8729417999999999 0.683206725 0.9019472234375 0.68858270625 0.9046875 0.695431396875 0.9046875 0.6986176796875 0.9041763187499999 0.7151849312499999 0.8889630875 0.7332070953125001 0.8675278078125 0.7434201578125 0.8588524718749999 0.7566603203125 0.849506515625 0.7750520156249999 0.8397888281250001 0.8043181 0.8315096890625 0.8344200468749999 0.8199672578125 0.8629852578125 0.8031220546875 0.8806638093749999 0.790227725 0.8945148484375001 0.7815159671874999 0.9000372656250001 0.7764448890625 0.9143464578125 0.756345196875 0.947536859375 0.7171850109375 0.9906485203125 0.67095319375 1 0.6603633921875 1 0.4828704140625
7 1 0.6580211828125 0.9675898187499999 0.693663784375 0.9406554265625001 0.7219471562499999 0.9173235625 0.7499454468750001 0.9106380312500001 0.7596348671875 0.8991309546874999 0.7829614328125001 0.8897292125 0.799152328125 0.8584641656249999 0.862767434375 0.8543721234374999 0.8723953171875 0.8526881328125 0.884311334375 0.8551820859374999 0.8963278125 0.861243115625 0.90781055625 0.845971253125 0.9394099562499999 0.842104196875 0.9451403453125 0.8370862984375 0.9500996531249999 0.834375 0.9553992015624999 0.834375 0.957762240625 0.836982671875 0.9639741453124999 0.8454953796875 0.9744007281249999 0.8573978953125 0.983050296875 0.8657456109374999 0.9868441749999999 0.8784755328125 0.9890625 0.8796786718749999 0.9890625 0.8854490531250001 0.9863267515625 0.8892765656249999 0.9821441796875 0.9016467734375 0.9593959296874999 0.91201800625 0.9445293140625001 0.9156955265625001 0.9429450703125 0.9269680781249999 0.9435258843749998 0.9406609453125 0.9410054062500001 0.95441380625 0.927954728125 0.9689752578124999 0.90779915 0.98338671875 0.8902418984375 0.99556739375 0.87163979375 1 0.8659366078125 1 0.6580211828125