1 0.4036458328125 0.1583333328125 0.3713541671875 0.1203125 0.359375 0.11041666718750001 0.3645833328125 0.10364583281249999 0.36666666718749996 0.09635416718749999 0.3552083328125 0.0958333328125 0.3010416671875 0.1 0.2927083328125 0.103125 0.2802083328125 0.20729166718749997 0.2802083328125 0.225 0.29739583281250004 0.2322916671875 0.4505208328125 0.23072916718749997 0.4526041671875 0.20052083281250002 0.44427083281249996 0.19375 0.4453125 0.184375 0.4375 0.17916666718750002 0.43125 0.18125 0.4270833328125 0.18020833281249998 0.4036458328125 0.1583333328125
1 0.26015625 0.03125 0.26015625 0.0338541671875 0.27890625 0.0973958328125 0.2888020828125 0.0984375 0.365885415625 0.0916666671875 0.36796875 0.0901041671875 0.37265625 0.060416667187499995 0.37578125 0.05208333281250001 0.37994791562499997 0.0479166671875 0.392447915625 0.05208333281250001 0.4106770828125 0.06510416718749999 0.415625 0.066753471875 0.415625 0.053906257812500004 0.414322915625 0.040625 0.40598958281249997 0.0083333328125 0.40494791562500004 0.00625 0.40078125 0.00625 0.383072915625 0.0098958328125 0.3122395828125 0.0171875 0.2638020828125 0.0276041671875 0.26015625 0.03125
1 0.352739409375 0 0.35260416562499997 0.0122395828125 0.40572916562500005 0.006510415625 0.40625 0.012760415624999999 0.40989583281249997 0.01953125 0.45572916562500004 0.012760415624999999 0.4640625 0.014322915624999998 0.461979165625 0.0231770828125 0.454166665625 0.033072915625 0.4270833328125 0.045572915625 0.41666666562500004 0.052864582812500005 0.41875 0.06953125 0.43213778437499994 0.0796875 0.503124996875 0.0796875 0.504166665625 0.07942708281250001 0.5125 0.07161458281250001 0.5166666656250001 0.0434895828125 0.5270833328125 0.03828125 0.528125 0.0367187484375 0.528125 0.0297743109375 0.522916665625 0.0028645828125 0.515625 0.00078125 0.5155803578125 0 0.352739409375 0
2 0.4231770828125 0.0484375 0.45390625 0.0333333328125 0.458072915625 0.025520832812499998 0.4622395828125 0.0223958328125 0.4625 0.0214409703125 0.4625 0.0125 0.45234375312499997 0.0125 0.40859375 0.01875 0.41575969687500003 0.0484375 0.4231770828125 0.0484375
5 0.57890625 0.079947915625 0.5575520843749999 0.09036458281250001 0.555989584375 0.09609375 0.543489584375 0.1013020828125 0.53515625 0.11015625 0.530989584375 0.12057291562500001 0.5263020843749999 0.12265625 0.52421875 0.1263020828125 0.5190104171875001 0.164322915625 0.5315104171875 0.16796875 0.5520182296875 0.1796875 0.5555989593749999 0.1796875 0.57109375 0.17421875 0.57734375 0.17734375 0.60390625 0.159635415625 0.609114584375 0.15338541562500002 0.62890625 0.1544270828125 0.634114584375 0.150260415625 0.641927084375 0.142447915625 0.64453125 0.13359375 0.6377604171875 0.12578125 0.63984375 0.119010415625 0.6299479171875 0.10859375 0.63828125 0.10651041562500001 0.6393229171875 0.1013020828125 0.648177084375 0.1013020828125 0.65625 0.089192709375 0.65625 0.08138020781250001 0.65390625 0.07942708281250001 0.6330729171875 0.0763020828125 0.6143229171875 0.0763020828125 0.57890625 0.079947915625
1 0.48333333281249996 0.1098958328125 0.4859375 0.1197916671875 0.5 0.1473958328125 0.5 0.1572916671875 0.493229165625 0.16354166718750002 0.465625 0.1770833328125 0.4609375 0.1833333328125 0.459375 0.1921875 0.45625 0.1927083328125 0.45208333281249996 0.1828125 0.44791666562500004 0.1838541671875 0.44479166562500005 0.1916666671875 0.4484375 0.1973958328125 0.454166665625 0.2010416671875 0.5 0.2234375 0.5220982140625 0.2375 0.5246874984375001 0.2375 0.5317708328124999 0.23541666718749998 0.5442708328125 0.2359375 0.5630208328124999 0.1942708328125 0.5630208328124999 0.1890625 0.546875 0.1760416671875 0.519791665625 0.1640625 0.521875 0.1395833328125 0.526041665625 0.12291666718750001 0.5317708328124999 0.11927083281249999 0.5364583328125 0.1098958328125 0.54375 0.1015625 0.557291665625 0.0958333328125 0.558854165625 0.090625 0.56875 0.08333333281250001 0.5786458328124999 0.0791666671875 0.6067708328125 0.07760416718749999 0.6130208328125 0.0734375 0.6140625 0.0705729140625 0.6140625 0.06588541718749999 0.6130208328125 0.0640625 0.5875 0.0640625 0.5796875 0.0671875 0.5755208328125 0.0661458328125 0.572916665625 0.0739583328125 0.565104165625 0.0739583328125 0.5473958328124999 0.0625 0.53489583125 0.059375 0.5312500015625 0.059375 0.521875 0.0625 0.5098958328125 0.07760416718749999 0.496354165625 0.0848958328125 0.48333333281249996 0.1098958328125
1 0.33489583437500003 0.2520833328125 0.3859375 0.2557291671875 0.3994791671875 0.2578125 0.4010416671875 0.2598958328125 0.4234375 0.2598958328125 0.4296875 0.2630208328125 0.44739583437499997 0.2614583328125 0.44947916718750003 0.2635416671875 0.4515625 0.2589583359375 0.4515625 0.23020833281250003 0.364583334375 0.23020833281250003 0.3359375 0.23177083281250002 0.333333334375 0.246875 0.33489583437500003 0.2520833328125
1 0.2744073265625 0 0.26664870625 0.025 0.2692708328125 0.025 0.28359375 0.02109375 0.33515625 0.0153645828125 0.3513020828125 0.01171875 0.3515625 0.000868034375 0.3515625 0 0.2744073265625 0
6 1 0.1368977890625 0.9923177078125001 0.11097005156249999 0.93046875 0.094694009375 0.8930338531249999 0.10120442656249999 0.8442057281249999 0.128873696875 0.8149088531249999 0.1988606765625 0.7823567703125 0.1988606765625 0.7984700515625 0.2296223953125 0.8002604156249999 0.231412759375 0.8002604156249999 0.2330403640625 0.8002604156249999 0.23466796875 0.8409505203125001 0.24443359375 0.89140625 0.26396484375 0.9418619781249999 0.2786132796875 1 0.2965019015625 1 0.1368977890625
2 0.7735352953125 0.4796875 0.75485175625 0.46422525937500003 0.72555488125 0.390983071875 0.69625800625 0.35517578125 0.7483413390625 0.36005859375 0.6995132140625 0.32425130156250004 0.6897475890625 0.28518880156250004 0.6796875 0.290218846875 0.6796875 0.42018179218749996 0.7043960265625 0.42841796875 0.7288100890625 0.46748046875 0.738691971875 0.4796875 0.7735352953125 0.4796875
6 0.118812003125 0.4796875 0.118812003125 0.5284350203125 0.15055803437499998 0.5693576390625 0.1597346234375 0.5696056546875 0.1736235109375 0.5668774812499999 0.18453620937499998 0.5668774812499999 0.1984251 0.5688616062499999 0.2155381953125 0.574069940625 0.24480406718749997 0.5748139890624999 0.25522073437500004 0.5765501000000001 0.29440724218750003 0.593911209375 0.3273933515625 0.60556795625 0.345250496875 0.614496528125 0.367819940625 0.62764136875 0.3849330359375 0.635577878125 0.3913814484375 0.640786209375 0.39187748125 0.64326636875 0.3916294640625 0.6611235109375 0.3896453375 0.6807167656249999 0.38642113125 0.6968377984374999 0.38691716249999997 0.703286209375 0.3888930234375 0.70625 0.3981006171875 0.70625 0.4070064484375 0.704526290625 0.41568700468750003 0.704526290625 0.4223834328125 0.70204613125 0.4243675609375 0.6980778781250001 0.4246155765625 0.69014136875 0.42858382968750003 0.6871651796875 0.43304811406250004 0.6861731140625 0.44842509843749995 0.6861731140625 0.46603422656250004 0.6893973203125 0.4806671640625 0.6938616062499999 0.48934771718750003 0.693117559375 0.5419270828125 0.6559151796875 0.5570560515625 0.6412822421875 0.5597842265625 0.6343377984374999 0.5620163703125 0.6318576390625 0.5726810515625 0.6268973203125 0.5945064484375 0.6015997015625001 0.6071552578125 0.5911830359375 0.6061631953125 0.5849826390625 0.6024429578125 0.5777901796875 0.6024429578125 0.57431795625 0.6059151796875 0.570845734375 0.6260044640625 0.55968501875 0.6319568453125 0.5547247015625001 0.6334449390625 0.5482762906249999 0.6314608140625 0.5405877984374999 0.6272445421875 0.5343874 0.6272445421875 0.530915178125 0.6406374015625 0.514794146875 0.6421875 0.5110296171875001 0.6421875 0.5103652921874999 0.6406374015625 0.50859375 0.6319568453125 0.50809771875 0.6257564484375 0.50536954375 0.6252604171875 0.4944568453125 0.6242683515625 0.49123263906250003 0.6227802578125 0.48900049687499997 0.6193080359375001 0.4870163703125 0.6103794640625 0.4850322421875 0.5992187484375 0.484536209375 0.5764012890625 0.48131200312500005 0.5736731140625 0.47982390781250006 0.5736185515625001 0.4796875 0.118812003125 0.4796875
1 0.2904797359375 1 0.336073909375 0.9861235125000001 0.3757564484375 0.9700024812500001 0.40155009843749995 0.9576016875000001 0.403125 0.95535183125 0.403125 0.9532407218750001 0.40254216249999997 0.9464409734375 0.3946056546875 0.9092385921874999 0.38245287656250004 0.86484375 0.3750124 0.8457465281250001 0.373276290625 0.838802084375 0.373772321875 0.8281374015624999 0.37774057499999997 0.8127604171874999 0.37997271875 0.7973834328125 0.3784846234375 0.7725818453125 0.39014136875 0.67411954375 0.3916294640625 0.65204613125 0.3916294640625 0.6421254968750001 0.3906374 0.63914930625 0.3876612109375 0.63642113125 0.377492559375 0.6309647828125 0.36360367031249996 0.6247643859374999 0.3467385921875 0.6138516875000001 0.321440971875 0.60145089375 0.2802703390625 0.5870659734375 0.2552207359375 0.5754092265625 0.25125247968750003 0.5744171640625 0.2177703390625 0.5726810515625 0.19396081406250001 0.56796875 0.1780877984375 0.56747271875 0.1679191484375 0.5689608140625 0.1525421625 0.5751612109375001 0.143613590625 0.5868179578125 0.133196925 0.591530259375 0.124268353125 0.59921875 0.121540178125 0.608643353125 0.1210441484375 0.623028275 0.12054811562500001 0.6599826390625 0.1250124 0.708345734375 0.12600446406250002 0.7505084328125 0.129228671875 0.7728298625 0.1351810515625 0.7998635921874999 0.13964533750000002 0.836321925 0.1406374 0.8636036718749999 0.1393973234375 0.8782366078124999 0.1393973234375 0.9005580359375 0.143365575 0.9618179578125 0.1473338296875 0.9945560515625 0.15303819375 0.9953001 0.15576636875 0.9970362109375 0.1570582765625 1 0.2904797359375 1
0 0.6796875 1 0.6796875 0.8853768875 0.6101934531250001 0.8937251984374999 0.5662946437499999 0.9006696421874999 0.5062748015625 0.908358134375 0.4874255953125 0.9120783734375 0.48072916718750003 0.91455853125 0.47130456406250004 0.92001488125 0.46063988125 0.93018353125 0.45543154843749994 0.9388640875 0.4499751984375 0.9542410718750001 0.44947916718750003 0.9686259921874999 0.451215278125 0.982762896875 0.4564236109375 0.9968998015625001 0.458361234375 1 0.6796875 1
2 0.6796875 0.528560271875 0.6795517 0.528492371875 0.663678684375 0.5267562609375 0.6587183671875 0.5230360218750001 0.6552461453125 0.52278800625 0.630196540625 0.531716578125 0.6289564624999999 0.5334526890625 0.6287084468749999 0.53841300625 0.631932653125 0.5453574515625 0.6314366203125 0.5515578484375 0.6222600328125 0.5587503078125 0.61382749375 0.562966578125 0.607131065625 0.56867094375 0.6031628109375 0.576359434375 0.6029147953125 0.578591578125 0.6046509062500001 0.5837999109374999 0.6046509062500001 0.5870241171874999 0.6031628109375 0.5912403875 0.598450509375 0.594960625 0.5905140015625 0.6043852281250001 0.5887778906250001 0.6078574515625 0.583073525 0.613065784375 0.5746409859375 0.6234824515625 0.5684405890625001 0.6279467359375 0.561248128125 0.6299308640625 0.5590159859375 0.631666975 0.557031859375 0.6381153875 0.553807653125 0.6433237203125 0.5401667796875 0.656716578125 0.5376866203125 0.6728376093749999 0.5374386046875 0.6983832453125001 0.5389267 0.725664990625 0.5495913828125001 0.79064515 0.54810099375 0.8088014187500001 0.5444470875 0.8207036640625001 0.523973034375 0.85463775 0.5070588609375 0.8733348921874999 0.47487786718749997 0.877790225 0.453209184375 0.90883510625 0.46932154531250003 0.9171875 0.47509499999999993 0.9171875 0.5629842390625 0.891835625 0.5654643984375001 0.8975399906250001 0.5714167796875 0.8997721328124999 0.5815854296875 0.8997721328124999 0.6061390015625 0.8975399906250001 0.6316846359375 0.8930757046875 0.6483017 0.891587609375 0.66442273125 0.888859434375 0.6796875 0.8875642421875 0.6796875 0.5978427234375 0.676823525 0.5927284828125 0.6796875 0.574503190625 0.6796875 0.528560271875
4 0.532676090625 0.6845858140625 0.5232514875 0.6816096234375 0.5125868046875001 0.6821056546875 0.49993799531249994 0.6855778765625 0.48952132812500004 0.6920262906250001 0.4853050578125 0.6922743046875001 0.4781125984375 0.69128224375 0.471168153125 0.6885540671875 0.45107886875 0.6843377984375 0.43421378906249997 0.68408978125 0.42776537656249997 0.68582589375 0.4247891859375 0.6883060515625 0.42354910625000003 0.6910342265625 0.423797121875 0.6954985125 0.4228050578125 0.69872271875 0.41982886875 0.702690971875 0.40321180468750006 0.7031870031249999 0.3972594234375 0.7074032734375 0.39502728125000003 0.712115575 0.39502728125000003 0.7173239078125 0.3970114078125 0.7217881953124999 0.40296378906249997 0.7294766875 0.40420386875 0.73369295625 0.40370783593750004 0.75948660625 0.4002356140625 0.7721354187499999 0.39254712187499996 0.7790798609375 0.3905629953125 0.7820560515625 0.3843625984375 0.7845362124999999 0.38461061406249997 0.7860243046875001 0.3873387890625 0.7887524796875001 0.3870907734375 0.793216765625 0.3776661703125 0.8133060515625001 0.3727058515625 0.8309151781249999 0.37245783593750004 0.8353794640625001 0.373697915625 0.84033978125 0.3818824390625 0.8549727203125 0.391803075 0.8944072437500001 0.3965153765625 0.9003596250000001 0.41090029687499996 0.9078000984374999 0.41103671249999996 0.9078125 0.413795884375 0.9078125 0.42032489999999995 0.8986235140625001 0.430245534375 0.8822544640625001 0.4352058515625 0.872085815625 0.4384300578125 0.868117559375 0.44239831250000006 0.868117559375 0.4540550578125 0.871341765625 0.4756324390625 0.8795262890625001 0.48108878906249997 0.8797743046875001 0.48332093125000003 0.8777901781249999 0.4853050578125 0.8775421625 0.49076140781250005 0.8812624 0.49696180468750006 0.8800223234375 0.5088665671875 0.8723338312500001 0.5217633921875 0.8584449421875 0.5344122015625 0.84033978125 0.5418526781249999 0.8254588312500001 0.548053075 0.8080977203125 0.5484375 0.7942584046875 0.5484375 0.778775721875 0.5440848203125 0.7480778765625 0.5403645828125 0.7297247015625 0.535900296875 0.68681795625 0.532676090625 0.6845858140625
3 0.6796875 0.4796875 0.6796875 0.8545422328125 0.680704365625 0.8557043656250001 0.6893849203125 0.8728174609374999 0.693601190625 0.8986111109374999 0.6998015875 0.90927579375 0.7020337296875 0.915228175 0.70302579375 0.9628472218749999 0.7119215296875 1 0.7760914265625 1 0.7771825390625 0.930605159375 0.7759424609375001 0.9023313500000001 0.7727182546875 0.8733134921874999 0.7685019843750001 0.8514880953125001 0.7769345234375 0.8356150796874999 0.7833829359375 0.8170138890625 0.7915674609375 0.80634920625 0.7962797625 0.79717261875 0.796875 0.7950081171875001 0.796875 0.770599490625 0.790079365625 0.7463293656250001 0.7866071421875 0.7232638890625 0.77569444375 0.6292658734375001 0.7732142859375 0.5828869046875 0.7642857140625 0.52509920625 0.7598910328125 0.4796875 0.6796875 0.4796875
7 0.7592235046875 0.4796875 0.76552579375 0.5290798609375 0.7766865078125 0.5843874 0.7791666671875 0.6052207328125 0.7826388890625 0.6230778765625 0.7848710328124999 0.6429191453125 0.7918154765625001 0.740389384375 0.7977678578124999 0.7800719234375 0.8009920640624999 0.8462921625 0.8024801593750001 0.8574528765625 0.808432540625 0.8802703359375 0.8262896828124999 0.9264012890625001 0.8359623015625001 0.946242559375 0.840674603125 0.95244295625 0.85009920625 0.9616195421875 0.8610119046874999 0.9814608140625001 0.869196428125 0.9938616078125001 0.8745478484374999 1 0.9842912937499999 1 0.99618055625 0.9814608140625001 1 0.9726594859375 1 0.7306547578125 0.9974206359375 0.70889136875 0.9867559531250001 0.64093501875 0.980803571875 0.5948040671875 0.974603175 0.5642981140625001 0.974603175 0.487909225 0.9741288453125 0.4796875 0.7592235046875 0.4796875