8 0.10034375 0.3346145828125 0.10034375 0.35861458281249997 0.10834375 0.3799479171875 0.14434375 0.4026145828125 0.16167708281249998 0.42394791718749997 0.1893999984375 0.44375 0.190048178125 0.44375 0.22967708281250002 0.42261458281250003 0.2875 0.35822088124999996 0.2875 0.28813068125 0.2736770828125 0.26928125 0.24567708281249998 0.25728125 0.211958340625 0.2546875 0.2105972203125 0.2546875 0.18834375 0.2586145828125 0.13634375 0.28528125000000004 0.1110104171875 0.31194791718750003 0.10034375 0.3346145828125
2 0.484434028125 0.5 0.4886875 0.49744791718750003 0.4984375 0.48160416875 0.4984375 0.47864791718750005 0.4926875 0.4694479171875 0.4984375 0.45564791875 0.4984375 0.4529677578125 0.4713541671875 0.43878125 0.3100208328125 0.43344791718750003 0.2620208328125 0.424114584375 0.2126875 0.428114584375 0.1513541671875 0.4694479171875 0.123517825 0.5 0.484434028125 0.5
6 0.6 0.5 0.6 0.206299478125 0.5944895828125001 0.202166665625 0.5758229171875 0.20350000000000001 0.5624895828125 0.21949999999999997 0.55715625 0.21949999999999997 0.5384895828125 0.2515 0.48915625 0.302166665625 0.4438229171875 0.31683333281250003 0.3784895828125 0.3195 0.3624895828125 0.330166665625 0.34248958281249997 0.3288333328125 0.3118229171875 0.3368333328125 0.2544895828125 0.3848333328125 0.2464895828125 0.3995 0.24515625000000002 0.418166665625 0.27315625 0.42883333281249997 0.47848958281250004 0.442166665625 0.49848958281250005 0.45149999999999996 0.5118229171875 0.474166665625 0.5518229171875 0.4688333328125 0.56740625 0.5 0.6 0.5
2 0.333625 0.041249999999999995 0.2629583328125 0.0425833328125 0.25895833281249997 0.10391666718749999 0.234958334375 0.1745833328125 0.2269583328125 0.21458333281250003 0.22429166562499997 0.25325000000000003 0.2682916671875 0.2679166671875 0.281625 0.2825833328125 0.290958334375 0.31325 0.325625 0.32125 0.404291665625 0.3159166671875 0.4082916671875 0.28791666718750003 0.39895833281250004 0.23725000000000002 0.412291665625 0.21725 0.42695833437499997 0.1465833328125 0.4359375 0.128624996875 0.4359375 0.09234376718750001 0.4349583328125 0.07325000000000001 0.4229583328125 0.06658333281249999 0.342958334375 0.050583332812500006 0.333625 0.041249999999999995
2 0.6 0.103505209375 0.571239584375 0.14664583281250002 0.499239584375 0.2106458328125 0.5045729171875 0.2239791671875 0.5005729171875 0.2746458328125 0.5085729171875 0.27331249999999996 0.5245729171875 0.2573125 0.547239584375 0.2159791671875 0.5565729171875 0.2146458328125 0.579239584375 0.1799791671875 0.6 0.15921875000000002 0.6 0.103505209375
2 0.4538020828125 0.239166665625 0.4698020828125 0.221833334375 0.48980208281250004 0.1765 0.5018020828124999 0.11383333281250001 0.5351354171875 0.0711666671875 0.5404687499999999 0.033833334375 0.5191354171875 0.043166665625 0.49246875 0.0765000015625 0.42713541718750003 0.1405000015625 0.4218020828125 0.1765 0.40980208281249997 0.1965 0.42046875000000006 0.20983333437499999 0.41646875000000005 0.21516666562500003 0.4071354171875 0.21116666562500003 0.39246875000000003 0.2405000015625 0.39246875000000003 0.25250000156249996 0.4157239578125 0.2671875 0.4186770828125 0.2671875 0.42313541718750003 0.26050000156249997 0.43513541718750004 0.25916666718750003 0.43513541718750004 0.24983333281250003 0.4538020828125 0.239166665625
8 0.61018841875 0 0.6098462296875 0.0115203390625 0.6078125 0.021688990624999998 0.6078125 0.0448536671875 0.6088541671875001 0.0524429578125 0.6140625 0.06955605312499999 0.6195188484374999 0.0794766875 0.62919146875 0.09187748125 0.636383928125 0.0993179578125 0.6495287703125 0.1079985125 0.6614335312499999 0.11370287812499999 0.676601884375 0.1171875 0.6836278609375 0.1171875 0.69541170625 0.1149429578125 0.751215278125 0.0968377984375 0.7846974203125 0.08518105312499999 0.78916170625 0.08270089375 0.8005704359375001 0.0685639890625 0.8065228171874999 0.057403275 0.8099950390625 0.0467385921875 0.81123511875 0.03582589375 0.8132192453125 0.028881449999999996 0.828509425 0 0.61018841875 0
1 0.6 0.39052682031249997 0.7224330375 0.3798859125 0.836768353125 0.3729414671875 0.8561135906249999 0.3684771828125 0.871242559375 0.3664930546875 0.9010044640625001 0.3635168640625 0.9354786703125001 0.361780753125 0.940190971875 0.3600446421875 0.940625 0.359437003125 0.940625 0.3504495296875 0.9384548609374999 0.32929067500000003 0.9354786703125001 0.313913690625 0.9312623999999999 0.255133928125 0.9290302578125 0.2479414671875 0.9260540671874999 0.24595734062500002 0.8447048609374999 0.2496775796875 0.819159228125 0.24893353125 0.687462796875 0.260590278125 0.6041294640625 0.2655505953125 0.6 0.2660379234375 0.6 0.39052682031249997
2 0.6 0.5 0.9169976734375 0.5 0.9125372031250001 0.45029761874999996 0.909312996875 0.425248015625 0.91005704375 0.41011904687499995 0.90633680625 0.38779761874999996 0.906088790625 0.3672123015625 0.9050967265625001 0.36547619062500003 0.9026165687500001 0.3644841265625 0.890959821875 0.3647321421875 0.8572296640625 0.368204365625 0.8393725203125 0.371924603125 0.731485615625 0.378869046875 0.6699776796875 0.384325396875 0.6471602187500001 0.38779761874999996 0.6297991078125 0.38779761874999996 0.60301339375 0.3915178578125 0.6 0.3916548296875 0.6 0.5
1 0 1 0.1421483375 1 0.1434618421875 0.9401041671874999 0.14594200156249998 0.8967013890625001 0.14867017656249998 0.786582340625 0.150654303125 0.75186011875 0.150158271875 0.7196180546875001 0.15139835 0.6779513890625 0.1504062875 0.6717509921875 0.147926128125 0.6685267859375 0.141477715625 0.66728670625 0 0.65323695625 0 1
1 0.30428841875 1 0.297730653125 0.866034228125 0.2952504953125 0.7879092265625001 0.194804065625 0.7916294640625 0.199764384375 0.87471478125 0.20596477968750002 0.9354786703125001 0.20596477968750002 1 0.30428841875 1
6 0.6 1 0.7457423765625 1 0.7460433453124999 0.9980136109375 0.77402388125 0.954217990625 0.7995713265625 0.9225878187500001 0.8421504015625001 0.9031231 0.865625 0.8819959609375001 0.865625 0.8808529843749999 0.81052023125 0.8568943890625 0.7728073359375001 0.8483785734375001 0.7630749765625 0.8702763843750001 0.7484764359375 0.86784329375 0.735094440625 0.8289138515625 0.71319663125 0.8532447515625 0.6706175546875001 0.8605440234374999 0.641420475 0.86784329375 0.617089575 0.876359109375 0.6 0.872761303125 0.6 1
4 0.6 0.8763505203124999 0.63024825 0.8718692984375 0.6557956953125 0.8633534828125 0.66875 0.8536377546875 0.66875 0.8484995171874999 0.6606618765625 0.8292902218750001 0.6363309765625 0.823207496875 0.608350440625 0.8122585921875001 0.6363309765625 0.8061758671874999 0.6570122406250001 0.7952269624999999 0.6557956953125 0.7794118765625 0.632681340625 0.7635967921875 0.6010511703125 0.7587306109374999 0.6 0.7550515140625 0.6 0.8763505203124999
5 0.687657771875 0.7399578 0.6694095953125 0.7484736171874999 0.6657599609375 0.7642887015625 0.65481105625 0.7752376062499999 0.6572441453125 0.79956850625 0.615881615625 0.8093008671874999 0.6572441453125 0.82389940625 0.65481105625 0.8226828609375 0.6779254109374999 0.8251159515625 0.6694095953125 0.8470137624999999 0.6742757765625 0.8591792125 0.7132052171875001 0.8433641265624999 0.7107721265625 0.8324152234375 0.7557842921875 0.8311986765625001 0.74605193125 0.8579626687499999 0.7623181515625 0.8640625 0.7661163703125 0.8640625 0.7752490125 0.8457972187499999 0.7922806421875 0.8457972187499999 0.797146821875 0.8311986765625001 0.7922806421875 0.8129505015625 0.8056626375 0.777670696875 0.8078125 0.752947284375 0.8078125 0.74947229375 0.7922806421875 0.7375247109374999 0.778898646875 0.722926171875 0.7278037562499999 0.729008896875 0.687657771875 0.7399578
5 0.7810142953125 0.632597703125 0.7688488453125 0.6179991640625 0.748167578125 0.6179991640625 0.7457344890625001 0.6034006234375 0.72626976875 0.6070502578125 0.7116712281249999 0.602184078125 0.704371959375 0.614349528125 0.68369069375 0.608266803125 0.6788245140625 0.6338142484375 0.693423053125 0.6824760484375 0.704371959375 0.70194076875 0.7189705 0.6995076796874999 0.725053225 0.722622034375 0.7639826640624999 0.7214054890625 0.778581203125 0.7189724 0.7927989906249999 0.734375 0.7960671343750001 0.734375 0.8 0.7338131625 0.8 0.7046703859375001 0.798045925 0.6909918640624999 0.789530109375 0.6471962437500001 0.7724984781249999 0.6471962437500001 0.7810142953125 0.632597703125
5 0.6 0.6336714750000001 0.6026421828124999 0.6357265062499999 0.616024178125 0.6576243171875 0.6208903578125 0.6551912265625 0.6549536203125 0.6466754109374999 0.67198525 0.6345099609375 0.6765625 0.612768015625 0.6765625 0.610312125 0.67198525 0.59314743125 0.6427881703125 0.5615172609375 0.662252890625 0.548135265625 0.6610363453125 0.525020909375 0.64765435 0.531103634375 0.6367054453125001 0.5165050953125 0.609941453125 0.5505683546875 0.6 0.5386386109375 0.6 0.5435314046874999 0.603858728125 0.5566510796874999 0.6 0.5571141265625 0.6 0.594580990625 0.611158 0.59923015625 0.6 0.60720015625 0.6 0.6336714750000001
2 0.6 0.7025808140625001 0.608447384375 0.71706204375 0.6364279203125001 0.725577859375 0.635211375 0.7450425796875 0.65345955 0.770590025 0.6558926390625001 0.7697789937499999 0.6558926390625001 0.770590025 0.665625 0.7669403890625001 0.659542275 0.7511253046874999 0.680223540625 0.7426094890625 0.7106371656249999 0.7292274937500001 0.6996882609374999 0.7097627734375 0.680223540625 0.6769160578125 0.626695559375 0.68664841875 0.6 0.7024230671874999 0.6 0.7025808140625001
5 0.6 0.7624315703125 0.614530109375 0.7645073 0.6437271890625 0.7632907546875 0.6327782843749999 0.7486922140625 0.6425106453125 0.7267944046875 0.614530109375 0.719495134375 0.6 0.7031487609375 0.6 0.7624315703125