9 0.61875 0.1211259390625 0.53225695625 0.1560232109375 0.5334754453125 0.169925128125 0.5220656265625 0.17543899999999998 0.511968025 0.1959241703125 0.5350416640625 0.2248006140625 0.550977728125 0.23392085312500002 0.5641281125 0.26060072968750003 0.61875 0.3310905296875 0.61875 0.1211259390625
9 0.3844415015625 0.55 0.319874209375 0.49696479218749995 0.24320733125 0.4240671671875 0.22174021718749998 0.43819065 0.2171333578125 0.44730765781250004 0.1882202796875 0.47516284999999997 0.1728062890625 0.4843344421875 0.1478570765625 0.520407471875 0.119357540625 0.55 0.3844415015625 0.55
9 0 0.42691880312499997 0.0193421390625 0.4703125 0.021455778124999998 0.4703125 0.1406237390625 0.400607509375 0.2828125 0.30799568125 0.2828125 0.3052617828125 0.2739062875 0.2867975140625 0.2480273015625 0.23824996406249999 0.2206919765625 0.1885061875 0.2117863984375 0.19483654687500002 0.105555678125 0.262640015625 0.037508453125 0.3035043375 0 0.3256704578125 0 0.42691880312499997
9 0 0.325927125 0.0351647765625 0.30216091093749997 0.100767978125 0.264251025 0.1521089 0.233233478125 0.2171875 0.1914246390625 0.2171875 0.19101770468749998 0.1474236078125 0.07184325625 0 0.16748526875 0 0.325927125
9 0.436872509375 0 0.337219371875 0.079639625 0.228125 0.15698502812499998 0.228125 0.1576584796875 0.23542444062499998 0.16721295 0.2951332296875 0.2484375 0.2955130328125 0.2484375 0.5032935015625 0.093243834375 0.515625 0.089421446875 0.515625 0.0882509796875 0.4730455015625 0.041107603124999996 0.4391751765625 0 0.436872509375 0
9 0.26593667656250003 0 0.164969796875 0.07076499375 0.19002864531250002 0.1099554828125 0.22859291874999998 0.15625 0.23018758906249998 0.15625 0.264218715625 0.12375630468750001 0.331562965625 0.07487164375000001 0.3824352390625 0.038507206249999995 0.43238481718750005 0 0.26593667656250003 0
9 0.017814675 0 0 0.0155810859375 0 0.1560434578125 0.036744624999999996 0.131272225 0.102515375 0.0798546140625 0.1625 0.0247067265625 0.1625 0.022134570312499997 0.14160439375 0 0.017814675 0
9 0.61875 0.38297770937500003 0.6175950234375 0.381969684375 0.5737877218749999 0.34474612968749996 0.539019546875 0.333554559375 0.5226483421875 0.316385884375 0.4748739015625 0.2647393671875 0.432865103125 0.2265625 0.4316481953125 0.2265625 0.40202300468749996 0.2507980484375 0.40575582031249996 0.2625475640625 0.38538347812499996 0.27682599531249996 0.34924213593750003 0.3116449859375 0.30647169218750003 0.3633476234375 0.3621640234375 0.41281444531249994 0.4175048671875 0.4582711 0.47820241250000006 0.503165771875 0.5197332375 0.5298360390625 0.5167651171875 0.55 0.5370164187500001 0.55 0.5520573859375 0.543982046875 0.5755099515625 0.518588346875 0.5941412421875001 0.5152846906249999 0.60600988125 0.4965023390625 0.61875 0.48587444375000005 0.61875 0.38297770937500003
9 0.61875 0.3595580140625 0.61710914375 0.35633949062500003 0.607199490625 0.33579489375 0.58650965625 0.300193090625 0.5634425734375 0.28372689218749997 0.552646003125 0.2376440640625 0.5354042734375 0.2259627765625 0.5204894062500001 0.20999033125 0.5002342265624999 0.225605484375 0.486892859375 0.2121659890625 0.4600085796875 0.244664790625 0.49321964218750003 0.28434902968750003 0.517927003125 0.3195293484375 0.5476899625 0.3352930703125 0.5797797828125 0.3467656328125 0.602210665625 0.3713926625 0.61875 0.380377690625 0.61875 0.3595580140625
9 0.4471895390625 0.55 0.4113958984375 0.5089576484375 0.36350429375000004 0.4559744078125 0.3473006359375 0.42529800937499995 0.3303436171875 0.4014457203125 0.295207565625 0.35521836093750003 0.27339527812500003 0.3993261828125 0.25963564687499996 0.365695346875 0.2460095671875 0.36442685468749997 0.21313238750000002 0.40564846875000005 0.17908358124999998 0.433502853125 0.14416425156249998 0.46684462499999996 0.120996396875 0.480067325 0.14349405625 0.520875525 0.1732910109375 0.49076917968749995 0.1954044015625 0.465515975 0.23876065937500002 0.42049695312499996 0.2974828296875 0.47369295312500004 0.3472326453125 0.5170381421875 0.384697221875 0.55 0.4471895390625 0.55
9 0.5682264703125 0.1234375 0.5716806359375 0.1234375 0.58103234375 0.11578712499999999 0.5486918078125 0.07061549687499999 0.5157150703125 0.0336047046875 0.50716098125 0.04394523125 0.5202176359374999 0.06955572812500001 0.5682264703125 0.1234375
9 0.471773959375 0 0.49248425781250005 0.0304649921875 0.5069751140625 0.0359375 0.50959574375 0.0359375 0.515625 0.02058159375 0.515625 0.0195162609375 0.5028526234374999 0 0.471773959375 0
9 0.589696540625 0.10820082499999999 0.6038859296875 0.1140625 0.6078125 0.1140625 0.6078125 0.112954190625 0.605566315625 0.057971368749999995 0.588726459375 0.035455803125000004 0.57977049375 0.056630609374999995 0.581645096875 0.078018178125 0.589696540625 0.10820082499999999
9 0.517519421875 0 0.5492555640625 0.0499808 0.5798999703125001 0.08125 0.580517928125 0.08125 0.5859375 0.0502123265625 0.5859375 0.037386459375 0.5665816765625 0.0009475734374999999 0.565792328125 0 0.517519421875 0
9 0.5656847015625 0 0.5823395484375 0.025055506249999998 0.5988279171875 0.043560903125 0.606929746875 0.058899103125 0.6181785750000001 0.079303203125 0.61875 0.079619003125 0.61875 0.006666720312500001 0.613333503125 0 0.5656847015625 0
6 0.7016740125 0 0.7010619890625 0.01717503125 0.6910022687499999 0.0332957265625 0.6986390015625 0.065881890625 0.8098938468749999 0.04922841875 0.849123628125 0.055498065625 0.8554882750000001 0.046628246875 0.8721243046874999 0.046559542187500004 0.9031336968750001 0.0327642 0.937819646875 0.05467235625 0.960457871875 0.0765625 0.9637602515625 0.0765625 0.9655223703125 0.07580539375 0.9553578765624999 0.025427753125 0.934644596875 0 0.7016740125 0
1 0.61875 0.55 0.61875 0.63852720625 0.6667988921875 0.5843658609375 0.68398024375 0.5671274890625 0.69001776875 0.5647151296875 0.754326784375 0.6184106843749999 0.7793978 0.6368855 0.78651954375 0.6455198015625 0.79276301875 0.6590693125 0.8134633046875 0.6658742609375 0.896855834375 0.73352141875 0.9005986671875 0.734375 0.9015078781250001 0.734375 0.9056576156249999 0.7318026234375 0.934375 0.6988026625 0.934375 0.695140653125 0.923484278125 0.6207291953125 0.88171648125 0.5900555562500001 0.8434229406250001 0.56856524375 0.82055169375 0.55 0.6495629515625 0.55 0.6412556484375 0.5590258328125 0.6339441234375001 0.56001086875 0.623043996875 0.55 0.61875 0.55
6 0.61875 0.8857299203125001 0.6272283171875 0.8864972953125001 0.65809411875 0.8972625843750001 0.7111107546875 0.902911684375 0.7199032 0.903125 0.7520734265625 0.903125 0.764623159375 0.9010321734375001 0.7710299390625 0.8975040921874999 0.7787474999999999 0.8847386374999999 0.78261951875 0.8820850374999999 0.790988784375 0.8846884093749999 0.7991550328125 0.8931819921875 0.8035625421875 0.8941871578124999 0.84926471875 0.878969215625 0.8614030265625001 0.870938053125 0.8799083968750001 0.8481914312499998 0.8826461765625 0.8414267421874999 0.8869477781249999 0.8125988984375001 0.8902710687500001 0.802557403125 0.8922173859375 0.7831076515625 0.8918054828124999 0.751183915625 0.8953125 0.7411737765625 0.8953125 0.735224359375 0.8858783046875001 0.7216021796875001 0.8457487953125 0.687567521875 0.8303342875 0.676852528125 0.8157612593750001 0.6718870265625 0.8067035046875001 0.664579525 0.7987799953125 0.6613831109375 0.77718526875 0.6339121624999999 0.7539870015625001 0.6173169921875 0.7349667515625 0.6001589468749999 0.724495240625 0.5941078859375 0.7077169921875 0.577713759375 0.693805978125 0.569994134375 0.6873094625 0.56927040625 0.6656441015625 0.584980934375 0.662231075 0.5907706203124999 0.6382736890625 0.6126527937499999 0.6335234015625 0.620221603125 0.61875 0.6346892390625001 0.61875 0.8857299203125001