10 0.5296875 0.0607698375 0.5222966046875 0.06032015625 0.48944488750000004 0.06598599375 0.47301902812499996 0.07885591875 0.420091259375 0.08281363281250001 0.392714825 0.104871809375 0.2795589046875 0.116479528125 0.2667832375 0.112904025 0.26130795 0.0928618640625 0.19560451406249998 0.09871880625 0.1901292265625 0.0859762875 0.14815203125 0.08622047656250001 0.12442578906249999 0.09000831718749999 0.12260069375 0.0991434875 0.139026553125 0.17386925 0.191954321875 0.1790360890625 0.20472999062500002 0.1953859609375 0.2136543390625 0.2328125 0.24408092187500002 0.2328125 0.50404565 0.20459423124999998 0.5076958421875 0.164424971875 0.5296875 0.1533023296875 0.5296875 0.0607698375
10 0 0.24833524843750002 0.0111794953125 0.25497723125 0.0367308328125 0.26030332343749996 0.040381025 0.284005921875 0.029430450000000004 0.291369265625 0.029430450000000004 0.334375 0.04362286875 0.334375 0.0659323609375 0.333129859375 0.0714076453125 0.3294481875 0.0750578375 0.29840348125 0.09148369843750001 0.2910082875 0.0951338890625 0.2836874125 0.109734653125 0.24162954218750002 0.11155974843750001 0.2160701828125 0.131635796875 0.205003934375 0.1375 0.19617441093750002 0.1375 0.1595555421875 0.137111084375 0.1502247765625 0.13346089218749999 0.14477128125 0.12433541562499999 0.1448243671875 0.025780259374999996 0.1545222359375 0.0002289234375 0.141896503125 0 0.141897834375 0 0.24833524843750002
10 0.5296875 0.1989165046875 0.1359375 0.24435334687500002 0.1359375 0.24699219062500002 0.1501149609375 0.33373785625 0.1665408203125 0.3482415859375 0.1953093328125 0.359375 0.3262383984375 0.359375 0.347225275 0.35631504999999997 0.3490503671875 0.2833080265625 0.35452565625 0.2778014453125 0.5296875 0.2767824875 0.5296875 0.1989165046875
9 0.36458533437499996 1 0.36875 0.9521209296875 0.36875 0.9361344453125 0.1769946703125 0.9305777640624999 0.11603983124999999 0.9336326390625 0.11142008750000001 1 0.36458533437499996 1
9 0.201082584375 0.8546875 0.2047225375 0.8546875 0.3359375 0.5745091375 0.3359375 0.57243629375 0.14589827500000002 0.5013695625000001 0.0856742390625 0.6597949796875 0.018283353125 0.7794995328125001 0.201082584375 0.8546875
9 0.40746997656249995 1 0.4234375 0.986487278125 0.4234375 0.9847349640624999 0.2539676515625 0.7457630140625 0.06311918125 0.9204105968749999 0.1429390703125 1 0.40746997656249995 1
9 0.5296875 0.7478128046875 0.502054884375 0.7415147453125 0.445788209375 0.7295471796874999 0.40126195468750003 0.722355146875 0.29791577812500003 0.715192625 0.2920623578125 0.7979665578125 0.3279776171875 0.8401703640625 0.5017695468750001 0.8331560171875001 0.5019490234374999 0.9148287171875001 0.5296875 0.9158061109375 0.5296875 0.7478128046875
9 0.5296875 0.5279028734375 0.5264349937499999 0.5179752046875 0.33449467187500004 0.5721201734375001 0.25500991875 0.7587707203124999 0.259031775 0.77463734375 0.5296875 0.6782893609375 0.5296875 0.5279028734375
8 0.5296875 1 0.6331219640625 1 0.6349256375 0.9991895062499999 0.6498032359375 0.9903829921875001 0.6618864921875 0.9809047875000001 0.6791500046875 0.9640920015625 0.6965201578125 0.9381221609375 0.7077362078125 0.9156122 0.710018625 0.8946186171875 0.7125 0.8844598265624999 0.7125 0.8625110578124999 0.709696459375 0.83478413125 0.7065559 0.8200928640625001 0.703826728125 0.813825196875 0.6975543156249999 0.8055695796875 0.6905892890625001 0.791164815625 0.6747500515625 0.7512991703124999 0.67171020625 0.7279595734375001 0.6674417671875 0.722620465625 0.6499771812499999 0.7129499046875 0.643417615625 0.7074774609375 0.6358220015625 0.7034719375 0.6147193875 0.6999530328125 0.58696241875 0.6991012921875 0.5432001515625 0.694518221875 0.5296875 0.6959385 0.5296875 1
8 1 0.6057784125 0.9950245140625 0.5971197375 0.9812394296875 0.57773644375 0.9701775906249999 0.565129540625 0.9631207359375 0.5586100171874999 0.93610099375 0.5382019812500001 0.9221974218749999 0.5289931921875001 0.913586490625 0.5246740437499999 0.8915011421875001 0.5180435296875 0.8777692 0.515971709375 0.8579127718749999 0.51481614375 0.835478065625 0.5163104171875 0.8260323328125001 0.518051528125 0.8127354718750001 0.52236840625 0.7981391062500001 0.5289004703125 0.7830069359375 0.5376921718750001 0.77426863125 0.54431061875 0.762413284375 0.5560929031249999 0.7473935015625 0.577108825 0.7379475890625 0.600739940625 0.7333296125000001 0.625415628125 0.732296346875 0.6485181859375 0.7368399109375 0.673981575 0.7454595515625 0.6994276390625 0.753428046875 0.7151634765624999 0.7588715828125 0.7289706265625 0.7714045546875 0.7464993109375 0.7902899203125 0.76541581875 0.8099745390624999 0.7813244187499999 0.8272171390625 0.788182175 0.838906603125 0.7906442 0.84879630625 0.7945286984375 0.8709260859375 0.7973437734375 0.8839091328125 0.7980993359374999 0.900728496875 0.797550946875 0.91476536875 0.7953134140625 0.9280651921875 0.7907421765625 0.9475309656250002 0.7816936046875 0.972215503125 0.762003734375 0.9907844499999999 0.7424670359375 0.99597063125 0.7346237296875 1 0.726117234375 1 0.6057784125
8 0.5296875 0.69603740625 0.5539303609374999 0.6936969375 0.5764420828125 0.6855892359375 0.5882381875 0.6788942046875001 0.6021182406250001 0.668247890625 0.6083019640625 0.6622443812500001 0.6227563265625 0.6460317203124999 0.628712140625 0.6377241328125001 0.641328234375 0.62624065625 0.64314576875 0.623292009375 0.647769490625 0.6199976015625 0.6548206000000001 0.60513584375 0.659375 0.5826678109375 0.659375 0.552586915625 0.6580890687500001 0.543219503125 0.65589569375 0.5346922000000001 0.6497121484375 0.5188057046875001 0.6426140015625 0.49395725468750007 0.6346603156249999 0.476949603125 0.610633384375 0.4401709578125 0.5925354265625 0.41926399375 0.5801681546874999 0.40938100468750005 0.5695502890624999 0.4023997125 0.5606936734375 0.3973026609375 0.5396562281249999 0.388187778125 0.5296875 0.38478706875 0.5296875 0.69603740625
9 1 0.359375 0.8905784406249999 0.359375 0.8811959937499999 0.37749226562500005 0.8761666281250001 0.3937443546875 0.8727802078125 0.40016518906250004 0.8724456593750001 0.4070181671875 0.8774096765625 0.418252059375 0.890389584375 0.441151990625 0.905888528125 0.46648933281250005 0.917918284375 0.48347965937500004 0.9224620281250001 0.48705304375 0.9382866343749999 0.506300496875 0.9551650625000001 0.5225548578125 0.980823090625 0.5505196984375 0.9948894062499999 0.5676285453125001 0.9981336421875 0.5734171187499999 1 0.574974165625 1 0.359375
9 0.635776140625 0.359375 0.6335549375 0.36425075625000003 0.627927746875 0.36621409374999997 0.62226205 0.37148414218750003 0.6186743781249999 0.373311634375 0.6132632484375 0.3785965 0.606262496875 0.389134090625 0.5975153046875 0.39651562500000004 0.595955303125 0.399224725 0.59590790625 0.4032945265625 0.5986518921874999 0.40829038124999995 0.6036840390625 0.41367393437499994 0.6203345578125 0.42762421718750004 0.637440896875 0.4461826578125 0.65552700625 0.468107071875 0.66387744375 0.47292012968749997 0.673456296875 0.48162270312499994 0.6812265046875 0.492510834375 0.690778696875 0.503502671875 0.696512346875 0.5142722859375001 0.7030503890625 0.5203125 0.7093591625 0.5203125 0.7193999109375 0.51764053125 0.732969115625 0.51181229375 0.7501022921875 0.506191465625 0.7688132453125001 0.49633536093749997 0.7963335953125 0.47375610625000003 0.8045775718750001 0.465836215625 0.8320742265625001 0.44529186249999997 0.8387730140624999 0.43880925781249996 0.8467861187500001 0.42883965156250003 0.859405175 0.4171018125 0.8696857093749999 0.40930044218750006 0.871875 0.40631823593750005 0.871875 0.39948956406249997 0.8708580203124999 0.39613284375 0.8533136328125 0.3714400703125 0.8432618953125001 0.359375 0.635776140625 0.359375
9 1 0.727590034375 0.9994687234375 0.7280842109375 0.9842002953125 0.74857659375 0.967697528125 0.7656881859375 0.9450939796875 0.7816811328125 0.9179614968750001 0.7928288828125 0.9017399578124999 0.8076660265625 0.887812509375 0.8223821421874999 0.86156796875 0.8447811109375 0.8569146249999999 0.8506191453125 0.8571395718750001 0.8531775890625 0.863136678125 0.8631989265625 0.8849791234375001 0.89068718125 0.8912722703125 0.8971622578125 0.8891883203125 0.90111354375 0.8656020375000001 0.913994878125 0.8642995671874999 0.9164644296875 0.8655131718749999 0.9216257578124999 0.8705156984375 0.9295529359374999 0.8810654343750001 0.942384571875 0.888382784375 0.948410184375 0.8994416609375 0.9612714499999999 0.923524875 0.9932172031250002 0.9313607890625001 1 0.9405386874999999 1 0.9588124718749998 0.9817804421874999 0.9706381937499999 0.9725417875 0.9935851796874999 0.9489327750000001 1 0.9429177109375001 1 0.727590034375
9 0.6873993828125 0.663343096875 0.6759881859375 0.658860984375 0.6674127999999999 0.651489484375 0.662075725 0.6504152828125 0.660791028125 0.6513586609375001 0.6605038750000001 0.6541418328124999 0.6624604546875 0.6611281468750001 0.66693885 0.6921875125 0.6710323421875 0.7344240203125001 0.6713755984375 0.7486979609375 0.677804828125 0.7653623578125 0.6873274 0.778897825 0.696056640625 0.79493246875 0.7064079109375 0.824806403125 0.7106495125000001 0.8543247796875001 0.7116379890625 0.87881766875 0.7110370234375 0.8866732828125 0.7222084609375 0.8898687656250001 0.7550686703125 0.8899993531250001 0.77953993125 0.8886236000000001 0.791279753125 0.886761459375 0.7930913625 0.8843215390625 0.7740587812499999 0.7686731421874999 0.771750059375 0.7481759796875 0.769518178125 0.7429553906249999 0.75924670625 0.72810366875 0.7492683171875 0.7099600484374999 0.733961915625 0.6680891328125 0.7079839703124999 0.6675954578125 0.6873993828125 0.663343096875
9 0.752857959375 1 0.77952144375 0.9777097937499999 0.8013346265625 0.9639616656250001 0.8370752578125 0.935497421875 0.8527373 0.9249548125 0.8673929125000001 0.91333549375 0.8822616218749999 0.9052920671875 0.8879213968749999 0.9005307421875 0.8892238671874999 0.8980611906250001 0.8892475640624999 0.8960262890624999 0.887504084375 0.8926158703125001 0.8653952203124999 0.86613025 0.8584094578125001 0.8535060250000001 0.839343578125 0.8282156359374999 0.8305906390625001 0.814215890625 0.8238120515624999 0.8056762828124999 0.8077861953125 0.7818354859375 0.801250328125 0.77432814375 0.7936784109375 0.7682877171875 0.7898480171875001 0.76908294375 0.784954915625 0.7736343515625 0.7790553828125001 0.7771090468749999 0.777252659375 0.7787858812499999 0.7767109375000001 0.781554240625 0.783051121875 0.8277395234375 0.787884803125 0.8501653749999999 0.791392315625 0.877095678125 0.7928723390625001 0.8812543703125 0.7923276546875 0.88427709375 0.7900128296875 0.8861786593750001 0.7820915515625 0.8882630234375 0.7706092625000001 0.8898856140625 0.7464251531249999 0.8884781953124999 0.7301060421875001 0.8898193046875 0.7117799953125 0.8884982656249999 0.7089086390625 0.89444000625 0.7067387843749999 0.9057678062499999 0.6969997937500001 0.9326908218749999 0.6884005328125 0.949244228125 0.688332403125 0.9550945703124999 0.7090452234375 1 0.752857959375 1
9 0.885963234375 1 0.8860172453124999 0.9984159250000001 0.8843715203125001 0.9866115390625 0.8837975703125001 0.948397878125 0.8808167890625 0.94186103125 0.8735231375 0.93380051875 0.8695211171875 0.9274587765625 0.8612003015624999 0.9201020906250001 0.8571094140625 0.9213912265624999 0.8419624359375 0.931454740625 0.8126512124999999 0.9546933796874999 0.774900684375 0.9807498406249999 0.7521555687499999 1 0.885963234375 1
9 0.7419844421875 0.591686425 0.71944345625 0.5585577453124999 0.656763775 0.47218614375 0.6426735859375 0.47900220156250006 0.6534627234375 0.536900475 0.6490813640625 0.585007159375 0.6228394296875 0.6509317718750001 0.626435809375 0.6702311953125 0.6402594046875001 0.686307778125 0.6602546953124999 0.71928830625 0.670496721875 0.7147936500000001 0.6572211296875 0.6516599750000001 0.735989584375 0.6689707406250001 0.7310907343749999 0.6521408656250001 0.7419844421875 0.591686425