8 1 0.0662233296875 0.97426315 0.028077621874999997 0.9654177031250001 0.019697610937500002 0.9510331437499999 0.020030354687499998 0.91403378125 0.03455155 0.8673801843750001 0.06471335 0.8517162515625 0.084347296875 0.8543828984375 0.11109066406250001 0.9316734546875001 0.32391839375 0.9560014921875 0.342977634375 1 0.35139979375 1 0.0662233296875
8 0.46875 0 0.46875 0.122133575 0.51802336875 0.0955702359375 0.5382362875 0.12155733124999998 0.57301510625 0.11689850156249999 0.64100413125 0.09184945312500001 0.7096328421875 0.057149803124999995 0.748539021875 0.029619967187500002 0.7642029562499999 0.0099860203125 0.763207225 0 0.7062589875 0 0.6793195859375001 0.0101975859375 0.6768734515625 0 0.6586057375000001 0 0.6664791609374999 0.058148039062500004 0.6509843296875 0.063411965625 0.6394156296875 0 0.46875 0
6 0.6778614078125 0.4890625 0.728635309375 0.4244475328125 0.7690144453125 0.331360159375 0.769835471875 0.291396384375 0.79404336875 0.2610530125 0.809719540625 0.22547590781250001 0.8189399109375 0.1572864078125 0.8118444218749999 0.13432461406250001 0.758698303125 0.17970349375 0.6971773203125 0.22142178124999998 0.703885646875 0.33689624218750003 0.6981896703125 0.3440358609375 0.6847585203125 0.33786428281249997 0.6717145328124999 0.2391800375 0.664763665625 0.233734540625 0.5529935125 0.25348926562499996 0.51108248125 0.28301577187500004 0.472320921875 0.32806190625 0.46875 0.335164146875 0.46875 0.46897470312499995 0.470753003125 0.4890625 0.6778614078125 0.4890625
8 0.9179653 0.2667710640625 0.8950857359375 0.214040603125 0.8756448859375 0.211862365625 0.8275795359375 0.2278659109375 0.8105160890625001 0.217398446875 0.7870802593749999 0.271550671875 0.7922566921875001 0.3234642703125 0.8235478374999999 0.33202585 0.8865762343749999 0.385754746875 0.9038087812499999 0.38185219375 0.9152007328125 0.367572959375 0.9294284328125 0.365667075 0.9524893375000001 0.3880843609375 0.9749350374999999 0.3882659296875 0.9916970015625001 0.379643959375 0.9863392296875 0.3580435375 0.95252605625 0.3402548859375 0.93135973125 0.32077211562499997 0.9179653 0.2667710640625
6 1 0.4890625 1 0.3796997796875 0.9616607484374999 0.38366749218749996 0.9352812687500001 0.360100596875 0.9257961375000001 0.36137118749999997 0.8467288828124999 0.4038457484375 0.8351800718749999 0.4165518421875 0.8252824343749999 0.4890625 1 0.4890625
10 0.76398144375 0 0.7642029562499999 0.0099860203125 0.7513870109375 0.026050157812500002 0.670099215625 0.0783870828125 0.6894421453125 0.2081105859375 0.6921210312499999 0.218910796875 0.7017630265625 0.21921334531249997 0.7469926296875 0.1908364484375 0.8099498437499999 0.1313901015625 0.8406502640625 0.0858296515625 0.8727991562499999 0.00659798125 0.8737237671875 0 0.76398144375 0
10 0.46875 0.214838390625 0.46908803125 0.21531019218749997 0.49152148906250004 0.2314349203125 0.53481979375 0.247952984375 0.5817626328125 0.25282377500000003 0.619860025 0.2493145578125 0.661758815625 0.235731209375 0.6701459171874999 0.22344864375 0.651116709375 0.0968714203125 0.6454329750000001 0.08806787968749999 0.6062253109375 0.0965082796875 0.5709636671875 0.1123908484375 0.5409274125 0.11641438125 0.5254448218750001 0.10573515156249999 0.5192905 0.0922121921875 0.5112293625000001 0.09169787812499999 0.47628144062500005 0.11072672343750001 0.46875 0.11283617500000001 0.46875 0.214838390625
0 0.048850728125 0.4890625 0.047943743750000004 0.4914898984375 0.0553284296875 0.6337093296875 0.06062085625 0.6471278390624999 0.078398184375 0.6445255078125001 0.0795211390625 0.63519536875 0.09262303281249999 0.6324566375 0.10282572968749999 0.6343147734375 0.11031070000000001 0.6446762828125 0.11913638906249999 0.6503954546874999 0.1565761671875 0.6522679640625 0.1660188453125 0.671269246875 0.17314088125 0.67381775 0.19311075312499998 0.6681584171875 0.2065200671875 0.6552855109375 0.2144747078125 0.6422534703125 0.2375572375 0.569584159375 0.24812072343749997 0.5457048453125 0.24922445624999998 0.519208828125 0.2371569125 0.4890625 0.048850728125 0.4890625
9 0 0.836591546875 0.00477289375 0.8104639203125 0.0124320203125 0.783936225 0.0258632171875 0.7620354453125 0.0317112578125 0.7443719609375 0.0355131 0.7065854218750001 0.036961246875 0.689908203125 0.037555703125 0.6787792343750001 0.0250023265625 0.67172521875 0.0009325406249999999 0.6799400546875 0 0.6800381546875001 0 0.836591546875
7 0.3115122328125 1 0.313333625 0.9946858640624999 0.31568196875 0.87771811875 0.308117965625 0.7651426421874999 0.314693446875 0.7224211796875 0.3146379328125 0.7044740015625 0.31121140468749997 0.6809667859374999 0.306843390625 0.6706962093750001 0.284352184375 0.6388303859375 0.273079896875 0.630699109375 0.261427603125 0.6311394078125 0.2487249390625 0.64247244375 0.24029848281250002 0.645347578125 0.226272175 0.644938375 0.21815314218749998 0.6376793359375 0.21113998750000001 0.637474734375 0.195574425 0.6541859421874999 0.186605709375 0.6788920234375 0.18182354218750002 0.7099621765624999 0.1775345609375 0.8019055703125 0.173023521875 0.82206025 0.16090155625 0.845894096875 0.1537304546875 0.9260497812499999 0.14847646875 0.9469630296875 0.1494393234375 0.9844427218749999 0.154725103125 1 0.3115122328125 1
7 0 1 0.1393664609375 1 0.1417024265625 0.9827679843750001 0.153702403125 0.8582793984375 0.1551505546875 0.8416021828125 0.15406174374999998 0.8181631656249999 0.15450065468750002 0.80368576875 0.161202390625 0.7804740328124999 0.16290978125 0.769377534375 0.1685504296875 0.7472494734375 0.1687301 0.727191359375 0.174422596875 0.7061794406249999 0.1744467234375 0.6827728937499999 0.1685709578125 0.6759136890625 0.160417475 0.6678734015625001 0.1567157328125 0.6599629921875 0.148510403125 0.6508065593750001 0.1396587703125 0.651662953125 0.1299015953125 0.656951453125 0.12211104843750001 0.656724171875 0.113103871875 0.654232134375 0.11041136874999999 0.6441219031250001 0.1033189734375 0.6349979421875 0.0931988609375 0.6324734375000001 0.0833898359375 0.6366457921875 0.0727271203125 0.646366396875 0.06509211718749999 0.6494875453125 0.05857005 0.652641165625 0.0499776578125 0.6590782749999999 0.041696353125 0.6722122484375 0.0324058109375 0.687546040625 0.03354646875 0.7121012 0.03352234375 0.7355077484375 0.0231465890625 0.7753317625 0.015228220312499999 0.7962787421874999 0.007309853125 0.8172257203125 0 0.850576653125 0 1
10 1 1 1 0.6829872 0.98752835625 0.68220753125 0.9832078281250001 0.6872416328125001 0.9788973234375 0.6981649187500001 0.9752668765625 0.7007249109375 0.9339216484375001 0.6921167953125 0.9251405437500001 0.6918824984375 0.89519684375 0.7114071578125 0.8823252937500001 0.731414728125 0.8603926140624999 0.7546317109375 0.8532717703125 0.7700541953125001 0.8335695015625 0.8319784296874999 0.8306091703125 0.844334646875 0.8305992312499999 0.8624941640625 0.8403805 0.8744782046875 0.8946574859374999 0.9224625734374999 0.9739976796875001 0.9868925015624999 0.9881381125 1 1 1
10 0.9071211156250001 1 0.906619225 0.9918053421875002 0.8907871 0.9520230218750001 0.8706744515625001 0.9167828406249999 0.8607931328125 0.8940043453125 0.83944038125 0.8740148765625 0.8305592265625 0.8629861234374999 0.8287089703125 0.8556783187500001 0.8300290828125 0.8394436921875 0.817707475 0.8226259562500001 0.8117467296875001 0.8237816468750001 0.7949046609374999 0.8385065046874999 0.77887268125 0.8492813828125 0.745558596875 0.880192659375 0.7253261015625 0.894525759375 0.7150748109375 0.8943344062499999 0.6873612796874999 0.8804202125 0.680620428125 0.879144740625 0.6656586 0.8947962578125 0.6434658578125 0.9091866156249999 0.637785215625 0.9309473031250001 0.6302143140625 0.9458921421875001 0.6301443296875 0.9527652468750001 0.6394055562500001 0.9711447453125001 0.6447658609375 1 0.9071211156250001 1
8 0.8747139546875001 0.7434160109375 0.8811547390625 0.73635681875 0.89492640625 0.7173045375 0.9024173015624999 0.7033436125 0.9010171046875 0.6965134531249999 0.888195415625 0.6738208453125 0.8760838453125 0.6604325015625 0.87750400625 0.65499233125 0.9016069703125 0.6351474859375 0.9018069875 0.63268769375 0.8931458937500001 0.630977521875 0.8837247343750001 0.638614559375 0.8788241187499999 0.638757703125 0.8727333421874999 0.635500084375 0.8674126515625 0.628784440625 0.8545410171875 0.6247433078125 0.8381089234375001 0.6163890640625 0.8298978859374999 0.6151565359375 0.82475725 0.6182514328125001 0.8026245546874999 0.64392820625 0.76347975625 0.6804084859375 0.752398415625 0.6964374453125 0.7281754421875 0.7177581640625 0.663857609375 0.793255353125 0.6515961296875 0.8117727328125 0.6318237124999999 0.8324726625000001 0.6295534609375 0.8423547765624999 0.650056121875 0.8667861859375 0.6595173640625 0.8827058937500001 0.6587872828125001 0.885671959375 0.650996321875 0.8912982187499999 0.6379947406250001 0.9068924781250001 0.6421652734375 0.909715396875 0.65628703125 0.90439500625 0.6845905125 0.8809919359375 0.718474825 0.8971798328125 0.723865503125 0.8970223734375 0.728966134375 0.8944194359375001 0.753969215625 0.8755298796875 0.7752918234375 0.8538030859375001 0.8049454781250001 0.8318329468750001 0.8214174953125 0.815646528125 0.8492508749999998 0.7799874421874999 0.860152159375 0.7541479437499999 0.8747139546875001 0.7434160109375
2 0.46875 0.8596102875 0.46993387656249996 0.8607593265624999 0.47927518906250005 0.9022036124999999 0.4827457875 0.9497088578125 0.485936196875 0.9525604062500002 0.5178101609375 0.93935963125 0.52821144375 0.9316939640624999 0.5291015390625 0.926760065625 0.5317518625 0.924228703125 0.5671862875 0.9153410359375 0.5749472671875 0.9160959203125 0.5998404374999999 0.9286201265624999 0.616422525 0.9291173484375002 0.620463028125 0.927526959375 0.65840764375 0.8817567281249999 0.6517667609375 0.8672270078125 0.64779624375 0.8619442968750001 0.6426455875 0.8591500062499999 0.6348245640625001 0.8471087078125 0.6321942 0.8373697421875 0.6335343531250001 0.8329134859374999 0.652406653125 0.8112582671874999 0.6541068375 0.8023743890624999 0.638684928125 0.811659075 0.6215427953125 0.81804926875 0.6083511359375 0.8179438031250001 0.5800775578125 0.8109170265625 0.5713064734375 0.8165719156250001 0.5478335421875 0.8226562390625001 0.546033309375 0.8207456656250001 0.5472734140625 0.8054949562499999 0.5407624796875 0.7713298421875 0.5385821749999999 0.7620685203124999 0.5333814953125 0.753877003125 0.5232602359375 0.758098959375 0.513479046875 0.7701636234375 0.5002574046875 0.7764393015625 0.48879599375 0.7851175140625 0.481815121875 0.7867937921875 0.46875 0.7871754203125001 0.46875 0.8596102875
8 0.5003300390625001 0.4890625 0.49385565312499996 0.494422096875 0.49205550000000003 0.5165602234375 0.49841644062499996 0.55858235625 0.503057075 0.5736612921875001 0.5187194078124999 0.6816683718750001 0.5237501359375 0.7099872406250001 0.53291139375 0.7416209874999999 0.5432428515625001 0.788925828125 0.5466733625 0.8128743296875001 0.545873296875 0.8227134984375001 0.5487336578125 0.823611528125 0.5661658375 0.819666809375 0.5829379203125 0.8118150546875 0.6150919859374999 0.8192192765625 0.63807485625 0.8131492640625 0.6613277281250001 0.797746359375 0.6998424156249999 0.7509778953125 0.7158943546875 0.7279326890625001 0.7223450828125 0.7027139796874999 0.7232451171875001 0.6796205640624999 0.7268955265624999 0.6647902421875 0.7298557750000001 0.6283853203125 0.7361864921875 0.6046424874999999 0.7389567453125 0.5765865421874999 0.7429671859375 0.55732859375 0.7447173125 0.5297932375000001 0.7419169140624999 0.5161329171875 0.74255696875 0.508261584375 0.7485254343750001 0.4890625 0.5003300390625001 0.4890625
2 0.8539010765625001 0.5398553453125 0.8458900546875 0.536163025 0.8174964671874999 0.5306121234375001 0.7818619437500001 0.517910878125 0.758308925 0.5009304171875 0.7510380078125 0.5001612171875001 0.74601738125 0.5017802390625 0.74255696875 0.508261584375 0.7417969046875 0.5176087953125 0.74463730625 0.5307771546875 0.7433872609375 0.56418738125 0.7386367187499999 0.5805222109375 0.7382467078125 0.5913309812499999 0.7305058499999999 0.626403171875 0.7286656953125 0.6490332578125 0.73320628125 0.6533177375 0.732436196875 0.6567757609375 0.7282356796875 0.6603339859374999 0.7236551718750001 0.68059016875 0.7258754796875 0.68935953125 0.739327203125 0.6982916203125 0.745047928125 0.7000876796875 0.750068553125 0.6984686578125 0.7558992671875 0.69289965625 0.7685607796875 0.6694626921875 0.7771318484374999 0.6662675953124999 0.7875731312500001 0.65810996875 0.8015948421875001 0.6419951234375001 0.8210072281249999 0.6257228171875 0.82650789375 0.618200296875 0.8358590671874999 0.6174363625 0.8583819375000001 0.629048225 0.8665529718750001 0.6307727109375 0.8684432328125 0.63758855625 0.874974046875 0.635434634375 0.878614515625 0.6387638265625 0.878954584375 0.64660653125 0.8768843499999999 0.6540288515625 0.8779544984375001 0.658905490625 0.8964368671875 0.6721077453125 0.8970969640625001 0.676014784375 0.891796315625 0.6810775109375 0.8917263296875 0.6879506156249999 0.897787125 0.6975893796875 0.8973870906249999 0.7025089640625 0.901107565625 0.704854240625 0.9100086812499999 0.7036126625 0.9187797640625 0.697957771875 0.9449129609375 0.6711825640625 0.9772569437499999 0.6461891015625 0.9801872921874999 0.6402140296875001 0.9805773046875 0.6294052609375 0.972666253125 0.6124586921875 0.9601446296875 0.5981007484375 0.9244100578125 0.574605046875 0.8873053500000001 0.5619467453125 0.8704632 0.5526229 0.8539010765625001 0.5398553453125