0 0.4279641328125 0 0.454283903125 0.120342209375 0.45864519843749996 0.12363968593750001 0.47743063281250003 0.1258152484375 0.5360995578125001 0.1170464921875 0.55 0.11311575625 0.55 0.0854204140625 0.5379546671875 0.05876673125 0.5317877890625 0.035806059375 0.528898071875 0.005575628125 0.5290473421875 0 0.4279641328125 0
0 0 0 0 0.15290329062500002 0.039019253125 0.24998630624999998 0.05124775625 0.2708036546875 0.061237703125 0.275 0.0773552203125 0.275 0.1105198453125 0.2665381671875 0.138770178125 0.25158654999999996 0.140625 0.2486317078125 0.140625 0.2467923328125 0.07887084531250001 0 0 0
1 0.0773648515625 0 0.16503637499999999 0.35 0.2806493859375 0.35 0.276742915625 0.32994413125 0.2769899140625 0.322720465625 0.2627140375 0.2812590671875 0.196947896875 0.014466525 0.19474611718749998 0 0.0773648515625 0
1 0.20394524218750001 0 0.20144134062500002 0.0082130453125 0.21438478125 0.0483820015625 0.22842278125 0.0827091546875 0.2539600140625 0.14106448124999998 0.25751192343749996 0.14375 0.2607741515625 0.14375 0.27408049375 0.1404302234375 0.40367942812499996 0.0924318 0.42029007968750004 0.0837285375 0.43884285156249997 0.07056533125 0.440625 0.0666119703125 0.440625 0.05864272968749999 0.435587846875 0.0429658765625 0.414710634375 0 0.20394524218750001 0
0 0.55 0.35 0.55 0.1201741953125 0.543733528125 0.116025934375 0.5310071125 0.11580931093749999 0.46882314999999997 0.1247135828125 0.45124013281249997 0.1376979484375 0.43922995625 0.154781803125 0.4359375 0.16480566875 0.4359375 0.1696918234375 0.43799886250000003 0.18474674375 0.44526681718749994 0.1916099578125 0.454950040625 0.21238398125 0.4660905015625 0.2287874828125 0.479149621875 0.2776513875 0.5066224546875 0.341802425 0.51667748125 0.3496898171875 0.5177034390624999 0.35 0.55 0.35
6 0.420910759375 0.35 0.4261652734375 0.3480647765625 0.4546743328125 0.3074293203125 0.4750600578125 0.27085556875 0.478125 0.2618117515625 0.478125 0.2452928890625 0.4736301890625 0.2321523546875 0.4624910296875 0.21369772187499997 0.4598313703125 0.2029083171875 0.4478407421875 0.18922521406249998 0.42033402343750004 0.178403571875 0.40131201250000004 0.16704263125000002 0.3912543828125 0.1632575 0.3691956953125 0.1621983078125 0.3599830125 0.1638973 0.336584071875 0.17385245 0.295729521875 0.1870267390625 0.2880897609375 0.1930501546875 0.27935544375 0.2049153796875 0.268309809375 0.23002491093750002 0.2652705234375 0.2444289203125 0.2625861015625 0.2726109953125 0.2704428828125 0.306539909375 0.27940074375 0.32437136875 0.287878940625 0.3340877265625 0.31087944843750004 0.35 0.401770575 0.35 0.4018017875 0.34999424375 0.40267084999999997 0.35 0.420910759375 0.35
4 0.36884968281249997 0.20303576250000002 0.3587855328125 0.20950628437500002 0.36035324062499996 0.22203523125000002 0.351620225 0.2318493234375 0.327004525 0.2492069796875 0.315851028125 0.253314784375 0.3089392390625 0.2581785046875 0.310753946875 0.2634837859375 0.32092986562500003 0.2718616078125 0.335580153125 0.296334115625 0.3470885078125 0.3060043765625 0.352179075 0.3060910265625 0.3538768015625 0.3047524875 0.35133673125 0.296504640625 0.3529148640625 0.292624546875 0.3623693328125 0.2919064125 0.3679421703125 0.2960059015625 0.3752166421875 0.2926134640625 0.38442801875 0.2929656046875 0.3894002984375 0.28845956250000004 0.39219258125 0.281279221875 0.3992278734375 0.27280366875 0.3971778953125 0.256261878125 0.3918520578125 0.2449387234375 0.3941568578125 0.2419500609375 0.393553690625 0.23744679375 0.40119214843749995 0.23347450625000002 0.4125 0.220202178125 0.4125 0.213176009375 0.40884624374999995 0.204888653125 0.3955127546875 0.20632215468749998 0.3753961859375 0.20080302187500002 0.36884968281249997 0.20303576250000002
6 1 0.078852059375 0.9910621468749999 0.083020071875 0.9753529375 0.0864595046875 0.9453202749999999 0.0884643046875 0.9349206593750001 0.0931293640625 0.9305899453125 0.09760438593750001 0.9118896453125 0.1036756234375 0.9088090640625 0.106801490625 0.940577134375 0.1146493109375 0.956725490625 0.1254425046875 0.9585531671874999 0.1292334359375 0.957614875 0.1316372125 0.9470390484375001 0.1317227484375 0.933247009375 0.1384590515625 0.9348006609375 0.154867421875 0.9682663281250001 0.158895803125 0.9723636031249999 0.17514265 0.9708689406250001 0.21948422500000003 0.9730056828125001 0.2298974109375 0.9806743703125 0.2430849 0.9822307953125 0.2539256359375 0.992754940625 0.2680062203125 1 0.283737965625 1 0.078852059375
8 0.9669400140625001 0.35 0.9722746203125 0.320549759375 0.9775491734374999 0.3025356875 0.9828125 0.26388337812499996 0.9828125 0.25256548749999996 0.9801260765625 0.2355625234375 0.9715624609375 0.22731560156250002 0.9673756921875001 0.211562809375 0.96090823125 0.2056246453125 0.952520828125 0.2019572484375 0.9127639125 0.1965702265625 0.8750108875 0.1995536578125 0.8145036484375 0.1948982703125 0.769925190625 0.19391976718749998 0.6671635453125 0.18100803593749998 0.6288357484375 0.1732837453125 0.6136173656249999 0.176789684375 0.5959854390625 0.188067515625 0.5789310578125 0.2044854328125 0.565713790625 0.221929459375 0.5586549187500001 0.23868939375 0.5502508749999999 0.2684278140625 0.55 0.27006782500000004 0.55 0.31929595625 0.5548546015625 0.3429543234375 0.5574570953125 0.35 0.9669400140625001 0.35
0 0.55 0.6832802859375 0.5686242515625 0.67808560625 0.6171904328125 0.6565411796875 0.6356694671875001 0.6541430937499999 0.64776869375 0.6571187468749999 0.660612671875 0.6544029078125 0.67556033125 0.6402038125 0.6796875 0.63179293125 0.6796875 0.6106032046875 0.6673466234375 0.5610907 0.6485226328125 0.517129265625 0.6405308203125 0.5041998515625 0.6316867859374999 0.49574172031249997 0.6149428125 0.4966187765625 0.600363771875 0.5008556484375 0.5902451671875 0.5062209156249999 0.5804183390625 0.5078252843750001 0.5709139109375 0.5130902859375001 0.55 0.5205220500000001 0.55 0.6832802859375
2 0.8344982171875 0.63654975625 0.8201572203125 0.6364156171875 0.8061386203125 0.63994210625 0.7680671796875 0.6603919984375001 0.755062 0.661277521875 0.7588776359375 0.6550846640625 0.7580485265625001 0.652744515625 0.7210673437499999 0.6643521171875 0.7014367953125 0.6607494265625 0.672463021875 0.6642420484375 0.6409863234375 0.6817586203125 0.638368415625 0.6803293984375001 0.6304915859375 0.6828531578125 0.629217015625 0.6966765609375 0.64337370625 0.7017918156249999 0.6603326125 0.703355178125 0.6670654484374999 0.7090636046875 0.6910795921874999 0.7199960234375 0.7600788765625 0.73125 0.7656232890625001 0.73125 0.79619569375 0.7251139375 0.8304590171875 0.725089865625 0.857344703125 0.7120361078125 0.8828125 0.6944597859374999 0.8828125 0.682883259375 0.8792869046874999 0.6428526828125 0.8565623656250001 0.6465627859375 0.8354885296875001 0.64072021875 0.8344982171875 0.63654975625