5 0 0.40866288749999996 0.013713815625 0.409109009375 0.0466463828125 0.4390625 0.06013769375 0.4390625 0.07200799531249999 0.4380609921875 0.1053116484375 0.35890765 0.121875 0.3317741625 0.121875 0.3307962921875 0.114884478125 0.3263397953125 0.0994235046875 0.323369884375 0 0.31083408281249997 0 0.40866288749999996
8 1 0 0.887641290625 0 0.8702619828125 0.0113469375 0.86253835625 0.018630679687500002 0.8543456890625001 0.030406665625000003 0.8499902718750001 0.048303018749999996 0.851116003125 0.07086589531250001 0.86628335625 0.10185068281250001 0.883562146875 0.117376715625 0.8982038484375 0.12481487499999999 0.92508543125 0.1341135328125 0.9422284078125 0.1359375 0.9676744015625001 0.1359375 0.970703553125 0.135449690625 0.9776707515624998 0.130647115625 0.9812206171875001 0.1347564078125 0.9842478281249999 0.134344409375 1 0.1236562765625 1 0
8 0.79965429375 0.4649390125 0.8091528531249998 0.45970991562499997 0.821261696875 0.4580619265625 0.8280725453125001 0.454756765625 0.83897973125 0.44556361093749997 0.8481640968749999 0.433816671875 0.85131935 0.41788782500000005 0.848420184375 0.40278297187499995 0.8497990078125 0.37528680937500003 0.8468492234375 0.37019376406250004 0.839984759375 0.36448539375 0.8181152796875001 0.3643455 0.790320921875 0.3590254234375 0.771530771875 0.35797439531249997 0.7388806546875 0.341998134375 0.736401409375 0.3419255171875 0.7335573531249999 0.3453468671875 0.72293605625 0.3470384265625 0.718291759375 0.353411034375 0.7159971640625 0.3658604390625 0.7309813609375 0.39383587656249996 0.7775227390625 0.457782140625 0.7927645218749999 0.46423654843750006 0.79965429375 0.4649390125
0 0.10995434687500001 0.46875 0.094320046875 0.4767578125 0.079183328125 0.4875 0.064534890625 0.505078125 0.058675515624999994 0.5177734375 0.053304421874999994 0.524609375 0.039632546875 0.5578125 0.024984109375 0.6203125 0.0203125 0.6852478703125 0.0203125 0.6893036109375 0.036214578125 0.7736328125 0.038655984375 0.7990234375 0.047933328125 0.82490234375 0.047002721875 0.8328125 0.38890012500000004 0.8328125 0.394613015625 0.829296875 0.42390989062499995 0.8205078125 0.44099973437499995 0.809765625 0.46346067187499995 0.78828125 0.47664426562499995 0.76826171875 0.49568723437499995 0.71162109375 0.4984375 0.684904228125 0.4984375 0.6507363578125 0.49519895312499995 0.63251953125 0.48836301562499995 0.610546875 0.47615598437499995 0.58125 0.45076535937499995 0.5451171875 0.43562864062499995 0.53046875 0.41756223437499995 0.516796875 0.386312234375 0.50263671875 0.350179421875 0.49580078125 0.308187234375 0.4923828125 0.219808328125 0.48017578125 0.1919579859375 0.46875 0.10995434687500001 0.46875
0 0.027750271875 0.46875 0.01474609375 0.488720703125 0.00986328125 0.491650390625 0.007421875 0.498974609375 0.003515625 0.503369140625 0 0.5058507578125 0 0.575 0.008740234375 0.575 0.02060546875 0.573681640625 0.03427734375 0.567822265625 0.04013671875 0.560498046875 0.0474609375 0.536572265625 0.07724609375 0.495068359375 0.089453125 0.483349609375 0.10458984375 0.472607421875 0.11207777968749999 0.46875 0.027750271875 0.46875
0 0.193515625 0.46875 0.194140625 0.469921875 0.2048828125 0.47724609375 0.2224609375 0.4845703125 0.2869140625 0.493359375 0.37431640625 0.50166015625 0.41240234375 0.51435546875 0.4255859375 0.516796875 0.434375 0.51435546875 0.43681640625 0.51142578125 0.43779296875 0.48896484375 0.434375 0.46943359375 0.4340104171875 0.46875 0.193515625 0.46875
0 0.5390625 0.46875 0.41435546875 0.46875 0.41435546875 0.4708984375 0.4197265625 0.489453125 0.4236328125 0.512890625 0.42705078125 0.52021484375 0.44658203125 0.54267578125 0.4724609375 0.54755859375 0.47685546875 0.55244140625 0.48466796875 0.555859375 0.5390625 0.54689324375 0.5390625 0.46875
0 0.5390625 0.6041300453125 0.51201171875 0.58271484375 0.4880859375 0.567578125 0.47587890625 0.5451171875 0.47099609375 0.540234375 0.4666015625 0.53974609375 0.4568359375 0.54169921875 0.45341796875 0.54365234375 0.4529296875 0.54609375 0.47587890625 0.58173828125 0.4861328125 0.6056640625 0.4919921875 0.62666015625 0.49736328125 0.66376953125 0.496875 0.692578125 0.49248046875 0.72041015625 0.4783203125 0.75947265625 0.47099609375 0.77314453125 0.45146484375 0.7990234375 0.4236328125 0.81708984375 0.40849609375 0.821484375 0.3953125 0.82783203125 0.3884765625 0.83369140625 0.45390625 0.83369140625 0.455859375 0.83173828125 0.4578125 0.83369140625 0.49443359375 0.83369140625 0.528125 0.815625 0.53154296875 0.81123046875 0.53251953125 0.80390625 0.53154296875 0.76826171875 0.537890625 0.74873046875 0.53642578125 0.73408203125 0.5390625 0.7233703609375001 0.5390625 0.6041300453125
0 1 0.6042360828125 0.9903749828125001 0.6057570109375 0.9656369 0.6050619625 0.9440936624999999 0.6104695062500001 0.931693046875 0.6437909296875001 0.9342252859375 0.6620415734375 0.9319094078125 0.6774265609375 0.9272253218750001 0.6850904828125 0.9219908625000001 0.6878037875 0.926011803125 0.6968101109375 0.934495603125 0.705216659375 0.9474973 0.71351849375 0.9815452796875 0.7255238187499999 1 0.734366346875 1 0.6042360828125
0 1 0.46875 0.9322666546875 0.46875 0.9169721890625 0.4906074546875 0.9125 0.510870515625 0.9125 0.51375863125 0.914818175 0.5346108093749999 0.925945371875 0.5532137296874999 0.9406548359375 0.5632958859375 0.9622514875 0.57194999375 1 0.584996240625 1 0.46875
1 0.5390625 0.46875 0.5390625 0.7455262640625 0.5412494578125 0.74602455625 0.558990278125 0.747157528125 0.6068142562500001 0.7427401687499999 0.65843956875 0.7408266906250001 0.6721038703125 0.7369804765625 0.6813058562500001 0.7292118375 0.6910069578125 0.6942433765625 0.7056004609375 0.46875 0.5390625 0.46875
2 0.7073659343750001 0.46875 0.7059091125 0.47517864843749996 0.7017149484375 0.5325201015625 0.701434896875 0.5707445703125 0.6991201015625 0.5770851609375 0.694266034375 0.6239636765625 0.697238028125 0.650697009375 0.6941521749999999 0.6546289328125 0.6897956046875 0.6878742156250001 0.69106199375 0.6947384375000001 0.6951385125 0.6997176234375 0.7115519578125 0.743235484375 0.716841453125 0.7410172390625 0.736348325 0.7172924109375 0.74235438125 0.7124655734375 0.7500142484375 0.6998796015625001 0.75673795 0.6833997796875 0.770018615625 0.662521540625 0.7984026578125001 0.58283573125 0.8144389578125001 0.5550551953125 0.8119617531250001 0.5372996171875 0.8524587875 0.5258276109375 0.8822122625000001 0.5127847156249999 0.9213889500000001 0.48490903437500005 0.9340708875000001 0.46875 0.7073659343750001 0.46875
9 0.8176278531250001 0.6109019625000001 0.8013152890624999 0.6452515828125 0.757340653125 0.7114564453125001 0.80053828125 0.6925870859375 0.8502367609375 0.67786864375 0.8721717453125001 0.6216601625 0.8992845296875001 0.57580990625 0.8634726656249999 0.5705735921875 0.8137752687500001 0.576247640625 0.8176278531250001 0.6109019625000001