10 0.21875 0.24747558593750002 0.23173828125 0.246826171875 0.31279296875 0.247314453125 0.334375 0.24587565156250002 0.334375 0.245263671875 0.326953125 0.234130859375 0.32353515625 0.222900390625 0.315234375 0.209716796875 0.29814453125 0.186279296875 0.29228515625 0.181396484375 0.25126953125 0.181396484375 0.21875 0.1835173234375 0.21875 0.24747558593750002
1 0 0.4796875 0 0.8612492359375 0.010692401562499999 0.8617583968750001 0.021073025000000002 0.86521860625 0.0303002453125 0.873869125 0.044141075 0.8929002656249999 0.0500892140625 0.89375 0.0533323953125 0.89375 0.10527140937499999 0.8796361375 0.13410647343749998 0.858298190625 0.1514075109375 0.8404204515625 0.1542910171875 0.8300398296875 0.13756668125 0.7925542453125 0.13698997968749999 0.7764066109375 0.147370603125 0.7631424796875 0.176205665625 0.7054723546874999 0.1825493796875 0.7054723546874999 0.18658628906250002 0.7089325609375 0.1969669125 0.7348841203124999 0.21875 0.73256676875 0.21875 0.5028620375 0.215421353125 0.49209288593749995 0.21305842187500001 0.4796875 0 0.4796875
7 0.5198823593749999 0.4796875 0.5234215765625001 0.49834500000000004 0.51894840625 0.52066819375 0.5181003843750001 0.556612315625 0.5220492125 0.6075271171875001 0.5264252875000001 0.6361804453125 0.535850671875 0.6560536906250001 0.5451660046875 0.666355253125 0.5568571062500001 0.67531511875 0.59317989375 0.684375 0.5966734078125 0.684375 0.6019125078125 0.683641690625 0.6164001484374999 0.67757720625 0.6351149687500001 0.6643614624999999 0.650547734375 0.6490821890625 0.6586201593750001 0.635842296875 0.662439509375 0.625216040625 0.6690359781249999 0.5864489781250001 0.679089284375 0.5512347375 0.6825266953125 0.5028181796875 0.69328018125 0.4796875 0.5198823593749999 0.4796875
0 0.21875 0.870770778125 0.2286561703125 0.8734375 0.249018596875 0.8734375 0.2690116953125 0.869004703125 0.2990162609375 0.8526949984375 0.363731603125 0.7997381109375 0.43067382187500003 0.7484878640625 0.455078828125 0.7319527562499999 0.4695729421875 0.7173094453125 0.479639196875 0.7037904828125 0.489537140625 0.6802034062500001 0.490625 0.6749634625 0.490625 0.6488258375 0.486559334375 0.6246114421875 0.472388890625 0.5988427703125 0.45621814374999997 0.581932 0.43895985 0.5687055328125 0.417506746875 0.5585891265625 0.40290905468750005 0.555081928125 0.3912114828125 0.5547008890625 0.367460296875 0.5595390625000001 0.3410938265625 0.572312046875 0.25713283593749997 0.6037427187500001 0.23261777656250002 0.6107061437500001 0.21875 0.61787925 0.21875 0.870770778125
0 0.21875 0.4796875 0.21875 0.59187574375 0.2327389078125 0.6017491484375 0.2479179390625 0.603125 0.259980453125 0.603125 0.2745187265625 0.5994333640625 0.2790954734375 0.595260678125 0.324901796875 0.5797667234375 0.34783732343749996 0.5679785453124999 0.35625 0.5308341796875 0.35625 0.52452129375 0.3363274765625 0.5130762171875001 0.31851246718750004 0.499423090625 0.287879971875 0.49311442968749997 0.27195064687500003 0.4796875 0.21875 0.4796875
0 0.2651372140625 0.8707186859375 0.24232468125 0.87492089375 0.235657003125 0.8914962484375 0.2320059640625 0.9121906187499998 0.233739040625 0.9296084624999998 0.49270479062499994 0.8933613515625 0.491048615625 0.8875381625 0.4772471625 0.8778645140625001 0.45664208437500003 0.8706569109375 0.452628528125 0.8666774343749999 0.44618741718749994 0.8549644015625001 0.4401347140625 0.8336099171875 0.43260605781250006 0.8255811921875 0.41552255000000005 0.8138440109375 0.4008083390625 0.80934395625 0.3793552328125 0.79922755 0.3685963140625 0.7982105468749999 0.3548984375 0.80668740625 0.2838196671875 0.861544140625 0.2651372140625 0.8707186859375
0 0.8607035328125001 0.5577725359375 0.8336702890625001 0.5216942515625 0.8275463796875 0.5170009875 0.8161724781250002 0.5150608953125 0.8002800921875 0.5177899171875 0.7677573453125001 0.5299108375 0.724844671875 0.557109775 0.6835374171875 0.593671090625 0.6701243781249999 0.6132089203125 0.6629258734375 0.6338952390625 0.663974578125 0.64283095625 0.669127465625 0.6522013828125 0.69713173125 0.683602503125 0.7817077234375 0.8085066265625 0.7947453078125 0.8203055265625 0.8055624874999999 0.821818959375 0.8401114328125001 0.8053777671875 0.8610854953124999 0.7898274671875 0.8807066015625 0.7800169578125 0.91223890625 0.7594567484375 0.9584401078125001 0.72574251875 0.971497109375 0.7118049421875 0.9752840921875 0.70521988125 0.9627838046875 0.680731190625 0.9275745578125001 0.6397422875000001 0.901946059375 0.60699946875 0.8937182703125 0.593013596875 0.8607035328125001 0.5577725359375
0 0.69021924375 0.4796875 0.6832266812500001 0.50036664375 0.6787599875 0.5529639375000001 0.668033440625 0.5867586609375 0.668059334375 0.5912962875 0.674623440625 0.5954233515625 0.6891693437499999 0.5898552968749999 0.7076834843750001 0.5706126406250001 0.724520996875 0.5586688296875 0.7316224015625 0.5501061046875 0.7579888718750001 0.53733311875 0.7677573453125001 0.5299108375 0.792887378125 0.4850175734375 0.7998224515625 0.4796875 0.69021924375 0.4796875
0 1 0.4796875 0.8316510656249999 0.4796875 0.8283102484375 0.5148757374999999 0.8468179234375001 0.5430648328125 0.894592190625 0.6004600265625 0.9241695109375 0.6452647234375 0.931199709375 0.65336321875 0.944502703125 0.6631066328124999 0.9589126671875 0.6822821953125 0.9665319499999999 0.6867661515625001 0.9816928328125 0.6821211843749999 0.9925164843750001 0.6750557953125 1 0.6659971796875 1 0.4796875
0 0.31103170156250004 0.4796875 0.31397308125 0.49250976093750004 0.32357972031250004 0.505293465625 0.33899307031250003 0.5157506656249999 0.41293312968749996 0.5543459640624999 0.46155541875 0.5757970375 0.5065396124999999 0.60078483125 0.513459759375 0.5993116437499999 0.521292665625 0.5926648640625001 0.5191305187499999 0.5440229000000001 0.5165346515625 0.5262212359375 0.5239144140625001 0.4984453765625 0.5217129703125 0.4796875 0.31103170156250004 0.4796875
0 0.4964798390625 0.6834308234375 0.49199371875000003 0.684058740625 0.4854814015625 0.689006928125 0.4793121796875 0.705512515625 0.45988527968750004 0.7299287624999999 0.4468477 0.7569827890624999 0.4413711421875 0.7880243453125 0.4421479609375 0.8075943703125 0.446789446875 0.8341922125 0.4599047140625 0.8596039937500001 0.4754022203125 0.8750952484375001 0.492485728125 0.8868324265624998 0.50575613125 0.8915345718750001 0.6794638140625 0.867220925 0.6861851015625 0.8536655671875 0.6887809640625 0.8326143046875 0.6762547750000001 0.7258821359375001 0.6642464718750001 0.7099025015625 0.6506198015625 0.7017181390625 0.6265255187500001 0.6949989171875 0.6191328078125 0.7010795 0.615145146875 0.7016376484375 0.6007287140625 0.6910409109375 0.575287946875 0.681482653125 0.5562041359375 0.6786033734375 0.5356508468750001 0.6804710234375 0.5074718015624999 0.6864335421875 0.4964798390625 0.6834308234375