8 0.55 0.49586135625 0.532357715625 0.49536352343749995 0.504975978125 0.550531040625 0.4450541453125 0.7016863328125 0.3994894671875 0.8204171203125 0.4089461671875 0.8319543203125 0.4273437609375 0.8487458234374999 0.45612233125 0.8494629296875 0.491871334375 0.85 0.49424254218749997 0.85 0.5096487515625 0.832285875 0.529162915625 0.784175890625 0.55 0.7349916921874999 0.55 0.49586135625
8 0.40027792656249994 0.7177079078124999 0.4628217859375 0.58782089375 0.5024379375 0.5101934734375 0.4861479125 0.48325257656250004 0.475888284375 0.5069023140625 0.46227211874999996 0.5010989375 0.42809869218749996 0.5649968546874999 0.36978391093749996 0.6663710875 0.3470269140625 0.7092776828125 0.327835315625 0.7041549890625 0.2804628421875 0.7901950765625 0.26282615625 0.826877259375 0.2874034765625 0.8518731734374999 0.3613444515625 0.803650925 0.40027792656249994 0.7177079078124999
8 0 0.6509493921875 0.0720294390625 0.6635278031249999 0.094293315625 0.63747929375 0.08060144999999999 0.5850243734375 0.09981205 0.5789461578124999 0.0928714171875 0.5172680625 0.06844580156249999 0.49412005625 0.0512266921875 0.42156501874999996 0.0291336765625 0.3925329421875 0 0.39370748125 0 0.6509493921875
8 0.1049323625 0.5727217421875 0.11325735625 0.6398301203125 0.10309258125000001 0.6532029046875 0.08483022343749999 0.6479667671875 0.07403962187499999 0.66514881875 0.143997928125 0.6827379 0.161615459375 0.702984215625 0.18198285625 0.6995644171875 0.1865153453125 0.674747453125 0.175819753125 0.6359249640625 0.1955803265625 0.6251135265625 0.18807071875 0.579369559375 0.1626968640625 0.5675359140625 0.14817046250000002 0.5506450734375 0.13563539375 0.5008485734375 0.0944834859375 0.47974262031250003 0.089458028125 0.47569008124999995 0.08687886875 0.49000319843749995 0.1134095203125 0.504495265625 0.12127939218749999 0.5660599140625 0.1049323625 0.5727217421875
9 0.369367565625 0.40978759374999996 0.2951043265625 0.419787340625 0.28511026093749997 0.4238071296875 0.280805178125 0.49712354843749995 0.3001864828125 0.48169233437500003 0.303865434375 0.5036403609375 0.29091294687499997 0.5173534875 0.296450375 0.539074621875 0.3072788234375 0.5452183390625 0.37217382187500003 0.5354291109375 0.3779199625 0.5253954265624999 0.392939484375 0.5254281781250001 0.4528283328125 0.40893032500000004 0.369367565625 0.40978759374999996
8 0 0.9064455171875 0.09524048125 0.9462580593750001 0.1118340734375 0.9311671875 0.13464823125 0.808930278125 0.15480737656250002 0.700082528125 0.1522472171875 0.7031947359374999 0.1528730453125 0.6993854671874999 0.1490233859375 0.686790440625 0.1324678 0.6794794953125 0.0941604578125 0.6701580625 0.001521159375 0.6506719484375 0 0.650339815625 0 0.9064455171875
8 0.217521328125 0.7437528703125 0.1677597125 0.732096990625 0.168594096875 0.742260496875 0.1584103203125 0.7668341875 0.1780760390625 0.7662997015624999 0.20752710937500002 0.793500246875 0.22233777031250002 0.8710154015625001 0.2698426421875 0.8894793109375 0.28131591875 0.8806128515625 0.28152462968749997 0.8488580375 0.2617452125 0.8251427953124999 0.2765941796875 0.7888009578124999 0.24317959375 0.7704832484375 0.217521328125 0.7437528703125
8 0.3522415625 0.9338889296874999 0.37272795625 0.9184076359375 0.378677665625 0.867202771875 0.39327331875 0.7976354453125001 0.3966731515625 0.7683755203125 0.38149159843749997 0.7601332859375 0.35543654375 0.8137927406250001 0.29040180625 0.8520196906249999 0.277857990625 0.8405709375000001 0.27932321718750003 0.8937550250000001 0.2764510234375 0.8941056812500001 0.3114741015625 0.9143479609374999 0.3522415625 0.9338889296874999
8 0.1701803890625 0.7657401203124999 0.1569917046875 0.7817727046875 0.1554968765625 0.8165690218750001 0.16241353593750002 0.8301470171875 0.143480465625 0.8468809109375 0.16988696406249998 0.868175159375 0.2100682890625 0.880576475 0.22275869843749999 0.8761426640625001 0.20532069375 0.7874103328125 0.1701803890625 0.7657401203124999
2 0.922419796875 1 0.9337446593750001 0.9556190843749999 0.9362043859375 0.9350246156249999 0.9390625 0.8861056999999999 0.9390625 0.8709222828125001 0.9380455937499999 0.8511623796875 0.9390625 0.8320441453124999 0.9390625 0.8078890953125001 0.9360208312499999 0.7866311921875 0.9182601 0.7432377171875 0.9088830453125001 0.7294682218749999 0.8999457390625001 0.7217949078125001 0.865635975 0.6973833890625001 0.798862440625 0.6559199609374999 0.7622534953125 0.6235635078125 0.7511902171875 0.611485909375 0.7392071109375 0.603748515625 0.692060853125 0.5859764265624999 0.6720199375 0.5827580937500001 0.66724125 0.5848784640625 0.6630423015625 0.5916173609375 0.6578634187500001 0.6086998765625 0.6388878828125 0.6532946093750001 0.6300360203125 0.7037779828125 0.617810934375 0.7952360609375 0.59535618125 0.849710553125 0.587011284375 0.878735815625 0.5848109859374999 0.9234367109375 0.589322359375 0.956351709375 0.5965331140625 0.982249496875 0.5972394015625 0.9909012234375 0.5963774015625 1 0.922419796875 1
6 0.55 0.9345968015625001 0.56798743125 0.9178905734375 0.5935813125 0.8624950546874999 0.617064775 0.8025310640625001 0.623385471875 0.789503103125 0.62635268125 0.722389915625 0.6366173796875 0.6766796859374999 0.6423383 0.6610343421875 0.6216889078125 0.6463422234375 0.6080931265625 0.62878245625 0.600073278125 0.6239525640625001 0.5953634015625 0.6289259203124999 0.5728593125 0.5980177984375 0.5730372625 0.5871911875 0.55 0.5700033624999999 0.55 0.9345968015625001