8 0.283423296875 0 0.2791394515625 0.015516239062500001 0.267556259375 0.0407108578125 0.26093455312499997 0.0850760515625 0.2374494828125 0.1004094375 0.22972585625000003 0.1076931796875 0.2215331890625 0.11946916562500001 0.217177771875 0.13736551875 0.21830350312500002 0.1599283953125 0.23347085625 0.1909131828125 0.250749646875 0.20643921562499998 0.2653913484375 0.21387737499999998 0.29227293125 0.2231760328125 0.3094159078125 0.225 0.3348619015625 0.225 0.337891053125 0.224512190625 0.3448582515625 0.21970961562500002 0.34840811718750003 0.2238189078125 0.351435328125 0.22340690937500002 0.371240990625 0.209968409375 0.3854895765625 0.2068811 0.38835894375 0.198453846875 0.41085231406249995 0.1830914125 0.4164883125 0.1767478515625 0.42154953749999996 0.1663821421875 0.421875 0.163265034375 0.421875 0.14902514218750001 0.4204238078125 0.1438192640625 0.3998021140625 0.1126747171875 0.40613493749999996 0.0567857796875 0.40618106562499995 0.0182359625 0.4050062125 0.015197564062499998 0.40163950000000004 0.014097623437500002 0.35132346718749996 0.010120542187500001 0.315099671875 0.004553565625 0.2996494578125 0 0.283423296875 0
1 0.46079658593749995 0 0.4367167375 0.0031402859375 0.43100181718749997 0.0054762171875 0.42815776093749996 0.008897565625 0.4276157859375 0.0474328609375 0.4326413640625 0.14220565624999998 0.43736608125 0.149353346875 0.44383892812500003 0.15404891874999999 0.45970277187499997 0.159375 0.47717576875 0.159375 0.4934238421875 0.1555012609375 0.506601809375 0.1483772765625 0.51393381875 0.140080734375 0.5171875 0.1324478625 0.5171875 0.048812890625 0.5151160124999999 0.023961190625 0.5170696078125 0.00048717812500000005 0.5168030015625 0 0.46079658593749995 0
1 0.5390625 0.509375 0.5390625 0.230107721875 0.5345992203125001 0.23301206093750002 0.5054245390625 0.245675475 0.49216765156250003 0.24879183125 0.471239253125 0.25869279375 0.4589740625 0.2618381984375 0.39076133281250003 0.295888090625 0.3735391484375 0.30840093125 0.3575707375 0.327959796875 0.34374356875 0.3555920140625 0.33072793906250003 0.3992692625 0.3298940859375 0.407255471875 0.3322959046875 0.41283313125000004 0.3311225515625 0.41930740312500003 0.3145302484375 0.4543685953125 0.314296475 0.46137105156249997 0.33927208593749997 0.46510657499999997 0.36237003125 0.4772983984375 0.391130778125 0.48765342812499995 0.40141406875 0.4939626 0.4048597046875 0.49907016718749997 0.40765258437499996 0.509375 0.5390625 0.509375
8 0.5390625 0.1179830609375 0.5252084296875 0.12795821406250002 0.51482240625 0.1321599859375 0.50245448125 0.1458163375 0.4494031140625 0.1728003390625 0.4339290546875 0.182861059375 0.4273013609375 0.189175571875 0.42284021406249994 0.1985575328125 0.42088512187499993 0.2125188734375 0.422478396875 0.22107683749999998 0.43151090937500003 0.23936532187499998 0.431668753125 0.24738057812499997 0.4415872328125 0.2571837171875 0.45698206875 0.2625 0.45803105468750005 0.2625 0.46969428750000003 0.2595089671875 0.538273325 0.231477778125 0.5390625 0.2309570140625 0.5390625 0.1179830609375
8 0.5114954734375 0 0.513109821875 0.008410859375 0.51685631875 0.10114353281249999 0.5180311718749999 0.10418193125 0.5219979640625 0.1042981203125 0.5390625 0.10332443124999999 0.5390625 0.0038993046874999998 0.5350421734374999 0 0.5114954734375 0
8 0.217997178125 0.509375 0.21857135625000002 0.506476340625 0.2156721921875 0.49137148750000004 0.2170510140625 0.46387532499999995 0.21410123125 0.45878227968749996 0.20723676562499999 0.45307390937500003 0.1853672875 0.452934015625 0.15757292812499998 0.44761393906249997 0.138782778125 0.44656291093749995 0.1061326609375 0.43058664999999996 0.103653415625 0.4305140328125 0.10080935937499999 0.4339353828125 0.0901880625 0.4356269421875 0.085543765625 0.44199954999999996 0.0832491703125 0.4544489546875 0.0982333671875 0.48242439218750005 0.1178485625 0.509375 0.217997178125 0.509375
8 0.5390625 0.509375 0.64398665625 0.509375 0.663745815625 0.49196901718749997 0.67107840625 0.4803128 0.6792733921874999 0.4572339296875 0.6796875 0.453429821875 0.6796875 0.43007355625 0.6789291343749999 0.4223479140625 0.674266103125 0.4052194171875 0.663470334375 0.3838547484375 0.602053796875 0.2966540546875 0.54197913125 0.2179771359375 0.5390625 0.2146807484375 0.5390625 0.509375
8 0.5390625 0.11000096875000001 0.5587075015625 0.09803999218750001 0.5788083562499999 0.06847364218749999 0.608648309375 0.0348220453125 0.615373590625 0.0246355046875 0.615625 0.0236017828125 0.615625 0.0168935234375 0.6101407453125 0.008480043750000001 0.6045028312499999 0.004264109375 0.5390625 0.0015878453125 0.5390625 0.11000096875000001
8 1 0.0207683453125 0.950647159375 0.01875 0.9412558125 0.01875 0.92410803125 0.0500457328125 0.9062864328125 0.07571993125000001 0.877390665625 0.13631134843749998 0.844566425 0.18976771718750002 0.832712234375 0.24159082812500002 0.8244342890624999 0.29206568437499997 0.8195150046874999 0.3506486265625 0.81954453125 0.37655470156250004 0.8216510749999999 0.3880987734375 0.82950801875 0.4023688671875 0.842463175 0.41485477656249997 0.8547661421875 0.42283047968750004 0.8701880328125 0.42894105312499997 0.9359017812499999 0.44607544531250004 0.9554526093749999 0.446875 0.9748045640624999 0.446875 0.9947783484375 0.442007059375 1 0.438255396875 1 0.0207683453125
3 0.5390625 0.8451904296875 0.52783203125 0.8423828125 0.484375 0.82333984375 0.47119140625 0.81943359375 0.46435546875 0.81796875 0.44091796875 0.8189453125 0.31787109375 0.84873046875 0.310546875 0.8541015625 0.3017578125 0.8560546875 0.28662109375 0.8560546875 0.26611328125 0.86142578125 0.2587890625 0.8638671875 0.2421875 0.8765625 0.22705078125 0.87900390625 0.2138671875 0.884375 0.14306640625 0.8990234375 0.095703125 0.9146484375 0.0322265625 0.92734375 0.017578125 0.933203125 0.00537109375 0.94296875 0 0.9496826171875 0 1 0.528305415625 1 0.5390625 0.99038381875 0.5390625 0.8451904296875
10 0.5390625 0.7099442125 0.304541015625 0.77041015625 0.174169921875 0.80166015625 0 0.8482124859375 0 0.9223062296875 0.038427734375 0.9154296875 0.107275390625 0.89833984375 0.127294921875 0.89248046875 0.160498046875 0.879296875 0.198583984375 0.875390625 0.245947265625 0.865625 0.510595703125 0.803125 0.5390625 0.7941165203125 0.5390625 0.7099442125
3 0.38115234375 0.683203125 0.3826171875 0.71591796875 0.38505859375 0.72275390625 0.38603515625 0.7359375 0.39119140625000004 0.7453125 0.393402778125 0.7453125 0.4138671875 0.74130859375 0.5234375 0.7118645890625 0.5234375 0.6972412109375 0.52080078125 0.667578125 0.51201171875 0.648046875 0.39482421875 0.648046875 0.38115234375 0.683203125
5 1 0.509375 0.8081982421875 0.509375 0.783984375 0.53486328125 0.77861328125 0.5548828125 0.778125 0.5685546875 0.78642578125 0.5958984375 0.7947265625 0.60322265625 0.84990234375 0.628125 0.86796875 0.633984375 0.93486328125 0.64716796875 1 0.653489253125 1 0.509375
6 0.5712172578125 0.509375 0.5716796875 0.605547990625 0.5723772328125001 0.7150624999999999 0.5723772328125001 0.820391740625 0.5716796875 0.8950290187500001 0.5716796875 0.9243258937500001 0.5751674109375 0.9333939734375001 0.612334309375 1 0.8646747828125001 1 0.8632533484374999 0.9696760609374999 0.8513950874999999 0.910384765625 0.7997767859375 0.7806501125 0.801171875 0.7576311390624999 0.78722098125 0.759723771875 0.781640625 0.725544084375 0.769084821875 0.7039202015624999 0.72374441875 0.641838728125 0.6832868296875001 0.588127790625 0.6344587046875 0.523953684375 0.6190224515625 0.509375 0.5712172578125 0.509375