3 0.61048601875 0.38677958437500004 0.5885040531250001 0.3986068359375 0.5499370171875 0.4031667546875 0.5463129421875 0.40649513906249995 0.5436684734374999 0.417893125 0.570116628125 0.431608328125 0.5902530515625 0.45856934687499995 0.61004399375 0.4736859203125 0.72776115 0.5036091093749999 0.747797553125 0.501625834375 0.757336746875 0.49696953437499997 0.768187378125 0.48624410312500005 0.7802414843750001 0.46574814687500005 0.7842405734375 0.449761584375 0.7836143890624999 0.42829352187499997 0.762908615625 0.40732818281250005 0.713390928125 0.3936692390625 0.6730158265625 0.3872718984375 0.64101963125 0.38746933437500003 0.630500828125 0.38405603125 0.61048601875 0.38677958437500004
3 1 0.274382 0.99940765625 0.27404120781249997 0.9838453796875001 0.2763240328125 0.9714889781250001 0.286456096875 0.9670716890625 0.313620284375 0.9874888171875 0.350204915625 1 0.3575532984375 1 0.274382
3 0.9686536562499999 0.4188866578125 0.9769893765625 0.42400088125 0.9873138453125 0.42075168281249997 0.9907867718750001 0.41224135312500004 0.988317275 0.3530925734375 0.971632184375 0.3168809453125 0.9625543765625 0.311840178125 0.9506809515625001 0.3130154515625 0.9463795671875002 0.318638125 0.94707053125 0.34232701875 0.9430850921874999 0.3842967640625 0.9485820109375 0.3941464734375 0.96228509375 0.4046687359375 0.9686536562499999 0.4188866578125
3 0.9482422390625 0.4335281125 0.94722515625 0.47520403906249997 0.9580246625000001 0.48824095781250004 0.9607907453125 0.5065275406249999 0.9675990999999999 0.510308115625 0.9742779015625 0.5096470234375 0.9815260515625 0.50299025625 0.9778451390625001 0.4788549015625 0.9812532890625001 0.46812373906250004 0.9905765562500001 0.45606465937499996 0.99230619375 0.438817903125 0.9814850953124999 0.4250407078125 0.9701810203125 0.4202203046875 0.9645113609374999 0.40444837343750006 0.9439567343749999 0.388664978125 0.941377046875 0.4022837984375 0.9482422390625 0.4335281125
3 0.7371549078124999 0.54499695 0.7222915343749999 0.5457257640625001 0.72038915625 0.557050296875 0.7252519484375 0.57067485 0.7754332953125 0.5560563234375 0.8281432078125001 0.5515813234375 0.8377255859374999 0.548405578125 0.8335401046875 0.5324867375 0.8366243656249999 0.5106514046874999 0.83259003125 0.4999145078125 0.8280511265625 0.497394125 0.8028632859375 0.5013721375 0.781645003125 0.5138662125 0.7729990453125 0.523631003125 0.75239329375 0.5316099546874999 0.7371549078124999 0.54499695
3 0.6466279921875 0.528715509375 0.6601935765625 0.560039009375 0.6684861109375 0.5636726765625 0.701267584375 0.5648823390625 0.7199925484375 0.5689681984375 0.724401896875 0.567046915625 0.7207425765625001 0.5436518390625 0.7363264468749999 0.5421092921875 0.742918878125 0.538487090625 0.7412619578124999 0.532711775 0.7320545953125001 0.5232293390625 0.694785346875 0.49573694375 0.622724284375 0.474658025 0.6116361343750001 0.47724040156249997 0.6110236015625 0.481755521875 0.6181342562500001 0.4958999890625 0.6466279921875 0.528715509375
3 0.8024939812499999 0.565256403125 0.8023644265625001 0.560814734375 0.7932650265625 0.5550336890625001 0.7717228515625 0.5564235937500001 0.74441670625 0.5643233624999999 0.7684874421875 0.573076984375 0.776102665625 0.5790049390625 0.78657828125 0.580937684375 0.7881488296875 0.5837518875 0.7954617578125001 0.579315953125 0.8024939812499999 0.565256403125
3 0.6089586546875 0.3854459375 0.61795009375 0.38752559531249997 0.629059834375 0.385683496875 0.631502028125 0.3928659109375 0.6375467031250001 0.3959796640625 0.670177028125 0.392007384375 0.7254370921875 0.3984161890625 0.751056784375 0.4092437359375 0.7892488046875 0.41734199531250005 0.80917724375 0.41165733125 0.79971076875 0.3932915609375 0.7667349640625 0.38541939375 0.7448257171874999 0.37422457656249997 0.7059563875 0.368420603125 0.682670925 0.3610740828125 0.656697809375 0.3636449953125 0.632778221875 0.36007331875 0.6119997296874999 0.362130046875 0.604052678125 0.37034082968750004 0.6042901953125 0.37848388593750004 0.6089586546875 0.3854459375
0 0.4592711890625 1 0.46088491718749997 0.99899099375 0.475006459375 0.9801536500000001 0.4855237484375 0.9734555265625 0.4990161984375 0.9560611124999999 0.5080132421875 0.9497521375 0.5105366046875 0.9226670531250001 0.5065264218750001 0.9179250265625001 0.49880078125000005 0.915896684375 0.4861014953125 0.9194678906250001 0.4728975375 0.928456115625 0.46306843750000004 0.9277673984374999 0.46021146875 0.9265758703125 0.45460250156250004 0.91775645 0.43436808125 0.8960161375 0.4256268703125 0.8889599265625 0.4159812890625 0.8863013828125 0.4047563671875 0.8899758999999999 0.3837474640625 0.9296444984375001 0.3817552109375 0.940409659375 0.38601423281249997 0.95309985625 0.3866557796875 0.9833807265625 0.38919159531249997 0.988019446875 0.403630984375 1 0.4592711890625 1
0 0.3536313734375 1 0.344836234375 0.980946134375 0.323087796875 0.9754568703125 0.31964761406250003 0.9752158203124999 0.30966765937499996 0.9814559218750001 0.2983836421875 0.9910743453125 0.29483848125 0.9972696609374999 0.2946477890625 1 0.3536313734375 1
6 0.404386096875 0.7296875 0.31913382968750004 0.7739374734375 0.23772247812499997 0.8161478843750001 0.1324644140625 0.8666007890625 0.066819284375 0.9165248703125 0.03111325625 0.9635900562499999 0 0.9864266609375001 0 1 0.1678102125 1 0.18026106718749998 0.99056309375 0.1925987703125 0.9996887671875001 0.19259463906250002 1 0.30058116562500004 1 0.31087030000000004 0.9864968984375 0.32458438125 0.980848890625 0.341376678125 0.995243403125 0.34977126875 1 0.3821456890625 1 0.38354499531249997 0.9849802171875 0.3758592609375 0.9613103796875 0.37323983906249997 0.9363432968750001 0.38520764218750003 0.9140505687499999 0.3958435109375 0.8883600406250001 0.40658786406249997 0.8791994734375 0.4255852328125 0.9053141453125001 0.4330095515625 0.9140955421875001 0.4484699140625 0.9250922546875 0.471857834375 0.9217743203125 0.497495271875 0.9120050640624999 0.5141790828125 0.9098696140625 0.5160782937499999 0.9248728156249999 0.4982795203125 0.9566703890625 0.45857769218750005 0.993542175 0.42669493750000004 0.999569353125 0.4263721703125 1 0.5296875 1 0.5296875 0.8531458187500001 0.5109727890625 0.8204242078125 0.46278138281250003 0.73608790625 0.4556764453125 0.7296875 0.404386096875 0.7296875