6 0.4796875 0 0.32405815625 0 0.3560880328125 0.017576740625 0.35332332499999997 0.041981334375 0.396131534375 0.0666510625 0.3962430015625 0.09921261718749999 0.3935541 0.1219896046875 0.42928109687499993 0.193831446875 0.44999632187499994 0.2140625 0.45255671875000003 0.2140625 0.47129557968749997 0.2005880609375 0.4518802828125 0.1630300671875 0.4449551734375 0.1369410546875 0.4796875 0.180466909375 0.4796875 0
8 0.4796875 1 0.4796875 0.6890625 0.3713105015625 0.6890625 0.369590534375 0.6904019640625 0.3595089265625 0.70049031875 0.3544769765625 0.7070514015625 0.3474413890625 0.7178043875 0.34393835156249997 0.72570905625 0.3442450515625 0.734823740625 0.3463239265625 0.7435255359374999 0.35005121875 0.7740491421875 0.3523999125 0.7855451812500001 0.36067115625 0.812767834375 0.36642273593749997 0.842638984375 0.37213300625 0.86543124375 0.37607405156249996 0.889142025 0.3873116484375 0.9033771578125 0.391950025 0.91625653125 0.39671527812499996 0.95087821875 0.4047181796875 0.9755594453124999 0.4071008046875 0.9928702906249999 0.408952190625 1 0.4796875 1
9 0.4796875 0.8178213796874999 0.3386830828125 0.8061628171875 0.3288281546875 0.8107027234374999 0.3711202265625 0.9921875 0.40249172812499995 0.9921875 0.4796875 0.9885754453125 0.4796875 0.8178213796874999
9 0.249325575 0.6890625 0.264967503125 0.7358569187499999 0.30202430625 0.788341178125 0.32097998437499997 0.7792219578124999 0.337584784375 0.8015724750000001 0.354064184375 0.8024334953124999 0.34353942656249997 0.7361710593749999 0.3472317140625 0.7174084359374999 0.3622959328125 0.692921465625 0.36949319531249997 0.6890625 0.249325575 0.6890625
9 0.167388746875 0.6890625 0.13303641875 0.7125356109375 0.0976308515625 0.7258501609375 0.066222753125 0.7393735718750001 0.0712537171875 0.7661741859375 0.1056498234375 0.797036484375 0.16447053125 0.8873052453125 0.21684973593749998 0.9595456125 0.23095613125 0.9880841046875 0.344380371875 0.88027709375 0.33787247656249997 0.8508719078125001 0.303291953125 0.788407409375 0.26492324375 0.728272390625 0.24620920468750002 0.6890625 0.167388746875 0.6890625
9 0.3826497453125 1 0.3881120265625 0.9912404234375 0.36911208906250004 0.9927751140625001 0.3431321515625 0.8840029843749999 0.22968577968749998 0.9880177312499999 0.1887891578125 0.9290143359374999 0.151227653125 0.9700176984375 0.183876471875 1 0.3826497453125 1
9 0 1 0.11302269218750001 1 0.1561328046875 0.9791199031250001 0.1446502234375 0.9658829328125 0.190027296875 0.924024215625 0.0776039953125 0.769033384375 0.0687452265625 0.7710979328125 0.0575536765625 0.7743043015625 0 0.9113377734375 0 1
3 0.5923312859375 1 0.6003092890625 0.9936823796875001 0.6031429015625001 0.985608384375 0.6052854 0.9612391328125 0.602189165625 0.9481440171875001 0.6090188328125 0.8624097781250001 0.61070586875 0.778804509375 0.589934590625 0.821812265625 0.581897134375 0.8327114968749999 0.579579559375 0.8429680078124999 0.571786959375 0.8510821843749999 0.5271909859375 0.8429949140625 0.547859503125 0.9944055484375 0.554246321875 1 0.5923312859375 1
3 0.4950101171875 0.6890625 0.4952926765625 0.6985335609375001 0.49250314843750004 0.738314353125 0.5032261 0.7693382546875001 0.513773975 0.7862494140624999 0.521619225 0.7936405078125001 0.5307585359375 0.7702085171874999 0.5490663109375 0.6890625 0.4950101171875 0.6890625
3 0.6446008484375 0.6890625 0.6297190640625 0.723585359375 0.6280399546875 0.7346318609375 0.6321425765625 0.8006966125 0.6404340875 0.8271680218749999 0.6578477828125 0.86261050625 0.6605332781250001 0.9045336390625 0.6733644734374999 0.975994415625 0.6748109171875 1 0.739238778125 1 0.742605346875 0.8648062109375001 0.748770853125 0.8268865765625 0.74661059375 0.8273016625 0.741808928125 0.8175004171874999 0.7103318234375 0.79708120625 0.70507533125 0.784401175 0.70773386875 0.7622144453125 0.72056379375 0.720960759375 0.7257073109375 0.6890625 0.6446008484375 0.6890625
3 0.8016859328124999 0.9819123515625 0.8315885937499999 0.9880313703125001 0.8622870390624999 0.9850989531250001 0.8786594609374999 0.9760207 0.8955215937500001 0.9613723328124999 0.9075208468749999 0.937618984375 0.9114299906250001 0.909259596875 0.910249159375 0.8985344515625 0.89970985 0.865421759375 0.883511875 0.8322555218750001 0.8811153234375 0.8192541328124999 0.8431837671875 0.8078328125 0.8248781843749999 0.7905869296875 0.8091613578124999 0.7680521078125 0.8027503593749999 0.75239956875 0.8005986640625 0.7366131218749999 0.79561335625 0.7289006687499999 0.7866925765625 0.7417949671875 0.757289459375 0.8266187625000001 0.753065678125 0.8746610046875001 0.75462299375 0.921364259375 0.7641302265625 0.9501119140625001 0.7729463390625 0.9625643109375 0.785444503125 0.9733965437500001 0.8016859328124999 0.9819123515625
3 0.808470715625 0.6890625 0.8036593734374999 0.7017999046875001 0.7994092703125 0.742089509375 0.802321859375 0.7572734171875 0.8094937546875001 0.77232341875 0.822079459375 0.7902120234375001 0.8370702765625 0.804900484375 0.8580258328125 0.8161611687500001 0.8796547453125001 0.81976294375 0.9129682750000001 0.8192942249999999 0.92611346875 0.8147149171875 0.9411477406250001 0.804752946875 0.9520451359375001 0.79353235625 0.9620940984375 0.7758579328125 0.9674111703125 0.7314844671875 0.9641049703124999 0.7127255109374999 0.9545092093750001 0.6890625 0.808470715625 0.6890625