2 0.366489846875 0.3796875 0.344389675 0.340477565625 0.3376243734375 0.325463821875 0.3361652375 0.3172891953125 0.3252070359375 0.3060873515625 0.280663234375 0.29947593281249996 0.126257109375 0.2683752046875 0.091297634375 0.266249603125 0.0797897953125 0.2624315421875 0.072645384375 0.25771878125000003 0.0697174828125 0.2579911140625 0.07213814843750001 0.2910073453125 0.080092353125 0.3347522953125 0.0851388359375 0.3796875 0.366489846875 0.3796875
10 0.9094311328125 0.3796875 0.9159246812500002 0.3576212734375 0.86307433125 0.2931756859375 0.79415651875 0.2825313515625 0.7725001984375 0.28382987656249997 0.7716260390625 0.31089824843749997 0.747621640625 0.3796875 0.9094311328125 0.3796875
10 1 0.3796875 1 0.3414527421875 0.9926847625 0.3251071859375 0.9854836140625001 0.27076075781250003 0.954317303125 0.241135765625 0.9314039000000001 0.23698706718749998 0.8508587109375 0.23509992500000002 0.8406798796875 0.2655621390625 0.8240518890625002 0.288649559375 0.86307433125 0.2931756859375 0.9094755234375 0.3502464796875 0.9497133171875 0.3796875 1 0.3796875
10 0.5763679406250001 0.3796875 0.590341746875 0.34818707187500003 0.596394121875 0.3049867109375 0.5575492843750001 0.2986588203125 0.5131710234375 0.31206644375 0.477195559375 0.3130294765625 0.454623503125 0.28721769375 0.4390625 0.2936816515625 0.4390625 0.3598158 0.44413104062500003 0.37546211406249996 0.444580828125 0.3796875 0.5763679406250001 0.3796875
10 0.4390625 0 0.4390625 0.2704360890625 0.4440617484375 0.2851643109375 0.443515078125 0.27251003906250004 0.4748035609375 0.228095025 0.5184714109375 0.221894453125 0.52664116875 0.13901338125 0.5174863828125 0.1044863421875 0.49617141093750006 0.0841217796875 0.5034670109375 0.02830908125 0.48036214531250004 0.007902584375 0.478243525 0 0.4390625 0
10 0.601496971875 0.307815153125 0.6109653875000001 0.284559990625 0.5964547812500001 0.2679666984375 0.5715600234375 0.24751826562499998 0.5201720765625 0.222837259375 0.4786493296875 0.22547624531250002 0.45897436249999995 0.24307450468749997 0.44790751562500003 0.28254553125 0.47136758749999996 0.2993485046875 0.472091859375 0.3102010140625 0.5168391859375 0.3112494265625 0.55584776875 0.29771599375 0.566587128125 0.29796761250000003 0.5710687890624999 0.307102234375 0.5751813859375 0.3017808203125 0.5984499953125 0.30232599375 0.601496971875 0.307815153125
10 0.747664209375 0.3796875 0.772691659375 0.3000876734375 0.76174698125 0.26551869687499996 0.72952890625 0.2647638390625 0.7141302828125 0.2571793625 0.7019423796875 0.23522272187499998 0.6568259875 0.2197182734375 0.6407169500000001 0.2193408453125 0.6282015546874999 0.23710685156250003 0.597487459375 0.3302952578125 0.5753729953125 0.3796875 0.747664209375 0.3796875
10 1 0.055026423437500006 0.9849621062499999 0.057649557812499995 0.963497246875 0.0752058796875 0.9534683046874999 0.0677472109375 0.9568566281249999 0.051573285937500005 0.9455705999999999 0.03866739375 0.9391075828125001 0.0132330375 0.8857659968749999 0.00837141875 0.876638928125 0.0099634984375 0.853589496875 0.06179524374999999 0.8629080281250001 0.0764609625 0.8711747984375 0.1199968140625 0.8280674781249999 0.156911221875 0.821290828125 0.189259071875 0.828464259375 0.20748637812499998 0.9451347999999999 0.170489603125 1 0.170076978125 1 0.055026423437500006
10 1 0.1789336234375 0.998121178125 0.178954746875 0.959631546875 0.169023334375 0.8758756375000001 0.18150835468749998 0.8390260156250001 0.209539759375 0.8385070625000001 0.23300460781250001 0.94877001875 0.24281171875 0.9851284078125001 0.2743642828125 0.9880116390625 0.299714765625 1 0.3056195421875 1 0.1789336234375
10 0.7859842015625 0.1288363734375 0.7702303718750001 0.1248554203125 0.7507052921875 0.10453279687499999 0.673931353125 0.118987325 0.667496053125 0.129672090625 0.660405771875 0.219802146875 0.7022975875 0.23161919687500002 0.7175324640625 0.2590649984375 0.7404458671875 0.2632136953125 0.7694393640625 0.2602811546875 0.7776645562500001 0.2496383265625 0.830459471875 0.24184567499999998 0.8126688515625 0.1493267453125 0.7953027328125 0.1435020921875 0.7859842015625 0.1288363734375
10 0.5707863921875 0.055169279687499996 0.5598694296875 0.056719421874999995 0.5289638734375 0.13365003125 0.5198645203125001 0.1713612328125 0.5181162031250001 0.22549797656249998 0.5347719093750001 0.238529678125 0.5696817546874999 0.24837721875000002 0.6148120031250001 0.281941228125 0.6219577171874999 0.264049415625 0.6077607421875 0.18967391718749999 0.5887684734375 0.16394600625 0.60211645 0.0649329484375 0.5707863921875 0.055169279687499996
10 0.7275050109375 0 0.7055334640625001 0.0167901078125 0.62211890625 0.007612042187499999 0.6190857890625 0.02018244375 0.640783684375 0.0730626 0.643325565625 0.1200761671875 0.6584105593749999 0.185442853125 0.688469675 0.17169973593750001 0.6888110234375 0.15003665156249998 0.6999055890625 0.146684746875 0.7006021453125 0.1214181375 0.730838865625 0.10587325781250001 0.764314021875 0.11207533750000001 0.770407975 0.12305365937499999 0.787951696875 0.1270765484375 0.8004948078125 0.1454296640625 0.835746 0.13361411875 0.8357321421874999 0.115554559375 0.8158379984374999 0.0807759 0.816179346875 0.0591128140625 0.8057813359375 0.0371981109375 0.807734975 0.017378725 0.8202514546874999 0 0.7275050109375 0
8 0.4390625 1 0.4390625 0.8505732 0.41220001875 0.8460456734375 0.4068479015625 0.8461191906250001 0.3785055796875 0.8525414375 0.3637012515625 0.858554284375 0.3503209703125 0.8653237359375 0.33735166250000004 0.8746982859374999 0.329505090625 0.881932690625 0.32057854531249996 0.8915104312499998 0.3122302203125 0.9024561609374999 0.30289750312499997 0.9188015437499999 0.2951465453125 0.9422635828124999 0.29416218125000004 0.9608345484375 0.29670925625 0.9777458750000001 0.3034137859375 0.9958937031249999 0.3057183921875 1 0.4390625 1
9 0.3393838890625 0.660618725 0.331532546875 0.671651709375 0.32602751875 0.674737915625 0.32416861875 0.677197790625 0.3134882921875 0.6846945625 0.3046429859375 0.6955530390625 0.29611784218750004 0.7021617203125 0.26548183125 0.7406029609375 0.2532150078125 0.7579529734375 0.25463428593750004 0.762508159375 0.27653023593750004 0.7830698218750001 0.28000434687500003 0.7874791796875 0.31256154375 0.8157383890624998 0.3164705046875 0.8169312671875 0.325344490625 0.8096239484375001 0.3411714328125 0.79416545 0.34918048437500004 0.789492515625 0.3531658859375 0.7825933921875 0.366374115625 0.767688309375 0.375979234375 0.75873629375 0.37916660156250004 0.753976709375 0.38477198125 0.750148240625 0.41329583124999997 0.7179218265625 0.42434410937499994 0.7077034171875 0.4299877078125 0.69982894375 0.434374509375 0.689960759375 0.4340638890625 0.686613396875 0.4263654265625 0.6814623765625 0.4204733046875 0.6761219015625001 0.407212453125 0.6669547703125 0.3878396671875 0.6559546953125001 0.3590815390625 0.6372277890625 0.35546886093749996 0.637606696875 0.3527163453125 0.6391497984375001 0.3501406546875 0.6450299515625 0.3447646546875 0.6509250484375 0.3393838890625 0.660618725
0 0.4390625 0.5946384171875 0.42200228281249996 0.59330975625 0.40889437187500005 0.5943012546875 0.4041348171875 0.597518340625 0.40055081875000004 0.60144840625 0.399169790625 0.6060185359375 0.39274259218749996 0.65732208125 0.3937174484375 0.659519590625 0.3960351109375 0.661192971875 0.40151626093750004 0.6639283453125 0.431712775 0.6851874390624999 0.4330842625 0.6882144671875 0.4327163109375 0.6909361046875 0.4299064671875 0.698548209375 0.426437159375 0.7035115875 0.381737525 0.7518951359375 0.3734609984375 0.811232715625 0.3728254765625 0.8291050468750001 0.3735661828125 0.8330345078124999 0.3749233296875 0.8342859578125001 0.3865164125 0.8388542749999999 0.40791534687500003 0.846157365625 0.43238218906250003 0.8514661374999999 0.4390625 0.8523313484374999 0.4390625 0.8451621546875 0.42543397031249996 0.84264741875 0.402563196875 0.8330595640624999 0.39908908906249996 0.8286502046875001 0.3995000296875 0.8180839843750001 0.40767630156249995 0.799002625 0.41448588593749996 0.7862669734375001 0.422222534375 0.774200675 0.4283774578125 0.7681890390625 0.4321334765625 0.7592232859375001 0.4345323484375 0.7490060828124999 0.43818801562500004 0.7407825953125 0.4390625 0.73992846875 0.4390625 0.5946384171875
3 0.2588910203125 1 0.282136059375 0.9636398015625 0.28985836875 0.9497979234375 0.2954685171875 0.9421708750000001 0.302918425 0.9209356328125 0.31080798593750003 0.9058566453125 0.32328985 0.88879768125 0.3323501953125 0.878230253125 0.3450996625 0.8591919171875 0.3528793328125 0.8524523546874999 0.35915848437500003 0.839876871875 0.36680432343749997 0.820955678125 0.3737906984375 0.799385759375 0.38001722656250003 0.7627380625 0.3798738546875 0.7581535921875 0.378617059375 0.756159878125 0.3741728953125 0.758925746875 0.3641185828125 0.769318665625 0.3488173046875 0.7884155749999999 0.3398955265625 0.7941947375 0.3276000234375 0.807993590625 0.31854444531250004 0.8147624390625001 0.3149317671875 0.8151413468750001 0.3008442 0.8045625984375 0.2949377375 0.7974465453125 0.2807163703125 0.787857484375 0.274513625 0.779169646875 0.2715173890625 0.7768705421875 0.268817434375 0.7761432218750001 0.26677694375 0.778064628125 0.2509356921875 0.8049188624999999 0.24717967343749997 0.8138846171874998 0.2422337890625 0.8335331296875002 0.19772076875 0.9840271109375 0.1944808421875 0.9910571171874999 0.1891574046875 0.9946817921874999 0.1859034265625 1 0.2588910203125 1