4 0.5796875 0.1462574421875 0.5544270828125 0.14192708437499998 0.516927084375 0.1408854171875 0.40546875 0.15755208437499998 0.37109375 0.154427084375 0.3283854171875 0.15859375 0.30026041718749996 0.1658854171875 0.28046875 0.1815104171875 0.273177084375 0.1971354171875 0.27109375 0.22526041718749998 0.2752604171875 0.24296875 0.28671875 0.263802084375 0.31171875 0.28984375 0.341927084375 0.304427084375 0.39296875 0.313802084375 0.40390621718749997 0.3140625 0.44125 0.3140625 0.49713541718750004 0.304427084375 0.51484375 0.2940104171875 0.535677084375 0.266927084375 0.5606770828125 0.24713541718749998 0.57734375 0.21901041718749997 0.5796875 0.213577178125 0.5796875 0.1462574421875
4 0.32897135 0.409375 0.33125 0.40911458281249996 0.3697916671875 0.3966145828125 0.4135416671875 0.370572915625 0.44166666718750003 0.34453125 0.4625 0.3122395828125 0.3947916671875 0.3122395828125 0.3458333328125 0.30390625 0.2479166671875 0.2966145828125 0.209375 0.30703125 0.1458333328125 0.3434895828125 0.13125 0.35703125 0.1385416671875 0.376822915625 0.14895833281249998 0.386197915625 0.175 0.39765625 0.217689734375 0.409375 0.32897135 0.409375
4 0.0509079390625 0.409375 0.0947916671875 0.37161458281250004 0.11875 0.34765625 0.1541666671875 0.2997395828125 0.1760416671875 0.2466145828125 0.1822916671875 0.19453125 0.17916666718750002 0.18203125 0.1739583328125 0.1778645828125 0.1447916671875 0.1747395828125 0.09895833281250001 0.19244791562500002 0.096875 0.21848958281250003 0.0822916671875 0.245572915625 0.0635416671875 0.26223958281250004 0.0322916671875 0.279947915625 0 0.31953125 0 0.3497395859375 0.0020833328125000002 0.35703125 0.0041666671875 0.386197915625 0.0009326546875 0.409375 0.0509079390625 0.409375
4 0.5269649624999999 0.409375 0.528125 0.3838541890625 0.528125 0.3714471703125 0.4994791671875 0.3192708328125 0.4984375 0.3067708328125 0.491145834375 0.30572916562499997 0.4640625 0.3109375 0.43385416718750003 0.3505208328125 0.388020834375 0.3880208328125 0.4015625 0.396354165625 0.41024305625 0.409375 0.5269649624999999 0.409375
4 0.5796875 0.2478422625 0.5572916671875 0.2510416671875 0.5395833328124999 0.2604166671875 0.521875 0.284375 0.521875 0.3166666671875 0.5322916671875 0.3447916671875 0.5489583328125 0.36770833281250004 0.5796875 0.38702380937499997 0.5796875 0.2478422625
4 0 0.28125 0.001302084375 0.28125 0.03984375 0.2708333328125 0.06484375 0.25729166718749996 0.08984375 0.234375 0.0953125 0.221614584375 0.0953125 0.19869789531249998 0.095052084375 0.1916666671875 0.082552084375 0.18125 0.02109375 0.175 0 0.17602066562500002 0 0.28125
4 0.18125 0.0625 0.11145833281249999 0.0947916671875 0.08645833281250001 0.1135416671875 0.0859375 0.1171875 0.0859375 0.1215544859375 0.09895833281250001 0.1395833328125 0.115625 0.15 0.1666666671875 0.16354166718750002 0.24583333281250003 0.1625 0.303125 0.1458333328125 0.3375 0.1291666671875 0.3729166671875 0.1041666671875 0.39895833281250004 0.0791666671875 0.40833333281249995 0.0635416671875 0.4109375 0.043576384375 0.4109375 0.0389236109375 0.3958333328125 0.0197916671875 0.3739583328125 0.0114583328125 0.3458333328125 0.0114583328125 0.18125 0.0625
4 0.5796875 0 0.4306770828125 0 0.43046875 0.0013020828125 0.43151041718750005 0.031510415624999996 0.4440104171875 0.0856770828125 0.46796875 0.1242187484375 0.492578125 0.140625 0.49609375 0.140625 0.50546875 0.1398437484375 0.516927084375 0.1263020828125 0.538802084375 0.0856770828125 0.5533854171875 0.06692708281250001 0.5658854171875001 0.0356770828125 0.5721354171875 0.03046875 0.5796875 0.014390121875 0.5796875 0
4 0.0734188984375 0 0.0723958328125 0.001302084375 0.068229165625 0.020052084375 0.077604165625 0.054427084375000004 0.0973958328125 0.07734375 0.1124627953125 0.084375 0.11378348281249999 0.084375 0.24114583281250002 0.0408854171875 0.3203125 0.02109375 0.3348958328125 0.01171875 0.34041053906249996 0 0.0734188984375 0
4 0.063183596875 0 0 0.014441964062500002 0 0.1221658921875 0.086197915625 0.0955729171875 0.090625 0.0893750015625 0.090625 0.073567709375 0.070572915625 0.043489584375 0.06640625 0.0299479171875 0.0684895828125 0.00078125 0.06536457968750001 0 0.063183596875 0
4 0 0.1635645109375 0.05208333281250001 0.154427084375 0.078125 0.14609375 0.084375 0.13671875 0.08125 0.123177084375 0.0625 0.11171875 0.04375 0.11171875 0 0.12309375 0 0.1635645109375