0 0.19597041875 0 0.19274536874999998 0.0045124171875 0.1848696671875 0.0089413046875 0.1828125 0.017266257812499998 0.1828125 0.020449973437499998 0.18471041562499999 0.032932415625 0.1958960578125 0.052688753125 0.20615681718749998 0.06174985468750001 0.20990345000000002 0.0625 0.2129338421875 0.0625 0.2184796796875 0.060213285937500007 0.2330261203125 0.060122878125 0.239361465625 0.0558860625 0.25263519375 0.0520374796875 0.2671875 0.040331214062499995 0.2671875 0.0374070421875 0.25929015624999996 0.0178359140625 0.2610575125 0.0061782734375 0.2610408375 0 0.19597041875 0
0 0.49107813125 0.115603078125 0.44140953281249995 0.0876412625 0.43978899218749995 0.090820153125 0.43979010625 0.10883761875 0.43664275625000004 0.11471369218750001 0.45327951093749996 0.1270532984375 0.47248878593750004 0.151919471875 0.47790036249999995 0.15500488437499998 0.49192311875000005 0.1578125 0.49245388281249997 0.1578125 0.5079836453125 0.14200991093749998 0.5109375 0.135900740625 0.5109375 0.1166907765625 0.5096821406250001 0.0998092609375 0.5061994000000001 0.097110034375 0.5027437578125 0.099421028125 0.49107813125 0.115603078125
1 0.37486812812500003 0.0508528953125 0.37439452968750003 0.0533772140625 0.3890735515625 0.0740637125 0.4008332671875 0.064881915625 0.49054930625 0.1171875 0.49132281093749997 0.1171875 0.503125 0.09758565625 0.503125 0.09468062499999999 0.4281856125 0.051081759375 0.403541715625 0.037308434375 0.4007185609375 0.035296795312500004 0.37486812812500003 0.0508528953125
0 0.8016873 0.22445609218749998 0.7881442828124999 0.226773434375 0.7464967734375 0.260303978125 0.7255645875 0.290337503125 0.7148010171875 0.3150153578125 0.711885315625 0.33606675625000004 0.7265205828125 0.3545907640625 0.7437785109374999 0.3640625 0.7441823125 0.3640625 0.7613670546875 0.35999866406250003 0.7722952546874999 0.35379939843749997 0.8432303390625 0.28095573125 0.84375 0.27770948125 0.84375 0.2637388921875 0.8418860328125 0.255304840625 0.8323123656250001 0.2413383171875 0.8164520046874999 0.2301126421875 0.8016873 0.22445609218749998
7 0.5796875 0 0.5796875 0.20240003281250002 0.5854827031250001 0.20699715312500003 0.5931557109375001 0.2307087890625 0.6023334375 0.234375 0.6073186421875001 0.234375 0.6173714625 0.2326548625 0.6234481078125 0.2259060640625 0.624211096875 0.20979023749999998 0.621512259375 0.20430513281249998 0.6375 0.1761319234375 0.6375 0.1422146390625 0.63372460625 0.1152479859375 0.6257575281250001 0.0859252171875 0.61666668125 0 0.5796875 0
7 0.746967775 0.0807738703125 0.7388224343750001 0.094061421875 0.740044121875 0.10203531562499998 0.748140634375 0.11849062968749999 0.7685550734375 0.1399269296875 0.780197434375 0.1473547 0.7808695890624999 0.1601801484375 0.7740333609375 0.167772546875 0.77276625625 0.17426929062500002 0.7842757718750001 0.20983674375 0.7894634 0.2167989984375 0.8001361328125001 0.22106241718750003 0.801231790625 0.22663154218749998 0.8092476953125001 0.2262114453125 0.8208480453125 0.232837625 0.8377620546875001 0.2488308328125 0.8473743234375 0.278871171875 0.861508884375 0.2725038671875 0.8643371609375 0.2651215140625 0.8583513500000001 0.24292904062499998 0.8649775296875 0.2313286890625 0.8675117374999999 0.2183352046875 0.862498965625 0.1840348546875 0.8405755890625001 0.11846907031250001 0.823454940625 0.0831956828125 0.8062468656250001 0.061591343750000006 0.7844358859375 0.05951923906249999 0.763213040625 0.068669403125 0.746967775 0.0807738703125
7 0.5796875 0.415335821875 0.5841733421875 0.4100185890625 0.6021478171875 0.40023487500000005 0.6237101484375 0.38222520625 0.6477680859375 0.3351482375 0.6605129203125 0.3176006765625 0.6726696234375 0.2888308484375 0.6944034 0.2587553171875 0.697826628125 0.232050775 0.6715876 0.2221728171875 0.6555171921875 0.206939190625 0.6443789437499999 0.2091305046875 0.6262750328125 0.231781675 0.620789928125 0.2344805140625 0.6129386546875 0.2533791984375 0.5882085625 0.287630721875 0.5796875 0.303437084375 0.5796875 0.415335821875
7 0.6329661734375 0.4390625 0.6423045390625 0.43028202968749996 0.7068723203125 0.3433038046875 0.72654421875 0.2892225703125 0.7413997609375 0.265937846875 0.761274890625 0.24640901718750002 0.761740403125 0.239954284375 0.7349132421875 0.218854059375 0.7252941578125001 0.219358175 0.7134769421875 0.23926849843750003 0.676383509375 0.28300966875 0.6237101484375 0.38222520625 0.5897004578125 0.408121340625 0.5903726093749999 0.4209467875 0.608763771875 0.4344512046875 0.6206353484375 0.4390625 0.6329661734375 0.4390625
7 0.72678445 0.4390625 0.746091196875 0.41680488281250005 0.7594275765624999 0.39520736093750003 0.7628473953125 0.3837750453125 0.7623432796875 0.3741559609375 0.7579152312499999 0.3663501046875 0.7334054140624999 0.3587928984375 0.7121893859374999 0.3373986046875 0.6976313218750001 0.351022234375 0.6488887109375 0.4178800890625 0.637086625 0.4390625 0.72678445 0.4390625
7 0.7643699640625 0.3668156171875 0.7681644609375 0.377869846875 0.7749586796875001 0.36947585625 0.7789666296875 0.3692658078125 0.8141877828125 0.39716025 0.818111715625 0.39534702187500004 0.8439408703125 0.3513923953125 0.8634413249999999 0.30937702499999997 0.86665109375 0.293936759375 0.8616349124999999 0.2749086375 0.8426487999999999 0.28072640937500004 0.83032746875 0.2910176484375 0.8129831375000001 0.31282522031250004 0.80201293125 0.31822289531250003 0.7999442343750001 0.324761646875 0.765595059375 0.35951728437499997 0.7643699640625 0.3668156171875
7 0.667085759375 0.166947096875 0.7024749484375 0.19804790156250002 0.71116300625 0.2104532515625 0.722805365625 0.21788102187499997 0.73069524375 0.2150561546875 0.74744803125 0.19729854687499998 0.775849996875 0.1564242515625 0.7769490640625 0.1467211484375 0.6863477875 0.059033274999999996 0.6684607421875001 0.05514794375 0.6652998 0.040845345312499996 0.6414655421875001 0.03084135625 0.621299753125 0.029486823437499997 0.626305709375 0.0943316296875 0.6334291859375 0.12289481718749999 0.667085759375 0.166947096875
7 0.5796875 0.3048552890625 0.589727725 0.285943521875 0.6129806656250001 0.25418078906249997 0.6185952046875001 0.23861449375000002 0.6166979578125 0.2330873796875 0.5863635515625 0.237088515625 0.5796875 0.2409577953125 0.5796875 0.3048552890625
6 0.0428485078125 0.4390625 0.04014558125 0.439963625 0 0.4575048421875 0 0.8836686515625001 0.01329686875 0.8778053781249999 0.0292559171875 0.8655523125 0.0647310546875 0.8710565593750002 0.071376240625 0.8669924640625 0.0972027390625 0.8401266187499999 0.118853134375 0.8326775421875 0.12323664999999999 0.833295878125 0.1283608921875 0.8385200171875 0.14043129999999998 0.8652299656250001 0.16151565 0.894711853125 0.175701146875 0.9237207406250001 0.1837612515625 0.9353607625 0.185583178125 0.9516224375 0.1881120328125 0.9574807625 0.2163546 0.9584637656249999 0.24852742343749998 0.97500555 0.26029684999999997 0.9761655921875001 0.26500056562499996 0.9748285093749999 0.2786111359375 0.9647449015625 0.3011420765625 0.951918425 0.31052246875 0.9372369421875 0.32243171875 0.9284137859375001 0.3290633859375 0.9183460296875001 0.329136675 0.9148553453125 0.3227711328125 0.8989530421874999 0.3121348609375 0.860441884375 0.30359339687500003 0.815224175 0.2900212609375 0.77029713125 0.2895004046875 0.7552192765625 0.29520991093750004 0.6960071234375 0.2995799078125 0.6906217984375 0.31273045625 0.69247680625 0.35188894375 0.7120045687500001 0.38582961718750003 0.7207933875 0.392394753125 0.7172181453124999 0.39375 0.710654321875 0.39375 0.703439565625 0.387303246875 0.6904923421875 0.3861419953125 0.679325325 0.3907318671875 0.663467946875 0.3927861203125 0.6387504140625 0.39163732812499996 0.5970762374999999 0.388934853125 0.5861919609374999 0.3705124203125 0.54958336875 0.36071719999999996 0.5241946484375 0.3493942765625 0.505092328125 0.35663930312500003 0.47910641875 0.354824134375 0.46584657343749997 0.3490459796875 0.45852960937500004 0.3360690484375 0.46170055468750004 0.321857575 0.4571951625 0.2768814359375 0.448850275 0.2593541328125 0.44937875937499994 0.1921469734375 0.44289943750000005 0.1402122125 0.44357589375 0.1213105421875 0.4464112421875 0.0835602171875 0.43958576718750003 0.08279168125 0.4390625 0.0428485078125 0.4390625
9 0.3888520953125 0.6570820218750001 0.39496396875 0.668447228125 0.39726619375 0.6817757796875 0.390394378125 0.6933100953125 0.39575876875 0.697067671875 0.39099528125 0.7078990968750001 0.382815634375 0.7152477640624999 0.37486261718749997 0.7151262078125 0.3649478515625 0.7087261781249999 0.3457057046875 0.7045114546875 0.31922423125 0.69277365625 0.309403034375 0.6918884328124999 0.2896941078125 0.69661049375 0.286525915625 0.7311738203125 0.2867671265625 0.766218071875 0.29746993125 0.7982367140625 0.309381303125 0.8624351906250001 0.31388542343750003 0.8805756515625 0.315518284375 0.8828125 0.3310383703125 0.8828125 0.38797115625 0.8785224843750001 0.43827112812499996 0.872613965625 0.4726470546875 0.8665723312499999 0.5140625 0.6136529187499999 0.5140625 0.606166940625 0.5106278343749999 0.6072400531250001 0.46933504375 0.6129186796875 0.392527621875 0.6315928937499999 0.3888520953125 0.6570820218750001
5 0.34548193125000004 0.6282566375 0.335160159375 0.6212990484375001 0.3100857828125 0.585752721875 0.29846969375 0.5806131421874999 0.2882212125 0.5701648671874999 0.2773323328125 0.563627428125 0.2691989390625 0.5554780906250001 0.25449365 0.5479021640624999 0.2505239 0.5508432171875001 0.24997031249999999 0.557267028125 0.2554215109375 0.5635375765624999 0.2582773234375 0.570442315625 0.272102065625 0.5833956390624999 0.28196381718749997 0.6022918453124999 0.294729759375 0.6856164171875 0.29693165781249997 0.69042833125 0.3119503859375 0.6930470078125 0.3250276453125 0.6983927015625 0.33583647499999997 0.7054189953125001 0.37360031875 0.7182481296875001 0.3761664203125 0.71875 0.38797065000000003 0.71875 0.390625 0.707215115625 0.390625 0.7024231343749999 0.37773586406250004 0.6808203828125 0.37323174375 0.6626799218749999 0.3603675984375 0.6438603453124999 0.34548193125000004 0.6282566375
2 1 1 1 0.9278638781249999 0.9217619859375 0.937628596875 0.8603461546875 0.939057775 0.8493321515625001 0.9383149734374999 0.8371742328125 0.9326032671875 0.811850575 0.9037189828125001 0.8039685671875001 0.8904144921875 0.7947048421874999 0.8811385734375001 0.7906957875 0.8807323140625 0.7804135578125 0.8879653171874999 0.7783528375 0.9029998359375 0.774576240625 0.9105810015625 0.7226604359375 0.9637425390625001 0.7238043546874999 0.9687114421875 0.7361511453125 0.980912928125 0.7407031015625 0.9828052125 0.7975960328125 0.9804821796875001 0.8277293203125 0.9857755874999998 0.9106738374999999 0.985843634375 0.9222016843749999 0.9870740328124998 0.9368271281249999 0.9917292124999999 0.9663158109375001 0.9920421000000001 0.9798455984375 1 1 1
0 0.7883657203125 0.7024799984375 0.7724312046875 0.7043494578124999 0.7308572453125001 0.7008209375 0.7123772203125001 0.7182357500000001 0.6767499625 0.7645240640625 0.6612513046874999 0.7813699484375001 0.6623952203125001 0.7863388515625 0.6784842109375 0.80694564375 0.7004197 0.8224208640625001 0.7105367703125001 0.826681403125 0.7246047828125001 0.829351346875 0.7402627359375 0.8296875 0.7606766421875 0.8296875 0.770042509375 0.8282939890625001 0.775331584375 0.821177178125 0.78758201875 0.8128992671875 0.7947811796875 0.802740696875 0.7989699203124999 0.7921526265625 0.803125 0.731499378125 0.803125 0.7117338999999999 0.8030056921875 0.707634390625 0.8004364687500001 0.7051964171874999 0.7919481015625001 0.7053939453125 0.7883657203125 0.7024799984375