5 0.1078125 0.20703125 0.1 0.2013020828125 0.10052083281249999 0.1966145828125 0.0802083328125 0.1950520828125 0.06875 0.20234375 0.0640625 0.21276041562499998 0.0640625 0.23515625 0.071875 0.253385415625 0.074739584375 0.25625 0.1008118875 0.25625 0.1145833328125 0.2481770828125 0.11875 0.24348958281250002 0.1223958328125 0.23515625 0.1234375 0.21796875 0.1125 0.214322915625 0.1078125 0.20703125
1 0.6010697234375 0 0.599197615625 0.0324808421875 0.6036467859375 0.061920934375 0.6176294421875 0.09867424531249999 0.63790305 0.133809075 0.6675734828125 0.172355634375 0.7055257375 0.2103613171875 0.74426843125 0.24305356718749999 0.779313584375 0.2677639234375 0.85166185625 0.3119478828125 0.9228780359375002 0.35169154687500004 0.9794298203124999 0.3770387953125 1 0.3804074171875 1 0.04233013125 0.9755256875 0.014660200000000002 0.9650642265624999 0 0.6010697234375 0
1 0.5845302765625 0.152734653125 0.5744620609375 0.1440953765625 0.5768458359374999 0.2586164734375 0.5827237078125 0.26379152031249997 0.5912182749999999 0.2739712234375 0.6392525875 0.3234375 0.652472471875 0.3234375 0.6588513140625001 0.322939021875 0.6640625 0.3186291625 0.6640625 0.31764549531249997 0.651161678125 0.2892730078125 0.64249628125 0.274216440625 0.637907353125 0.25937286249999997 0.624093965625 0.2367454140625 0.5886886125 0.1513482953125 0.5845302765625 0.152734653125
9 0.7671875 0.2580466796875 0.7756249015625001 0.301279815625 0.8016876468749998 0.3881781765625 0.8079493953124999 0.403125 0.8173905078124999 0.403125 0.834375 0.40042778281249997 0.834375 0.39826877031249996 0.8146457921875001 0.3200086625 0.8014236328125002 0.281069740625 0.769244540625 0.258525846875 0.8000259890624999 0.280996715625 0.7671875 0.25776477343750004 0.7671875 0.2580466796875
2 0.13262270625 0.6816884546875001 0.132388815625 0.695724996875 0.1178774578125 0.6958095921874999 0.08579781875 0.6874752484375 0.0836934828125 0.6990164109375 0.085511478125 0.7025146078125 0.102736715625 0.7079280109375 0.104371140625 0.714936071875 0.116275640625 0.7168716984375 0.1225184890625 0.7218478687500001 0.1216793078125 0.737892965625 0.1138870921875 0.7529760828125001 0.0996160109375 0.7675957125 0.08468506406250001 0.77570285625 0.060930637499999996 0.78035264375 0.0515625 0.7897936859375 0.0515625 0.790035025 0.0567198390625 0.7939111125 0.06757110625 0.7968553937499999 0.0732611125 0.8028373 0.078265028125 0.8028081281249999 0.078688875 0.813833296875 0.0915438375 0.8262897671874999 0.1529431703125 0.8670348515625002 0.17496465625 0.8859542171874999 0.182498884375 0.894932909375 0.18483345 0.8953125 0.18871191874999999 0.8953125 0.19468972499999998 0.8818291734375 0.205320559375 0.8411654343749999 0.21429712968749998 0.82256661875 0.2200572984375 0.7889488609375 0.2347678109375 0.737233696875 0.2359375 0.7272057359375 0.2359375 0.721078540625 0.227045759375 0.7127171515625 0.17197220156249998 0.6944917265624999 0.166887484375 0.686501265625 0.16050713125 0.655460565625 0.156608896875 0.6534782671875 0.13262270625 0.6816884546875001
5 0 0.5890625 0 0.684837109375 0.016300379687499998 0.6816258921875 0.031233454687500002 0.6830426078125 0.0349743453125 0.6880333640625 0.043428553125000005 0.6889865921875 0.0574636140625 0.67887964375 0.0695254609375 0.6778068140625 0.089884171875 0.68069566875 0.1118248578125 0.6915954015625 0.119392046875 0.69375 0.12378049375 0.69375 0.1283377796875 0.6914991374999999 0.1312331046875 0.6839634125 0.156877815625 0.65273601875 0.16327375156249999 0.6356560140624999 0.1671875 0.6073496890625 0.1671875 0.5890625 0 0.5890625
4 0 0.8624246953125001 0.004305040625 0.8656602250000001 0.0215040546875 0.8715750374999999 0.0291148265625 0.8695256453125 0.037909953125 0.8639605515625 0.0494692796875 0.8533667812499999 0.0727693796875 0.819145515625 0.077375675 0.8075897640624999 0.077242425 0.8005729531250001 0.0727629984375 0.7905739390625 0.06467593125 0.7826009828125 0.06119941250000001 0.7821199921875 0.05353619375 0.7851722046875 0.027098365625 0.802870303125 0.0125366875 0.813481575 0 0.8250959671875 0 0.8624246953125001
1 0.2064989109375 0.5890625 0.204321478125 0.5921935640625 0.18052009687499998 0.5929588890625 0.1676825015625 0.5992994328125001 0.16597525468750002 0.619986209375 0.233727465625 0.627736653125 0.23882174374999998 0.5901127265625 0.238789315625 0.5890625 0.2064989109375 0.5890625
1 0 0.7285501640625001 0.01301650625 0.72300889375 0.023780950000000002 0.7204398578125 0.023420364062499997 0.7273342359375 0.0375744984375 0.7197328765625001 0.0525534671875 0.7202721249999999 0.0698704890625 0.7239305953125 0.084715675 0.7150720671874999 0.08405208593749999 0.6918928281250001 0.0790127296875 0.6806439375 0.057778867187500006 0.680141153125 0.0447118078125 0.6908690281250001 0.037896984375 0.6896556140625 0.031409965625 0.6821745874999999 0.0102115421875 0.6929498640625 0 0.697466884375 0 0.7285501640625001
1 1 0.5890625 0.6132607796875 0.5890625 0.609288175 0.6044260875 0.600498171875 0.6821455375000001 0.5987128390625001 0.7274703609375 0.590625 0.7957826499999999 0.590625 0.800188121875 0.593760825 0.8082910109375 0.5998135812500001 0.81273334375 0.63182070625 0.8245657328125 0.6429170328125 0.8265625 0.651357021875 0.8265625 0.6752027843749999 0.8208603109375 0.7085739890625 0.8217507 0.7700798046874999 0.7898302828125 0.8060417765625001 0.76020501875 0.8843821265624999 0.7013983015624999 0.9466604828125 0.6589548203125 0.9838507812499999 0.6259656546875 1 0.6152943 1 0.5890625
7 0.3653396890625 0.5890625 0.36001015000000003 0.5958830859375001 0.3461333 0.6206747296875 0.34097811718750004 0.64219925 0.3347756140625 0.6569835328125 0.3245837359375 0.6716834828125 0.3171669015625 0.6781831484375 0.309375 0.68781999375 0.309375 0.9229563828125 0.315764828125 0.9140265218750001 0.325547809375 0.9058511250000001 0.3332221546875 0.8958437703125 0.34355142031249997 0.8897754750000001 0.3484803484375 0.8808811234375 0.35342490312499997 0.8765480125 0.3960328015625 0.867155903125 0.420407565625 0.8540501031249998 0.4339520265625 0.8423794609374999 0.458173771875 0.8160807703125 0.4790445640625 0.8029625265625 0.49868539843750004 0.7769984265625001 0.543289259375 0.7050900828125 0.56690220625 0.658439325 0.5879836265625 0.6281296734375 0.595202190625 0.6109631453125 0.6057733421875 0.5968259234375 0.6095082046875 0.5890625 0.3653396890625 0.5890625