0 0.2390625 0.20195147656249998 0.2230788734375 0.20878344062499998 0.2145466953125 0.2185327015625 0.1873913859375 0.236394278125 0.17283645 0.25083086718750003 0.162402228125 0.2561698234375 0.1578653703125 0.2608052078125 0.154920209375 0.27185143125 0.15770078125 0.28568203125 0.14947895 0.29343075937499996 0.143020453125 0.304102375 0.139454596875 0.319149665625 0.13997653906250002 0.3300746921875 0.1435956765625 0.3369120796875 0.149271215625 0.3390625 0.199454834375 0.3390625 0.2003373296875 0.3379131265625 0.20996590468749998 0.3345920171875 0.2345193203125 0.3208007609375 0.2390625 0.31651900781250003 0.2390625 0.20195147656249998
0 0.2390625 0.07512628437499999 0.20581489999999997 0.0864632671875 0.17313840625000002 0.09307715625 0.1616344265625 0.1029303 0.142918815625 0.11005100781249999 0.1308403828125 0.12440102500000001 0.1253395640625 0.14001337656249999 0.1241843765625 0.164924828125 0.1324532125 0.1949784875 0.1377894421875 0.20424295781250001 0.153137471875 0.21962393125 0.164218725 0.2203125 0.1825610515625 0.2203125 0.18992840312499998 0.21983011874999997 0.219448140625 0.21133689531250002 0.2390625 0.20235858437499998 0.2390625 0.07512628437499999
0 0 0.226712846875 0.0071206140625 0.2334010109375 0.0164521640625 0.23755160625 0.0396058796875 0.24072160937499998 0.061157474999999996 0.253125 0.0646506921875 0.253125 0.065077784375 0.25276415937499996 0.038152128125000004 0.1984916078125 0.0271756 0.16604549375 0.0206638171875 0.1548324296875 0.0182335546875 0.155414803125 0.009206078125 0.165181378125 0 0.1809392796875 0 0.226712846875
0 0.130591759375 0.18382160625 0.1284585234375 0.1769322765625 0.1268464625 0.14366139375 0.1327963375 0.1275359234375 0.1451388828125 0.11068956562500001 0.1376498203125 0.1049823 0.125841775 0.1009182734375 0.10784560781250001 0.08911181875 0.0776385703125 0.0742502625 0.073346225 0.08683584062500001 0.053277153125 0.111413609375 0.044916606250000005 0.1176749234375 0.04178649375 0.126737928125 0.031768415625000004 0.136539128125 0.0258052171875 0.14719343125 0.030540348437499996 0.1500124328125 0.0307715390625 0.1524914625 0.025151606250000003 0.1561698625 0.024669625 0.1616583484375 0.0266641484375 0.167060259375 0.0309964546875 0.1708881921875 0.032185328125 0.1783079546875 0.058292018749999994 0.2291271859375 0.141516503125 0.275 0.150683840625 0.275 0.1546255390625 0.2710250625 0.184375 0.2204154328125 0.184375 0.21926224374999997 0.16035678125 0.2205851578125 0.15161300625000002 0.21740885781250002 0.14330497656250002 0.20824826875000002 0.130591759375 0.18382160625
0 0.2390625 0 0.08026319374999999 0 0.0945560390625 0.021406309374999998 0.097197896875 0.0337494953125 0.0957715515625 0.0397684125 0.11841741718750001 0.07479113750000001 0.128211346875 0.0838997828125 0.16553602812499998 0.0984375 0.16871352343749998 0.0984375 0.220119315625 0.0836715421875 0.23491876406249998 0.0771851515625 0.2390625 0.07323689531250001 0.2390625 0
0 0.1216147390625 0.07222169687499999 0.0962016234375 0.028839540625 0.0910503484375 0.021558290625 0.088573846875 0.021644859375 0.077512653125 0.0469025890625 0.07658865625 0.074293065625 0.08537866718750001 0.07796517187499999 0.11618680156250001 0.09927219375 0.1371817078125 0.1109375 0.15011941875 0.1109375 0.1589017390625 0.1097171484375 0.165422959375 0.1109375 0.175 0.1109375 0.175 0.10934003437499999 0.165948015625 0.10001983125 0.1437253390625 0.090848225 0.1216147390625 0.07222169687499999
0 0.2390625 0.3390625 0.4386887046875 0.3390625 0.442137896875 0.33467261875 0.4578125 0.288854546875 0.4578125 0.2820436546875 0.454538690625 0.2416666671875 0.4322172609375 0.20446428593750002 0.40865575312499997 0.19206349218750002 0.38137400781249997 0.1610615078125 0.342931546875 0.152380953125 0.2945684515625 0.164781746875 0.261086309375 0.187103175 0.2390625 0.21132936406249997 0.2390625 0.3390625
7 0.29493099218749996 0 0.29552331249999997 0.0025173609375 0.2595610109375 0.035999503125 0.24716021718749998 0.07196180468749999 0.2570808515625 0.11784474062500001 0.270721725 0.1624875984375 0.2733465609375 0.1640625 0.28496713281249997 0.1640625 0.29552331249999997 0.16124751875 0.3240451390625 0.15380704218750002 0.3587673609375 0.155047121875 0.376128471875 0.14636656718750002 0.393489584375 0.12156497968749999 0.3872891875 0.098003471875 0.3972098203125 0.076922121875 0.41085069531249996 0.06328125 0.400930059375 0.044680059375 0.4058903765625 0.019878471875 0.4184064515625 0 0.29493099218749996 0
0 0.537971228125 0 0.535230653125 0.0040054546875 0.52903025625 0.0151661703125 0.5463913671875 0.026326884374999998 0.5612723203125001 0.0486483125 0.560032240625 0.0846106140625 0.563752478125 0.083370534375 0.600954859375 0.1069320421875 0.6356770828125 0.12801339218750002 0.6458652218750001 0.1359375 0.647810371875 0.1359375 0.6803199390625 0.11065228125 0.7014012890625 0.07841021718749999 0.7078125 0.059176581250000006 0.7078125 0.055316840624999995 0.679079859375 0.033767359375 0.634437003125 0.0040054546875 0.6283110125 0 0.537971228125 0
2 0.71031923125 0 0.70731646875 0.021019346875 0.704836309375 0.0569816484375 0.6986359125 0.0904637890625 0.701116071875 0.1078249 0.7383184515625001 0.11774553437499999 0.7693204359375 0.14006696406250002 0.782961309375 0.1661086296875 0.7879216265625 0.20455109062500001 0.7718005953125 0.2256324421875 0.758159721875 0.23803323281250002 0.7556795640625 0.2392733125 0.782961309375 0.3062375984375 0.8000576125000001 0.3390625 0.84248511875 0.3390625 0.84248511875 0.3211185515625 0.857366071875 0.3037574421875 0.861086309375 0.27523561406249997 0.8722470234374999 0.2566344234375 0.8598462296874999 0.2157118046875 0.8685267859374999 0.179749503125 0.8772073406249999 0.1437872015625 0.8828125 0.11015624531249998 0.8828125 0.10593997968749999 0.8536458328125001 0.07434275781250001 0.8028025796874999 0.023499503125 0.7813765625 0 0.71031923125 0
1 0.66610863125 0.130233134375 0.63386656875 0.148834325 0.6078249015624999 0.1587549609375 0.59294395 0.1736359125 0.59294395 0.18231646875000002 0.6053447421875 0.21951885 0.6140252984375 0.24804067500000002 0.6140252984375 0.2815228171875 0.61278521875 0.307564484375 0.6165054578125 0.3088045640625 0.615265378125 0.3088045640625 0.641786540625 0.31875 0.6693328390625 0.31875 0.6698288703124999 0.3187251984375 0.7033110125 0.3063244046875 0.718191965625 0.286483134375 0.7318328375 0.2629216265625 0.7578745046875001 0.2343998015625 0.7801959328125 0.217038690625 0.784375 0.1911284734375 0.784375 0.1739316234375 0.7702752984375 0.14139385 0.734312996875 0.114112103125 0.6834697421875 0.11659226250000002 0.66610863125 0.130233134375
6 0.41811507968750006 0 0.40811011875 0.0166749328125 0.3994295640625 0.0427166 0.41059027812500004 0.06503802812500001 0.4378720234375 0.05883763125 0.4837549609374999 0.07123842500000001 0.5011160718750001 0.08983961562500001 0.5060763890625 0.1196015203125 0.494915675 0.13572255312499998 0.47755456406249996 0.151843584375 0.4440724203125 0.1543237421875 0.43291170625 0.176645171875 0.41059027812500004 0.1840856484375 0.43200954999999996 0.203125 0.43371362343750003 0.203125 0.4626736109375 0.1741650125 0.4986359125 0.16176421875 0.5271577375 0.155563821875 0.5457589281249999 0.12952215625000002 0.55691964375 0.1034804890625 0.5457589281249999 0.077438821875 0.5640625 0.06714306249999999 0.5640625 0.062348434375 0.554439484375 0.0377562828125 0.5345982140625 0.0216352515625 0.5147569453124999 0.0179150125 0.507380175 0 0.41811507968750006 0
7 0.57749889375 0.3390625 0.5890517828125 0.3326884921875 0.6113732109375001 0.30416666718749996 0.6125 0.2855746515625 0.6125 0.25140205625 0.608893053125 0.21984127031249998 0.584091465625 0.177678571875 0.559289878125 0.16279761875 0.522087496875 0.15411706249999998 0.465043846875 0.171478175 0.4390021796875 0.2 0.4382366984375 0.2030619234375 0.45388313281250003 0.23100198437500002 0.4600835296875 0.26944444375 0.45016289374999996 0.309126984375 0.45016289374999996 0.3264880953125 0.4704216578125 0.3390625 0.57749889375 0.3390625
7 0 1 0.188377296875 1 0.192208140625 0.9769518671874999 0.193508125 0.9209555828125 0.202370753125 0.9015848125 0.21055145 0.8682512124999999 0.21720404843750002 0.8192971124999999 0.21875 0.7932750656249999 0.21875 0.790432834375 0.21392520468749998 0.7692535171875 0.20710988437500003 0.7564761015625 0.19774281093749999 0.744152278125 0.1636522171875 0.7227101546875 0.15627252656249999 0.72116706875 0.14114572187500002 0.721952709375 0.120502053125 0.72800131875 0.10258062187500001 0.7370870453125 0.0921307359375 0.7467479015625 0.0862923765625 0.75539870625 0.07202421249999999 0.7894337421875 0.055171598437500004 0.8189797359375 0.0419527875 0.8631057890625 0.01421746875 0.8962991765625 0 0.9186191984375001 0 1
0 0 0.8014339828124999 0.01225099375 0.7985572734375 0.059330756250000005 0.778293228125 0.07618960625 0.764543096875 0.087328415625 0.7476225921874999 0.0875 0.7458144890625 0.0875 0.7366306734375 0.0851378515625 0.7284085109375 0.064737821875 0.6895922921875 0.009291225 0.5442383109375 0 0.5300061640625 0 0.8014339828124999
0 0.2390625 0.5418956765624999 0.20179991875 0.5341041109375 0.19693913125 0.5345684640625 0.18960536875 0.532541403125 0.18838527968750002 0.5312991234375 0.12731424375 0.5185292359375 0.12143664843749999 0.5212488765625001 0.10963537968749999 0.5345757984375 0.1028325265625 0.5533901078125 0.092957953125 0.6574450281249999 0.1011900546875 0.6764416484375 0.11257097499999999 0.688692984375 0.1342834578125 0.7031046406250001 0.1426144109375 0.699910834375 0.14655024375 0.7007338140625 0.158193503125 0.7155079046875 0.180614375 0.7330291640625 0.19831240156250002 0.74215918125 0.2183916984375 0.7473449 0.2390625 0.7502213125 0.2390625 0.5418956765624999