7 0.12122128593749999 0 0.1188871171875 0.0022209140625 0.075335271875 0.0836352421875 0.0799760765625 0.10041637031249999 0.10396410468749999 0.12103351874999999 0.1292445984375 0.1383254171875 0.1403477328125 0.1384802828125 0.1559546171875 0.15385416875 0.1918684125 0.16875 0.19664078125 0.16875 0.21542580937500003 0.16359908750000002 0.23128763281250003 0.1457666203125 0.273213953125 0.08193755781249999 0.2973006921875 0.0314556734375 0.3194288453125 0.0128190671875 0.3264793453125 0 0.12122128593749999 0
7 0.3290930453125 0.3395789296875 0.29014365937500003 0.365113240625 0.287695784375 0.373325853125 0.2631786984375 0.38279084218750004 0.24588734843750001 0.4023864546875 0.24719898749999997 0.4353917734375 0.26986833125 0.4640625 0.28228839375 0.4640625 0.44366204375 0.44335393281249996 0.44821083437500003 0.4332920203125 0.481168009375 0.4116860640625 0.4984375 0.39211522187500003 0.4984375 0.39184132968749996 0.4955811359375 0.35928616875 0.4670893609375 0.3234499984375 0.4432383921875 0.304394959375 0.3290930453125 0.3395789296875
0 0.2850269765625 0.23039191875 0.2674615109375 0.2468633140625 0.251129571875 0.2773936859375 0.25414485 0.311760078125 0.27029996562499997 0.33338239999999997 0.2669707984375 0.3496065921875 0.272813934375 0.3640625 0.27365776406250003 0.3640625 0.289177071875 0.3499163265625 0.3176496703125 0.349421921875 0.3567361171875 0.32544971875 0.4640625 0.1365184578125 0.4640625 0.133996840625 0.3834489765625 0.0882265796875 0.36621656874999997 0.090437959375 0.30081068593750004 0.1936131109375 0.2850269765625 0.23039191875
0 0.390625 0.26337332812500003 0.390625 0.2640848765625 0.40430975625 0.315625 0.4076595015625 0.315625 0.46243954687500005 0.2891147671875 0.478086196875 0.25077384999999996 0.5171875 0.21452578125000002 0.5171875 0.21275217343750003 0.5069316234375 0.18230463125000002 0.4697845890625 0.1381009828125 0.4622257921875 0.1422303734375 0.390625 0.26337332812500003
0 0.57031211875 0.0926681640625 0.5436802171874999 0.09608575 0.506004121875 0.08196423750000001 0.49360852031249997 0.08513462187500001 0.49074947187499995 0.088660909375 0.49129770468749995 0.0949093453125 0.5118195078125 0.1301885765625 0.523607934375 0.1381539859375 0.530833671875 0.1482846109375 0.5481194015625 0.159375 0.555200240625 0.159375 0.5586990968750001 0.158926003125 0.58008301875 0.149863084375 0.5979226015625 0.136515909375 0.6046875 0.126501740625 0.6046875 0.125194925 0.6001553000000001 0.10779484531250001 0.5899334578125 0.0996284015625 0.5786932625000001 0.0979114265625 0.57031211875 0.0926681640625
3 0.642651825 0 0.5798555765625 0.0419738234375 0.5144113421875 0.0724878328125 0.5071266624999999 0.0797414421875 0.5156448671875 0.0865468125 0.5376435875000001 0.09375 0.5579929156250001 0.09375 0.574704884375 0.09160540625 0.5855212843750001 0.09375 0.6072327265624999 0.09375 0.6191174234375 0.092224875 0.628242803125 0.0878944484375 0.6471007359375001 0.068097803125 0.6551296484375 0.051270509374999995 0.6578125 0.034279318749999996 0.6578125 0.0185907015625 0.6540561031250001 0 0.642651825 0
10 0.0761361765625 0.090763403125 0.044393353125 0.09009776875 0.126126915625 0.3355200828125 0.1453562546875 0.37412456562499996 0.209805415625 0.4671875 0.212926125 0.4671875 0.218220803125 0.46429500468749996 0.2163019875 0.4424254796875 0.249925278125 0.392299496875 0.2515625 0.3712385625 0.2515625 0.3624999390625 0.22202150468749998 0.3089969609375 0.15266295000000002 0.1504496375 0.09542445625 0.11198365625 0.0761361765625 0.090763403125
1 0.7 0.46875 0.8962322671875 0.46875 0.88500641875 0.40207629218749996 0.8797468515625001 0.3310033109375 0.8768969953125 0.326648403125 0.8677887906249999 0.3274930359375 0.8498333875 0.3513741890625 0.8145304343750001 0.34335661093750003 0.8046025859375 0.335918728125 0.7956306015625 0.3022901390625 0.76394046875 0.2330082703125 0.7384216828125 0.151129565625 0.726587246875 0.0967234640625 0.7186896125 0.0853579703125 0.7 0.0894102078125 0.7 0.46875
5 0.8543609234374999 0.334375 0.856732578125 0.334375 0.8640625 0.322668228125 0.8640625 0.3141784640625 0.8484755515625 0.3057705515625 0.8503443578125 0.303470959375 0.8458678109375001 0.298973615625 0.8376536546875 0.299075459375 0.8319539421875 0.2903656421875 0.8170710953124999 0.2890625 0.811572996875 0.2890625 0.8110553812500001 0.294283290625 0.8382374796875001 0.31801130624999996 0.8491463796875 0.332103690625 0.8543609234374999 0.334375
5 1 0.34952975 0.9905962265625 0.34902175 0.9368284515624999 0.33692416718749996 0.9042946484375 0.33407550625 0.8852585953125001 0.3274822578125 0.881191871875 0.32712617499999996 0.8806269375 0.3328242375 0.8817075859375001 0.363298634375 0.8858676125 0.3792633109375 0.90304745625 0.40457875625 0.949409490625 0.45 0.9562007031249999 0.45 0.9873995234375 0.4226386015625 1 0.40799044375 1 0.34952975
2 0.54637286875 0.599520903125 0.506996253125 0.58589979375 0.48861582031250006 0.584173765625 0.43523005000000003 0.5741988265625 0.39526469375 0.572745178125 0.3716085234375 0.5662881234375 0.33378762812499996 0.562494490625 0.27861735312499997 0.55077875 0.26198788125 0.5346950703125 0.2153375015625 0.500544075 0.1992769375 0.48487687187499995 0.1922746453125 0.49148035468750007 0.179028084375 0.5221849953125 0.1524373390625 0.5956868375 0.13553328125 0.654124034375 0.1202200421875 0.6876600328125 0.11277388125000001 0.7391192546875001 0.100991546875 0.7504776078125 0.0856737375 0.7744528125000001 0.0678260828125 0.8237519921875001 0.0807837265625 0.9056054296875 0.0901822078125 0.90460673125 0.138963340625 0.9077353531250001 0.18027089375 0.9049584156249999 0.2114982640625 0.905228465625 0.22974753125 0.9029486062500001 0.246474625 0.9069397218749999 0.263226121875 0.907907696875 0.3118760875 0.9070304281249999 0.362101609375 0.9033966984374999 0.38896226875 0.907855346875 0.4264765890625 0.9192442812500001 0.451815075 0.9299739031249998 0.46614281718750006 0.93125 0.48535776718749996 0.93125 0.5499660828125 0.924063684375 0.56753968125 0.9143383187499999 0.57472195 0.9056944421875001 0.5788263265625 0.8934940671875001 0.5951965828125 0.799911728125 0.60010935 0.748335625 0.625 0.6493770796875 0.625 0.640766415625 0.6228794453125001 0.6316348734374999 0.602685528125 0.621630390625 0.5781249015625 0.6158145046875 0.54637286875 0.599520903125
2 0.2358691484375 0.46875 0.2554380671875 0.507349871875 0.285161540625 0.5521340796875001 0.332240521875 0.56357406875 0.3569277421875 0.5638350484375 0.3759548703125 0.566468925 0.4059712078125 0.5749754453125 0.4461943296875 0.574880071875 0.49368664375 0.5857537921875 0.5071802734374999 0.5852056609374999 0.509375 0.583194715625 0.509375 0.5752884015624999 0.5055132234374999 0.5587883609375 0.480156459375 0.5098155515625 0.4638744828125 0.46875 0.2358691484375 0.46875
2 0.45921325468749996 0.46875 0.4593527296875 0.469131190625 0.4728600671875 0.497265446875 0.481169453125 0.52116005 0.505646165625 0.5677508875 0.50340408125 0.5821834359375 0.5199267921875 0.5912380890625 0.5426785046875 0.5983363125000001 0.5583745437500001 0.60852350625 0.5784128890625 0.6175452421875 0.5847730578125 0.6195947078125 0.59425993125 0.6191543875 0.6038779703125 0.622719959375 0.6186161718750001 0.630033809375 0.6222629734375 0.634006784375 0.6157167015625 0.6752640375000001 0.5981812140625 0.71064865 0.59599708125 0.738156509375 0.5969305125 0.7440529953125 0.6002068421875 0.7453125 0.6008633890625 0.7453125 0.6163374312500001 0.7300221484375 0.6340086515625 0.7082042203125 0.6786153046875001 0.6309483953124999 0.6833862093749999 0.6070719328124999 0.6880594953125 0.5952880328125 0.688877025 0.5750338984375001 0.7 0.5589831671875001 0.7 0.53237885625 0.6987833609375 0.53276098125 0.6829698625 0.5472502875 0.6802320890625 0.5521969390625 0.6770520046875 0.55117220625 0.683480821875 0.5345914546875 0.6974030499999999 0.5113323171874999 0.697865196875 0.5047197640625 0.6781624015625 0.49464038125 0.643857140625 0.4908138359375 0.6146430671875 0.4841979109375 0.5680796109374999 0.46965988281250004 0.5638429687500001 0.46875 0.45921325468749996 0.46875