6 0.7173487109375001 0.20505952343749997 0.7049479171875 0.22490079375 0.6851066484375 0.22614087343749997 0.6640252984374999 0.206299603125 0.61318204375 0.23978174531250002 0.6206225203125 0.2521825390625 0.6007812515625 0.263343253125 0.64240223125 0.2859375 0.6467633906250001 0.2859375 0.6739459328125 0.275744046875 0.7136284734375 0.284424603125 0.728509425 0.2645833328125 0.7582713296875 0.2484623015625 0.8041542671874999 0.23854166562499998 0.8326760921874999 0.1963789671875 0.8611979171874999 0.17901785625 0.8765625 0.15048363125 0.8765625 0.140386903125 0.87235863125 0.1269345234375 0.8401165687500001 0.12569444375 0.8103546640625 0.1207341265625 0.7855530765625 0.1207341265625 0.68758680625 0.1889384921875 0.7173487109375001 0.20505952343749997
5 0.5709335859375 0 0.5661458328125001 0.0038194437499999997 0.53018353125 0.034821428125 0.6963541671875 0.1885912703125 0.6913938484375 0.1799107140625 0.9121279765625001 0.031101190625000004 0.8870396828124999 0 0.5709335859375 0
5 0.2890625 0.13192918125 0.3131696421875 0.1551091265625 0.3367311515625 0.150148809375 0.3317708328125 0.178670634375 0.3441716265625 0.1935515875 0.34541170625 0.1885912703125 0.3466517859375 0.1923115078125 0.34541170625 0.1923115078125 0.348815328125 0.1934460484375 0.360292659375 0.1613095234375 0.3999751984375 0.11418650781249999 0.376413690625 0.090625 0.3069692453125 0.02118055625 0.2890625 0.027575821875 0.2890625 0.13192918125
5 0.4440228171875 0.509375 0.4185763890625 0.48125 0.3974950390625 0.44156746093750004 0.4111359125 0.4018849203125 0.417336309375 0.3770833328125 0.3912946421875 0.3696428578125 0.3689732140625 0.3522817453125 0.38013392812499996 0.3237599203125 0.37021329375 0.30763888906250003 0.3528521828125 0.3498015875 0.34169146875 0.343601190625 0.34169146875 0.3572420640625 0.3528521828125 0.36468253906250003 0.355332340625 0.3783234125 0.34913194375 0.4043650796875 0.3441716265625 0.46264880937499997 0.3441716265625 0.509375 0.4440228171875 0.509375
5 0.5302439859375 0.509375 0.5153025796875 0.48125 0.49794146875 0.4279265875 0.47313988125 0.3448412703125 0.454538690625 0.2853174609375 0.40865575468749993 0.2915178578125 0.376413690625 0.30763888906250003 0.3751736109375 0.30887896875 0.3788938484375 0.3262400796875 0.3689732140625 0.3485615078125 0.376413690625 0.3522817453125 0.417336309375 0.38080357187499997 0.40493551562499996 0.40808531718749996 0.401215278125 0.44032738125000004 0.4111359125 0.46264880937499997 0.43345734062499996 0.49737103125 0.44798846093750005 0.509375 0.5302439859375 0.509375
5 0.3179850875 0 0.3280505953125 0.0373015875 0.3330109125 0.041021825 0.34913194375 0.060863095312500004 0.37393353124999995 0.093105159375 0.386334325 0.04970238125 0.3582416765625 0 0.3179850875 0
5 0.725908978125 0.509375 0.726116071875 0.5010912703125 0.7124751984375 0.43660714218749996 0.688913690625 0.3708829359375 0.6913938484375 0.3138392859375 0.5934275796875 0.30267857187499997 0.5959077374999999 0.2716765875 0.5537450390625 0.26299603125000004 0.5537450390625 0.2915178578125 0.49232878593749996 0.27432130625 0.5066220234375 0.3386408734375 0.5215029765625 0.39444444375 0.5401041671875 0.452728175 0.5578063 0.509375 0.725908978125 0.509375
5 0.9503440218750001 0.509375 0.9493303578125001 0.446527778125 0.935689484375 0.425446428125 0.92080853125 0.40808531718749996 0.9319692453125 0.32748015937499997 0.9418898812500001 0.31259920625 0.9307291671875 0.2580357140625 0.9046875 0.166269840625 0.8650049609374999 0.17743055624999998 0.8340029765625001 0.1935515875 0.807961309375 0.22331349218750002 0.804241071875 0.240674603125 0.770758928125 0.240674603125 0.7347966265625 0.261755953125 0.713715278125 0.28159722187499997 0.6901537703125 0.2791170640625 0.672792659375 0.2716765875 0.6467509921875 0.28779761875 0.6318700390625 0.2791170640625 0.6095486109375 0.2716765875 0.60458829375 0.27291666718749996 0.5909474203125 0.2704365078125 0.5934275796875 0.2989583328125 0.6938740078125 0.315079365625 0.6901537703125 0.3671626984375 0.7149553578125001 0.4390873015625 0.7211557546875 0.4576884921875 0.725523628125 0.509375 0.7515823421875 0.509375 0.7682787703125 0.4700892859375 0.78936011875 0.4824900796875 0.812171565625 0.509375 0.9503440218750001 0.509375
5 0.34541170625 0.509375 0.34541170625 0.46016865156250003 0.35037202343749996 0.3981646828125 0.35905257968750004 0.374603175 0.34789186562499996 0.3522817453125 0.34913194375 0.3522817453125 0.3441716265625 0.3514550265625 0.3441716265625 0.35352182499999996 0.3441716265625 0.3547619046875 0.3317708328125 0.33740079375 0.2970486109375 0.368402778125 0.3007688484375 0.4142857140625 0.32061011875 0.41924603125 0.2890625 0.4706235828125 0.2890625 0.504506571875 0.2930221546875 0.509375 0.34541170625 0.509375
5 0 1 0.107502003125 1 0.11796875 0.9752604156250001 0.1296875 0.9691462859375001 0.1296875 0.9645833187499999 0.129427084375 0.96015625 0.12630208437499998 0.9528645828125001 0.1049479171875 0.9190104156250001 0.10234375 0.9028645828125 0.08046875 0.88828125 0.070052084375 0.8861979156249999 0.06328125 0.889322915625 0.05338541718749999 0.88984375 0.00859375 0.88671875 0.0018229171874999998 0.88828125 0 0.890347221875 0 1
5 0.1052083328125 0.9255208328125001 0.1130208328125 0.9338541671874999 0.11875 0.9359375 0.12291666718750001 0.9296875 0.1307291671875 0.9276041671874999 0.1385416671875 0.9322916671874999 0.1427083328125 0.94375 0.1463541671875 0.9479166671874999 0.14895833281249998 0.9484375 0.15572916718750002 0.94375 0.18802083281249998 0.9026041671874999 0.18802083281249998 0.8979166671875 0.18125 0.8848958328125001 0.1744791671875 0.88125 0.15625 0.859375 0.15 0.8557291671874999 0.1390625 0.8515625 0.1328125 0.846875 0.11875 0.8442708328125 0.09375 0.834375 0.059375 0.8307291671874999 0.05208333281250001 0.825 0.0479166671875 0.8125 0.0453125 0.8098958328125001 0.040625 0.809375 0.0348958328125 0.8130208328125 0.0322916671875 0.8177083328125001 0.025 0.8203125 0.021354167187500002 0.8239583328125001 0.0151041671875 0.8359375 0.0151041671875 0.8479166671874999 0.0317708328125 0.8572916671874999 0.05625 0.8614583328125001 0.0682291671875 0.8697916671874999 0.0744791671875 0.8786458328125001 0.0953125 0.8979166671875 0.10052083281249999 0.9078125 0.1052083328125 0.9255208328125001
8 0.342249503125 0.8461309515625001 0.3372891859375 0.84365079375 0.3484499 0.8982142859375 0.37325148750000003 0.9242559515625001 0.404253471875 0.9403769843750001 0.4426959328125 0.9403769843750001 0.46873760000000003 0.927976190625 0.49229910781249997 0.9106150796874999 0.5133804546875 0.882093253125 0.515625 0.8476768859374999 0.515625 0.822590115625 0.4947792640625 0.787847221875 0.44889632968750004 0.763045634375 0.395572915625 0.771726190625 0.36085069375 0.7928075390625 0.3397693453125 0.841170634375 0.342249503125 0.8461309515625001
2 0.2890625 1 0.410987103125 1 0.410987103125 0.9750248015625 0.40850694374999996 0.9465029765625002 0.373784721875 0.9254216265625 0.348983134375 0.9055803578124999 0.3403025796875 0.8708581343749999 0.341542659375 0.838616071875 0.3390625 0.8410962296875001 0.3093005953125 0.8348958328125 0.2890625 0.8296489203125 0.2890625 1
2 0.2890625 0.509375 0.2890625 0.798883928125 0.295659721875 0.7964533734374999 0.345262896875 0.7840525796875 0.3502232140625 0.7840525796875 0.33162202343749997 0.7555307546875 0.316741071875 0.7220486109375 0.295659721875 0.71336805625 0.308060515625 0.6972470234375 0.332862103125 0.6699652781250001 0.348983134375 0.63896329375 0.35890377031250004 0.6067212296875 0.3812251984375 0.567038690625 0.40726686562500003 0.5223958328125 0.41313900624999994 0.509375 0.2890625 0.509375
2 0.41210317500000004 0.509375 0.3998263890625 0.529836309375 0.3750248015625 0.5868799609375001 0.35146329375 0.6278025796875 0.3427827375 0.6600446421875 0.295659721875 0.7084077375 0.31302083281250004 0.72080853125 0.332862103125 0.7567708328125 0.35633709375 0.7791787796875 0.3973462296875 0.7381696421875 0.4419890875 0.698487103125 0.45811011874999996 0.6600446421875 0.48043154687499995 0.616641865625 0.49159226250000004 0.6402033734375 0.517633928125 0.6265625 0.5188740078125 0.6030009921875 0.530034721875 0.604241071875 0.53251488125 0.5657986109375 0.517633928125 0.5347966265624999 0.508520515625 0.509375 0.41210317500000004 0.509375
8 0.52604875 0.509375 0.5238343249999999 0.5099950390625 0.5213541671874999 0.533556546875 0.54707695625 0.548756378125 0.53251488125 0.5633184531250001 0.5225942453125001 0.598040675 0.551116071875 0.6228422625000001 0.58211805625 0.5868799609375001 0.583358134375 0.624082340625 0.616840278125 0.648883928125 0.6404017859375 0.6340029765625 0.6267609125 0.6662450390625001 0.6751240078125 0.6873263890625 0.6776041671874999 0.6724454359375 0.7024057546875 0.6712053578124999 0.7048859125 0.7009672625000001 0.74580853125 0.72080853125 0.7941716265625 0.68856646875 0.82021329375 0.7034474203125 0.8375744046874999 0.6687251984375 0.8189732140625001 0.6402033734375 0.8152529765625001 0.579439484375 0.792931546875 0.5744791671875 0.7830109125 0.5496775796875 0.7743303578125 0.5186755953125 0.7489650984375 0.509375 0.724830521875 0.509375 0.7160466265625 0.5124751984375 0.6958953359375 0.509375 0.52604875 0.509375
7 0.5656512609375 1 0.551116071875 0.9725446421874999 0.53251488125 0.9341021828125001 0.5188740078125 0.9055803578124999 0.50399305625 0.8931795640625 0.47919146875 0.924181546875 0.4494295640625 0.9353422625000001 0.4171875 0.941542659375 0.410987103125 0.94774305625 0.410987103125 0.9998263890625001 0.411001984375 1 0.5656512609375 1
8 0.681510734375 1 0.6825644843750001 0.9589037703125001 0.68876488125 0.9155009921874999 0.66024305625 0.87705853125 0.6056795640624999 0.867137896875 0.5783978171874999 0.8882192453125001 0.5709573406249999 0.9279017859375 0.5622767859375 0.9812251984374999 0.570942078125 1 0.681510734375 1
8 0.7061259921875 0.9117807546875 0.7371279765625001 0.9440228171874999 0.776810515625 0.957663690625 0.8226934531250001 0.9502232140625001 0.8784970234374999 0.910540675 0.8896577375 0.829935515625 0.851215278125 0.79521329375 0.8040922625 0.7815724203125 0.748288690625 0.785292659375 0.7123263890625 0.8088541671874999 0.7121713796875 0.80869915625 0.7024057546875 0.8336557546875 0.6912450390625 0.8646577375 0.7061259921875 0.9117807546875
1 0.8565062828125001 1 0.842534721875 0.9874255953125001 0.814012896875 0.95518353125 0.7718501984375 0.95518353125 0.73836805625 0.941542659375 0.719766865625 0.92294146875 0.6974454359375 0.9043402781250001 0.6962053578125 0.9043402781250001 0.6838045640624999 0.9093005953125001 0.6838045640624999 0.9589037703125001 0.686284721875 0.998586309375 0.6866463640625 1 0.8565062828125001 1
4 0.7024057546875 0.7183283734374999 0.673883928125 0.6972470234375 0.66396329375 0.7084077375 0.661483134375 0.6798859125 0.645362103125 0.689806546875 0.657762896875 0.727008928125 0.636681546875 0.7084077375 0.6304811515625 0.6774057546875 0.6056795640624999 0.6501240078125 0.5969990078125 0.6662450390625001 0.5721974203125 0.682366071875 0.579637896875 0.7034474203125 0.5907986109375 0.71708829375 0.6044394843750001 0.702207340625 0.5969990078125 0.7431299609375 0.5709573406249999 0.7158482140625 0.5597966265625001 0.727008928125 0.542435515625 0.71708829375 0.554836309375 0.7009672625000001 0.53623511875 0.66376488125 0.5225942453125001 0.6786458328125 0.50771329375 0.6910466265624999 0.5089533734374999 0.7307291671874999 0.5201140875 0.7183283734374999 0.5337549609375 0.7034474203125 0.5312748015625 0.7381696421875 0.5163938484375 0.7555307546875 0.5101934531250001 0.760491071875 0.5064732140625 0.7927331343749999 0.5287946421875 0.7828125 0.5473958328125 0.7865327375 0.5312748015625 0.7976934531250001 0.5263144843750001 0.8125744046874999 0.5535962296875001 0.8348958328125 0.5523561515625 0.8286954359375001 0.5883184531250001 0.8336557546875 0.6193204359375001 0.8348958328125 0.6478422625 0.805133928125 0.6776041671874999 0.7828125 0.6776041671874999 0.754290675 0.6689236109375 0.751810515625 0.657762896875 0.7617311515624999 0.6441220234375 0.7617311515624999 0.6267609125 0.751810515625 0.6490823406249999 0.7456101187499999 0.66768353125 0.7307291671874999 0.6962053578125 0.7480902781250001 0.6962053578125 0.7294890875 0.7024057546875 0.7183283734374999