1 0.12123206093750001 0.3796875 0.12789278125 0.356416384375 0.16875 0.21804282968750002 0.16875 0.21415619531250002 0.155157253125 0.20710646875 0.14773515937499998 0.2171331359375 0.11075871562499999 0.2773363078125 0.057289403125000006 0.36913049375 0.049978978125000004 0.3796875 0.12123206093750001 0.3796875
1 0.1722562046875 0.3796875 0.1824601078125 0.335627625 0.20773817343749998 0.250600625 0.2328125 0.1869116703125 0.2328125 0.18163660937499998 0.17960412812499998 0.1754326546875 0.1757016640625 0.1924049375 0.14090429375 0.317376709375 0.1221159265625 0.3796875 0.1722562046875 0.3796875
1 0.218226875 0.3796875 0.2503726328125 0.27297466406250004 0.271875 0.19102594687500002 0.271875 0.185999296875 0.2355120671875 0.181759475 0.20901096875 0.25226081875 0.194318321875 0.294115946875 0.1860399046875 0.3283404484375 0.170764703125 0.3785061609375 0.1705610890625 0.3796875 0.218226875 0.3796875
1 0.3042467328125 0.3796875 0.307048490625 0.370369275 0.32197416093750003 0.3251899109375 0.338624278125 0.279373765625 0.349868028125 0.23879220625 0.36224773125 0.196793071875 0.27182265 0.1862497484375 0.2634415296875 0.2136337875 0.255920440625 0.2370545265625 0.23419026562499998 0.30741388281250004 0.22424565625 0.34144410937499997 0.2141845375 0.377136453125 0.21351146875000002 0.3796875 0.3042467328125 0.3796875
1 0.35170298906249997 0.3796875 0.361828471875 0.3438682703125 0.3848402734375 0.25522562656250003 0.40135829999999995 0.20114124531250002 0.3647687328125 0.196875 0.3618169203125 0.196875 0.3561536625 0.20915044218749998 0.346750871875 0.24743309687499998 0.33882199062499996 0.2766712484375 0.3163577171875 0.33353939375 0.3049391984375 0.376614128125 0.30398402343750003 0.3796875 0.35170298906249997 0.3796875
1 0.4623079375 0.3796875 0.4641330109375 0.3635819234375 0.480226234375 0.335295715625 0.48800006875 0.28190937968749996 0.496875 0.233085521875 0.496875 0.2125646890625 0.4517449625 0.20730264687500002 0.44099242656250004 0.262352515625 0.41979599843750004 0.3634394515625 0.4155191359375 0.3796875 0.4623079375 0.3796875
8 0 0.62919999375 0.01021505625 0.6328125 0.0232308484375 0.6328125 0.029012403125000003 0.6322838109375001 0.0458306234375 0.6140998468750001 0.0819539703125 0.5679027453125001 0.0863349578125 0.5565991968749999 0.0951090390625 0.5448041953125 0.1079455203125 0.535957940625 0.1224247015625 0.5202312703125 0.125 0.5120956453125001 0.125 0.5048198875 0.123221846875 0.495166884375 0.1183488453125 0.4853377140625 0.10754221093750001 0.47452562656249997 0.0826085859375 0.4553587453125 0.05547303906249999 0.4415979046875 0.0200540734375 0.43963207187500003 0.014839631249999999 0.443563740625 0.014350323437500001 0.46469645625 0.012194109375 0.471085415625 0.0057362140625 0.4799316703125 0.000818859375 0.49025229843750007 0.000111771875 0.4961498 0 0.49634536249999994 0 0.62919999375
2 0.40285541093750005 0.6367983546875 0.3819962890625 0.6313923109375 0.37825382812499997 0.6353239796875 0.3716037125 0.6716919109375 0.3670627546875 0.6795552453125 0.366300565625 0.7159231765625 0.35572651875 0.7734238234374999 0.353125 0.7797033046874999 0.353125 0.780229284375 0.3539167703125 0.7875 0.3570915171875 0.7875 0.363965584375 0.78177861875 0.3666810171875 0.7768640328125 0.39193187812499997 0.760645903125 0.4050761984375 0.74786798125 0.42314997343750005 0.73558151875 0.44481834375 0.7267352640625 0.4517897515625 0.7183804703125001 0.44908371562499994 0.6918417078125 0.45625 0.6790369265624999 0.45625 0.6638297171875001 0.443193084375 0.649576275 0.4351368390625 0.6451531515625 0.4149512015625 0.643678775 0.40285541093750005 0.6367983546875
8 0.098214565625 0.3796875 0.05331964375 0.434375 0.0560272984375 0.434375 0.0870768828125 0.4256316703125 0.1027038125 0.4241339734375 0.12217248437499999 0.4248828203125 0.159159821875 0.38444497499999997 0.16843584843749998 0.3796875 0.098214565625 0.3796875
6 0.16954736718750002 0.3796875 0.15954727500000002 0.38611193125 0.12024792656250001 0.4250520765625 0.1393521828125 0.4340382640625 0.14844231875 0.42055898437500006 0.1573180171875 0.43179171875 0.185346225 0.42654977499999996 0.2203125 0.4012011234375 0.2203125 0.3983708078125 0.20904357187499997 0.3796875 0.16954736718750002 0.3796875
6 0 0.8104729546874999 0.026232709375000003 0.8250206109375 0.073584796875 0.8467372296875 0.11182812499999999 0.8654584562500001 0.169617278125 0.8890625 0.1723617125 0.8890625 0.1860538 0.8864262281249999 0.2345849859375 0.8692027015625001 0.263108975 0.8557234171874999 0.29198118125 0.849732625 0.31210904687499996 0.8325090984374999 0.3478800453125 0.7980620453125 0.36976036093750003 0.738154125 0.3716334796875 0.68199045 0.375923071875 0.6295710203125 0.378125 0.590774425 0.378125 0.584174746875 0.3726660484375 0.543453384375 0.368561934375 0.5194902156250001 0.34959455156249997 0.48129891718749995 0.3263861828125 0.44834956249999997 0.301318484375 0.42363754374999996 0.25963297343749997 0.40791171562499995 0.2711789171875 0.450596109375 0.268347 0.47006618125 0.25621601250000003 0.4985224453125 0.24667561093749998 0.534467196875 0.23529208281249997 0.562923459375 0.2450276265625 0.5793981374999999 0.234493603125 0.5779004390625 0.2244819015625 0.5876354765625 0.2046164046875 0.6265756234375 0.163701475 0.6789950546875 0.11260073906250001 0.7374052750000001 0.0979301953125 0.7433960671875 0.0577068671875 0.746391465625 0.032901540624999996 0.7433960671875 0.005540450000000001 0.7336610312499999 0 0.73050874375 0 0.8104729546874999