7 0.2437314921875 0.1619325671875 0.114513465625 0.16315091875 0.1099242609375 0.1731933078125 0.106444590625 0.1914320578125 0.11339649062499998 0.201894934375 0.11635171250000001 0.21579142187499997 0.1143156125 0.22821518749999997 0.1242883359375 0.2390625 0.12670359375 0.2390625 0.20156695624999998 0.22763883749999997 0.2639191265625 0.22134389687499997 0.34651317656249997 0.20528347343750003 0.3693368796875 0.1987218765625 0.398348915625 0.2067673734375 0.3984375 0.20558757499999997 0.3984375 0.198158321875 0.37536965312500004 0.1828645015625 0.34371964374999997 0.172440590625 0.2990849625 0.16741118125 0.2437314921875 0.1619325671875
6 0.45 0.35 0.45 0.2586083671875 0.43752445156249997 0.2391977109375 0.42696735312499995 0.2198021109375 0.4183421046875 0.20857416093749997 0.4088083796875 0.1949074 0.3911089703125 0.183172815625 0.3891196703125 0.17336015 0.390782378125 0.150243784375 0.357354771875 0.1596462109375 0.355710146875 0.159703640625 0.3265558 0.1500160921875 0.2881836734375 0.135709365625 0.2541816171875 0.1286616359375 0.231214296875 0.1311106953125 0.2217199359375 0.1421478890625 0.237153465625 0.159726175 0.263582371875 0.1620973046875 0.307366015625 0.1663329203125 0.3512071078125 0.1722135546875 0.3704075296875 0.1797781703125 0.3921897859375 0.1905466703125 0.40081503124999995 0.2017746203125 0.3959960453125 0.205236946875 0.3677788984375 0.1988107140625 0.3449264734375 0.20454980156250002 0.31305732656249996 0.2114272765625 0.255017778125 0.223336190625 0.25868042343750003 0.23391393124999998 0.2633951609375 0.2510430171875 0.2650791546875 0.2756895390625 0.27155340781250004 0.296051225 0.2715821328125 0.2968737328125 0.2574123953125 0.3154857921875 0.25225938124999997 0.33295946875000004 0.23941832187499998 0.34246650624999997 0.2328685390625 0.343518740625 0.224435446875 0.35 0.45 0.35
5 0.134559959375 0.35 0.1351892234375 0.3429815375 0.1454771734375 0.3310931203125 0.1633382796875 0.32388130937500004 0.17615061406250002 0.3135517625 0.19670844062499998 0.3128338671875 0.21696095624999998 0.32694983125 0.221875 0.31967019375 0.221875 0.2727562796875 0.2131908578125 0.2661416765625 0.2032369359375 0.26401874375 0.2001380984375 0.24600971718750003 0.2102824375 0.23000876250000002 0.1224960078125 0.2388389078125 0.1157738921875 0.2349560953125 0.1121399703125 0.22520086250000002 0.1134112 0.2144508296875 0.10710927968749999 0.199024190625 0.10582740625 0.18589278125 0.11180273437499999 0.1683903875 0.1286979140625 0.15709475312500001 0.13507535937499998 0.1511074703125 0.1079964765625 0.15370010781250001 0.051037743749999996 0.17298287968749998 0.0206408875 0.17486787343750002 0.006977515625 0.184403628125 0.0010021875 0.2019060203125 0.0068839109374999995 0.2288764875 0.0533749171875 0.2634874625 0.0225291421875 0.276093775 0.018715446875 0.30834387812499997 0.0272832484375 0.3179268140625 0.047104926562499996 0.319705159375 0.061314028124999996 0.32579705312499996 0.068269221875 0.35 0.134559959375 0.35
5 0.22805218593749998 0.1605987890625 0.22401614687500002 0.1393284453125 0.21606960000000003 0.12395923906249999 0.209548540625 0.12583398125 0.1819446921875 0.11875 0.1812406953125 0.11875 0.17376888906250001 0.1386125875 0.167995 0.1609375 0.229640321875 0.1609375 0.22805218593749998 0.1605987890625
2 0.22355704843750002 0.35 0.23566305625 0.3370148109375 0.2196369953125 0.3260453 0.20293223125 0.3192170421875 0.1862561921875 0.3132112953125 0.1685674234375 0.32535815625 0.1378365375 0.341254496875 0.13814193749999998 0.35 0.22355704843750002 0.35
10 0.8805728921875 0.35 0.9111567843749999 0.1549147890625 0.921875 0.065647446875 0.921875 0.052560606249999996 0.9204583781250001 0.0470433359375 0.91783010625 0.0437054125 0.908879959375 0.0394109234375 0.8524248671875 0.03625911875 0.811193546875 0.0388411078125 0.7072335125 0.0368319890625 0.6122681125 0.033733653125 0.591453790625 0.029604150000000003 0.58824648125 0.032059090624999995 0.56143745625 0.07308626875 0.5409020531250001 0.1155527515625 0.5303301203124999 0.1521762125 0.51213346875 0.200877053125 0.503113171875 0.23185481718749998 0.45899238750000004 0.35 0.8805728921875 0.35
10 0.513995684375 0 0.5089839031250001 0.0054064375 0.507918565625 0.01112571875 0.5094332453125 0.0206656625 0.519222525 0.0412584359375 0.547606475 0.0881866859375 0.5524694578125 0.08892250625 0.5566011109375 0.08709747031250001 0.5739849859375 0.056405121875 0.5842379734375001 0.047665670312500005 0.582623021875 0.0341902359375 0.5848577359375 0.0315881328125 0.8127160390625001 0.038623232812500005 0.8725194359374999 0.0329709125 0.8734375 0.030622609375 0.8734375 0.01159083125 0.8689434265625 0 0.513995684375 0
10 1 0.35 1 0.0184751578125 0.9128766359375 0.031858753125 0.9121528359374999 0.0390998328125 0.9218825671875 0.045472440625 0.9215560906250001 0.0635545140625 0.8819221171875 0.35 1 0.35
10 0 0.6769801624999999 0.01202056875 0.661002296875 0.053669521875 0.623892609375 0.18618193125 0.5589014999999999 0.19375 0.5492516937499999 0.19375 0.537785475 0.193410634375 0.5336888249999999 0.1831857328125 0.5227328953125 0.14850339375 0.5089712703125 0.1404508875 0.479249809375 0.09644250625 0.465382834375 0.0899256234375 0.43170389687500005 0.0610486421875 0.420537278125 0.0575654875 0.40098516406249995 0.045505340625 0.39036985625 0.02853869375 0.388010115625 0 0.396912875 0 0.6769801624999999
10 0.1498807953125 0.35 0.14264071250000002 0.3686584859375 0.09365077187500001 0.40713063906249997 0.096309821875 0.4617241609375 0.15166683125 0.45512251406250004 0.1687832859375 0.45929068125 0.16095534375 0.4772696390625 0.140767634375 0.48101642343749995 0.14683508437499998 0.5092700703124999 0.1575563421875 0.5140625 0.15939036875 0.5140625 0.1818545734375 0.5046067796875 0.1932032 0.4841381625 0.2274736390625 0.47043271875 0.22694945625 0.41911544375 0.239196940625 0.40949740468750007 0.253125 0.37159326249999997 0.253125 0.35 0.1498807953125 0.35
10 0.45 0.35 0.336705575 0.35 0.294107134375 0.3658106359375 0.27710296093750003 0.3854926734375 0.2781516296875 0.39815168437500004 0.2875012796875 0.4125 0.2997792390625 0.4125 0.35673007343749996 0.4019300765625 0.388715834375 0.3831399625 0.405532671875 0.3836912703125 0.45 0.36330990625 0.45 0.35
5 0.477761596875 0.8245247656250001 0.46767103906249996 0.8392813406249999 0.46800050156250006 0.8506157906249999 0.4548395546875 0.8710961171874999 0.45985697031250006 0.8766785546874999 0.47198868593750004 0.8764665781249998 0.474053378125 0.8918207828125 0.4850146609375 0.9070195375000001 0.501213815625 0.9075465093750001 0.5341463828124999 0.9375 0.5476376937499999 0.9375 0.5595079953125 0.9364984921874999 0.5928116484375 0.8573451500000001 0.609375 0.8302116625 0.609375 0.8292337921874999 0.6023844781250001 0.8247772953125001 0.5869235046875 0.821807384375 0.47971727499999994 0.8082902984375 0.477761596875 0.8245247656250001