9 0.7907354093750001 0.4796875 0.812545453125 0.46339732343750006 0.82570288125 0.459318925 0.782297453125 0.41126109218750007 0.747512890625 0.3690439015625 0.6464713234375 0.449793115625 0.6043058046875001 0.4796875 0.7907354093750001 0.4796875
9 0.5928712453125 0.4796875 0.6406459703125 0.445008203125 0.6915182421875 0.40864376562500004 0.742156190625 0.36960588125 0.693795934375 0.3112757484375 0.677776215625 0.2981172453125 0.4740528015625 0.44090155312499996 0.49885298281249996 0.4796875 0.5928712453125 0.4796875
9 0.3390625 0.4796875 0.37359921093750004 0.4796875 0.4113458859375 0.450178275 0.47263045937500003 0.3938352578125 0.4309156953125 0.349647096875 0.39659978125 0.3127767984375 0.3390625 0.3598464546875 0.3390625 0.4796875
9 0.7110892640625 0.200191284375 0.791289840625 0.128373609375 0.7491732015625 0.09501972656249999 0.7046125359375 0.0646202828125 0.6100325203125 0.14199357343750002 0.7110892640625 0.200191284375
9 0.6074713328125 0.14361128750000002 0.5769714015625 0.1656972953125 0.517243940625 0.19354764375 0.5484128500000001 0.22535204062499997 0.6158062703125 0.2695442375 0.7103862875 0.192170946875 0.6569200484375 0.1681018609375 0.6074713328125 0.14361128750000002
9 0.610918221875 0.27545311093749997 0.5889559890625 0.256172971875 0.5558117015625 0.232669903125 0.5184659515625001 0.1920704265625 0.4848857953125 0.225271703125 0.4692843421875 0.2323045375 0.42703293750000004 0.27450962031250004 0.45785035937499996 0.30230384843749997 0.5145971546875 0.363801178125 0.610918221875 0.27545311093749997
9 0.8855182640624999 0.4796875 0.8578934765625 0.441102590625 0.8249167390625001 0.4040917984375 0.81636265 0.41443232500000005 0.8294193046875 0.440042821875 0.8647428421875001 0.4796875 0.8855182640624999 0.4796875
9 0.8016821078125 0.401133325 0.8184551875 0.4074677203125 0.8250842875 0.390584071875 0.8110399453125 0.36912423906249997 0.78896055 0.3485073765625 0.7668307671875 0.34273496406250004 0.7471450125 0.33400811406250003 0.7514636390625 0.35244124375 0.76788523125 0.35476546875000003 0.7768575859375 0.3646162828125 0.8016821078125 0.401133325
9 0.7068361984375 0.305860628125 0.7382394359375001 0.340338471875 0.745739059375 0.3179674375 0.7246473515625 0.2931999109375 0.6957549171874999 0.271948803125 0.7068361984375 0.305860628125
9 0.9169883359375 0.4796875 0.9148922031249999 0.42837768125000003 0.8980523453125 0.405862115625 0.8890963812500001 0.427036921875 0.8909709843750001 0.448424490625 0.8990224281250001 0.47860713749999995 0.9016376671875002 0.4796875 0.9169883359375 0.4796875
9 0.8588143859375 0.42077075625000004 0.8899832968750001 0.4525751546875 0.8971818203125 0.41134950156250005 0.8761404984375 0.37173752968749996 0.836869759375 0.3245949328125 0.8258880359375 0.3689155140625 0.8588143859375 0.42077075625000004
9 0.8115929765625001 0.313756615625 0.7352435921875 0.2907392265625 0.744048396875 0.3140977640625 0.758209903125 0.3368943203125 0.7873870484375 0.3459744265625 0.8021179765625 0.344428978125 0.8243145343750001 0.36638256406249997 0.8346096734374999 0.3450672609375 0.83017388125 0.3252974078125 0.8115929765625001 0.313756615625
9 0.9460611140624999 0.460182078125 0.9736987546875 0.42085916718750005 0.9309963 0.38082167031249997 0.9158471078125 0.362175778125 0.8942363624999998 0.34690580937500004 0.8699636578125001 0.3629424484375 0.8917583421875002 0.3957303125 0.9082467109374999 0.41423570937500004 0.916348540625 0.429573909375 0.9275973687499999 0.449978009375 0.9460611140624999 0.460182078125
9 0.8210679765624999 0.283084253125 0.79940684375 0.28265873125 0.796393396875 0.309955171875 0.8208500421875 0.3114364265625 0.8495081500000001 0.33001408906249996 0.8715875453125002 0.3506309515625 0.8887625 0.34613106718750003 0.865862965625 0.31615714375000004 0.8210679765624999 0.283084253125
9 0.8029557203125 0.276890353125 0.7428603781249999 0.269704915625 0.7391439546874999 0.2889810171875 0.7690744625 0.2912370140625 0.7992392953125 0.29616645625000004 0.8029557203125 0.276890353125
9 0.765626359375 0.2673164953125 0.8114594234375 0.28139427499999997 0.8105725078125001 0.2558560421875 0.7861662500000001 0.239530340625 0.7243966359374999 0.2595008453125 0.6967426031249999 0.2677981390625 0.7185876734375001 0.285741553125 0.74955625625 0.2690024390625 0.765626359375 0.2673164953125
9 0.899191190625 0.35717810625 0.9114780937500001 0.3585870953125 0.9453253546875 0.390110503125 0.9493264921875 0.35866339687500004 0.8883946218750001 0.311095278125 0.8776308328125001 0.3270636890625 0.899191190625 0.35717810625
9 1 0.35726709218749997 0.9879282515625001 0.3519155890625 0.9723771828124999 0.34410397656249997 0.9490757750000001 0.3249643328125 0.9241504812500001 0.3181361875 0.9161822046874999 0.335160328125 0.9494436546875 0.3600001203125 0.9551014562500001 0.37829275625 0.9476522187499998 0.38581934218749997 0.99139274375 0.40686172656249997 1 0.3859118578125 1 0.35726709218749997
9 1 0.2933616375 0.9557224812499999 0.23118499843749998 0.9239841468750001 0.22372260625 0.9276665749999999 0.2503165703125 0.9659332359375 0.27058421250000003 1 0.293664471875 1 0.2933616375
9 0.90140210625 0.2436289203125 0.9279009 0.2529900171875 0.9317848734374999 0.2202061890625 0.8935018218749999 0.168912928125 0.8765108062500001 0.19093070625 0.8849137375 0.22512352343750003 0.90140210625 0.2436289203125
9 0.7805424421875 0.1753676359375 0.804262115625 0.2146986203125 0.8142057640625 0.18937315 0.8356325703125 0.187125225 0.860507478125 0.2087978203125 0.8822857718750001 0.21056006562500001 0.8859354203125 0.1751027921875 0.8784194046875001 0.16644820625 0.7805424421875 0.1753676359375
9 1 0.3134522921875 0.9862715828125002 0.3021758484375 0.97830330625 0.3191999921875 0.9910084749999999 0.34080032031249996 0.980998046875 0.3499446203125 1 0.3662857421875 1 0.3134522921875
9 0.9834760703125 0.30112011562499996 0.9743197765625 0.2737514109375 0.90443194375 0.24735809843749998 0.8913412906249999 0.2676176671875 0.9269296031250001 0.2881663 0.9399194828125002 0.2975956265625 0.9492937093750001 0.296612159375 0.9417940859375001 0.3189831953125 0.9741182312500001 0.3331292015625 0.9834760703125 0.30112011562499996
9 0.88908120625 0.28808999687500003 0.8478350906250001 0.24924872968749998 0.8422604546875 0.27816288437500003 0.8720234140625 0.2939266046875 0.8816987453125 0.31179775468750004 0.8909558078125001 0.309477565625 0.9203168937499999 0.33607556562499996 0.9296243437499999 0.3189109296875 0.9195471421875 0.31187405625000003 0.88908120625 0.28808999687500003
9 0.8179889640625 0.18627821875 0.8046639890625 0.2038643421875 0.8227926343749999 0.241083859375 0.8423612281249999 0.24847398906249998 0.8492246546875 0.2342637859375 0.836636646875 0.21400017968750001 0.8179889640625 0.18627821875
9 0.8601723812500002 0.2358132703125 0.8761253234375002 0.23279060468749999 0.82945573125 0.17833014687499998 0.8166497906250001 0.1864187140625 0.846546303125 0.2345447765625 0.8601723812500002 0.2358132703125