3 0.074516653125 0 0.0734441609375 0.004573365625 0.075284534375 0.0062053234375 0.0771857765625 0.022371875 0.0859021015625 0.0455290640625 0.087789640625 0.046875 0.094131146875 0.046875 0.10031759375 0.0465381234375 0.11626981875 0.042143246875 0.1313758421875 0.0361859984375 0.1324796203125 0.035149825 0.1328125 0.0317916296875 0.1328125 0.016374771875 0.12899635625 0 0.074516653125 0
3 0.309375 0.3 0.5537549609375001 0.3 0.5605902781250001 0.289484128125 0.5609375 0.280803571875 0.5609375 0.27329489218749997 0.5475694437499999 0.23957093437500002 0.5370287703125 0.22468998125 0.5227678578124999 0.2178695453125 0.4917658734375 0.214769346875 0.4217013890625 0.2296502984375 0.363417659375 0.2401909734375 0.336755953125 0.25011160781249997 0.309375 0.2659637375 0.309375 0.3
6 0.4420443734375 0 0.4336929546875 0.028633432812499998 0.41757192343750005 0.050954862499999996 0.395250496875 0.0683159734375 0.3456473203125 0.0683159734375 0.3109251 0.0658358140625 0.309375 0.0657823625 0.309375 0.2639567296875 0.3456473203125 0.2468874015625 0.39153025625 0.23324652812500002 0.4398933515625 0.22332589375 0.49569692343750005 0.2146453375 0.5254588296875 0.21836557656250002 0.5341393859375 0.22704613125 0.5527405765625 0.201004465625 0.5775421609375 0.1724826390625 0.5924231140625 0.1439608140625 0.6097842265625 0.110478671875 0.6172247015625001 0.0683159734375 0.621875 0.03227616875 0.621875 0.02900545625 0.6159846234374999 0.0125124015625 0.5930452203125001 0 0.4420443734375 0
0 0.696823984375 0.3 0.6963913703125 0.28291170625 0.691431053125 0.22958829375 0.679030259375 0.20788690468749998 0.656088790625 0.188665675 0.6387276796875 0.180605159375 0.6126860125 0.178125 0.588504465625 0.184325396875 0.5705233140624999 0.19548611093749999 0.5599826390625 0.2103670640625 0.5593626 0.2116071421875 0.5500620046875 0.24012896874999998 0.5420014890625 0.266170634375 0.5296875 0.294492809375 0.5296875 0.3 0.696823984375 0.3
6 0.7857011546875 0.3 0.799181546875 0.26875 0.803125 0.235230646875 0.803125 0.21972346874999998 0.7967013890625 0.17636408750000002 0.764459325 0.15342261875000002 0.708655753125 0.118700396875 0.6190214140625001 0.0859375 0.6187028171875 0.0859375 0.5703869046875 0.1875248015625 0.561086309375 0.200545634375 0.54620535625 0.21046627031249998 0.5369047609375001 0.22534722187499998 0.5505456343749999 0.23402777812500003 0.5617063484375 0.209226190625 0.5741071421875 0.1937251984375 0.5976686499999999 0.1813244046875 0.6255704359375001 0.1776041671875 0.6540922609375001 0.18566468281249998 0.6733134921875 0.1980654765625 0.6850942453125001 0.21294642812500003 0.6931547609375001 0.2383680546875 0.6974950390625001 0.285491071875 0.7085218265625001 0.3 0.7857011546875 0.3
1 0.309375 0.754205671875 0.16620524375 0.7430507921875 0 0.8588155765625001 0 1 0.3010732375 1 0.309375 0.9828748671875001 0.309375 0.754205671875
7 0 0.8478303125 0.0026193125 0.8466708953125 0.029107981249999998 0.8561888781250001 0.08421714687500001 0.8498175046875 0.15465598125 0.806536353125 0.22729772499999998 0.7518522890625 0.27141999375000003 0.7158316171875 0.2734375 0.6867822796875 0.2734375 0.66880010625 0.2349665984375 0.6246133234375 0.2126481 0.6192549578125 0.098127396875 0.653959328125 0.060301128125000006 0.6553444125000001 0.014838553125 0.67269249375 0 0.6827470796874999 0 0.8478303125
1 0.018613159375 0.3 0 0.5680159921875 0 0.619935525 0.0449983859375 0.6435559140625 0.05492716875 0.6484375 0.0654469953125 0.6484375 0.1114617078125 0.6421370843750001 0.23348255 0.6117762125 0.2640625 0.3143721515625 0.2640625 0.3086401296875 0.26366512656249996 0.30900468124999997 0.254086246875 0.3 0.018613159375 0.3
6 0.309375 0.45278433749999997 0.303521334375 0.4547449015625 0.25663131093749997 0.4540987890625 0.2361383546875 0.4602650796875 0.23115727812500003 0.4750449 0.2315393578125 0.49558583437500003 0.215917184375 0.4809893984375 0.207792221875 0.4960872921875 0.2104652984375 0.5141522765625 0.1655485828125 0.5510820390625 0.153248740625 0.5598995578125 0.136756128125 0.587325025 0.10928112812499999 0.6326361593750001 0.101652803125 0.6614176765625001 0.10828919687500001 0.6757542078125001 0.118466925 0.68181445 0.14205670937499998 0.7203125 0.147977475 0.7203125 0.18333495625000001 0.7128130046875001 0.227198671875 0.6857164203125 0.23910373906250001 0.690857753125 0.24710279375000002 0.690857753125 0.24974479062500002 0.676988909375 0.267102934375 0.673232834375 0.27614616718749996 0.6569389703125 0.2882555640625 0.656532725 0.309375 0.6279795046875 0.309375 0.45278433749999997
0 0.5644347843749999 0.606200265625 0.5518430546875 0.5938202109375 0.5388463328124999 0.5990679375 0.483010528125 0.59227903125 0.448047615625 0.594072853125 0.4056382796875 0.593051921875 0.3669940546875 0.602229178125 0.354284225 0.611972840625 0.35011411875 0.6194024328125 0.35 0.621005821875 0.35 0.6295453375 0.356089390625 0.6565300687500001 0.3763717875 0.7757313765625 0.3877780609375 0.835463853125 0.3928359890625 0.8530783375000001 0.40712313437500003 0.8723341125000001 0.420089140625 0.88116091875 0.4374542874999999 0.88957231875 0.455998921875 0.893349315625 0.4705221796875 0.89375 0.49163265 0.89375 0.5154015187500001 0.8892476921875 0.5441553499999999 0.8774864625 0.567389603125 0.8597131796875 0.5778573640625 0.8456582078124999 0.5834371875000001 0.8320647984375 0.584375 0.8219739703125001 0.584375 0.8095309578125001 0.5748846453125 0.720299346875 0.5758067625 0.7056380828125 0.568572978125 0.6213888078125 0.5644347843749999 0.606200265625
0 0.5879913703125 0.6998482109374999 0.5870113984375 0.7170277296875 0.5912345859375 0.74125429375 0.5988805218750001 0.7566141671875 0.6056362546875 0.764017165625 0.6180272765625 0.77239570625 0.644449271875 0.78145955625 0.6586836265625 0.7828125 0.6726983953125 0.7828125 0.68424226875 0.7817224296874999 0.6969225703124999 0.7775096984375 0.7089995609375 0.7698360281250001 0.7170233546875 0.7560118359375 0.7194685140625 0.7472374546875 0.7257745250000001 0.6808068515625 0.727132353125 0.6344432718749999 0.728125 0.6307711406250001 0.728125 0.6208381515625 0.72788209375 0.6187931671875 0.722247996875 0.6092740234375 0.7192869015625 0.606538284375 0.7168429328125 0.6067690625 0.665775775 0.6301859171874999 0.65024889375 0.6351700046875 0.611411125 0.589084128125 0.6073749906250001 0.5859375 0.60361518125 0.5859375 0.5904213281249999 0.5940815140625 0.5843243796875 0.60470840625 0.5851212390625 0.6634324781250001 0.5879913703125 0.6998482109374999
2 0.309375 0.3 0.309375 0.6195566359375 0.34243666093749997 0.6082574703125 0.40526200625 0.5952891484375 0.4513514625 0.5974702468749999 0.472772196875 0.5949449609374999 0.5366872609375 0.602478628125 0.542466596875 0.601430334375 0.5458598234375 0.59809456875 0.5501185015625 0.574072190625 0.5530288999999999 0.5280645609375 0.5520525046875 0.51961326875 0.5488045171875 0.512381596875 0.5269280937499999 0.48379130000000004 0.4807017531250001 0.43237241718749997 0.47713735 0.426175740625 0.46909238750000004 0.3857256359375 0.47846803906249996 0.36825588125 0.4809155890625 0.3423942921875 0.48750371562500006 0.31463403749999996 0.4811884359375 0.3 0.309375 0.3
2 0.47750519531249996 0.3 0.48610156406250005 0.31403343906250003 0.5068858796875 0.339208953125 0.5152237015625 0.34143697500000003 0.5399219484375 0.34061243124999996 0.5561949890625 0.3456090484375 0.5668894 0.35565547343750004 0.5926466515625 0.389407453125 0.6063009625 0.41073321875 0.6303911203125001 0.44062215 0.6417455078125001 0.46015486249999993 0.6566371640625001 0.47432797187500003 0.7060241078124999 0.5410277125 0.7103925328125 0.5546868390624999 0.717516571875 0.60125460625 0.7214540578124999 0.612441634375 0.7288354671875 0.6690362640625 0.735072878125 0.6820163484374999 0.747836984375 0.6953852421875 0.7842922234375 0.71355283125 0.85254738125 0.73173295625 0.9133289781249999 0.735542046875 0.9426565984374999 0.7327726828125 0.9696547687500001 0.73374119375 0.971875 0.733531540625 0.971875 0.7293767703125 0.9465390124999999 0.5840354031249999 0.921350690625 0.53074590625 0.9058569171874999 0.5045682546875 0.8472112218750001 0.44175815468749996 0.811792621875 0.4124363921875 0.800408709375 0.398434609375 0.792648253125 0.3795676453125 0.786472278125 0.338438496875 0.7744579171875 0.3094194984375 0.7694088140625001 0.3 0.47750519531249996 0.3