7 0.6438664468749999 0.2749609328125 0.642550371875 0.264679653125 0.6418215546875 0.2605483 0.6495420390625 0.2521241015625 0.6521321125 0.24423819375 0.632389021875 0.23528920000000003 0.6279166500000001 0.2409681328125 0.61897190625 0.2523260015625 0.6149241984375 0.2519492046875 0.6053921921875001 0.2571571453125 0.56810584375 0.309559434375 0.5631380265625 0.32230338125 0.5724787421875 0.33434753906250003 0.5769721546875 0.3428928390625 0.5845510828125 0.33648721406250004 0.588032571875 0.3449383125 0.5935379109375 0.353577809375 0.6043649531249999 0.34442691718749996 0.6214548484375 0.31858912031250003 0.6420759687500001 0.2859689015625 0.6438664468749999 0.2749609328125
7 0.7481891 0 0.7547786171875 0.0150623828125 0.7820509015625 0.0328392703125 0.8010441359375001 0.023432676562499997 0.8093308421875001 0.006934171875000001 0.80866869375 0 0.7481891 0
7 0.88213291875 0 0.8812484171874999 0.0126129953125 0.8945871000000001 0.04026746875 0.8994344015625 0.0437663265625 0.9146840796875001 0.0441700203125 0.922263009375 0.03776439375 0.9254403453125001 0.0360284140625 0.9370880234375001 0.044223815625 0.941722990625 0.0507505390625 0.9591380765625 0.0493240546875 0.9667877859375 0.0419091390625 0.9777563828125 0.030739668749999997 0.98004230625 0.0126666828125 0.9823657562499999 0 0.88213291875 0
7 0.4997467078125 0 0.4869118390625 0.1830251828125 0.5211899828125001 0.19017962187499998 0.5538477171875 0.1753537390625 0.5671231 0.15136701875 0.57156708125 0 0.4997467078125 0
7 0.6200561812500001 0.042793203125 0.621052075 0.058649975 0.6158385921875 0.0728777890625 0.640742146875 0.12353916093749999 0.65062738125 0.132866865625 0.659004178125 0.13364664843750002 0.6800926125 0.133507865625 0.6909809140625001 0.113502684375 0.6926869984375 0.1042030625 0.6845370375 0.055101256249999994 0.66418080625 0.044798821875 0.652421034375 0.0321438078125 0.6336464625 0.029345171875 0.6200561812500001 0.042793203125
7 0.62305710625 0 0.622545671875 0.0072930625 0.6314790421875001 0.0301943484375 0.6513007156249999 0.03309045625 0.6641075875 0.04584294375 0.7156571453125 0.062201931249999995 0.7265674625 0.056911931250000006 0.747363015625 0.06094963437499999 0.75788521875 0.0461650640625 0.7554761203125 0.035431428125 0.7341460124999999 0.0239874 0.728061059375 0.00555501875 0.715309309375 0 0.62305710625 0
7 0.8086224234374999 0 0.799725171875 0.020633625 0.7885219734375 0.030100112499999998 0.762952259375 0.034025493750000003 0.7531110562500001 0.0541281453125 0.7453420359375 0.059710567187499994 0.730682640625 0.0583459453125 0.7291230000000001 0.06555732343750001 0.7387153515625 0.079061515625 0.7468432984375 0.11344814218749999 0.7558278703125 0.1205901296875 0.7737017859374999 0.1212030484375 0.7805701468749999 0.1134349109375 0.821311796875 0.1035652984375 0.8262984437500001 0.1376595078125 0.8329691593749999 0.1477389171875 0.8340090828125 0.19302604375000001 0.8392665953125 0.20822858593750002 0.8629325796875001 0.23145037343750002 0.8867229906249999 0.2378687375 0.9343330015625 0.2202309921875 0.9531587796875 0.207270325 0.9713767796875 0.1879474578125 0.9778570249999999 0.170684753125 0.9776153484375001 0.159101940625 0.9439468796875001 0.098166215625 0.913170859375 0.07112975 0.8947623874999999 0.06311050625 0.84346168125 0.013144676562499999 0.824979990625 0.0061695546875 0.8229149828125 0 0.8086224234374999 0
7 0.692613778125 0.10524718125000002 0.6914422515625 0.1219531328125 0.7034437 0.1461909609375 0.7199776328125 0.15088289375 0.7371705484375 0.14617772812500002 0.7475463109375 0.1334814015625 0.7487178359375 0.11677545468749999 0.739374334375 0.0696644203125 0.7307558609375 0.057301823437499996 0.7178245656250001 0.061352756249999994 0.6845370375 0.055101256249999994 0.68239163125 0.07066560937500001 0.692613778125 0.10524718125000002
7 0.7462943890625 0.1964211296875 0.727373375 0.1957107359375 0.7327773296875 0.20882503749999998 0.7800872812499999 0.2405534328125 0.79664323125 0.25996054218750003 0.8247684796874999 0.26468055625 0.8293229796875 0.2598498375 0.8305677265625 0.24209976875 0.8349757859375 0.23935729375 0.8334673484374999 0.2308093734375 0.8187859390625001 0.214729575 0.793340653125 0.20185153281249998 0.7771508062500001 0.1772238140625 0.7462943890625 0.1964211296875
7 0.674645115625 0.24124735312499998 0.6997022859375 0.24463082812499998 0.7081082734375 0.21493613281249999 0.7053110609375001 0.1947079265625 0.6863680328124999 0.1792823578125 0.6705150984375 0.1799085078125 0.646871128125 0.1714018984375 0.630820546875 0.18987559062499998 0.609973790625 0.2015971875 0.6134299859375 0.21242829687499998 0.6213674609375 0.2194728109375 0.674645115625 0.24124735312499998
7 1 0.1643916125 0.9786624500000001 0.1591994140625 0.9727167624999999 0.1838684421875 0.9634613203125 0.195618121875 0.939788159375 0.21758598906249998 0.9181871843749999 0.225033628125 0.9264395562499999 0.24261683281250002 0.9620629578125002 0.260646090625 1 0.23399239375 1 0.1643916125
7 0.84823681875 0.30574988593749997 0.8387909078125 0.29015745000000004 0.8165821531249999 0.291242884375 0.7990011203125 0.286453478125 0.7672220296875001 0.2887498984375 0.7742736859375 0.35351353125 0.79744914375 0.3987593484375 0.809575015625 0.40619375468749996 0.8240659546875001 0.3949314421875 0.8344637328125 0.3969502921875 0.8436459515625 0.3862447359375 0.8619591890624999 0.380592925 0.8657886609375 0.34101376875 0.8558302062500001 0.3327301859375 0.84823681875 0.30574988593749997
7 0.73652640625 0.215479659375 0.7049597984375 0.25983336874999996 0.74866711875 0.2828189 0.77365106875 0.28724649375 0.7940585046875 0.2817896265625 0.8283199124999999 0.289182721875 0.8377950125 0.27430067812500003 0.8279829984374999 0.2639288515625 0.7987374296875001 0.2601554890625 0.777092425 0.23817276875 0.7587571750000001 0.229109403125 0.744903203125 0.2162594421875 0.73652640625 0.215479659375
7 0.614887215625 0.23673551874999998 0.583137315625 0.208557459375 0.559859446875 0.1948302421875 0.5534304109375 0.1963336484375 0.5450756265625 0.210269040625 0.5350659671875 0.2177447609375 0.5106897953125 0.2196793703125 0.497736484375 0.2090151234375 0.4938921703125 0.188689446875 0.486626540625 0.187093528125 0.48488426249999994 0.21193840625 0.55619125625 0.2922259875 0.57055776875 0.2977670953125 0.6142282328124999 0.2461326125 0.614887215625 0.23673551874999998
7 0.8231863359375 0.1068926109375 0.791334025 0.110233153125 0.77482210625 0.1202564 0.77072894375 0.1335375640625 0.77143195625 0.15357082500000002 0.77810266875 0.1636502296875 0.792615625 0.1671030953125 0.8169185765625 0.1662126078125 0.8315559562499999 0.1528620515625 0.8231863359375 0.1068926109375
7 0.82723595625 0.21446523593750003 0.8369527343750001 0.21116600624999998 0.831504753125 0.1686213515625 0.820206315625 0.164416784375 0.7798307671875 0.169065784375 0.7809731046875 0.1828343140625 0.7983564890625 0.2054712640625 0.82723595625 0.21446523593750003
7 0.5713140234375 0 0.570015059375 0.034982134375 0.57371293125 0.057396059374999996 0.5953579375 0.0793787765625 0.6201222265624999 0.0869387375 0.6279496265625 0.0204073609375 0.6208921249999999 0 0.5713140234375 0
7 0.8344412281250001 0.23195096875000001 0.8414048234374999 0.23785388749999997 0.8367038828125001 0.24477285000000001 0.8302748453125 0.2462762546875 0.8280562187499999 0.26288473125 0.8428108515625 0.277920409375 0.84928391875 0.305847359375 0.8596084734375001 0.3089103328125 0.8724665515625001 0.3059035203125 0.8712289796875 0.278463934375 0.8866717843749999 0.2536280375 0.877152653125 0.239079725 0.8389004937500001 0.213449196875 0.8281366171875 0.2166509546875 0.8344412281250001 0.23195096875000001
7 0.5751481484375 0.0669880984375 0.568426228125 0.07266799375 0.5686827421875 0.1441556390625 0.5636377140625 0.1710103859375 0.58116754375 0.1915590921875 0.61012023125 0.19950894375 0.631794428125 0.19101718437499998 0.6423166265625 0.1762326140625 0.6463877765625 0.1482362734375 0.6440519015625 0.136458515625 0.6169809265625 0.08664631874999999 0.6015673140625 0.0810077359375 0.5886140015625 0.07034349375 0.5751481484375 0.0669880984375
7 0.7027627015625 0.140872878125 0.6912225921875 0.12508549687499998 0.6769513125 0.1332154453125 0.6526483609375 0.1341059328125 0.6457067796875 0.142918190625 0.6422434078125 0.1772767375 0.6733635171875 0.1843774125 0.6939173921874999 0.176832303125 0.7007125328124999 0.1701082875 0.7027627015625 0.140872878125
7 0.5473162671875 0.20837574375 0.553357190625 0.19737776875 0.552434515625 0.1804768765625 0.52888578125 0.1856413234375 0.48797567500000005 0.182884 0.486562471875 0.18800713593750001 0.48587908281250003 0.197752271875 0.48695059062499996 0.1975017046875 0.4875583671875 0.20386390781250002 0.5055275171875 0.21814788125 0.520040471875 0.221600746875 0.5361130671875001 0.217842234375 0.5473162671875 0.20837574375
8 1 0.4890625 0.9214191890624999 0.4890625 0.9111605578125002 0.490785515625 0.8997130109375 0.49571081250000004 0.8967035890624999 0.499184215625 0.8872755968749999 0.5237029 0.8762365296875 0.5408759875 0.86690495 0.558045228125 0.8575569015625 0.5797442171875 0.8525202109375 0.5945002515625 0.8464214218749999 0.6042667515625 0.8353353437500001 0.6152000359375001 0.82664915625 0.627375890625 0.8214855125 0.6387118140625 0.8198720375 0.651195275 0.8168737671875 0.6611858921875 0.8074234718749999 0.672670146875 0.7843767265625 0.6858952546875 0.77319131875 0.69539589375 0.7551400921875 0.7051893437500001 0.7026468984375001 0.7283260374999999 0.6854673468750001 0.73797885625 0.6607213453125 0.7489429375000001 0.650873725 0.7546966140625 0.6211680578125 0.7688149453124999 0.614564378125 0.7736830984375 0.606758096875 0.78345345 0.6055666468750001 0.7948728609375 0.6021298828124999 0.8104572749999999 0.5936598671875 0.8781909609374999 0.5908355562500001 0.89784149375 0.586016915625 0.91971515625 0.5766752265624999 0.9875894703124999 0.5760850796875 0.9965577843750001 0.5767557828125 1 0.609566478125 1 0.62509741875 0.9915477921875 0.644497584375 0.9845245968749999 0.676368621875 0.9690609578124999 0.7087886375 0.9559533796874999 0.7170281000000001 0.9516361984374999 0.7328340093750001 0.9460077515624998 0.738665346875 0.9427128734375 0.753842334375 0.9375480609375 0.7633037843749999 0.932581021875 0.7775732453125 0.9278342500000001 0.8313959921875 0.9032154703125 0.8554413609375 0.8932698406250001 0.8708611015625 0.8884280328124999 0.9019239421874999 0.874815078125 0.9089414125000002 0.871147753125 0.9232355765625 0.8596063546874999 0.9296047390624999 0.8521503234375001 0.936754478125 0.8408561421874999 0.9403211140625001 0.8374739265625 0.960990275 0.8360406765625001 0.971979940625 0.8324568390625 0.9888726531250001 0.8250233031249999 1 0.8162195062500001 1 0.4890625
8 0.46415993125000005 0.4890625 0.46512756718750004 0.49031208125000003 0.485921284375 0.512127996875 0.4927376984375 0.5254244375 0.5069165828125 0.54559129375 0.51848045 0.5661800375 0.5387639609375 0.5941445703125 0.547908553125 0.609238403125 0.5541566031249999 0.615926440625 0.5588323468749999 0.623773565625 0.5643521421875001 0.62949259375 0.5869996890625 0.6589771093750001 0.5993605984375 0.6711979546875 0.60143779375 0.6749372171875 0.5997855453125001 0.6789159953125 0.5969553953125001 0.6810023484375 0.58638775625 0.6835221375 0.5797206015625 0.6866802359374999 0.551253390625 0.6956189609375001 0.51361980625 0.7050405671875 0.4767062390625 0.7176960609374999 0.4552565015625 0.7229674578124999 0.3889405765625 0.74299225 0.3796875 0.7448130703125 0.3796875 0.7731587125 0.39332708437499997 0.7728877109375001 0.4028190734375 0.7786902265625001 0.4132932171875 0.7923019703125 0.4189564328125 0.796911359375 0.4355487546875 0.8050089437500001 0.45162795625 0.81047305625 0.4589434203125 0.8111036640625 0.48997332499999996 0.8065502125 0.5086728593750001 0.80054546875 0.5202473578125 0.79904028125 0.5301225984375 0.7952740703125001 0.536817375 0.7941034359375 0.557753990625 0.786198565625 0.5751598265625 0.7813985015625 0.584270959375 0.7769406875 0.59486621875 0.7764083625 0.610528709375 0.7718895578125 0.6826536671875 0.73553545625 0.6904793359375001 0.730017446875 0.6972346671875 0.7217747765625 0.7025029578125 0.70082453125 0.704303940625 0.6846891453125 0.7064499265624999 0.6790914984375 0.7102234578125 0.676309696875 0.71723269375 0.6749072453125 0.7200269875 0.6730983046875 0.7235301484375001 0.6680060343750001 0.7251547765625 0.662039790625 0.7253064296874999 0.6586652749999999 0.7226167828125 0.6508598937500001 0.72452533125 0.633892278125 0.7286709625000001 0.615024534375 0.7299394375 0.5920033359375 0.7280938421875 0.5820698609375 0.7248387484375 0.57643816875 0.71409715 0.569298046875 0.6947323171875001 0.5474326859375 0.6639470390625 0.50386894375 0.6536991750000001 0.4951099515625 0.6483574359375 0.4890625 0.46415993125000005 0.4890625
8 0.3796875 0.4890625 0.3796875 0.7374379281250001 0.3832056515625 0.7389376828125 0.3902425078125 0.739522696875 0.4015384 0.7379719171875 0.4459026171875 0.7271022671875 0.4620229875 0.72124200625 0.49149705781249997 0.7133178843750001 0.5141770171875 0.7051317546875 0.5321042109375 0.7007002859375 0.6011785749999999 0.6791439640625 0.6026956359375 0.67400995 0.60148188125 0.67239493125 0.5816591671875 0.6518710296875 0.56119638125 0.6252935468749999 0.5545621609375 0.619392146875 0.5414342234375 0.5976976109375001 0.5289381265624999 0.58432153125 0.52711191875 0.5786403984375 0.5216362125 0.5703790828125 0.51424611875 0.56152120625 0.511997884375 0.5569041171875 0.4824539796874999 0.5169428593750001 0.46566007656249997 0.49719789375 0.46090585781249993 0.4890625 0.3796875 0.4890625