9 0 0.5367589328125 0.029383039062499998 0.553320103125 0.10409910468750001 0.61875 0.1205438625 0.61875 0.12105176718749999 0.6187408203125 0.14317150625 0.593487628125 0.143809609375 0.5829200765625 0.1067714359375 0.5559300421875 0.12761496562500002 0.551811953125 0.151284171875 0.5635436312500001 0.162830165625 0.55678755 0.29135563124999997 0.39118039375 0.303125 0.36715420625 0.303125 0.363832846875 0.23307912968750003 0.3087208375 0.185740721875 0.2852574765625 0.062107946875 0.1993024234375 0.048587003125 0.200482134375 0 0.27195168281250004 0 0.5367589328125
9 0.4796875 0.21085077343749997 0.4482873921875 0.21903084375 0.42817304843750004 0.2319547078125 0.40790672812500006 0.2613166390625 0.40696467500000005 0.304760328125 0.399003984375 0.3182662578125 0.4098814328125 0.339983425 0.39866958750000003 0.3690480890625 0.4089393796875 0.38342711406249996 0.4690999890625 0.37899929062500004 0.4796875 0.38087658750000003 0.4796875 0.21085077343749997
9 0.13125 0.20421444375000003 0.13125 0.20549595156249997 0.13757318125 0.21394740781250002 0.1654657953125 0.2218613828125 0.205299440625 0.2095164671875 0.22115993281250002 0.21831600624999997 0.23294899375 0.2144951828125 0.25935278125 0.22270330624999998 0.274324971875 0.23125 0.28404291875 0.23125 0.2976671609375 0.2285582375 0.31045891875 0.21857275 0.33266974375 0.21269288125000002 0.4296875 0.1505762921875 0.4296875 0.14958132500000001 0.40610847968749997 0.131059665625 0.34400336249999997 0.11200542656250001 0.24540684375000002 0.1091106921875 0.20818624687499998 0.1164644234375 0.18670461249999998 0.13115006406250002 0.13125 0.20421444375000003
7 0.4796875 0 0.4796875 0.138295953125 0.5631827140625 0.177353790625 0.609227503125 0.1827383578125 0.6432566359375 0.17929691406249998 0.70784514375 0.20472395312499997 0.76858625 0.22044492343750002 0.798010453125 0.23976491718749998 0.83440461875 0.2513620015625 0.8493534484375 0.2508759046875 0.8702948906250001 0.2263543484375 0.8828125 0.197540453125 0.8828125 0.1810627796875 0.8799466515625 0.16189209375 0.8261439390625 0.1398010234375 0.8044145296874999 0.139893159375 0.7736657765625 0.11914155781249999 0.6823968625 0.0731992953125 0.6547075390625 0.0377243390625 0.62932011875 0.019993534375 0.573873746875 0 0.4796875 0
7 0.4796875 0.346605190625 0.512887084375 0.3746803484375 0.54961140625 0.462156821875 0.609303103125 0.465625 0.6408922109375 0.465625 0.653125 0.4563465421875 0.653125 0.45211520624999996 0.646795284375 0.39736173125 0.627779240625 0.3393617140625 0.6325735578125 0.3084833984375 0.630871371875 0.2650358109375 0.590662509375 0.1841301125 0.562310346875 0.1770642203125 0.4844447640625 0.1386739484375 0.4796875 0.13739217343750001 0.4796875 0.346605190625
7 1 0.142960525 0.9755719265625 0.1153941921875 0.944412840625 0.11222915468750001 0.9198765125000001 0.1162221421875 0.9007015156249999 0.123235925 0.8894738265625 0.1388393375 0.8715602546875001 0.1499903515625 0.876574384375 0.1678920859375 0.8758484140625 0.199006775 0.868846890625 0.2080825015625 0.8685943796875 0.218905003125 0.928954453125 0.3673592 0.9459842343750001 0.3940869421875 1 0.44696320156249997 1 0.142960525
7 0.7439843843749999 0 0.7437780859374999 0.008841875 0.7893167171875 0.0941211796875 0.8172269859375 0.1201264484375 0.85740541875 0.14413522031249998 0.8791032609375 0.1453958984375 0.88733464375 0.141810215625 0.899981575 0.12357996874999999 0.9382053109375 0.11496365625 0.9493067453125 0.1047714921875 0.9553940484375001 0.0766775953125 0.9479833265625001 0.0450901515625 0.9475425671875 0.0057797906250000005 0.941960084375 0 0.7439843843749999 0
3 0.2744112125 0.65 0.2638912515625 0.663193728125 0.2579995125 0.6749845390625 0.243553096875 0.7259763578125 0.21568759062499998 0.8423614328125 0.216143128125 0.8563358624999999 0.2236891546875 0.873901071875 0.2292638578125 0.880194515625 0.2465609421875 0.8909813375000001 0.2720357578125 0.9002058937499999 0.29211613125 0.903125 0.316920934375 0.903125 0.3256753140625 0.9027688515625 0.3393150484375 0.8954859046875001 0.3577886453125 0.8760482093749999 0.367428190625 0.848735184375 0.37175135 0.8080784296875001 0.3786739828125 0.785127509375 0.3826237578125 0.7565479484375001 0.389804703125 0.72654674375 0.390625 0.7172434 0.390625 0.6990144203125 0.383267590625 0.65 0.2744112125 0.65
3 0.4796875 0.65 0.46644585000000005 0.65 0.45926078437499995 0.6520855765625 0.45216910625000006 0.6570153125 0.44736460781250004 0.6636530765625 0.41933717656249997 0.7108938734375 0.38896384687499996 0.7674606125000001 0.37958261718749997 0.7877233515625 0.374547975 0.80441493125 0.367966996875 0.8378466734375 0.3602952171875 0.9019930109375001 0.35689143749999996 0.910955015625 0.349027184375 0.919994578125 0.33981737500000003 0.94123746875 0.343533446875 0.948273271875 0.38125829843750003 0.9703125 0.3861461734375 0.9703125 0.38947898593749997 0.969376459375 0.39068129687500003 0.959196503125 0.4006906703125 0.9453678312499999 0.4005204375 0.9358671624999999 0.40506780468750003 0.92775916875 0.4216534109375 0.9145808171875001 0.44407321875 0.89212510625 0.4749278875 0.8695773593749999 0.4796875 0.8639600421875 0.4796875 0.65
3 0.23455821718749997 0.764067315625 0.2520385875 0.6906291390625 0.2553296703125 0.6696530109375 0.24169112187500003 0.668415440625 0.21981730625 0.6712535953125001 0.20800684062500002 0.6833111703125 0.1965979359375 0.686295084375 0.1753828125 0.6815298078125 0.1394125390625 0.68619699375 0.12760444531249998 0.6812135375 0.1171395359375 0.6810677796875 0.10307243906250001 0.6773798265625001 0.097410840625 0.679116821875 0.09495105468750001 0.68494915625 0.0945741078125 0.722587896875 0.0964033765625 0.727362525 0.099176640625 0.7290074828125 0.1084979609375 0.7282992265625 0.1201346328125 0.7323025265625 0.1344882234375 0.7319437265625 0.151671421875 0.7392369421875 0.1775454265625 0.756428865625 0.21113925 0.7751251203125 0.22123196093750003 0.77882755625 0.228666478125 0.775858128125 0.23455821718749997 0.764067315625
2 0.4796875 1 0.6568132734375001 1 0.6537306015625 0.9946657906249999 0.636303053125 0.977402015625 0.6275105421875 0.9655454609374999 0.614579678125 0.9381125265625 0.6176738171875 0.9357973453125 0.6285183562500001 0.936861153125 0.634136940625 0.943101221875 0.6780134046875 0.9662103343750001 0.7032410406249999 0.9764508781250001 0.7121350328125 0.97691699375 0.715723284375 0.9746277046875 0.717958678125 0.9697901812499999 0.71875 0.9465341031250001 0.71875 0.9122246859375001 0.7147700453125 0.8982757187499999 0.702986975 0.8867579046875 0.6905264265625 0.8692589749999999 0.6776774515625 0.8591716999999999 0.659315571875 0.8502819125000001 0.6309916921875 0.8329425531249999 0.5968182734375 0.82322411875 0.5196530312500001 0.7924248015625001 0.5049591875 0.789177390625 0.4974957375 0.789777184375 0.48556150000000003 0.8000520265625 0.4796875 0.8091859749999999 0.4796875 1
2 0.761964428125 1 0.761525225 0.98490730625 0.764541675 0.9840744562499999 0.7669086484375001 0.9861803734375 0.7738003015625 0.9870370171874999 0.778376775 0.9847995218750001 0.78152270625 0.98149611875 0.7883583640625 0.9645129921875 0.788559225 0.932318115625 0.7933281515624999 0.860229759375 0.800912671875 0.8195034234375 0.8067622125 0.8118825046874999 0.81875 0.7743385890625 0.81875 0.7731849015625001 0.8038430359375 0.7824969203125 0.743651834375 0.8343393515624999 0.736529225 0.8473436984375 0.7340866687500001 0.8561341109375 0.72607941875 0.8671102234375001 0.7230650640625 0.8773570718749999 0.71594245625 0.8903614171875001 0.7117824109375 0.894107140625 0.71160114375 0.897565915625 0.7173771999999999 0.91025531875 0.717905609375 0.9474430890625 0.72417998125 0.978986384375 0.7215281609374999 0.9823156796875001 0.709824878125 0.97872953125 0.706991790625 0.9855176046875 0.7055094578125 0.98543991875 0.704780190625 0.980447021875 0.7064437874999999 0.9770659328125 0.704596821875 0.9744917984375 0.6946887140625 0.9744680015625 0.6939874421875001 0.9783949953125 0.69653778125 0.9864561359374999 0.6928718453125 0.9902277546875 0.691309725 0.9822184015625 0.69037783125 1 0.761964428125 1
2 0.722874890625 0.65 0.701989878125 0.6929821421875 0.68623643125 0.7194072640625 0.6696284421875001 0.7621380359375001 0.6522911859375 0.799875909375 0.6421875 0.8364324812499999 0.6421875 0.8381473890625 0.6445512921875001 0.8435669062500001 0.68684184375 0.8685747750000001 0.6987823875 0.886541921875 0.7095522140625 0.8953125 0.71864765625 0.8953125 0.7242689765625 0.8918413578125 0.7306343203125 0.8649242296875 0.7374958765625 0.8474469906250001 0.7466726125 0.833063890625 0.7816165859374999 0.79971701875 0.7986731984375 0.7862423546875 0.8119602921875 0.7785157515625001 0.81882395 0.7704525078125 0.8310843218749999 0.70668424375 0.8352639609375 0.67420241875 0.8376288296875 0.6668943421875 0.8429583656249999 0.6597416359375 0.8462156984375 0.65 0.722874890625 0.65
2 0.6661337515625 0.65 0.6622785125 0.6651137609375 0.6544546296875 0.6820450984375 0.6457244140625 0.71627030625 0.6421683609375 0.7463074734374999 0.643575109375 0.7572814875 0.6495863234375 0.7749378921875 0.6576495671875 0.7818015484374999 0.667113253125 0.7713972296875 0.6819799578125 0.7335298781249999 0.7008016484375 0.7052836859375 0.7139529625 0.6717856453125 0.7258023 0.65 0.6661337515625 0.65
2 0.63380278125 0.7830291296875 0.6216032874999999 0.7700030890624999 0.6095094734375 0.764414603125 0.6107307546875 0.7600193984375 0.6190011562500001 0.7629301703125 0.622954040625 0.76313733125 0.625034065625 0.7612644703125 0.6157992328125 0.7483938 0.6009479203125 0.7386970578125001 0.596058603125 0.7374498828125 0.5772306109375 0.7374540859375001 0.5773880828125 0.74390341875 0.57587985625 0.7443198421874999 0.5581415625 0.732985396875 0.5465138640625 0.7185029187499999 0.538452725 0.7210532578125 0.535175215625 0.7174132171875 0.5168714296875 0.7357771984375 0.50306643125 0.7533860140625 0.503279896875 0.7776751203125001 0.4995103796875 0.7834231796875 0.4993032171875 0.787376065625 0.5391729046875 0.8018522390625 0.558991221875 0.811313825 0.5741791734375 0.81458713125 0.6031784296875 0.8284936078125 0.6344648703125 0.8365743406250001 0.6394318718750001 0.836339184375 0.64288854375 0.8271064546875 0.6439502484374999 0.8068479203125 0.63380278125 0.7830291296875