0 0.5 0.4212819546875 0.4417727796875 0.4206328078125 0.3940339109375 0.41771992031250005 0.3815804640625 0.4225245109375 0.3763513484375 0.4302893796875 0.37101673125 0.44451392500000003 0.36597830937500003 0.46624796562500004 0.3601490078125 0.5177551625 0.3600497640625 0.5401512359375 0.36745073906250003 0.5999056062499999 0.37663043125 0.630019221875 0.38257698906250004 0.6412739921874999 0.3891229640625 0.6461352859374999 0.397967375 0.647818753125 0.460754321875 0.6502587140625 0.5 0.6536899 0.5 0.4212819546875
0 0.3632571015625 0.5326133609375 0.3676116734375 0.45949508906250003 0.3663143578125 0.4573292578125 0.3598934265625 0.45646861406249994 0.3102711046875 0.4523072984375 0.2587981578125 0.451881821875 0.24163607968749998 0.45356535156250005 0.2300321421875 0.45997776874999996 0.22245848124999998 0.47141226875 0.21829613593750002 0.48380199687500003 0.2146011390625 0.507210065625 0.21423852499999999 0.5270809046875 0.2198091828125 0.5636825828124999 0.23558095781250002 0.5981656875000001 0.2400262203125 0.5987615187499999 0.2646103453125 0.5925949734375 0.28405757343750004 0.5932096828125 0.299322915625 0.5957537953125 0.3240977375 0.603556421875 0.3460341 0.6149624765625 0.370157134375 0.6137139890625 0.3710660328125 0.609353940625 0.3665621484375 0.5773771249999999 0.36805092500000003 0.5561632750000001 0.3632571015625 0.5326133609375
7 0.3023793390625 1 0.303555771875 0.9986939421875001 0.3262767546875 0.9643904421875 0.3439796234375 0.9249324546875 0.349558071875 0.9027728125 0.35241684218749997 0.87228085625 0.382654390625 0.720464159375 0.3846964796875 0.693348640625 0.3834522984375 0.6692785375 0.37662340781250003 0.6514316843750001 0.368839509375 0.638436684375 0.3589416125 0.6266522875 0.3496165671875 0.61942655 0.3340550296875 0.6093729453125001 0.308522915625 0.5989788828125 0.2765565890625 0.5932002421875 0.2580510875 0.5932097453124999 0.236832165625 0.6008233265625 0.21532330625 0.6168638078124999 0.195809659375 0.6436294328125 0.1761373765625 0.6987590015625 0.1336847203125 0.79415994375 0.1306946453125 0.8047148578125001 0.1172924484375 0.8303077 0.11050890312499999 0.8493178968749999 0.10505549843749999 0.8754781890625001 0.10123469375000001 0.9322344593749999 0.10567918750000001 0.9701791468749998 0.1145557578125 1 0.3023793390625 1
0 0.41420836093749996 1 0.41190193593749996 0.9952888734374999 0.396341165625 0.9478864125000002 0.3891176015625 0.90757728125 0.3880711390625 0.876063890625 0.3859243140625 0.8722902343750001 0.3796417109375 0.869954171875 0.356769884375 0.8738602984374999 0.349657315625 0.8803767390624999 0.3485702359375 0.90264040625 0.3385199625 0.9351563500000001 0.3248411109375 0.9637000265625 0.298972184375 0.9995735281249999 0.2987203578125 1 0.41420836093749996 1
7 0.5 1 0.5 0.65512344375 0.48010933125 0.6518570374999999 0.4123370984375 0.6492468468749999 0.39470064374999997 0.6613245 0.3894715296875 0.66908936875 0.38661978124999996 0.6781688640625 0.38503176093749997 0.7217787890625 0.3880062546875 0.8287465109374998 0.3875108046875 0.9033780203124999 0.391211290625 0.9332552062499999 0.4037624484375 0.9807522515624999 0.4113024796875 1 0.5 1
7 0.805908678125 0.49603560937499996 0.749129959375 0.5367000375 0.7151429874999999 0.5823878062500001 0.6775215109375 0.606288771875 0.611270096875 0.6990328140625 0.61977804375 0.7217838578125 0.6556570265625 0.7473812078125001 0.6807172343750001 0.742576453125 0.7101672859375 0.7165448734375 0.734008521875 0.6816958625 0.7703486953125 0.6611383046875 0.8445197531249999 0.58486275625 0.8674785390625 0.5405899125 0.897474521875 0.5033617328125001 0.8981675265625 0.49373577031250004 0.8889665749999999 0.48061068906250004 0.8627297671875 0.4728503359375 0.8156131875 0.48048494062499997 0.805908678125 0.49603560937499996
7 0.5 0.865438003125 0.5683787671875 0.85394956875 0.5931024546875 0.8285243859375001 0.6485998671875001 0.791203365625 0.6877544312499999 0.7496211171875 0.6857377484375 0.7451113328125001 0.663975528125 0.7510824609375 0.64920813125 0.7466190984375001 0.6124466984375 0.71159791875 0.6138327078125 0.6923459953125001 0.6389552484375 0.6541535734374999 0.63334643125 0.645336140625 0.5716942734375 0.6850363265625 0.582954275 0.7201503453125 0.5801398859375 0.7411750390625 0.507018315625 0.7775782359375001 0.5 0.7778403890625001 0.5 0.865438003125
7 0.7097060984375 0.7626997796875 0.7197895 0.785248690625 0.75837816875 0.8057298625 0.7678732687500001 0.821996221875 0.8062724937500001 0.8234276015625 0.8579483968750001 0.8644827828124999 0.887336115625 0.8718388703125001 0.9136776265624998 0.8636907078124999 0.9378130125 0.831982971875 0.9371823421875 0.8082212671875 0.917352059375 0.7837438703124999 0.8693106593750001 0.76447549375 0.8380109671875001 0.7367011078125 0.7806215421875 0.702737009375 0.7503937453124999 0.7034362453125 0.7290303765624999 0.696640134375 0.6881532859374999 0.7368538796874999 0.68746028125 0.746479840625 0.7097060984375 0.7626997796875
7 1 0.5733910203125 0.93350058125 0.530529721875 0.8750616640625001 0.5364379734375 0.8516616546875 0.575998903125 0.7995045968750001 0.6319654484375 0.754678884375 0.69811793125 0.75841809375 0.703996221875 0.7859362062499999 0.7084131656249999 0.8381580421875 0.7382717453125001 0.8888243875 0.7174656390624999 0.928083653125 0.6599748734374999 0.9848200015625 0.60183129375 1 0.576560003125 1 0.5733910203125
7 0.6674429953125001 0.8221654484375 0.6752803421875 0.922888428125 0.6826116890625 0.933074365625 0.6952153296875 0.9314573093749999 0.7071259671875 0.9394662125 0.7175658515625 0.9317687328125001 0.7337616296875 0.9344593265625001 0.7421848343749999 0.9222520640624999 0.745816896875 0.8248260734375 0.736867725 0.7973631125 0.721364953125 0.785046559375 0.711281553125 0.762497646875 0.6940562515625001 0.7488125875 0.6844564453124999 0.7484547421875 0.658598528125 0.778793971875 0.6584938234375001 0.7947024875 0.6674429953125001 0.8221654484375
7 1 0.603470465625 0.9891051421875 0.59651298125 0.9737918156250001 0.6032462187500001 0.9129174031249999 0.6682787484375 0.8976464468750001 0.6924911375 0.9019739578125 0.70465198125 0.9346596593750001 0.7131744421875 0.9732483296875 0.7336556125 1 0.7209376328125 1 0.603470465625
8 0.5 0.5110770796875 0.5043660796875 0.510881159375 0.5894406546875001 0.49996601875 0.5921503390625 0.494849840625 0.628827034375 0.49491271406250004 0.62977181875 0.4709488765625 0.636704309375 0.49390205312499996 0.7043018046875 0.483639728125 0.7026839796875001 0.46636270625 0.7074527140625 0.48323546406249995 0.7358109078125 0.47959708437500004 0.73822644375 0.47133962968750004 0.7478262484375 0.4716974734375 0.7393806359375 0.4155587625 0.74538830625 0.41160895625 0.7440646296875 0.3974732109375 0.7333305953125 0.40202941406250003 0.7302220546875 0.41991283125 0.7187102734374999 0.3991366890625 0.6996577375 0.3999916375 0.5 0.430992996875 0.5 0.5110770796875
8 0.5 0.545158003125 0.51054323125 0.5768479671875 0.5311088875000001 0.609178553125 0.56064368125 0.618105278125 0.5974674484375 0.619738790625 0.671072615625 0.6055266625 0.713714609375 0.5841605765625 0.73755584375 0.5493115640624999 0.735412053125 0.4923643234375 0.5 0.5225678890625 0.5 0.545158003125
7 0.5 0.7781389125 0.5147485171875 0.7749969375 0.5845721 0.7374273671875 0.5802022203125 0.7077873734375 0.5485236359375 0.6419134046874999 0.5477458890625 0.6165810609375 0.5058168656250001 0.5774543640625 0.5 0.5685423984375 0.5 0.7781389125