5 0 0 0 0.40660183749999995 0.097015371875 0.41233832656249997 0.1316978109375 0.4125 0.3448507203125 0.4125 0.3494245359375 0.1856510578125 0.3860099375 0.10906457656249999 0.42101337812499995 0 0 0
5 0.02835161875 0 0.014718604687500001 0.01182575625 0.24963085624999998 0.271875 0.25003855 0.271875 0.4015625 0.1275988578125 0.4015625 0.1269349296875 0.2747821546875 0 0.02835161875 0
5 0 0 0 0.1320057140625 0.0685073453125 0.140625 0.0768319609375 0.140625 0.1020743828125 0 0 0
10 0.875111475 0 0.866796875 0.023193359375 0.86435546875 0.050537109375 0.86728515625 0.058837890625 0.874609375 0.068603515625 0.89365234375 0.079833984375 0.9138805046874999 0.084375 0.9523681640625 0.084375 0.9732421875 0.077880859375 0.987890625 0.069091796875 1 0.055188440625 1 0.0244498703125 0.9966796875 0.012939453125 0.989901878125 0 0.875111475 0
5 0.6390625 0 0.6390625 0.1742590859375 0.67158203125 0.18486328125 0.69013671875 0.18779296875 0.8625 0.19072265625 0.932362196875 0.1984375 0.96318359375 0.1984375 1 0.19131174374999999 1 0.15376953124999998 0.9953125 0.14970703125 0.98505859375 0.13408203125 0.98115234375 0.11943359375 0.98115234375 0.108203125 0.97626953125 0.09697265625 0.9494140625 0.0857421875 0.915234375 0.08427734375 0.895703125 0.07939453125 0.88154296875 0.0720703125 0.87080078125 0.061328125 0.86640625 0.05205078125 0.86591796875 0.04326171875 0.8693359375 0.01982421875 0.8751953125 0.00712890625 0.87421875 0.00078125 0.862109375 0 0.6390625 0
0 0.292817615625 0.45 0.292724609375 0.451171875 0.294189453125 0.4794921875 0.301513671875 0.5009765625 0.312744140625 0.5087890625 0.335517578125 0.5109375 0.34814453125 0.5109375 0.433837890625 0.50830078125 0.481201171875 0.50439453125 0.483154296875 0.5009765625 0.484130859375 0.48974609375 0.484712509375 0.45 0.292817615625 0.45
3 0.366796875 0.513623046875 0.35947265625 0.517041015625 0.35166015625 0.524853515625 0.34287109375 0.540966796875 0.3189453125 0.634716796875 0.31162109375 0.676708984375 0.3111328125 0.695751953125 0.31845703125 0.719677734375 0.3365234375 0.737744140625 0.33212890625 0.795361328125 0.32431640625 0.837353515625 0.32431640625 0.867138671875 0.3306640625 0.878857421875 0.34775390625 0.888134765625 0.3556396484375 0.8890625 0.374310303125 0.8890625 0.3892578125 0.885205078125 0.39267578125 0.882275390625 0.39658203125 0.870068359375 0.4 0.833447265625 0.4166015625 0.738232421875 0.42099609375 0.732373046875 0.43564453125 0.730419921875 0.45078125 0.718701171875 0.45712890625 0.706494140625 0.45908203125 0.693798828125 0.46005859375 0.642041015625 0.4576171875 0.630810546875 0.452734375 0.620556640625 0.45419921875 0.588330078125 0.46298828125 0.538037109375 0.4732421875 0.522412109375 0.4765625 0.5128662109375 0.4765625 0.5095703125 0.4751953125 0.505810546875 0.46298828125 0.505810546875 0.4244140625 0.507275390625 0.366796875 0.513623046875
3 0.545751953125 0.6033203125 0.534033203125 0.59599609375 0.524755859375 0.58427734375 0.510107421875 0.573046875 0.497412109375 0.56962890625 0.489599609375 0.56962890625 0.472509765625 0.573046875 0.464697265625 0.57841796875 0.458349609375 0.58720703125 0.452978515625 0.604296875 0.450537109375 0.651171875 0.453466796875 0.66875 0.461279296875 0.68828125 0.461767578125 0.69951171875 0.459326171875 0.71025390625 0.460791015625 0.7185546875 0.471533203125 0.73369140625 0.478271484375 0.7359375 0.49638671875 0.7359375 0.549169921875 0.73369140625 0.559912109375 0.7263671875 0.563818359375 0.7146484375 0.564794921875 0.68828125 0.570654296875 0.66337890625 0.571875 0.6521484375 0.571875 0.6290161125 0.571142578125 0.621875 0.566259765625 0.61162109375 0.558935546875 0.6033203125 0.545751953125 0.6033203125
0 0.55537109375 0.605859375 0.57001953125 0.6205078125 0.57294921875 0.62099609375 0.58369140625 0.6166015625 0.598828125 0.6029296875 0.606640625 0.58974609375 0.61005859375 0.5775390625 0.61005859375 0.56826171875 0.6046875 0.555078125 0.587109375 0.535546875 0.5685546875 0.521875 0.54609375 0.5130859375 0.52265625 0.51162109375 0.5109375 0.5140625 0.50263671875 0.51845703125 0.49482421875 0.52724609375 0.49091796875 0.5482421875 0.49677734375 0.5599609375 0.49580078125 0.5677734375 0.50068359375 0.57021484375 0.51337890625 0.5833984375 0.52607421875 0.59169921875 0.5314453125 0.59755859375 0.55537109375 0.605859375
7 0.23603515625 0.88759765625 0.25263671875 0.89736328125 0.26875 0.902734375 0.3166015625 0.90419921875 0.33857421875 0.90224609375 0.34052734375 0.90078125 0.3419921875 0.8880859375 0.32978515625 0.87734375 0.32587890625 0.86416015625 0.32685546875 0.83828125 0.33515625 0.8080078125 0.33369140625 0.7904296875 0.33564453125 0.77529296875 0.33271484375 0.74990234375 0.32978515625 0.74892578125 0.32294921875 0.7513671875 0.3048828125 0.74453125 0.2931640625 0.74453125 0.2873046875 0.746484375 0.2833984375 0.75576171875 0.27216796875 0.7630859375 0.2521484375 0.76796875 0.2326171875 0.76845703125 0.2248046875 0.77822265625 0.22578125 0.80654296875 0.23115234375 0.8421875 0.2287109375 0.86025390625 0.2306640625 0.875390625 0.23603515625 0.88759765625
7 0.6390625 0.7621021796875 0.62177734375 0.7513671875 0.57685546875 0.73720703125 0.55048828125 0.73330078125 0.53388671875 0.73330078125 0.48115234375 0.7357421875 0.47236328125 0.7376953125 0.46455078125 0.76259765625 0.46064453125 0.76943359375 0.4533203125 0.77431640625 0.44697265625 0.77431640625 0.43427734375 0.7669921875 0.423046875 0.7630859375 0.41376953125 0.7630859375 0.4123046875 0.76455078125 0.40107421875 0.82998046875 0.4015625 0.83876953125 0.40595703125 0.8451171875 0.4064453125 0.84951171875 0.3986328125 0.86416015625 0.39521484375 0.88076171875 0.3849609375 0.88955078125 0.3771484375 0.8939453125 0.37080078125 0.894921875 0.37177734375 0.90224609375 0.3849609375 0.90615234375 0.4484375 0.90517578125 0.47041015625 0.91787109375 0.50166015625 0.93251953125 0.5138671875 0.933984375 0.53974609375 0.93251953125 0.55732421875 0.92666015625 0.59248046875 0.91884765625 0.60224609375 0.918359375 0.6193359375 0.91298828125 0.6349609375 0.89833984375 0.6390625 0.8967715999999999 0.6390625 0.7621021796875
7 0.1936631859375 0.5990234375 0.20587021718749998 0.62294921875 0.20684677968749998 0.65029296875 0.20294052968749998 0.66591796875 0.1985459984375 0.67470703125 0.1897569359375 0.68251953125 0.1824327171875 0.6830078125 0.1834092796875 0.6791015625 0.1882920921875 0.67373046875 0.1921983421875 0.65517578125 0.1897569359375 0.6400390625 0.1799913109375 0.62197265625 0.1755967796875 0.61806640625 0.1707139671875 0.60830078125 0.1658311546875 0.60439453125 0.1570420921875 0.601953125 0.1536241234375 0.59755859375 0.1433702171875 0.59267578125 0.1277452171875 0.5921875 0.11895615468750001 0.601953125 0.10137802968750001 0.60537109375 0.08331162343750001 0.617578125 0.06915146718750001 0.63076171875 0.06475693593750001 0.6390625 0.0613389671875 0.65078125 0.0613389671875 0.66298828125 0.06426865468750001 0.67421875 0.07354599843750001 0.69130859375 0.08331162343750001 0.70009765625 0.09112412343750001 0.70498046875 0.10381943593750001 0.709375 0.1257920921875 0.709375 0.1365342796875 0.70595703125 0.1511827171875 0.69765625 0.1648545921875 0.68544921875 0.1731553734375 0.68447265625 0.1746202171875 0.6869140625 0.1633897484375 0.69521484375 0.1594834984375 0.7005859375 0.1560655296875 0.7123046875 0.1594834984375 0.7171875 0.1653428734375 0.72060546875 0.1765733421875 0.72255859375 0.1887803734375 0.719140625 0.21563584218749998 0.7201171875 0.24004990468749998 0.71572265625 0.2586045921875 0.699609375 0.2761827171875 0.68935546875 0.2849717796875 0.6791015625 0.2918077171875 0.664453125 0.2996202171875 0.65419921875 0.3220811546875 0.613671875 0.3337999046875 0.5716796875 0.3333116234375 0.5501953125 0.3303819359375 0.54287109375 0.3176866234375 0.5306640625 0.3118272484375 0.51845703125 0.2927842796875 0.4955078125 0.2781358421875 0.484765625 0.2703233421875 0.48134765625 0.24346787343749998 0.4798828125 0.1921983421875 0.484765625 0.1658311546875 0.49111328125 0.1321397484375 0.50625 0.11114365468750001 0.52578125 0.10040146718750001 0.54677734375 0.10137802968750001 0.5697265625 0.10919052968750001 0.57509765625 0.1360459984375 0.57119140625 0.1585069359375 0.57119140625 0.1775499046875 0.5814453125 0.1936631859375 0.5990234375