1 0.5773953265625 0.369007215625 0.634554515625 0.33899864218750003 0.6645630890625001 0.3218508859375 0.6717079874999999 0.3018451703125 0.6774239062499999 0.2146774078125 0.634554515625 0.1632341390625 0.6617051296875001 0.14608638125 0.6831398249999999 0.14608638125 0.6788528859375 0.038912903124999995 0.637412475 0.027481065625000002 0.6074039015625 0.016049228125000002 0.5631055296875 0.00747535 0.5088043015625 0.030339025 0.507375321875 0.07606637656250001 0.5173781796875 0.154660259375 0.518807159375 0.213248428125 0.5059463421875 0.280410475 0.5016594031249999 0.3375696625 0.547386753125 0.35471741875 0.5316679765625001 0.3647202765625 0.5773953265625 0.369007215625
2 0.6865076718750001 0 0.6759949265625 0.0289100453125 0.6788528859375 0.0817822953125 0.6845688046875 0.14037046250000002 0.6831398249999999 0.18323985468749998 0.6874267640625 0.2118194484375 0.6902847234375 0.213248428125 0.7217222781249999 0.20467455 0.756017790625 0.2146774078125 0.8088900406249999 0.224680265625 0.8560463703125001 0.218964346875 0.8874839234374999 0.21039046875 0.9489300515625001 0.1932427125 0.9403561734375 0.1632341390625 0.92749535625 0.1332255640625 0.9146345390625001 0.14608638125 0.9046316812499999 0.0989300515625 0.8931998421875 0.053202700000000006 0.86319126875 0.0717794375 0.8260377968749999 0.0646345390625 0.8046031015625001 0.031768004687500004 0.7917422828125 0.053202700000000006 0.781739425 0.07606637656250001 0.7460149328125001 0.09035617343749999 0.71886431875 0.0789243359375 0.6917137046875 0.054631681249999994 0.6945716640625 0.010333309374999999 0.6977029703125 0 0.6865076718750001 0
2 1 0 0.9552088546874999 0 0.9689357671875001 0.0203361671875 0.9703647468749999 0.048915760937500004 0.9832255640625001 0.0617765796875 0.9546459703124999 0.08892719375 0.933211275 0.11607780781249999 0.9246373968749999 0.13751250312500002 0.9532169906250001 0.1946716921875 0.9217794375 0.20467455 0.943826553125 0.22120988593750002 0.9460720921875 0.218964346875 0.9460720921875 0.2203933265625 1 0.20984221406249998 1 0
0 0.69495208125 0 0.6945716640625 0.00175943125 0.6888557437499999 0.050344740624999995 0.7131484 0.07606637656250001 0.7488728921875001 0.09035617343749999 0.784597384375 0.07749535625000001 0.811748 0.016049228125000002 0.8197726140625001 0 0.69495208125 0
0 0.8199485578125 0 0.8146059593749999 0.0089043296875 0.8060320812499999 0.0289100453125 0.8146059593749999 0.04748678125 0.8274667765625001 0.0646345390625 0.85175943125 0.0674924984375 0.87462310625 0.0674924984375 0.8929875375 0.044890121875 0.8903418828125 0.030339025 0.9032026999999999 0.013191268749999999 0.91023804375 0 0.8199485578125 0
1 0.95607495 0.3104190484375 0.998944340625 0.271836596875 0.9817965843749998 0.258975778125 0.9689357671875001 0.2504019 0.9432141328124999 0.2175353671875 0.9232084171875 0.20038761093750002 0.8789100453125 0.213248428125 0.8260377968749999 0.224680265625 0.7745945265625 0.2203933265625 0.7260092171875 0.20181659062500001 0.7017165625 0.21039046875 0.6788528859375 0.2118194484375 0.6831398249999999 0.23754108281250003 0.6817108453125 0.23468312343750003 0.6817108453125 0.328995784375 0.6988586031249999 0.351859459375 0.6874267640625 0.357575378125 0.66027615 0.351859459375 0.6617051296875001 0.376152115625 0.7045745218749999 0.376152115625 0.8003161625 0.351859459375 0.8660492281250001 0.34042762187500003 0.8960578015625 0.33899864218750003 0.9103476 0.33185374375 0.9146345390625001 0.323279865625 0.95607495 0.3104190484375
2 0.9090838453125001 0 0.9032026999999999 0.0117622890625 0.8874839234374999 0.026052085937500004 0.8917708624999999 0.057489640625000005 0.900344740625 0.1017880109375 0.9132055593749999 0.143228421875 0.9132055593749999 0.1417994421875 0.9146345390625001 0.13894148281250002 0.9160635187499999 0.13894148281250002 0.9146345390625001 0.14037046250000002 0.9160635187499999 0.14037046250000002 0.9417851531250001 0.1075039296875 0.9603618890625001 0.080353315625 0.9860835234374999 0.0589186203125 0.9703647468749999 0.0460578015625 0.9703647468749999 0.030339025 0.9555048156249999 0 0.9090838453125001 0
7 0 0.8820498499999999 0.008854167187500001 0.8848958328125001 0.029166667187500002 0.8859375 0.0322916671875 0.8833333328125 0.034375 0.8770833328125001 0.034375 0.8708333328125001 0.0276041671875 0.8625 0.0296875 0.8479166671874999 0.0416666671875 0.825 0.0484375 0.8171875 0.08333333281250001 0.7411458328125 0.084375 0.7296875 0.0890625 0.7177083328125 0.0984375 0.6752741203125 0.0984375 0.6588541671874999 0.0953125 0.6552083328125 0.0734375 0.6463541671874999 0.05 0.640625 0.0421875 0.640625 0.0348958328125 0.6453125 0.0333333328125 0.6546875 0.0260416671875 0.6708333328125 0.0197916671875 0.7088541671874999 0.0046875 0.7536458328125001 0.0010416671875 0.7588541671875 0 0.7639973984375 0 0.8820498499999999
0 0.3296875 1 0.3296875 0.9360576921875001 0.32135416562499997 0.9354166656250001 0.310416665625 0.9375 0.2984375 0.9432291656250001 0.2880208328125 0.9536458328125 0.284375 0.9630208328125001 0.28229166562499997 0.975 0.2828125 0.9942708328125001 0.285016025 1 0.3296875 1
1 0.3296875 0.7737787359375 0.3083333328125 0.7708333328125001 0.0817708328125 0.7458333328125001 0.07760416718749999 0.7484375 0.0401041671875 0.8302083328125001 0.0244791671875 0.8567708328125001 0.025 0.8661458328125 0.0416666671875 0.8697916671874999 0.0692708328125 0.8713541671874999 0.2932291671875 0.9026041671874999 0.3296875 0.9056066171874999 0.3296875 0.7737787359375
5 0 1 0.07362689375 1 0.0838541671875 0.9625 0.09635416718749999 0.9515625 0.11614583281249999 0.9484375 0.11875 0.9458333328125 0.11927083281249999 0.9333333328125001 0.10833333281249999 0.9239583328125001 0.0640625 0.9072916671875 0.0380208328125 0.9026041671874999 0.009375 0.9026041671874999 0.0010416671875 0.9046875 0 0.9052905703124999 0 1
1 0.17828187812500002 1 0.1755208328125 0.9770833328125 0.1671875 0.9692708328125 0.1572916671875 0.9645833328125001 0.1494791671875 0.9546875 0.1416666671875 0.9489583328125001 0.1057291671875 0.9489583328125001 0.084375 0.95625 0.08125 0.9609375 0.07234968281250001 1 0.17828187812500002 1
1 0.209375 0.9484375 0.2104166671875 0.9395833328125001 0.22760416718749998 0.9416666671874999 0.234375 0.9291666671875 0.2484375 0.9177083328125001 0.2510416671875 0.9114583328125001 0.24739583281250002 0.896875 0.24322916718749998 0.8947916671874999 0.0921875 0.8739583328125 0.078125 0.8734375 0.0765625 0.8755208328125 0.075 0.8932291671874999 0.0770833328125 0.896875 0.1338541671875 0.9416666671874999 0.1541666671875 0.9625 0.1703125 0.9729166671874999 0.1901041671875 0.9901041671874999 0.1953125 0.9895833328125001 0.1963541671875 0.9869791671874999 0.1875 0.9734375 0.1848958328125 0.9651041671874999 0.2036458328125 0.9583333328125001 0.209375 0.9484375
4 0.45835813593749997 0.44038938437499997 0.45091765937500006 0.4627108125 0.46579861093749997 0.48751239999999996 0.46579861093749997 0.4953125 0.467207340625 0.4953125 0.495560515625 0.477591765625 0.495560515625 0.45775049531249995 0.503125 0.44802473125000003 0.503125 0.4427951375 0.49804067500000004 0.4255084328125 0.4968005953125 0.4292286703125 0.479439484375 0.4391493046875 0.45835813593749997 0.44038938437499997
4 0.5662574421875 0.611954365625 0.5538566484375 0.587152778125 0.5315352171875001 0.578472221875 0.5749379953125 0.5301091265625 0.5637772812499999 0.5301091265625 0.5625372015625001 0.5201884921875 0.5724578390625 0.4891865078125 0.5662574421875 0.46934523749999996 0.5402157734374999 0.45074404687499997 0.52409474375 0.47926587343750005 0.51045386875 0.468105159375 0.49681299531250006 0.47926587343750005 0.47325148749999996 0.4916666671875 0.4534102171875 0.5077876984375 0.438529265625 0.509027778125 0.44470185781250005 0.5265167890625 0.4100074421875 0.5040674609375 0.41868799531250006 0.5226686515625 0.43604910624999993 0.553670634375 0.4534102171875 0.574751984375 0.4620907734375 0.5859126984375 0.48441220156250003 0.5958333328125 0.49557291562500005 0.6206349203125 0.4757316484375 0.6107142859375 0.45093005937499997 0.63055555625 0.4472098203125 0.611954365625 0.42984870937499997 0.5821924609375 0.4372891859375 0.578472221875 0.41744791562500005 0.5449900796875 0.4087673609375 0.5474702375 0.41248759843750005 0.5735119046875 0.413727678125 0.6082341265625 0.41868799531250006 0.644196428125 0.4335689484375 0.650396825 0.44844989999999996 0.677678571875 0.4211681546875 0.6751984125 0.42488839218749996 0.7012400796875 0.438529265625 0.7012400796875 0.4583705375 0.709920634375 0.4782118046875 0.714880953125 0.5054935515625 0.709920634375 0.49681299531250006 0.69131944375 0.483172121875 0.6739583328125001 0.46705109062499994 0.6739583328125001 0.46085069375 0.656597221875 0.4682911703125 0.6417162703124999 0.4819320453125 0.652876984375 0.49681299531250006 0.6640376984375 0.51045386875 0.6541170640624999 0.507973709375 0.63427579375 0.5278149796875 0.6553571421875001 0.5278149796875 0.6751984125 0.520374503125 0.690079365625 0.5402157734374999 0.6925595234374999 0.5650173609375 0.6975198406249999 0.58125 0.690562996875 0.58125 0.685565478125 0.5774181546875 0.6702380953125 0.5637772812499999 0.6615575390625 0.5464161703125 0.6330357140625 0.5662574421875 0.611954365625