1 0.4 0.278396925 0.36468253906250003 0.2312127984375 0.3566220234375 0.2312127984375 0.3572420625 0.22067212343749998 0.3405009921875 0.1946304578125 0.333060515625 0.195250496875 0.3318204359375 0.18222966406250002 0.29151785625 0.1301463296875 0.2667162703125 0.14812748125 0.21897321406249998 0.18718998125 0.19479166718750002 0.2002108140625 0.0980654765625 0.24485367187499998 0.090625 0.21199156874999997 0 0.2085421734375 0 0.5890625 0.31268315 0.5890625 0.374603175 0.53875248125 0.4 0.5273381781250001 0.4 0.278396925
6 0.028906248437499997 0 0.01982886875 0.0151289671875 0 0.0483557203125 0 0.23299569843749998 0.0247891859375 0.2296626984375 0.054551090625 0.23958333281250002 0.09361359062499999 0.22842261874999997 0.0985739078125 0.245163690625 0.10601438437499999 0.24268353125000003 0.185999503125 0.20424107187499999 0.225062003125 0.18315972187500001 0.290786209375 0.129836309375 0.33232886875 0.1825396828125 0.33418898750000003 0.1961805546875 0.33976934375 0.19432043593749998 0.358370534375 0.22160218281250002 0.358990575 0.232762896875 0.367051090625 0.23152281718749998 0.38937251875 0.265625 0.3961929546875 0.25694444375000003 0.4 0.2501461484375 0.4 0.031866450000000004 0.3825520828125 0.0194692453125 0.36209077343749996 0.0151289671875 0.3453497015625 0.0200892859375 0.32922867031249997 0.003968253125 0.3248025421875 0 0.028906248437499997 0
8 1 0.2652099625 0.969921875 0.24453125 0.9061197906250001 0.2171875 0.844921875 0.191145834375 0.7381510406249999 0.144270834375 0.7069010406249999 0.13125 0.6795572906249999 0.128645834375 0.6548177078125 0.140364584375 0.633984375 0.178125 0.602734375 0.24583333437500002 0.578125 0.29505208125000004 0.578125 0.2956267015625 0.637890625 0.43984375 0.723828125 0.476302084375 0.801953125 0.5088541671875 0.8657552078125 0.5322916671875 0.8917968625 0.534375 0.8992447921875 0.534375 0.9217447906250001 0.521875 0.9595052078125 0.43854166718750004 0.993359375 0.3578125 1 0.34486328125 1 0.2652099625
7 1 0.5890625 1 0.4075195328125 0.9954427078125001 0.40638020937499997 0.9654947921874999 0.4389322921875 0.958984375 0.440234375 0.943359375 0.475390625 0.9264322921874999 0.510546875 0.9108072921874999 0.5326822921875001 0.8782552078125001 0.5365885421875001 0.8600260421874999 0.5873697921875001 0.8551171890625 0.5890625 1 0.5890625
8 1 0.140962578125 0.9997395828125001 0.1408854171875 0.9307291671875 0.1317708328125 0.8643229171875 0.12395833281249999 0.8005208328125001 0.11875 0.7458333328125001 0.1135416671875 0.7184895828125001 0.1174479171875 0.7145833328125001 0.1369791671875 0.7184895828125001 0.1369791671875 0.78359375 0.16171875 0.8434895828125001 0.19296875 0.9177083328125001 0.22291666718749997 0.9828125 0.24635416718749997 1 0.2583106890625 1 0.140962578125
1 0.8485299046874999 0.5890625 0.8591145828125001 0.58359375 0.8604166671875 0.5848958328125 0.8747395828125001 0.53671875 0.79140625 0.50546875 0.709375 0.47291666718750003 0.6338541671875 0.43776041718750003 0.5782045734375 0.2979893453125 0.5791666671875 0.48463541718750003 0.6885416671875 0.5575520828125 0.7139381218749999 0.5890625 0.8485299046874999 0.5890625
10 0.3015625 1 0.3015625 0.9927066671875 0.285412040625 0.9708606812499999 0.2880610671875 0.9353076796875 0.2897116984375 0.902656959375 0.27933060468750004 0.87807709375 0.26722013125 0.8636525265625 0.241357159375 0.851807340625 0.2063387734375 0.8510334078125 0.10665984531249999 0.8472414796875001 0.09005414218749999 0.8505447187499999 0.081005375 0.857942153125 0.0741196140625 0.8584858515625001 0.0494504640625 0.87322835 0.0480123640625 0.913853453125 0.0449553109375 1 0.3015625 1
0 0.4 1 0.4 0.884884890625 0.389211309375 0.882663690625 0.36688988125 0.8824156750000001 0.3433283734375 0.8836557546874999 0.3247271828125 0.8863839296875 0.3125744046875 0.8896081359375 0.3063740078125 0.892336309375 0.3024057546875 0.89481646875 0.2929811515625 0.9034970234374999 0.2900049609375 0.9092013890625001 0.28802083437500003 0.9245783734374999 0.285292659375 0.96376488125 0.285540675 0.9736855156249999 0.28926091249999997 0.9798859125 0.2999255953125 0.9915426593750001 0.300917659375 0.9974950406249998 0.30080379687500003 1 0.4 1
2 0.4 0.5890625 0.3115722734375 0.5890625 0.3070932546875 0.5938244046875 0.3013888890625 0.5970486109375 0.2976686515625 0.6005208328125 0.29320436562499996 0.60771329375 0.29171627031249997 0.6119295640625 0.29320436562499996 0.64813988125 0.296428571875 0.679141865625 0.30114087343749996 0.6987351187499999 0.3132936515625 0.7371775796875 0.3358630953125 0.8306795640625 0.3398313484375 0.8534970234374999 0.3408234125 0.882266865625 0.3428075390625 0.8847470234374999 0.34801587343749996 0.88524305625 0.3730654765625 0.8842509921874999 0.4 0.8861578609375 0.4 0.5890625
5 0 0.5890625 0 1 0.0442070578125 1 0.0449404765625 0.994866071875 0.04444444375 0.9561755953125001 0.0422123015625 0.9527033734374999 0.037748015625 0.9504712296875001 0.0320436515625 0.944766865625 0.022123015625 0.9378224203125001 0.0179067453125 0.9303819437499999 0.008234126562500001 0.8936755953125001 0.00625 0.8619295640625 0.0030257937499999998 0.8348958328125 0.003273809375 0.8217509921874999 0.006746031249999999 0.8083581343749999 0.0203869046875 0.7850446421875 0.030555556249999997 0.770163690625 0.0375 0.757266865625 0.0489087296875 0.7284970234375 0.050148809375000006 0.722792659375 0.0479166671875 0.7148561515624999 0.034523809375 0.7056795640625 0.024603174999999998 0.6969990078125 0.0263392859375 0.68955853125 0.0263392859375 0.6843501984375 0.0238591265625 0.6595486109375 0.012946428125000001 0.6275545640625 0.013690476562500001 0.623834325 0.0176587296875 0.6201140875 0.0196428578125 0.6201140875 0.021130953124999997 0.6181299609375001 0.020138889062500002 0.608457340625 0.011791740625 0.5890625 0 0.5890625
5 0.9449106078125 1 0.9415178578125001 0.842237103125 0.9365575390625 0.698387896875 0.8857142859374999 0.6959077375 0.833630953125 0.714508928125 0.812549603125 0.7628720234374999 0.8113095234374998 0.8062748015625001 0.7951884921875 0.91788194375 0.8051091265625001 0.948883928125 0.7872590703125001 1 0.9449106078125 1
5 0.7895694296875 1 0.80262896875 0.9625248015625001 0.7989087296875 0.932762896875 0.796428571875 0.9129216265625001 0.7976686515625 0.8744791671875 0.7617063484375001 0.9030009921875 0.73194444375 0.9377232140625 0.7071428578125 0.9687251984374999 0.7046626984375 0.9687251984374999 0.7095493859374999 1 0.7895694296875 1