1 0.41875 0.559375 0.41875 0.5108209421875001 0.405224609375 0.4541015625 0.399853515625 0.39111328125 0.395458984375 0.3623046875 0.390576171875 0.345703125 0.387158203125 0.34326171875 0.381787109375 0.34619140625 0.363720703125 0.34765625 0.352978515625 0.3544921875 0.342236328125 0.35791015625 0.337353515625 0.36328125 0.335400390625 0.3701171875 0.334912109375 0.38232421875 0.338330078125 0.40771484375 0.352978515625 0.466796875 0.357373046875 0.49658203125 0.363720703125 0.51611328125 0.365673828125 0.53369140625 0.370068359375 0.54150390625 0.373715521875 0.559375 0.41875 0.559375
3 0.171142578125 0.0689453125 0.167724609375 0.07041015625 0.164306640625 0.07919921875 0.160888671875 0.08212890625 0.160888671875 0.10458984375 0.151123046875 0.1138671875 0.145751953125 0.12265625 0.146728515625 0.16318359375 0.148193359375 0.171484375 0.152587890625 0.179296875 0.150146484375 0.1890625 0.150634765625 0.2056640625 0.164306640625 0.2193359375 0.168701171875 0.2203125 0.1737932484375 0.2203125 0.175537109375 0.21787109375 0.175537109375 0.20859375 0.171630859375 0.19345703125 0.171630859375 0.1841796875 0.197998046875 0.17490234375 0.1984375 0.1549072265625 0.1984375 0.1291015625 0.193603515625 0.116796875 0.179931640625 0.10556640625 0.178466796875 0.08408203125 0.174560546875 0.07919921875 0.174072265625 0.0728515625 0.171142578125 0.0689453125
5 0.159033203125 0.247412109375 0.154638671875 0.239599609375 0.144873046875 0.236669921875 0.139013671875 0.253759765625 0.138525390625 0.259619140625 0.142431640625 0.269873046875 0.139990234375 0.284033203125 0.142919921875 0.286474609375 0.148291015625 0.303564453125 0.199560546875 0.298681640625 0.22958984375 0.3046875 0.2565673828125 0.3046875 0.260595703125 0.304541015625 0.263037109375 0.303076171875 0.269873046875 0.283544921875 0.284375 0.279919434375 0.284375 0.276027425 0.273779296875 0.264990234375 0.275732421875 0.254736328125 0.272802734375 0.245458984375 0.267919921875 0.241552734375 0.258154296875 0.239111328125 0.233251953125 0.237646484375 0.228369140625 0.220556640625 0.219580078125 0.209326171875 0.2135498046875 0.2046875 0.20732865781249998 0.2046875 0.196142578125 0.209814453125 0.179541015625 0.210302734375 0.171240234375 0.234716796875 0.163427734375 0.241064453125 0.163427734375 0.246923828125 0.159033203125 0.247412109375
5 0.224072265625 0.35263671875 0.229931640625 0.3287109375 0.232373046875 0.323828125 0.240673828125 0.321875 0.235791015625 0.30673828125 0.200146484375 0.29892578125 0.187939453125 0.29892578125 0.172802734375 0.30380859375 0.152294921875 0.30478515625 0.134716796875 0.31259765625 0.129345703125 0.3169921875 0.127880859375 0.3248046875 0.122998046875 0.32626953125 0.122509765625 0.32822265625 0.127880859375 0.34921875 0.129833984375 0.37265625 0.137158203125 0.3833984375 0.159130859375 0.40146484375 0.182568359375 0.41416015625 0.214794921875 0.4234375 0.2451520640625 0.4265625 0.246875 0.4265625 0.246875 0.41898716562500005 0.236767578125 0.41513671875 0.233837890625 0.4107421875 0.226025390625 0.3892578125 0.224560546875 0.37998046875 0.224072265625 0.35263671875
5 0.08564453125 0.2599609375 0.079296875 0.26240234375 0.07197265625 0.2736328125 0.06025390625 0.286328125 0.059765625 0.2892578125 0.06220703125 0.28974609375 0.0763671875 0.28486328125 0.07734375 0.2892578125 0.07490234375 0.2921875 0.0763671875 0.29609375 0.075390625 0.301953125 0.08515625 0.30244140625 0.079296875 0.3283203125 0.06513671875 0.3400390625 0.06513671875 0.34150390625 0.0724609375 0.3439453125 0.07294921875 0.35224609375 0.09296875 0.35419921875 0.1154296875 0.36201171875 0.1203125 0.36103515625 0.12275390625 0.3673828125 0.1291015625 0.3712890625 0.1291015625 0.35126953125 0.12373046875 0.3283203125 0.1291015625 0.32490234375 0.13125 0.3148763015625 0.13125 0.3097795765625 0.12861328125 0.3048828125 0.12861328125 0.2931640625 0.1251953125 0.282421875 0.106640625 0.26484375 0.0978515625 0.26142578125 0.08564453125 0.2599609375
1 0.0802734375 0.32724609375 0.08173828125 0.3150390625 0.07001953125 0.31845703125 0.0099609375 0.34482421875 0.008984375 0.351171875 0.01533203125 0.38193359375 0.040234375 0.4693359375 0.04658203125 0.48203125 0.08076171875 0.52353515625 0.08983800625 0.53125 0.09384765625 0.53125 0.098828125 0.53037109375 0.122265625 0.51572265625 0.134375 0.51153095 0.134375 0.4920841 0.1193359375 0.37265625 0.1134765625 0.36240234375 0.10859375 0.358984375 0.07392578125 0.351171875 0.07099609375 0.3375 0.0802734375 0.32724609375
3 0.15 0.1904059703125 0.133056640625 0.1763671875 0.134521484375 0.20029296875 0.142180525 0.20625 0.15 0.20625 0.15 0.1904059703125
3 0.1427734375 0.013330078125 0.1408203125 0.012841796875 0.1388671875 0.015283203125 0.137890625 0.025537109375 0.1330078125 0.028466796875 0.13544921875 0.040673828125 0.1359375 0.069970703125 0.1349609375 0.076318359375 0.12763671875 0.090478515625 0.12373046875 0.103173828125 0.12666015625 0.137841796875 0.12958984375 0.150048828125 0.1511216109375 0.165625 0.1525634765625 0.165625 0.153515625 0.125634765625 0.1609375 0.1093994140625 0.1609375 0.0883588 0.153515625 0.070458984375 0.15107421875 0.045556640625 0.1515625 0.030419921875 0.145703125 0.025048828125 0.14521484375 0.016748046875 0.1427734375 0.013330078125
3 0 0.07041829375 0.000927734375 0.075830078125 0.0032421875000000003 0.0796875 0.02024658125 0.0796875 0.017529296875 0.071923828125 0.009228515625 0.064111328125 0 0.059697690625 0 0.07041829375
3 0 0 0 0.044885253125 0.00224609375 0.047412109375 0.0017578125 0.052294921875 0.014404296875 0.0546875 0.0199951171875 0.0546875 0.0203125 0.052783203125 0.0232421875 0.051318359375 0.0203125 0.008349609375 0.0212890625 0.004931640625 0.025 0.0026123046875 0.025 0 0 0
3 0.0390625 0.10974469843750001 0.04580078125 0.118408203125 0.0640299484375 0.118408203125 0.06630859375 0.115966796875 0.0666341140625 0.118408203125 0.06875 0.118408203125 0.06875 0.11798967656249999 0.05556640625 0.106689453125 0.0462890625 0.104736328125 0.04482421875 0.100341796875 0.03994140625 0.097412109375 0.0390625 0.1083984375 0.0390625 0.10974469843750001
3 0.030925435937500002 0 0.020751953125 0.00751953125 0.024658203125 0.05634765625 0.042236328125 0.07490234375 0.06673828125 0.09375 0.0671875 0.09375 0.0671875 0.0687717015625 0.063720703125 0.04951171875 0.063720703125 0.04267578125 0.0671875 0.0301086421875 0.0671875 0.025732421875 0.066162109375 0.01923828125 0.055908203125 0.00703125 0.0537737171875 0 0.030925435937500002 0
3 0.067787246875 0 0.069140625 0.016748046875 0.061328125 0.028955078125 0.0609375 0.038330078125 0.0609375 0.0412447421875 0.0671875 0.077783203125 0.06767578125 0.092919921875 0.06962890625 0.097314453125 0.0909034515625 0.1140625 0.092299240625 0.1140625 0.08720703125 0.089990234375 0.08720703125 0.077294921875 0.09404296875 0.065576171875 0.096875 0.0556640625 0.096875 0.053434245312499996 0.0955078125 0.027001953125 0.09453125 0.023583984375 0.08720703125 0.015771484375 0.08558110468749999 0 0.067787246875 0
3 0.106005859375 0.1728515625 0.111376953125 0.17578125 0.123095703125 0.1875 0.1327110875 0.1875 0.1328125 0.187060546875 0.1328125 0.1821044921875 0.129931640625 0.1806640625 0.127490234375 0.17041015625 0.106005859375 0.15087890625 0.103125 0.15135905 0.103125 0.1517252609375 0.106005859375 0.1728515625
3 0.117919921875 0.056640625 0.120849609375 0.078125 0.106201171875 0.08447265625 0.101318359375 0.0947265625 0.100830078125 0.10302734375 0.104736328125 0.12744140625 0.118896484375 0.140625 0.124365234375 0.14375 0.12570452031249998 0.14375 0.124267578125 0.103515625 0.134375 0.079662109375 0.134375 0.055588107812499996 0.130615234375 0.05224609375 0.129150390625 0.044921875 0.125732421875 0.041015625 0.123779296875 0.04248046875 0.121826171875 0.052734375 0.117919921875 0.056640625
3 0.0986837640625 0 0.096875 0.00693359375 0.09296875 0.01181640625 0.0958984375 0.0279296875 0.09638671875 0.05234375 0.09443359375 0.062109375 0.08564453125 0.07919921875 0.08564453125 0.08798828125 0.0919921875 0.11484375 0.096875 0.12021484375 0.1007486984375 0.121875 0.103552246875 0.121875 0.10126953125 0.10361328125 0.102734375 0.09140625 0.10712890625 0.08408203125 0.1203125 0.0790813578125 0.1203125 0.06552734375 0.11298828125 0.046484375 0.11005859375 0.00986328125 0.10615234375 0.00693359375 0.10528564375 0 0.0986837640625 0
10 0.62199244375 0 0.6123139875 0.0026537703125 0.6068576375 0.0058779765625 0.6018973203125 0.0113343265625 0.5852802578125 0.0341517859375 0.5756076375 0.0408482140625 0.5728794640625 0.044568453125000004 0.5726314484375 0.0497767859375 0.57411954375 0.053249007812500006 0.6011532734375 0.0996279765625 0.6043774796875 0.1065724203125 0.6445560515625 0.17576885 0.6802703359375 0.23132440468749998 0.68721478125 0.24025297656250003 0.690687003125 0.24322916718749998 0.7132564484375 0.25166170625 0.7440104156249999 0.2595982140625 0.7693080343750001 0.2680307546875 0.8093598375 0.2765625 0.8237227468749999 0.2765625 0.8737227171875 0.2749751984375 0.8826512890625 0.273487103125 0.88984375 0.270262896875 0.8950520828125 0.263814484375 0.9012524796874999 0.24794146874999998 0.9109250984374999 0.22859623125 0.9329985109375001 0.20007440468749998 0.940190971875 0.1804811515625 0.9451512890625 0.1780009921875 0.955815971875 0.17626488125 0.9600322437500001 0.172792659375 0.9612723203125 0.1703125 0.9694568468749999 0.1326140875 0.9734375 0.1196769609375 0.9734375 0.10707077812500002 0.97119295625 0.103844246875 0.9568080343750001 0.09441964375 0.95556795625 0.09243551562499999 0.9550719234375 0.0864831359375 0.9563120031250001 0.08201885 0.9582961296875 0.0626736109375 0.9582961296875 0.0492807546875 0.95556795625 0.0396081359375 0.95234375 0.03291170625 0.9451512890625 0.022495040625 0.93721478125 0.0145585328125 0.9258060515625001 0.006622024999999999 0.9109432859375 0 0.62199244375 0
0 1 0.0823987046875 0.9956225203125001 0.089310515625 0.9928943453125001 0.0965029765625 0.9909102187500001 0.1059275796875 0.9849578375 0.116344246875 0.9802455359375 0.1275049609375 0.9680927562499999 0.1661954359375 0.95693204375 0.19074900781249998 0.9477554546875 0.22001488125000002 0.94031498125 0.2366319453125 0.9286582343750001 0.2678819453125 0.9241939484374999 0.2857390875 0.9239459328125001 0.291443453125 0.9249379968749999 0.2959077375 0.9323784734375 0.31078869062500003 0.9408110125 0.32021329375 0.9482514890625 0.325917659375 0.956684028125 0.329637896875 0.97308614375 0.3328125 1 0.3328125 1 0.0823987046875
0 0.7984126984375 0.2736483125 0.7765873015625 0.26893601093749997 0.75029761875 0.2607514875 0.7287202374999999 0.2555431546875 0.7128472218749999 0.2498387890625 0.6114087296874999 0.22131696406249998 0.6012400796875 0.2210689484375 0.5888392859375 0.22478918593750002 0.5769345234375 0.23396577343749997 0.565277778125 0.24562251875 0.5608134921875 0.2528149796875 0.5538690484375 0.2684399796875 0.5508928578125 0.2783606140625 0.5479166671875 0.29522569375 0.5476686515625 0.3086185515625 0.54990079375 0.32225942343749997 0.55362103125 0.3341641859375 0.5608134921875 0.348053075 0.5665178578125 0.3554935515625 0.5747023812500001 0.3621899796875 0.5831349203125 0.3659102171875 0.59131944375 0.36764632812500003 0.6887896828125 0.3775669640625 0.706398809375 0.37855902656249996 0.7517857140624999 0.3840153765625 0.781795634375 0.38525545625 0.792622259375 0.3875 0.8211791749999999 0.3875 0.821230159375 0.3874875984375 0.8331349203125 0.382279265625 0.8455357140625 0.3743427578125 0.85049603125 0.3683903765625 0.8554563500000001 0.3599578359375 0.8584325390625 0.3530133921875 0.859375 0.3489742765625 0.859375 0.318836803125 0.858928571875 0.316555059375 0.8559523812500001 0.3098586296875 0.8512400796874999 0.3029141859375 0.8398313500000001 0.2902653765625 0.8289186515625001 0.28332093125 0.7984126984375 0.2736483125
3 0.7901740296875 0.559375 0.7953125 0.5510471328125 0.7953125 0.527500628125 0.7925927578125 0.504782784375 0.7901125984374999 0.47006056249999995 0.7809360125 0.430378021875 0.778951884375 0.4251696890625 0.7710153765625 0.41822524375 0.7712633921875 0.414753021875 0.7739915671875 0.4132649265625 0.7739915671875 0.411528815625 0.7729995031250001 0.4100407203125 0.7710153765625 0.41053675156249997 0.7707673609375 0.4097927046875 0.769775296875 0.39739191093750004 0.7677911703125 0.3906954828125 0.7650629953125 0.3879673078125 0.7605987109375001 0.38623119687499996 0.744477678125 0.382758975 0.7077713296875 0.37829468906249997 0.6923943453125 0.3785427046875 0.68768204375 0.379782784375 0.6832177578125 0.3822629421875 0.6685848218749999 0.38623119687499996 0.6579201390625 0.3911915140625 0.6494875984374999 0.3968958796875 0.6452713296875 0.4021042125 0.644279265625 0.40483238750000006 0.643783234375 0.4100407203125 0.6462633921875 0.42343357812500004 0.6494875984374999 0.42864191093750004 0.65643204375 0.4343462765625 0.65643204375 0.4385625453125 0.6517197421875001 0.4477391328125 0.6460153765625 0.4631161171875 0.6455193453125 0.4715486578125 0.646511409375 0.49089389531250005 0.6494875984374999 0.5062708796875001 0.65643204375 0.52760024375 0.663121465625 0.559375 0.7901740296875 0.559375
4 0.910119046875 0.27332589375 0.9071428562499999 0.2701016875 0.9046626984374999 0.26985367031249996 0.9001984125 0.2728298609375 0.897222221875 0.2728298609375 0.8930059515625001 0.270349703125 0.8892857140625001 0.26985367031249996 0.88134920625 0.27332589375 0.8739087296874999 0.2750620046875 0.8711805546875 0.2810143859375 0.8689484125 0.295151290625 0.8639880953125001 0.295151290625 0.8493551578125 0.29911954375 0.8560515875 0.3117683515625 0.8587797609375001 0.3189608140625 0.8605158734374999 0.3273933515625 0.8605158734374999 0.3400421609375 0.859027778125 0.34921875 0.8555555546875 0.3588913671875 0.847619046875 0.37278025625 0.849851190625 0.38022073437500004 0.8513392859375 0.392125496875 0.855803571875 0.39559771875 0.8620039687500001 0.3968377984375 0.8835813484374999 0.404278271875 0.8925099203125001 0.41072668749999997 0.900446428125 0.41915922656250004 0.902678571875 0.42039930625000005 0.9193886390625 0.4234375 0.92481399375 0.4234375 0.9269841265625001 0.42312748125 0.9287202375 0.42163938593749994 0.940873015625 0.3993179546875 0.940873015625 0.3965897828125 0.9386408734374999 0.3951016875 0.9354166656250001 0.394605653125 0.933928571875 0.39237351249999997 0.933928571875 0.38840525625 0.9359126984374999 0.3812127984375 0.9391369046874999 0.3757564484375 0.9445932531250001 0.37079613125 0.946825396875 0.366579859375 0.9520337296874999 0.3628596234375 0.9555059515625001 0.3588913671875 0.9577380953125001 0.3539310515625 0.959375 0.3465649796875 0.959375 0.34006200625 0.9584821421874998 0.3375620046875 0.9507936499999999 0.3306175578125 0.9336805546875 0.310776290625 0.9247519843750001 0.29415922656250004 0.9165674593750002 0.2842385921875 0.910119046875 0.27332589375
6 0.896540178125 0.25664682499999997 0.8943080343750001 0.2640873015625 0.89406001875 0.26805555625 0.8950520828125 0.26929563437500004 0.899764384375 0.2702876984375 0.9064608125 0.2695436515625 0.9077008921874998 0.2705357140625 0.9186135906249999 0.28789682499999997 0.9209220468750001 0.290625 0.9243436124999999 0.290625 0.9300223203125 0.2700396828125 0.9344866062499999 0.25887896875 0.9396949390625 0.24102182499999997 0.9486235109375001 0.22068452343749997 0.9515625 0.20966331562499999 0.9515625 0.20938244374999998 0.9503596218750001 0.2048115078125 0.933742559375 0.2045634921875 0.9317584312499999 0.20505952343749997 0.92803819375 0.208531746875 0.9111731140625 0.227380953125 0.896540178125 0.25664682499999997
6 1 0.33181121406249997 0.9990451406249999 0.33205605 0.9868923625000001 0.3332961296875 0.9712673625000001 0.3332961296875 0.9573784734374999 0.3310639875 0.9558903781249999 0.3295758921875 0.9544022828125 0.3295758921875 0.9553943468749999 0.334536209375 0.9588665687500001 0.3399925578125 0.9588665687500001 0.347433034375 0.9556423625000001 0.3585937484375 0.9499379968749999 0.36529017656249996 0.9372891875 0.37545882812500003 0.9291046640625 0.3881076375 0.9291046640625 0.394308034375 0.9310887906249998 0.3957961296875 0.9405133937500001 0.39778025625 0.9506820453125 0.3985243046875 0.9553943468749999 0.40050843125 0.9685391875 0.4024925578125 0.9742435531249999 0.407452875 0.9762276796875 0.4153893828125 0.9759796640625 0.4558159703125 0.9767237109375 0.466480653125 0.9811879968749999 0.472433034375 0.9955729171875 0.47466517656249996 1 0.4769162359375 1 0.33181121406249997
6 0.1855876609375 0.559375 0.1765335640625 0.593501984375 0.138091103125 0.597222221875 0.0835276109375 0.6207837296875 0.0760871359375 0.622023809375 0.075260415625 0.622023809375 0.075514790625 0.622786934375 0.07856729375 0.622023809375 0.081047453125 0.622023809375 0.1008887234375 0.6741071421875 0.12445023125000002 0.700148809375 0.125690309375 0.7175099203124999 0.146771659375 0.747271825 0.138091103125 0.7584325390625001 0.16537285 0.7733134921875 0.216216103125 0.7807539671875 0.2447379296875 0.78447420625 0.26829943749999996 0.7695932531249999 0.27697999218749997 0.726190475 0.294341103125 0.737351190625 0.286900628125 0.76339285625 0.3042617390625 0.7881944437499999 0.32588596875000003 0.7984375 0.3287409046875 0.7984375 0.353864915625 0.7733134921875 0.372466103125 0.7869543640625001 0.38734705625 0.76339285625 0.40098792968749997 0.726190475 0.4133887234375 0.6889880953125 0.41875 0.6922873421875 0.41875 0.6298280421875 0.4133887234375 0.6083829359374999 0.39106729375 0.5873015875 0.36314070625 0.559375 0.3410732453125 0.559375 0.3352637234375 0.5835813484375 0.32286292968749997 0.5674603171875 0.32040218125000003 0.559375 0.1855876609375 0.559375
3 0 0.8280140453125 0.0388640875 0.810627478125 0.0785466265625 0.7920262906250001 0.10210813437499999 0.783345734375 0.119469246875 0.7635044625 0.1421875 0.7455689999999999 0.1421875 0.743404153125 0.120709325 0.705220734375 0.10210813437499999 0.6717385921875 0.08970734062499999 0.6556175578125 0.0884672625 0.6593377984375 0.042584325 0.680419146875 0.0177827375 0.7027405734375 0 0.715673475 0 0.8280140453125
5 0.41875 0.7850232234375 0.40837053437500004 0.7856522828125 0.3463665671875 0.786892359375 0.30048362968750003 0.7856522828125 0.2595610109375 0.786892359375 0.2099578359375 0.78193204375 0.16655505937499998 0.7831721234375 0.12439236093749999 0.7782118062500001 0.10455109062500001 0.7769717265625 0.0723090265625 0.7906126 0.0214657734375 0.8178943453125 0.025186010937499996 0.8178943453125 0.0003844234375 0.8550967265625001 0 0.8555292031249999 0 0.9057423437499998 0.036346725 0.9171006953124999 0.10331101093749999 0.9270213296875 0.1640749 0.9344618046875001 0.21119791562499998 0.944382440625 0.2670014875 0.9518229171874999 0.3438864078125 0.960503471875 0.392249503125 0.9679439484374999 0.41875 0.9713633671874999 0.41875 0.7850232234375
5 0 0.7144436609375 0.014918154687499999 0.70266616875 0.039719743749999994 0.681584821875 0.062041170312500005 0.6729042640625 0.089322915625 0.656783234375 0.073201884375 0.62454116875 0.0921875 0.6138617609375 0.0921875 0.6132453515625 0.0694816484375 0.60966021875 0.02607886875 0.6022197421875 0 0.595548403125 0 0.7144436609375
5 0.41875 1 0.41875 0.9720949515624999 0.393799603125 0.9688120046875 0.3107142859375 0.9551711296875001 0.2462301578125 0.9452504953125 0.1792658734375 0.9378100203124999 0.1296626984375 0.9303695421875 0.0763392859375 0.9204489078125 0.0416170640625 0.915488590625 0 0.9087398765625 0 0.9519761984375 0.0453373015625 0.9787326390625001 0.0892441125 1 0.41875 1
3 0.013814484375 0.559375 0.013814484375 0.5818452375 0.034895834375000004 0.6004464281249999 0.07333829375 0.606646825 0.08499504062499999 0.6078125 0.10076885 0.6078125 0.1254216265625 0.5954861109375 0.1551835328125 0.59424603125 0.1750248015625 0.59052579375 0.17626488125 0.5892857140625 0.1840676765625 0.559375 0.013814484375 0.559375
2 0.41875 1 0.5061170203125 1 0.5166666656250001 0.9911458328125 0.5317708328124999 0.9854166656250001 0.5395833328124999 0.9791666656250001 0.5625 0.9677083328125 0.5984375 0.953125 0.603125 0.9493749984375001 0.603125 0.9426185359374999 0.5890625 0.9203125 0.5802083328125 0.901041665625 0.568229165625 0.8255208328125001 0.5645833328125 0.8140625 0.5552083328124999 0.8119791656249999 0.5161458328124999 0.8234375 0.44010416562500004 0.836979165625 0.41875 0.8427625859375001 0.41875 1