7 0.3447751015625 0.709375 0.3458047875 0.70774615625 0.347595265625 0.6967381875 0.346279190625 0.6864569078125 0.3455503734375 0.6823255546875 0.3532708578125 0.67390135625 0.3546875 0.6695881546875 0.3546875 0.6654835640625001 0.336117840625 0.6570664546875 0.33164546875 0.6627453875 0.322700725 0.67410325625 0.3186530171875 0.673726459375 0.3091210109375 0.6789343999999999 0.2874612921875 0.709375 0.3447751015625 0.709375
7 0.498588025 0.346239078125 0.4988214 0.35743545 0.4944905828125 0.36109580625 0.4934154234375 0.37420211718749996 0.5097016625 0.38125 0.5122098375 0.38125 0.521104828125 0.3737320515625 0.5257187562500001 0.3660345421875 0.5345219453125 0.356695253125 0.5420300984375 0.35129891406249997 0.5638467796875 0.34520278437499996 0.5931716140625001 0.333710315625 0.602845175 0.326483803125 0.6106364390625 0.31705031250000004 0.6470524171875 0.26253525 0.65 0.2503034484375 0.65 0.2439771765625 0.6336429546875 0.2358900640625 0.6267718 0.2322028109375 0.6215706125 0.2337503921875 0.6079698578125 0.224357303125 0.5971027078125 0.2203125 0.5951296968750001 0.2203125 0.5674927890625 0.22058935625 0.548761740625 0.2203125 0.5153792578124999 0.2203125 0.50234689375 0.2490648265625 0.49184504218749997 0.2826270328125 0.48897185781249997 0.294550090625 0.49299086875000003 0.3243846375 0.49901269218750005 0.34018335 0.498588025 0.346239078125
7 0.5443359109375 0.3828125 0.5546875 0.3545570140625 0.5546875 0.349520128125 0.5432613609375 0.35106153125 0.5343166140625 0.36241939843750004 0.5265253515625 0.3718528875 0.519597440625 0.381366746875 0.5351283859375 0.3828125 0.5443359109375 0.3828125
7 0.47092723124999997 0.357168975 0.45949127812499996 0.358136171875 0.44896899531249995 0.36528368125 0.44494232968749997 0.37913112031249996 0.44228147812499996 0.388026315625 0.4415029234375 0.399128484375 0.4581815390625 0.43725263124999997 0.4849291171875 0.4546875 0.4861444078125 0.4546875 0.5044470578125 0.445622925 0.5125 0.4295898359375 0.5125 0.42667639062499996 0.5103847203125 0.40452471093750003 0.5049501578125 0.39487592656250003 0.4949514046875 0.37769112968749996 0.4862687296875 0.3707876125 0.47953912968749995 0.3650817796875 0.47092723124999997 0.357168975
7 0.6796875 0.263982371875 0.661005259375 0.25212248593750003 0.6525559578125 0.2564153359375 0.6312768015625 0.2838949140625 0.6171519078125 0.311024596875 0.6017109375 0.32787299999999997 0.6005784953125 0.3440216078125 0.599233721875 0.3631980828125 0.6006913546875 0.371460784375 0.6025365671875 0.386870703125 0.5935791703125 0.400259146875 0.5854340203125 0.41473907656250003 0.58401846875 0.4349248375 0.5973571515625 0.46257931093750004 0.6022044531249999 0.46607816875 0.6174541312499999 0.46648186249999996 0.6250330609375 0.4600762359375 0.628210396875 0.4583402546875 0.639858075 0.46653565781250006 0.6436498203125 0.471875 0.658989046875 0.471875 0.661908128125 0.4716358953125 0.6695578375 0.4642209796875 0.6796875 0.45390580937499997 0.6796875 0.3961075875 0.678043490625 0.38678839374999996 0.6796875 0.3729027109375 0.6796875 0.263982371875
7 0.45526758906250003 0.261596565625 0.4499527296875 0.249716653125 0.44139160312500003 0.2340314265625 0.438816525 0.22065499375000003 0.417630465625 0.2221859421875 0.378565625 0.228183046875 0.3459139515625 0.2303982421875 0.3733851640625 0.264483628125 0.3971036328125 0.289461865625 0.4190585875 0.3020149953125 0.4233178140625 0.31642398437499997 0.4367483359375 0.3378171859375 0.45564007812499996 0.34395469843750004 0.46064985312499995 0.3601851140625 0.46873232500000006 0.3609375 0.48748214218749997 0.3609375 0.49375 0.3523414421875 0.49375 0.3463516 0.49208716875 0.33771390625 0.488517475 0.32599645312500003 0.4865525640625 0.3039190015625 0.47356750937500003 0.28869773906249996 0.46232761718750004 0.27363893125 0.45526758906250003 0.261596565625
7 0.19000106875 0.604744646875 0.2196720890625 0.6109375 0.22639734687500002 0.6109375 0.256936946875 0.5970732015625 0.2702123296875 0.5730864828125 0.275 0.41001300625 0.275 0.33750259531250004 0.23679940312499997 0.2830701140625 0.23124900625000003 0.27204405781249996 0.230985315625 0.24574606718749997 0.22049230468749997 0.23005616093749998 0.21630390625 0.22966626875 0.19000106875 0.604744646875
7 0.3245336203125 0.47998963593750005 0.3193201375 0.49421745 0.34422369218750004 0.544878821875 0.35410892656250004 0.5542065265625 0.35927577187500004 0.5546875 0.38366125625 0.5546875 0.394462459375 0.5348423453125 0.3953125 0.5302088953124999 0.3953125 0.5203852390625 0.3880185828125 0.47644091718750003 0.3676623515625 0.4661384828125 0.3559025796875 0.45348346875 0.33712800781249996 0.4506848328125 0.3235377265625 0.4641328640625 0.3245336203125 0.47998963593750005
7 0.3577138484375 0.36595393593750003 0.35 0.3724719875 0.35 0.373583121875 0.3512336046875 0.38321664218749996 0.3656733390625 0.38771362656249997 0.3692759734375 0.39645649375 0.3839353703125 0.397821115625 0.4467173171875 0.3742391375 0.452831459375 0.362197040625 0.453125 0.35801115625 0.453125 0.344008728125 0.4397829125 0.3378617390625 0.4233734046875 0.31636638437500003 0.3710404390625 0.326207915625 0.3693343546875 0.335507540625 0.3546237546875 0.34990221875 0.3577138484375 0.36595393593750003
7 0.345161028125 0.4117788078125 0.32670135 0.4195188640625 0.3260423671875 0.4289159609375 0.3349757375 0.45181724687499997 0.3547974109375 0.4547133546875 0.3676042828125 0.4674658421875 0.4159638421875 0.4828125 0.4212417109375 0.4828125 0.4300641578125 0.4785348296875 0.4508597109375 0.4825725328125 0.4609375 0.46841240156249997 0.4609375 0.46580789375 0.458972815625 0.4570543265625 0.43764270781250003 0.4456102984375 0.43155775468749996 0.4271779171875 0.3855365765625 0.40712980625000006 0.34918097187499997 0.399541765625 0.345161028125 0.4117788078125
7 0.6796875 0.5797104890625 0.6466556421874999 0.5199269484375 0.615879621875 0.4928904828125 0.59747115 0.48487123906249996 0.54617044375 0.4349054109375 0.527688753125 0.4279302875 0.5233318984374999 0.4149134640625 0.5137615609374999 0.41612445 0.5024339343750001 0.44239435781249997 0.4912307359375 0.451860846875 0.465661021875 0.455786228125 0.45581981875000005 0.47588887968750004 0.44805079843750006 0.4814713015625 0.433391403125 0.48010667968750004 0.4318317625 0.48731805625 0.44142411406250004 0.5008222499999999 0.4495520609375 0.5352088765625 0.45853663281249996 0.5423508640625 0.4764105484375 0.5429637828125 0.48327890937499995 0.5351956453125 0.524020559375 0.5253260328125 0.52900720625 0.559420240625 0.535677921875 0.5694996515625 0.5367178453125 0.614786778125 0.5419753578125001 0.6299893203125 0.5656413421875001 0.6532111078125 0.5826969359375 0.6578125 0.5943363515625 0.6578125 0.6370417640625 0.6419917265625 0.6558675421875 0.629031059375 0.6740855421874999 0.6097081921874999 0.6796875 0.5947851546875 0.6796875 0.5797104890625
7 0.3956685109375 0.52698925625 0.3944969859375 0.5436952078124999 0.4064984328125 0.5679330359375 0.42038954687499996 0.571875 0.42577279062500006 0.571875 0.44022528281250006 0.567919803125 0.45 0.5559589468749999 0.45 0.529580021875 0.44242906875 0.4914064953125 0.43381059375 0.4790438984375 0.4208793 0.48309483125 0.387591771875 0.47684333125 0.385446365625 0.492407684375 0.3956685109375 0.52698925625
7 0.43582690937499996 0.6313397234375 0.48313686093749997 0.6630681187499999 0.4996928125 0.682475228125 0.520323525 0.6859375 0.5290038859374999 0.6859375 0.5323725593749999 0.6823645234375 0.5336173078125 0.6646144546875 0.5359375 0.663170946875 0.5359375 0.6526894390625 0.5218355203125 0.637244259375 0.496390234375 0.62436621875 0.4802003859375 0.5997385000000001 0.44934396874999993 0.6189358140625 0.43042295468749997 0.6182254203124999 0.43582690937499996 0.6313397234375
7 0.3135460734375 0.6228948 0.31700226875 0.6337259109375 0.32493974375 0.640770425 0.3782173984375 0.662544965625 0.40102735312500004 0.665625 0.40336046718749996 0.665625 0.4109375 0.6388586390625 0.4109375 0.63086029375 0.4088833421875 0.6160055390625 0.389940315625 0.6005799703125 0.37408738124999996 0.6012061203125 0.3504434109375 0.5926995125000001 0.3343928296875 0.611173203125 0.3135460734375 0.6228948
7 0.6796875 0.5878608562500001 0.675387296875 0.6057026624999999 0.66613185625 0.6174523421875 0.64245869375 0.639420209375 0.6208577187500001 0.6468678484375 0.629110090625 0.664451053125 0.6623025640625 0.68125 0.6664846343749999 0.68125 0.6796875 0.6719739687499999 0.6796875 0.5878608562500001
7 0.532791928125 0.709375 0.540625 0.6970720015625 0.540625 0.6955514359375 0.531391653125 0.6857912921875 0.502146084375 0.6820179296875 0.4805010796875 0.6600352093749999 0.46216583125 0.6509718437500001 0.44831185781249994 0.6381218828125 0.4399350609375 0.6373420999999999 0.40836845312500003 0.6816958093750001 0.45207577343749994 0.704681340625 0.47705972343749997 0.709108934375 0.4974671609375 0.7036520671875001 0.523988628125 0.709375 0.532791928125 0.709375
7 0.281796634375 0.709375 0.3171875 0.667530034375 0.3171875 0.6574415515625 0.28614805468750004 0.629894021875 0.2628701859375 0.6161668046875 0.25644115 0.6176702109375001 0.248086365625 0.6316056031249999 0.23807670625 0.6390813234375 0.21370053437499997 0.6410159328125 0.2007472234375 0.6303516859375 0.196902909375 0.6100260093750001 0.1896372796875 0.608430090625 0.1878950015625 0.63327496875 0.2554828453125 0.709375 0.281796634375 0.709375
7 0.48158886875 0.5858043328125 0.49528347500000003 0.5890625 0.501415484375 0.5890625 0.5204047765625 0.5883667109374999 0.534375 0.5756246593750001 0.534375 0.5713518546875 0.5266725359375 0.5290467140625 0.49482022499999995 0.53238725625 0.47830830625000004 0.5424105031249999 0.47421514374999996 0.5556916671875001 0.47491815624999995 0.575724928125 0.48158886875 0.5858043328125
7 0.52765039375 0.6359375 0.5324598546875 0.6359375 0.5390625 0.633695640625 0.5390625 0.6270687625 0.5344277546875 0.5908748609375001 0.5231293171875 0.58667029375 0.48275376875 0.59131929375 0.48389610625 0.6050878234375 0.5012794890625 0.6277247734375 0.52765039375 0.6359375
7 0.29824653125 0.501065740625 0.32034700156249996 0.5078125 0.3231064921875 0.5078125 0.3296875 0.45187522343750003 0.3296875 0.438766921875 0.32032319375 0.411689240625 0.3027201453125 0.39218465625 0.27527589531249996 0.392782725 0.272903653125 0.45666909999999994 0.276601525 0.4790830234375 0.29824653125 0.501065740625
7 0.314137421875 0.40134986093749997 0.31642168437499996 0.4015625 0.32694363125 0.4015625 0.3311838984375 0.3987329421875 0.3363241609375 0.3855492515625 0.3578298984375 0.3644305578125 0.369303965625 0.3360724046875 0.3946320015625 0.3205642109375 0.3953125 0.310860325 0.3953125 0.301079334375 0.3832163171875 0.287973409375 0.354578528125 0.2905622484375 0.308645409375 0.3293748515625 0.3097365359375 0.3589026796875 0.30035667187500004 0.3874557796875 0.314137421875 0.40134986093749997
7 0.5751185828125001 0.709375 0.57468673125 0.69979995 0.5890625 0.6766801124999999 0.5890625 0.673333275 0.5806104046875 0.660415740625 0.5423582453125 0.6347852125 0.53159436875 0.6379869703125001 0.5378989796875 0.653286984375 0.544862575 0.6591899031249999 0.540161634375 0.6661088656249999 0.533732596875 0.6676122703125 0.5315139703125 0.6842207453125 0.5462686031249999 0.699256425 0.54861394375 0.709375 0.5751185828125001 0.709375
7 0.27109522343750003 0.49419776562499995 0.27135173749999997 0.5656854109375 0.266306709375 0.5925401578125 0.2838365390625 0.6130888640625 0.3101444109375 0.6203125 0.3146428046875 0.6203125 0.3344634234375 0.61254695625 0.344985621875 0.5977623859375 0.3484375 0.5740246328125 0.3484375 0.566643603125 0.346720896875 0.5579882875 0.319649921875 0.508176090625 0.304236309375 0.5025375078125001 0.29128299687500003 0.49187326562499994 0.27781714375 0.4885178703125 0.27109522343750003 0.49419776562499995
7 0.3761321078125 0.60625 0.3764616328125 0.60625 0.396889196875 0.5987512578125 0.4036843375 0.5920272421874999 0.4046875 0.57772214375 0.4046875 0.56135948125 0.394194396875 0.5470044515625 0.3799231171875 0.5551344 0.355620165625 0.5560248875 0.348678584375 0.5648371453125 0.3452152125 0.5991956921875 0.3761321078125 0.60625
7 0.190162478125 0.618853015625 0.190770253125 0.62521521875 0.20873940468750002 0.6394991921875001 0.2200387984375 0.6421875 0.2265218515625 0.6421875 0.239324953125 0.6391935453124999 0.2505281546875 0.6297270546875 0.25625 0.6193099859375 0.25625 0.6128844375 0.255646403125 0.6018281875 0.2320976671875 0.606992634375 0.1911875609375 0.6042353109375 0.189774359375 0.609358446875 0.1890909703125 0.6191035828125 0.190162478125 0.618853015625
5 0.6796875 0.709375 0.9092799796875 0.709375 0.9076212031249999 0.6824340078125 0.9030213171874999 0.657792475 0.8998489859374998 0.6531722359375001 0.9015830109374999 0.648095084375 0.9161878218750001 0.644277159375 0.9262169453125001 0.637444384375 0.928125 0.634959090625 0.928125 0.6268608125 0.9191302828125 0.622865771875 0.885732109375 0.614669984375 0.8451222640625 0.5997722921875 0.8359023421874999 0.5922742750000001 0.8238636203125 0.5771736953125 0.8135374203125 0.57764376875 0.81107349375 0.5881961265625 0.8068862890625 0.59350173125 0.7991732296875 0.59716941875 0.7805747828125 0.5998845578124999 0.7630718640625 0.6049555078125 0.723353234375 0.6091459218749999 0.7183097703125 0.6066662 0.7156280749999999 0.60200026875 0.7111895015624999 0.6019220484375001 0.702586578125 0.6076388749999999 0.6881995390625 0.6266750859375 0.6796875 0.6352469828125 0.6796875 0.709375
5 0.6796875 0.5195458921875 0.6816681265625 0.5231756640625 0.6920749828125 0.5349872484375 0.696993440625 0.545343678125 0.6992530546875 0.5515236156250001 0.7004977984375 0.5676293984375 0.713382034375 0.6008392078125 0.7219252203125001 0.6109375 0.726350875 0.6109375 0.7590460968749999 0.607892715625 0.8039560531250001 0.598794753125 0.8072990953125 0.5965171609375 0.8109375 0.5911340015625 0.8109375 0.57517720625 0.8102751578125 0.565271309375 0.790199390625 0.48357455156249995 0.783567053125 0.43651022656249994 0.774255728125 0.42705445312499996 0.749391921875 0.41167352656249995 0.7460139265625 0.40264833906249997 0.7340584921875 0.4015625 0.732269109375 0.4015625 0.7142140218749999 0.40757601093750007 0.7089769921875 0.411504684375 0.7094232765624999 0.431617359375 0.6796875 0.43737970156249995 0.6796875 0.5195458921875
9 0.3783676984375 1 0.38177137656250004 0.9941641109375 0.3908103390625 0.9922735109375 0.43125 0.9865205156249999 0.43125 0.9840849125 0.3873503390625 0.9089842000000001 0.374019959375 0.9049156484375 0.35976075937499996 0.9079212468750001 0.3470603203125 0.90399799375 0.3378403484375 0.9081658875 0.2632460375 0.9393288953125 0.24581408906250002 0.9505475390625 0.2336256328125 0.9517117031250001 0.20459489375 0.9572393531250001 0.208328190625 0.9713861125000001 0.20900569687499998 0.98015594375 0.2194627609375 0.9984697984375 0.22371378437499997 0.9795729015625 0.23838256093750002 0.98063726875 0.2840505578125 0.991170696875 0.31316627812500003 1 0.321291928125 1 0.32527768125 0.9993546640625001 0.3583785984375 0.99506303125 0.366570759375 1 0.3783676984375 1
6 0.6175324875 1 0.614359090625 0.9826584374999999 0.6010707531249999 0.954560721875 0.5959630921875 0.92399638125 0.600362046875 0.914127215625 0.5926704421875 0.9047344734375 0.5921238546875001 0.892636228125 0.5779044640625 0.8686772812499999 0.549604259375 0.858884634375 0.5293330265625 0.8618276843749999 0.5111095671875 0.8750384734375001 0.50728075 0.887215903125 0.5096423484375 0.9106165796875001 0.5008208953125 0.9401448968749999 0.476639784375 0.9410977453125 0.46776081875 0.9466684453124999 0.45966120312500003 0.963302703125 0.45580883749999995 0.9852701156249999 0.45821753125000003 0.9890908249999999 0.472949540625 0.991400415625 0.47344183749999996 1 0.6175324875 1
3 1 0.7184187078125001 0.9904087796875001 0.7201692468750001 0.9794229609375 0.7186479109375 0.9732720828125 0.723742815625 0.9434667203125 0.7281693984375 0.9190572453125 0.738420771875 0.9160975890625 0.7452841703125 0.916850971875 0.7603467125 0.9706696875 0.89583643125 0.9988672453125 0.9313044796875 1 0.9321946703125 1 0.7184187078125001