9 0.7173517640625 0.5277329703125 0.7188062562499999 0.552607875 0.7246003578125 0.5758600687500001 0.735130196875 0.5774484234374999 0.7431392359375 0.5780381593749999 0.7557665421875 0.5799230421875 0.77194844375 0.5832693078125 0.791086034375 0.5886967656250001 0.8041259625 0.5931918796875 0.819692590625 0.596941265625 0.8391147374999999 0.60043876875 0.8652334390625 0.6042488374999999 0.8817982328125 0.6069652390625 0.89390856875 0.6105533015625 0.8729546562500001 0.532709640625 0.866468584375 0.5067130546875 0.8624164234375 0.504364771875 0.8297814265625 0.5026256140625 0.7849181468750001 0.5002418234375 0.755038521875 0.49560753437500005 0.7168105062500001 0.4924348015625 0.7161364328125 0.494742825 0.7178625734375 0.51193166875 0.7173517640625 0.5277329703125
9 0.530087475 0.4746266390625 0.523089465625 0.47888922031250003 0.517902375 0.4922906359375 0.522224765625 0.494681646875 0.545401678125 0.5047124265625 0.576610340625 0.51810104375 0.634379453125 0.5318115578125 0.6387857453125 0.5235271640625 0.643967815625 0.51642629375 0.6502661421875 0.505935621875 0.657413084375 0.494566703125 0.6712794343749999 0.47525083125 0.6773514046875 0.461766596875 0.6795871124999999 0.4520041390625 0.6880766296875 0.44023897187500005 0.672608390625 0.4383696828125 0.6543853171875 0.4363718109375 0.6364820468750001 0.4325531765625 0.6197473015625 0.4260355640625 0.597610525 0.417659578125 0.5840897484375 0.411291971875 0.5672215703125 0.43023827031249995 0.5465835625000001 0.45681027187499995 0.530087475 0.4746266390625
9 0.46875 0.3896170546875 0.47645860625 0.384369815625 0.5290287890625 0.3626554609375 0.5510518624999999 0.3511965578125 0.5703094546875 0.3456505796875 0.5833082578125 0.336992875 0.5316536468749999 0.2858429203125 0.5149950265625 0.26734210625 0.5033195296875 0.2563243140625 0.49681615468749996 0.249978753125 0.46875 0.263643771875 0.46875 0.3896170546875
9 0.46875 0.6296875 0.53319974375 0.6296875 0.5334945546875 0.6292473296875001 0.5646459546875 0.573442478125 0.5614562828125 0.572942309375 0.5203950171875 0.5671616703125 0.46875 0.5585679781249999 0.46875 0.6296875
9 0.65356849375 0.6296875 0.6486672453125 0.6268999562500001 0.6349925265625 0.61646960625 0.6455894734375 0.6016885890625 0.6785746578125 0.5679767 0.680287265625 0.56611709375 0.611479009375 0.5327269703125 0.5955984515624999 0.5550950359375 0.585874396875 0.5710918578124999 0.5749450312500001 0.5866407453125 0.5621509640625 0.5981857484375 0.5506866109375 0.60665935625 0.5396383609375001 0.6206359828125 0.550708459375 0.6296875 0.65356849375 0.6296875
9 0.8084312859375 0.6296875 0.8120581453125 0.6239508265625 0.8236930703125 0.597076071875 0.7564268234375 0.580227490625 0.724477375 0.5759944703125 0.716917525 0.540425565625 0.7097788515625 0.536531775 0.6357762546875 0.6165061875 0.6578593234375 0.6296875 0.8084312859375 0.6296875
9 1 0.6296875 1 0.5701587734375 0.9801578593750001 0.55845721875 0.9268323453124999 0.522448915625 0.8862389578125001 0.5727485625 0.8975043921874999 0.6132327609375 0.9233991546875 0.6296875 1 0.6296875
9 0.9293447546875001 0.5230118421875 0.9363375015625 0.5254937890625 0.9446417578125 0.516899878125 0.8555954312499999 0.4523878328125 0.8409011171875 0.4380500703125 0.7802395640625 0.49700168125 0.7803097953125 0.49881108281250003 0.866600646875 0.50319801875 0.88056310625 0.5552239578125 0.8902455437499999 0.5506462328125 0.8955976109375001 0.536166365625 0.9056273015624999 0.5172344390625 0.9226790890625001 0.524856278125 0.9293447546875001 0.5230118421875
9 1 0.4706902984375 0.9592654093749999 0.4646590234375 0.9686696375 0.48724990312500005 0.9758901874999999 0.49866290625 0.9762882874999999 0.512778165625 0.9763124703125001 0.5302134140625 0.9676141015624999 0.5364462296875 0.9754900171875001 0.54346765625 0.9825475984375001 0.548719 0.9912748062500001 0.55419703125 0.9926960328125001 0.5551648265625 0.99682004375 0.558630578125 0.9981310421875002 0.5596678359375 0.9994070609375001 0.56024233125 1 0.5605589421875 1 0.4706902984375
9 0.879557959375 0.4646316453125 0.8882939671875001 0.4739579015625 0.897351715625 0.472366840625 0.9040550921874999 0.47757049062499995 0.9495225609375 0.4681849640625 0.9653831140625 0.4617329265625 0.9939381078124999 0.44868107031250004 0.9686412984375 0.41758022187500005 0.9305351906249999 0.376387621875 0.8774773 0.39027005937500003 0.879557959375 0.4646316453125
9 0.7855206015625 0.346744675 0.785602496875 0.31285946875000004 0.7892322765625 0.2909273515625 0.7387686406249999 0.2490838578125 0.73410995625 0.2511976046875 0.728487140625 0.319034209375 0.7441147171875 0.3392130015625 0.7449909328125 0.34691574062499997 0.7627535015625 0.36424730156249996 0.7657382515625001 0.37263787812500004 0.7918719265625 0.388002634375 0.788976625 0.380795 0.784249428125 0.36878688125000003 0.7855206015625 0.346744675
9 0.582286115625 0.3354709359375 0.58270608125 0.34102501093750004 0.583366028125 0.3497528796875 0.5841159671875 0.3596708890625 0.5830628125 0.377015796875 0.580223175 0.38637094843750003 0.663116584375 0.3724506125 0.7171978640625 0.3579761203125 0.712419478125 0.3312666140625 0.707136640625 0.292673971875 0.7004762453125 0.2619234515625 0.6587868078125 0.2682793015625 0.6084806265625 0.2805580984375 0.5749797578125 0.28916700624999997 0.5719817078125 0.29822518124999997 0.5730616203125 0.312507125 0.575819096875 0.32291415 0.582286115625 0.3354709359375
9 0.9450529875000001 0.3742482109375 0.9521469078125001 0.37165715312500003 0.9601938437499999 0.355960821875 0.9705169546875 0.35108534687500004 0.9792587874999998 0.351006346875 0.9719873609375 0.344822615625 0.9642724578124999 0.332773846875 0.9619223703124999 0.320975484375 0.8946031859375001 0.29835221875 0.8824176984375001 0.29145209375 0.8790037234374999 0.2912927453125 0.873070009375 0.296373096875 0.86500794375 0.2925876 0.86219255 0.2939172765625 0.8620004921875001 0.2978045359375 0.867542815625 0.306829728125 0.8678015109375 0.310251 0.8449760062499999 0.355453275 0.8453752531250001 0.3671605828125 0.8546272015625 0.38025514843749997 0.8663692109374999 0.38129023906250004 0.8765299437500002 0.3871218015625 0.8848210234374999 0.387508790625 0.8871856625 0.3866451046875 0.8860993718749999 0.3851333171875 0.8924765656249999 0.385918003125 0.9058368078125 0.382645371875 0.8949963078125001 0.3806783046875 0.8943310906249999 0.3718807515625 0.9209631125 0.3770200328125 0.941971621875 0.3784876390625 0.9450529875000001 0.3742482109375
5 0.25845700781250003 1 0.2600818296875 0.9953395374999999 0.265142378125 0.9694716484375 0.26360212656250004 0.9521614156249999 0.2832744125 0.8979158796875 0.2900051625 0.86966325 0.28961506875 0.8563468578125001 0.284454390625 0.8472407343749999 0.26686211875 0.8277043734375 0.20509415625 0.764735803125 0.1712498453125 0.74542661875 0.15674801562500001 0.74228773125 0.1015010890625 0.7441441515625 0.0933400765625 0.7477037890625 0.082238775 0.7752600859375 0.0675969734375 0.7859053953125 0.0560255734375 0.8011266203125 0.0437540734375 0.8128675171875 0.031822640624999995 0.8325046859375 0.02455180625 0.8553143468750001 0.0228216390625 0.87050196875 0.0222115671875 0.8719510953124999 0.01686089375 0.8712090546875 0.0152306953125 0.8731031390625 0.014950671874999998 0.8765377609375001 0.0181810859375 0.8791510328125 0.0158008453125 0.8962784453125 0.014010632812500002 0.9001351703125 0.0093600578125 0.9028734546875 0.005989671875 0.9140443828125001 0.0041894406250000005 0.91199033125 0.0051095171875 0.9007051390624999 0.0013490390625 0.8985596749999999 0 0.899903246875 0 0.9328352750000001 0.008220003125 0.9289241671875 0.0268522828125 0.9115695796875001 0.055535834375 0.8976388671875 0.0743181078125 0.8724108609375 0.085659509375 0.8660443765625001 0.0890899421875 0.8662043453124999 0.0904801171875 0.8672542265625001 0.0887399296875 0.8765310703125 0.0843393984375 0.8822361734375 0.072457990625 0.907293459375 0.0709278421875 0.9200277796874999 0.075798475 0.9266577453125 0.1161935609375 0.931989159375 0.1194639796875 0.934111771875 0.1186938953125 0.9375235421875001 0.103732065625 0.9520941359374999 0.101861846875 0.95693218125 0.1047722328125 0.9634707390624999 0.1162936921875 0.9669631703124999 0.13074549687499998 0.964681940625 0.135886134375 0.9619665078124999 0.14323705625 0.9623093 0.1398766921875 0.97939100625 0.14062681562499998 0.988291453125 0.1438672515625 0.9968155031249999 0.146115653125 1 0.25845700781250003 1
6 0.5638034921874999 0.6296875 0.5638650828125 0.65000361875 0.5779496296875 0.6711775015625 0.5844420218749999 0.67779738125 0.5919965078125 0.6918536921875 0.6145241328125 0.7190338125 0.621046778125 0.7326504046875 0.6501044625000001 0.7669480953125 0.688787146875 0.7766897265624999 0.7245552249999999 0.7940996921875 0.7544033296875 0.8058561796875001 0.8501084546875 0.8367672515625 0.8673861109375001 0.8407586265625 0.8795404937499999 0.8455486546875001 0.94789899375 0.8415623640625001 0.92893425 0.81617404375 0.9193086625 0.8077373109374999 0.9125149328125 0.797135875 0.9039211859375001 0.7891388625 0.8987317218750001 0.7799435484374999 0.890100309375 0.771448840625 0.88380366875 0.7608184171875 0.87517225625 0.7523237093749999 0.8705552125 0.7440947984374999 0.8482912578124999 0.72039854375 0.8418816140625001 0.708275034375 0.8342067109375 0.6992246578125 0.8291376625 0.6850234078125 0.8052243593749999 0.6659223546875 0.797971209375 0.6558476015625 0.7766563484375 0.638094696875 0.7700099218750001 0.6296875 0.5638034921874999 0.6296875
0 1 0.6956862109374999 0.9795372812500001 0.699747825 0.9289473218750001 0.7041976265625001 0.842212615625 0.686260515625 0.83433454375 0.6877197015625 0.8343271281250001 0.694218721875 0.8381383296875 0.704994084375 0.848328925 0.7208962390625 0.8671885984374998 0.74579079375 0.8849861781249999 0.7632489171875 0.8967810374999999 0.7805571921875 0.9458465328125001 0.8416820515625 1 0.8385241203125 1 0.6956862109374999