8 0.6964427890625 0.41186735625 0.6552179328125 0.43227839531249995 0.63660855625 0.4581329921875 0.6212079046875 0.6945692953125 0.62624683125 0.722384503125 0.64738945625 0.7380663296875001 0.7022306859375 0.7560815453124999 0.7430247078125001 0.760845040625 0.7573591375000001 0.7573137390625 0.7637089390625 0.746443765625 0.8199311671875 0.57002859375 0.8327743765625 0.5398971359375 0.8559642953125 0.5117746453125 0.8472340484374999 0.49113589687500003 0.8454464187499999 0.4628995546875 0.8266566859375001 0.4234688125 0.7778688453125 0.392947434375 0.7517148515625001 0.4047080375 0.739589696875 0.3928819359375 0.7135793125000001 0.396251028125 0.6964427890625 0.41186735625
8 0.44700381250000004 1 0.4521254 0.98272886875 0.433558590625 0.7975806203125 0.450407896875 0.798747315625 0.47102200156249996 0.9400912515625001 0.479724690625 0.9054723609374999 0.47688585312500004 0.8438805390624999 0.54132818125 0.8506046453125 0.565712915625 0.8474461234374999 0.5609703953125 0.8212671031250001 0.539827771875 0.8055852781249999 0.4934111953125 0.788153409375 0.4155144703125 0.7714499578125 0.34102184062499996 0.764353071875 0.30525756406250004 0.7689855734375 0.2927107640625 0.8007532203125001 0.21614327968749997 0.7822030109375 0.1906598421875 0.78848088125 0.21885479062500002 0.9441187875000001 0.2505173734375 0.953581690625 0.313099678125 1 0.44700381250000004 1
8 1 0.8843852218749999 0.9817106515624999 0.7834268484375 0.9521681609374999 0.7856670046875001 0.892153575 0.766647303125 0.8556620593750001 0.7948181484375 0.8372146609375 0.8491196593750001 0.84419401875 0.9151989109375 0.8579540078125 0.9452336562499999 0.8775382140625 0.97116483125 1 0.9553025140625 1 0.8843852218749999
10 0.423431446875 0.3467552390625 0.4172068890625 0.3123952765625 0.39339659843749997 0.2819877546875 0.36811345625 0.26181849687500003 0.3449143515625 0.2715217765625 0.3231789140625 0.2525675734375 0.29363001093749996 0.273140825 0.29718690312499996 0.2927750890625 0.2889242328125 0.3206386546875 0.2977980890625 0.33288589062499996 0.3603367328125 0.3750228015625 0.3797009078125 0.3808874953125 0.4141267578125 0.3596825375 0.423431446875 0.3467552390625
6 0.3997130125 0.5005398375000001 0.4074012390625 0.50624231875 0.43391593906250003 0.625052390625 0.50679210625 0.65077905625 0.5724292515625 0.6824671296875 0.5728600859374999 0.6572925953125 0.544154475 0.5906783515625 0.5184221296875 0.55884520625 0.48574716718750005 0.5346096593749999 0.47346003124999997 0.4943366453125 0.406762496875 0.41087388125 0.2815324125 0.316572359375 0.24930665625 0.3040007 0.17688888125 0.308357134375 0.12383527968750001 0.3185782640625 0.1074579796875 0.329201315625 0.1375501921875 0.495312228125 0.1440277390625 0.5035159421875 0.161937434375 0.556457328125 0.18071798125 0.5774688578125 0.23202069218750002 0.612688234375 0.28198497499999997 0.6313351546875 0.398295271875 0.6212933781250001 0.4036122390625 0.6139063515625 0.388189859375 0.510405328125 0.3997130125 0.5005398375000001
0 0.902949490625 0.780320159375 0.9280798359375 0.7904617140625 0.9814385609375 0.7819248984375 0.9567292109375 0.6455277203125 0.9515018609375 0.6350409296875 0.9543579484375 0.63243820625 0.9478765046875001 0.5966602140624999 0.9201377718750001 0.5721202 0.9099163015625 0.5248812968750001 0.8374985265625 0.5292377296875 0.824798928125 0.5509776750000001 0.8310418593750001 0.6221760625 0.8736694359375001 0.7472719640625 0.902949490625 0.780320159375
8 0.6609565468749999 0.3812976203125 0.6387902765625 0.38751795312500004 0.6223993625 0.416434359375 0.607768521875 0.418329471875 0.5923920703125 0.40692450625000004 0.5742135234375 0.40760456874999995 0.52725005625 0.478996384375 0.4987339890625 0.496086690625 0.5085154375000001 0.5500809156249999 0.5472621625 0.5986487281249999 0.5611473921875 0.5834535359374999 0.613320953125 0.5867430546875 0.63193951875 0.5793076687500001 0.6394473921875 0.5197248140624999 0.6372013703125 0.4614053671875 0.6525594515625001 0.4359719078125 0.6809227250000001 0.408853903125 0.6800243140625 0.38552612656249996 0.6609565468749999 0.3812976203125
10 0.9204686843750001 0.4453673 0.84139073125 0.0088519890625 0.8267510109374999 0.019882335937500002 0.8171590984374999 0.0495926578125 0.7978684078125 0.1910816625 0.7993504453125 0.199262603125 0.8049638187499999 0.19351176406249998 0.8051258000000001 0.22195867656249998 0.7713570640625 0.37537049375 0.7794944953125 0.392736865625 0.8379018031250001 0.44880555937500005 0.8760373390625 0.45726256718749997 0.8953923296875 0.44470805156250004 0.9057390375000001 0.446717015625 0.9143164875 0.45732806562499995 0.9204686843750001 0.4453673
6 0.5084569671875 0.1364667390625 0.4613682609375 0.2530884890625 0.4658143734375 0.277631321875 0.5144953453125 0.3902210578125 0.529575390625 0.3999898328125 0.6200372875 0.42176406093749996 0.6297911796875 0.42050065156249994 0.6491369875 0.38952692187500004 0.70248699375 0.3809419796875 0.736185603125 0.383275371875 0.7465139390625 0.3484459140625 0.736292471875 0.3012070109375 0.7110001421875001 0.26261854375000004 0.6765467375 0.22856586562499998 0.6582062093750001 0.2007990125 0.5934491015625001 0.15560029375 0.5757105734375 0.14952503281250001 0.5524931 0.1223898859375 0.5383022765625001 0.11752967656249999 0.5223421953125 0.121271546875 0.5084569671875 0.1364667390625
6 0.7727682031249999 0 0.7253771453125 0.048084398437499995 0.6891912234375 0.0963106453125 0.6653993015624999 0.10274154531249999 0.6436822375 0.1206257671875 0.61340609375 0.1647373640625 0.613558890625 0.1747650640625 0.624058396875 0.1868017328125 0.6593918390625 0.20734376718749997 0.67137338125 0.22756137812500002 0.7090780875 0.261192925 0.7527201296875 0.34596745625 0.7823850875 0.26174505625 0.7972755921875 0.18780928125000002 0.80731670625 0.16976285156249998 0.8227816578124999 0.06226102812499999 0.8187755624999999 0.030962878125 0.838280421875 0 0.7727682031249999 0
9 0.262427903125 0.23866700624999998 0.250302746875 0.22684090625 0.226654440625 0.22488029531249998 0.2071374671875 0.20898790156249997 0.173438859375 0.20665451093749998 0.15260183125 0.2110280875 0.149206921875 0.2198407328125 0.1687238953125 0.235733128125 0.17420284218749998 0.2567930109375 0.1975639265625 0.275536646875 0.21427880625 0.303514065625 0.2889242328125 0.3206386546875 0.294977625 0.308132490625 0.29348640000000004 0.2815323359375 0.262427903125 0.23866700624999998
10 0.6549221640625 1 0.6893194406250001 0.9955445656249999 0.7036609703125001 0.9568461218750001 0.70630108125 0.9163141843749999 0.6950375921874999 0.8541390124999999 0.669439671875 0.7954951453125 0.6148672921875 0.72385848125 0.5713964140625001 0.6859500749999999 0.4920084671875 0.64264646875 0.4390892953125 0.6260568734375 0.4296318078125 0.6289564703125 0.43008101249999997 0.6406203625 0.4481802453125 0.7772662953125 0.5436718875000001 0.80843651875 0.5609703953125 0.8212671031250001 0.5664493421875 0.8423269890625 0.5429538296875001 0.8503940765625 0.47910431875 0.8469423468749999 0.479724690625 0.9054723609374999 0.470438371875 0.9552380843750001 0.4743632578125 1 0.6549221640625 1
10 0.3106538421875 0.6242725515624999 0.265584875 0.641832346875 0.22746770781249998 0.6702137625 0.2098911640625 0.6925854124999999 0.19454226875 0.7364380859375 0.1915965640625 0.7569146234375 0.2003359953125 0.7959725843750001 0.2470397953125 0.7966214296875 0.287097390625 0.8065040578125 0.2949292265625 0.8038150281249999 0.2971385046875 0.7884576265625001 0.30939808593749996 0.773473003125 0.3402854140625 0.76947220625 0.37975019374999996 0.7760824578125 0.4209842328125 0.77409063125 0.42408273437500005 0.76364179375 0.4065763140625 0.6302682374999999 0.39474756875 0.6200783265625 0.3493730078125 0.6175827234375 0.3106538421875 0.6242725515624999