10 0.409375 0 0.164243575 0 0.163260509375 0.12878180156250002 0.16916021406249998 0.1715546625 0.18980918125 0.1715546625 0.2399566734375 0.1568054015625 0.2856793875 0.17892929375 0.2901041671875 0.1863039265625 0.2901041671875 0.1995782625 0.2768298296875 0.214327525 0.2237324859375 0.21285259843749998 0.1957088859375 0.232026640625 0.18538440312499999 0.2467759015625 0.1839094765625 0.2600502390625 0.20013366562499998 0.2880738375 0.211933075 0.2983983203125 0.23405696874999998 0.2998732484375 0.409375 0.2870451 0.409375 0
3 0.409375 0.501802884375 0.40380859375 0.503515625 0.37060546875 0.5083984375 0.34521484375 0.51669921875 0.265625 0.5328125 0.2236328125 0.54013671875 0.18408203125 0.54453125 0.16650390625 0.54306640625 0.14501953125 0.5376953125 0.1015625 0.51865234375 0.08837890625 0.51474609375 0.08154296875 0.51328125 0.05810546875 0.5142578125 0 0.528323025 0 0.7402683421875 0.107421875 0.72275390625 0.12353515625 0.71494140625 0.18798828125 0.65732421875 0.2060546875 0.64755859375 0.26904296875 0.63095703125 0.3486328125 0.61875 0.38818359375 0.61044921875 0.409375 0.6045627171875 0.409375 0.501802884375
3 0 0.8164096171875 0.01064453125 0.8255859375 0.01455078125 0.8333984375 0.0208984375 0.83681640625 0.03212890625 0.8509765625 0.07412109375 0.871484375 0.078515625 0.871875 0.09964488593750001 0.871875 0.10830078125 0.86806640625 0.1166015625 0.86025390625 0.1263671875 0.8470703125 0.1322265625 0.8353515625 0.1380859375 0.8216796875 0.14375 0.7990234375 0.14375 0.78828125 0.14345703125 0.77333984375 0.13857421875 0.76162109375 0.12490234375 0.74990234375 0.084375 0.7328125 0.07509765625 0.730859375 0.058984375 0.730859375 0 0.7411175265625 0 0.8164096171875
10 0.409375 0.3796875 0.2641007140625 0.3796875 0.186865234375 0.39736328125 0 0.44554216249999995 0 0.5286150828125 0.127783203125 0.4984375 0.166357421875 0.48623046875 0.172705078125 0.4818359375 0.189794921875 0.47744140625 0.231787109375 0.459375 0.285498046875 0.45888671875 0.341162109375 0.44765625 0.359228515625 0.44228515625 0.409375 0.43330369687500003 0.409375 0.3796875
3 0 0.3796875 0 0.41177734375 0.00224609375 0.41806640625 0.00322265625 0.43125 0.00837890625 0.440625 0.010590278125 0.440625 0.0310546875 0.43662109375 0.140625 0.40717708906250005 0.140625 0.3925537109375 0.1394813375 0.3796875 0 0.3796875
7 0.409375 0.92336205 0.4283789390625 0.9211516359375 0.46053235781249996 0.9091680343749999 0.6421875 0.76082095 0.6421875 0.741489028125 0.59866423125 0.6911301812499999 0.6009529453125 0.68536815625 0.58364820625 0.6763892968749999 0.5634685890625 0.6828583203124999 0.4839222203125 0.7566864796875 0.409375 0.812359340625 0.409375 0.92336205
8 0.7120706953125 0.84612796875 0.6910816375 0.8595609140625001 0.6606028046875 0.8919590484375 0.6492708703125001 0.9221301421875001 0.6533178453125 0.954634321875 0.66855715 0.9720971437500001 0.6916673484375 0.9845226109375 0.7025663124999999 0.9859375 0.709787778125 0.9859375 0.7493592875 0.96407271875 0.779391565625 0.9262307078124999 0.7890625 0.8914576484375001 0.7890625 0.8758107515625 0.7882674359375 0.8661182968750001 0.7757634062500001 0.8483373265624999 0.7435263125 0.8424692562499999 0.7120706953125 0.84612796875
7 1 0.47092925937499996 0.9408759796874999 0.5100618765625 0.8965532203125001 0.5756711953125 0.8703168984375 0.5924623734375001 0.873805678125 0.6181617078125 0.8840489609375 0.6252140015625001 0.9218962000000002 0.615316040625 0.94573216875 0.6029259171875 0.9824350515625 0.5959089687500001 1 0.585083628125 1 0.47092925937499996
7 0.7448627015625 0.499885965625 0.7447738609375 0.5095139796875 0.7757549562499999 0.5169020921875 0.7623296187499999 0.57204785 0.768665309375 0.5987900078124999 0.7930035390625 0.6261861328125 0.8104199187500001 0.6365259609375 0.8233705078125 0.6597508078125001 0.8397821328124999 0.6578419140625 0.86465081875 0.6412098078125 0.8484067640624999 0.6114982671875 0.8445273593749999 0.5473736484375 0.8167003515625 0.49427818749999997 0.792771390625 0.4943135390625 0.7448627015625 0.499885965625
7 0.6315670578125 0.54329076875 0.668911809375 0.5609303359375 0.7559379984375 0.5782870984375 0.762776175 0.5774917265624999 0.7723775921875 0.5598875031249999 0.7776807890625 0.5235478625 0.772461490625 0.5104153953124999 0.71979575625 0.5028015906250001 0.6108107328125 0.51547801875 0.6104943281249999 0.538872040625 0.614932153125 0.5424777234375 0.6315670578125 0.54329076875
8 1 0.768071153125 0.9733354468750001 0.7879469984374999 0.9468478828125001 0.8185069421875 0.93518103125 0.844595128125 0.9525135125 0.9044070625 0.9644593468749999 0.9153831875 1 0.9745122921875 1 0.768071153125
8 0.663021775 0.80892716875 0.639827675 0.8459738078125 0.6486753578125001 0.8696758765624999 0.6677942890624999 0.8839395374999999 0.680103009375 0.8825078671875 0.71206111875 0.8513116234375001 0.7389672734375 0.842686259375 0.74664285625 0.818436265625 0.7477315078125001 0.7812128796875 0.7554907640625 0.77481455625 0.7522252640625 0.7518371593750001 0.7444939734375 0.741744778125 0.7135128765625 0.7343566640625 0.698580525 0.7374674546875 0.6896769109375 0.7467467890625 0.663021775 0.80892716875
6 0.8252963375 0.6663965765625 0.8116759140625 0.635005915625 0.8065962234375 0.6067437171875 0.797162378125 0.5927275062499999 0.7763408937499999 0.5745400125 0.7571939953125 0.57676705625 0.6120852421875 0.541434903125 0.6133534578125 0.5151822640625 0.5908172015625001 0.517803534375 0.591598675 0.52733031875 0.581411096875 0.5546203999999999 0.5829740453125 0.5736739640625 0.5722282734374999 0.5941592015625 0.570721034375 0.6094480093750001 0.578647634375 0.638753028125 0.5808524515625 0.682463109375 0.6395211749999999 0.6907526421875 0.6796012 0.708074059375 0.7203790203125 0.7170705906249999 0.794203378125 0.7249712703125001 0.815638990625 0.71698220625 0.8263847640625 0.6964969703125 0.8252963375 0.6663965765625
6 0.8421463750000001 1 0.8474286234375 0.9867015125 0.8849129796875002 0.9892113453124999 0.91957839375 0.974187659375 0.9293473796875 0.924963 0.9446426156250001 0.9094444156249999 0.9486618484375 0.891115521875 0.9389490203124999 0.8400349984375 0.9684231000000001 0.795388140625 0.8962176249999999 0.773559621875 0.8649852843750001 0.7799402734374999 0.8359300203124999 0.7791979281250001 0.807153965625 0.7481961187499999 0.765231784375 0.7420806015625001 0.7310688609375 0.729566759375 0.74588935 0.7924187796875 0.7637522859375 0.808202484375 0.7584490875000001 0.8445421234375001 0.7757538281249999 0.8535209828125 0.7873367828125 0.8769049046875 0.7876437328125 0.8974785125 0.7775677953125 0.9261295624999999 0.748903153125 0.9638124984375 0.7215224765625 0.983484690625 0.6996403078125001 0.9860298828125 0.669245371875 0.9689559093749999 0.6570762578125 0.9552578484375001 0.6517732875 0.9242737109375 0.6677942890624999 0.8839395374999999 0.64697280625 0.86575204375 0.640050953125 0.8486957453125001 0.6569650703125001 0.8192493234375 0.658695590625 0.8066824531249999 0.6485639437499999 0.8009911296875 0.628384328125 0.807460153125 0.5934117390625 0.8692340078124999 0.5824706531249999 0.87050660625 0.5654448999999999 0.8985920578125001 0.5435627296875 0.9011372515625 0.5346591140625 0.9104165859375 0.5222944640625 0.9448296593750001 0.521485021875 0.9517935796875001 0.5318399453125 0.960206840625 0.5223501703125 0.9791720343750001 0.5240586703125001 1 0.8421463750000001 1