1 0 0.46875 0.36875 0.46875 0.36875 0.16353255312499998 0.3190099265625 0.1736335546875 0.23151444531249998 0.18780818906250002 0.1928366359375 0.1984134671875 0.0588694203125 0.224729828125 0 0.2385518546875 0 0.46875
5 0.16769121250000002 0 0.1659035203125 0.026299415625 0.164731746875 0.084216725 0.1674591875 0.10656108281250001 0.17691434374999998 0.11171389218750001 0.25807499375 0.11369088125 0.259743815625 0.11050552656249998 0.2601480875 0.0946536859375 0.2638261859375 0.0916931859375 0.28190967968749997 0.0937168671875 0.2843528890625 0.1032635796875 0.28395241250000003 0.1141781171875 0.28532750625 0.115625 0.300888465625 0.115625 0.3029675890625 0.11558346562499999 0.31061560625 0.1125855 0.31450009218749997 0.115625 0.3227553359375 0.115625 0.3282089375 0.1146747625 0.3305176234375 0.10794804218750001 0.3293017109375 0.09576872812500001 0.3376906609375 0.0852664328125 0.33926600625000003 0.07616942812500001 0.343677446875 0.0755792125 0.34936102812500003 0.07778086875 0.353039125 0.0748203671875 0.353888715625 0.053478470312500005 0.3568821078125 0.048634856250000004 0.361024503125 0.015497771875 0.36587981875 0 0.16769121250000002 0
4 0.7605783078125 0.46875 0.7552796171875 0.4529043796875 0.7353453156249999 0.43249077031249994 0.7130847859375 0.386892053125 0.6704315 0.324832109375 0.6068590828125 0.262158821875 0.5794536671875 0.22698479531250002 0.551301134375 0.2208715953125 0.5358495015625 0.22967215 0.5083591765625 0.2857096578125 0.47161485625 0.30842728125 0.45156169375 0.3342781703125 0.3956132 0.38683740312500003 0.36875 0.40980859062499997 0.36875 0.44346949062499996 0.47088471875 0.35996162656249997 0.4930263984375 0.350035278125 0.4975600078125 0.344880434375 0.495862028125 0.33689899687499997 0.5107023859375 0.3333682875 0.5114664796875 0.326780978125 0.5269181109375001 0.3179804234375 0.5306027312499999 0.308834859375 0.5489748921875 0.297476046875 0.554204675 0.29762938437500003 0.5554441984375 0.309563209375 0.5646812156250001 0.320409578125 0.6069949109375 0.34015740625 0.6669506296875 0.4000807671875 0.705389853125 0.46875 0.7605783078125 0.46875
4 0.7808628546875 0.29279812656250004 0.7595531875 0.284241671875 0.7461051750000001 0.2983887453125 0.7462749703125 0.319544803125 0.725067178125 0.344039896875 0.7170866640625 0.3676008703125 0.7096325234374999 0.375313971875 0.7145736453125 0.40057574999999995 0.7296686984375 0.428779125 0.7433666921875 0.4359375 0.7477019234375 0.4359375 0.7556647937500001 0.430863271875 0.8238047890625001 0.43153918906250005 0.8498688046874999 0.4217278453125 0.8579511953125 0.4312184171875 0.8695653875 0.4328808859375 0.88125 0.394410009375 0.88125 0.386642859375 0.861856565625 0.3070703375 0.8288478093750001 0.2862733875 0.7999311875 0.286747496875 0.7808628546875 0.29279812656250004
4 0.68247624375 0.46875 0.6984375 0.45510125312499994 0.6984375 0.44648416874999997 0.696592584375 0.4378120484375 0.677269559375 0.41212859375 0.6561127109375 0.4022546796875 0.643275971875 0.4111319046875 0.63352955625 0.43860692968750004 0.6210833484375 0.45542725781250004 0.6051692484375 0.46875 0.68247624375 0.46875
4 0.36875 0.46875 0.6049147765624999 0.46875 0.6225387203125 0.4553838640625 0.6496385109375 0.391403253125 0.6434748390625 0.3766811671875 0.6296362906249999 0.3828851328125 0.6280062296875 0.36300820312500004 0.6138450671875 0.349373575 0.601229065625 0.34503785 0.5923146625 0.354030075 0.584028509375 0.380225975 0.5308816921874999 0.3747018859375 0.5052082109375 0.3924563359375 0.4989766203125 0.3896297390625 0.49288086875000003 0.36301216406250003 0.46788658281249995 0.36360127656249996 0.45544037812500004 0.38042160625 0.435455134375 0.39437700468750003 0.4130247953125 0.4294117953125 0.36875 0.44714526250000003 0.36875 0.46875
4 0.450550196875 0.3207908171875 0.5037479578124999 0.29194589843749996 0.5288441328125 0.22261876875 0.5154470625 0.2023968328125 0.47535772343750005 0.17478256718750002 0.4674281515625 0.16397453281250002 0.445592109375 0.1712659578125 0.43390999687500004 0.1814989765625 0.42200714375 0.20494495000000001 0.4235692828125 0.23671736875 0.432823278125 0.2700372546875 0.44652598593750004 0.2876242671875 0.4423149875 0.3126177078125 0.450550196875 0.3207908171875
4 0.5850133640624999 0.1568465859375 0.5948956234375 0.10558057968750001 0.5229861109375 0.103472196875 0.517756315625 0.20510842343750002 0.5285384953125 0.2252536921875 0.5263141390625 0.233120128125 0.5496104453124999 0.22454957812499998 0.5876791890625 0.224343809375 0.59805385625 0.2140724546875 0.6032666609375 0.1917522734375 0.5850133640624999 0.1568465859375
4 0.44652598593750004 0.2876242671875 0.42820476875 0.26461407187499997 0.419612990625 0.19165532968750001 0.4039915640625 0.179299828125 0.3886248296875 0.1986784125 0.38368369375 0.2752061984375 0.3933791671875 0.2821001796875 0.394092315625 0.3098818796875 0.4004088046875 0.3232865015625 0.41010427812500005 0.33018048437499997 0.42448618125 0.3306021625 0.445999609375 0.30347214375 0.44652598593750004 0.2876242671875
4 0.671474565625 0.2823222640625 0.687231834375 0.27088678437499997 0.6786740109375 0.24287507968750002 0.6860262765625 0.20211043437499998 0.6616262859375001 0.1749561796875 0.6460897546875 0.17317870625 0.602570490625 0.186444090625 0.5949125890625 0.2298436609375 0.60015935 0.252470515625 0.6194823734374999 0.278153971875 0.652728846875 0.3082114890625 0.668112559375 0.3113064234375 0.6735630796875001 0.29824680937500003 0.671474565625 0.2823222640625
5 0.36875 0.9624137703125001 0.36640488437499996 0.9314655500000001 0.3586804625 0.8945847 0.35341473749999996 0.8836452640625 0.33646673437499997 0.8681683249999999 0.319793353125 0.8433040343750001 0.29149735 0.8277010421875 0.29244784375 0.8207273546875001 0.30018631406249996 0.8122533531249999 0.30084698125 0.7949491328125 0.3098330828125 0.783422734375 0.3157741015625 0.764239465625 0.316390315625 0.752854325 0.3266685015625 0.732356453125 0.3264456484375 0.729415484375 0.3190633953125 0.7230732140624999 0.3176373671875 0.7172655609375 0.3218777359375 0.7016619890625 0.32158059687499996 0.6977406984375 0.3146586765625 0.6844618828125 0.31676000000000004 0.6601468328125 0.33941827812500003 0.6273724062499999 0.34055448125 0.6228495265625 0.33832594843749997 0.5934398375 0.333765925 0.5918134703125 0.307713084375 0.5928016859375 0.262641321875 0.64206378125 0.25957430000000004 0.653634634375 0.25235582343749996 0.6689708968750001 0.23765886875 0.696212290625 0.2194936421875 0.72322351875 0.2118592875 0.7395772453125 0.20667573906249997 0.7557452609374999 0.20222772187500002 0.7881257500000001 0.1997324609375 0.7942305421875 0.1958483109375 0.795017840625 0.1862009625 0.7913120890625001 0.16845834843750002 0.778360240625 0.1429772640625 0.7738823937499999 0.130099121875 0.7600689640625 0.1239571890625 0.7570835406249999 0.11912985625000001 0.7584352859375001 0.12198980781249999 0.7961777203125 0.1109023828125 0.8320191671874999 0.09959942031249999 0.8585104031250002 0.10162703749999999 0.8657514 0.1129750359375 0.8658774499999999 0.1267811546875 0.8594085515625001 0.13697043125 0.8507488406249999 0.14379555 0.8497386859375 0.148504140625 0.8533256984375001 0.14876413593749999 0.8567568281250001 0.137334540625 0.8620596953125 0.1319354515625 0.8688775015625 0.1024368515625 0.88294419375 0.10540033906249999 0.8960299859374998 0.11262671093750001 0.9068208500000001 0.11013144687500001 0.9129256421874998 0.10492538124999999 0.9157850125 0.1014869375 0.92245425 0.10340370937500001 0.96076113125 0.12118346718749999 0.9742031375 0.14213435624999998 0.9839540234375 0.1527175734375 0.9935045703124998 0.155158209375 1 0.36875 1 0.36875 0.9624137703125001
2 1 0.46875 0.7962014140625 0.46875 0.8018569187499999 0.5191080953125 0.8088968125000001 0.5556054296874999 0.8115925265625 0.559754290625 0.8194571078124999 0.5600004703125 0.8403267140625001 0.5561039515624999 0.8454907687500001 0.5605120671874999 0.8499346515624999 0.5693867640625 0.86979024375 0.581716409375 0.9678701328125001 0.580904065625 1 0.58337059375 1 0.46875
1 0.4871455 0.46875 0.4857645296875 0.475017675 0.47872372656250006 0.5392222656250001 0.48150470624999997 0.5448297249999999 0.48609551093750003 0.5478246296875 0.49924264531249996 0.5461129328125 0.5260913687500001 0.5269949625 0.5426924375000001 0.508830159375 0.554148246875 0.5033650265625 0.566807396875 0.5016987187499999 0.5718577640625 0.5041620328125 0.5791110500000001 0.5191303890625 0.5815461546874999 0.5272142390625 0.5813091531250001 0.5399462234375 0.5721319015624999 0.5759965859375 0.5669866453125 0.5886962578125 0.5411562921875 0.6336282296875 0.52810840625 0.662217109375 0.5237305390625 0.6880441890625 0.5097823234375001 0.734804034375 0.504324425 0.742155503125 0.49057562031249996 0.7419677859375 0.48480508125000005 0.7439710515625 0.48189597656250005 0.761351171875 0.47433440937500004 0.7830747812500001 0.45896991875 0.7972138187500001 0.4564399234375 0.8042929546875 0.47161944375000003 0.8121690984375001 0.47503051562500004 0.8201621703124999 0.47812895 0.822807040625 0.49569154531250004 0.8294838390624999 0.5479578203125 0.8339104374999999 0.616261084375 0.8524883921875 0.6223221203125 0.853125 0.6564731234375 0.853125 0.680499571875 0.8518906703125 0.7310461 0.8520776328125 0.744595953125 0.848861946875 0.7539861421875 0.8416335687500001 0.7652574375000001 0.807832653125 0.7953125 0.551814459375 0.7953125 0.46875 0.4871455 0.46875
2 1 0.58152845 0.9845544890625 0.579570628125 0.9378549859374999 0.5780481562500001 0.9006829671875 0.5800391 0.86572349375 0.5779134984375001 0.8503450203125 0.5666339515625001 0.840793925 0.5543235421875 0.8111406140625 0.5590370578125 0.80861543125 0.5578054 0.8057776078125001 0.5512255406250001 0.8014710203125001 0.5530926390625 0.7970175109375 0.56083953125 0.7943926234375 0.583081653125 0.7911424578124999 0.5946273718749999 0.7841064656250001 0.6505211671875 0.7818746703125 0.6878808875 0.7792878328125 0.6939876234375 0.772142965625 0.739625825 0.77367774375 0.765880640625 0.7704608109375 0.7696017640624999 0.7645004906249999 0.8019310031250001 0.7653863796875 0.80869241875 0.76911490625 0.8137228999999999 0.7829249125 0.8569231859374999 0.788207465625 0.8549653078125001 0.8084850281249999 0.8325477921875001 0.8146014390625 0.828068134375 0.8227314437499998 0.8160685328125 0.8301460890625 0.8002247140625001 0.84419355 0.7803420515624999 0.8760126421875001 0.7035670406250001 0.89310650625 0.677046053125 0.8915953390624999 0.65958823125 0.9317569156250001 0.6499865625 0.9615003046874999 0.6384208546875 1 0.613513259375 1 0.58152845
9 0.8933618484375 0.73177281875 0.8756615015625 0.7647051859375 0.829297790625 0.8276788734375 0.872477346875 0.8109526796875001 0.9217969234375001 0.798543821875 0.9461112937500001 0.7444648218750001 0.9749548125 0.70071911875 0.9402275234375 0.6941723234375 0.891372321875 0.6977387984375 0.8933618484375 0.73177281875