4 0 0.5098651624999999 0.0236493625 0.5369220421875001 0.0627075 0.55625 0.0871645796875 0.55625 0.10337241718750001 0.5457680875 0.12852097812500002 0.4873841875 0.13784831250000001 0.4325387078125 0.18707756250000002 0.3458474609375 0.2301434328125 0.29807881406250003 0.29626325468750003 0.2538485875 0.3151661703125 0.2308488703125 0.36604056875 0.21492598749999997 0.3763138625 0.2007723140625 0.378125 0.1842960453125 0.378125 0.1744008703125 0.344013353125 0.17954180625 0.344424640625 0.19723389687499998 0.3322197796875 0.204310734375 0.31269993125 0.2007723140625 0.3007007140625 0.2166951984375 0.24957954375 0.2220028234375 0.2233616390625 0.2343872875 0.141831878125 0.2998480234375 0.10690209218749999 0.317540115625 0.0048668734375000005 0.41307740624999995 0 0.4200712875 0 0.5098651624999999
4 0.2400365484375 0.709375 0.2765625 0.6081670171875 0.2765625 0.6064667 0.2057816953125 0.6449738953125 0.178043509375 0.6679736140625 0.188930190625 0.709375 0.2400365484375 0.709375
4 0.4796875 0.4297453359375 0.4123467140625 0.41468825000000004 0.36052783437499997 0.465995315625 0.24924605937500002 0.5438405140625 0.1367304296875 0.5686094421875 0.0947324296875 0.5863015328125 0.09843105156250001 0.59337836875 0.0879932421875 0.60045520625 0.059720385937499995 0.60045520625 0.0352284046875 0.6110704609375001 0.037201103125 0.6199165062499999 0.069419353125 0.637608596875 0.1457728171875 0.653531478125 0.15482138437499998 0.6609375 0.1658960546875 0.6609375 0.17947022343750002 0.6588391046875001 0.22487894531250002 0.6358393890625 0.4128006046875 0.5102255421875 0.4796875 0.489238934375 0.4796875 0.4297453359375
4 0.0019283890625000002 0 0.0008521000000000001 0.0005451453125 0 0.001658615625 0 0.15617875 0.0009373140625 0.1562355453125 0.0538571765625 0.1765625 0.06882286875 0.1765625 0.08090714375 0.17569684531250002 0.14226047656250002 0.1544663375 0.24281801718749998 0.1473895015625 0.2828125 0.10639200625 0.2828125 0.08903534375 0.281856234375 0.0783903453125 0.2583498671875 0.0553906265625 0.23517252656249998 0.0465445828125 0.2122830859375 0.050082998437500005 0.1997080671875 0.0412369546875 0.203897775 0 0.0019283890625000002 0
4 0.0571374171875 0.2506052921875 0.0646169171875 0.26829738125 0.0895742 0.2765625 0.0927654125 0.2765625 0.13509341875 0.2594513375 0.18539201562500002 0.21875952812500002 0.2147738703125 0.1904521828125 0.23125 0.159133684375 0.23125 0.1550268359375 0.1414609703125 0.15329879062500001 0.0413147125 0.17806771875 0.033589918749999996 0.2258363640625 0.0571374171875 0.2506052921875
4 0.4796875 0.356002253125 0.33997243906249996 0.32493919843749997 0.2810427390625 0.29840106093749996 0.26661840937500003 0.28601659687500003 0.26456345468750003 0.2736321328125 0.22618181874999999 0.29486264218749997 0.1816367984375 0.355015753125 0.1853765484375 0.3638617984375 0.21878605312500002 0.3567849609375 0.3416175828125 0.3957075609375 0.4796875 0.4280570640625 0.4796875 0.356002253125
4 0 0.614628628125 0.0353719046875 0.6022700015625 0.07235664375 0.596962375 0.080945140625 0.5863471171875 0.1651056578125 0.558039771875 0.254855234375 0.542116890625 0.305318346875 0.5085019187500001 0.334741328125 0.48196378281249996 0.3375 0.47143929531250006 0.3375 0.46933806093749997 0.32011135625 0.46073327343750003 0.2620453578125 0.47134852812499994 0.18482966875 0.494348246875 0.1709400125 0.5049635015625 0.126681415625 0.5014250828125 0.1063816 0.5403476828125 0.0908482765625 0.5562705640625001 0.069808146875 0.5633474015625 0.028754628124999997 0.5456553109375 0.0034400765625000004 0.52088638125 0 0.52088638125 0 0.614628628125
4 0.4796875 0.48224249218750004 0.47952121875 0.4822738453125 0.3902651828125 0.5194272375 0.3556644265625 0.5512730015625 0.292996453125 0.5919648109375 0.2932843546875 0.604349275 0.30955799375000004 0.62027215625 0.33602266875 0.618502946875 0.34785737499999997 0.595503228125 0.375718946875 0.5778111375 0.430456478125 0.576041928125 0.4677702484375 0.5848879734375 0.4796875 0.5797228265625 0.4796875 0.48224249218750004
4 0.2902488296875 0.3960023015625 0.27746816875 0.3783102109375 0.2470581 0.36238732812499996 0.1815537296875 0.3570797015625 0.1645412515625 0.3853870484375 0.16215874531250002 0.4349249015625 0.134585075 0.46500145625 0.13869498281249998 0.48977038593750005 0.163767390625 0.50625 0.17067007812499999 0.50625 0.23941703906249998 0.489770384375 0.26908679375 0.473847503125 0.3324539515625 0.463232246875 0.33380971875 0.44554015625 0.353125 0.4189292 0.353125 0.41171134374999996 0.3523836078125 0.408386765625 0.31687802187499997 0.40130993125 0.3006455109375 0.38715625781249996 0.2902488296875 0.3960023015625
4 0.4796875 0.22717810625 0.44088790937500005 0.1795936734375 0.438503925 0.1530555390625 0.4171758953125 0.14774790937499999 0.40677921718750004 0.15659395468749998 0.412861821875 0.1902089265625 0.397246240625 0.202593390625 0.399260065625 0.213208646875 0.419026684375 0.22736231875000001 0.43049270625 0.264515709375 0.46854679062500004 0.3052075203125 0.476149678125 0.3282072359375 0.46945162187499995 0.34413011875 0.4796875 0.34714587343750003 0.4796875 0.22717810625
4 0.34520221093750003 0.24309971562500002 0.348408765625 0.30502203125 0.33125 0.31724699843750004 0.33125 0.317505096875 0.3631621234375 0.3315601703125 0.426981696875 0.340406215625 0.44000279999999997 0.3484375 0.44184734375 0.3484375 0.44814521406249996 0.33863700625000004 0.43865188593750004 0.31032966093750003 0.453125 0.28520369375 0.453125 0.2805856578125 0.4481026078125 0.2607918078125 0.4082814703125 0.2200999984375 0.3519002671875 0.22717683281249998 0.34520221093750003 0.24309971562500002
4 0.31795819375 0.0770160921875 0.30579446093749996 0.0858621359375 0.3045209515625 0.107092646875 0.28746734375 0.13363078281250002 0.2718517625 0.1460152453125 0.24366116093749998 0.1495536625 0.1956231609375 0.2114759828125 0.033960534375000004 0.32647457343749997 0.009367496875 0.378125 0.011187190625 0.378125 0.1202993921875 0.3158593203125 0.274852675 0.19909151875 0.318617728125 0.18139942656250002 0.353835415625 0.17609180156249998 0.3939018484375 0.151322871875 0.40450417187500004 0.151322871875 0.4046875 0.1492331578125 0.4046875 0.1317049390625 0.38498284531250004 0.0717084640625 0.345531865625 0.0469395359375 0.32091649843750003 0.0522471640625 0.31795819375 0.0770160921875
7 1 0.75318751875 0.987005465625 0.7545565703125 0.9781174890625 0.7579994015625 0.9615541078125001 0.7584912359375 0.9241547687499999 0.7437362390625 0.913514590625 0.7447199062500001 0.8975225796874999 0.7501300703125 0.8525811578125 0.74619540625 0.8259870593749999 0.74029340625 0.8012594359375 0.7378342421874999 0.7796108640625 0.7324240765625001 0.7343266187499999 0.7255384125 0.7206391328125 0.7255384125 0.7135351 0.72750574375 0.683125521875 0.7476709046875001 0.65837885625 0.77029523125 0.6487925406249999 0.7845583953124999 0.6374984640625 0.8135765515625 0.635009834375 0.8342335453124999 0.637386003125 0.8546875 0.962924196875 0.8546875 0.9738322234375001 0.834725378125 0.9865991640625001 0.79734605625 0.9940841093749999 0.7860338921875 1 0.7711897140625 1 0.75318751875