0 0.3198864421875 0.0626022484375 0.2789244 0.0625961296875 0.2517641046875 0.073247553125 0.239535578125 0.08205848593750001 0.23428292499999998 0.0902721765625 0.2436407484375 0.1873814640625 0.2564465125 0.2489590265625 0.260042965625 0.25233988125 0.26463557187500003 0.253125 0.2676345296875 0.253125 0.2854602484375 0.25033941875 0.31375971406250003 0.24443855781249998 0.3424696125 0.23551641562499998 0.3477801390625 0.2292651140625 0.3484375 0.2265423078125 0.3484375 0.20307917656250002 0.345604571875 0.1724335515625 0.3397206359375 0.14230296250000002 0.3369754859375 0.0830961171875 0.334682675 0.073104390625 0.3279725515625 0.065774378125 0.3198864421875 0.0626022484375
0 0.4413239375 0.4890625 0.4409408 0.4760709375 0.43332831875 0.45508190937500004 0.4341164234375 0.41405153749999996 0.4288310078125 0.387277425 0.42762481875 0.36331586875 0.4302610390625 0.3510753203125 0.42988486249999996 0.3383197953125 0.42614372968750003 0.33003296875 0.41997425312500003 0.32409704375000004 0.4054239828125 0.32193505624999996 0.333294759375 0.3322207890625 0.307993221875 0.3381460265625 0.24875806875 0.3621882953125 0.24100473125000002 0.370299903125 0.22974175625 0.377974234375 0.2162095859375 0.393396040625 0.2120092921875 0.4034167125 0.21080692812500001 0.41346176406249996 0.2166527828125 0.4253625546875 0.2288455578125 0.4830930453125 0.23095161874999998 0.4890625 0.4413239375 0.4890625
0 0.3724475359375 0.235781253125 0.3534220734375 0.234318590625 0.33851924218749996 0.237140275 0.2755140203125 0.25191452187499996 0.2617503578125 0.259486771875 0.2589260484375 0.26534955781249997 0.25960073906250003 0.3051656296875 0.266609375 0.3395561859375 0.270876690625 0.3487465046875 0.2779972484375 0.35305523125 0.2904427984375 0.3516032546875 0.3498805078125 0.3344293484375 0.42546149843750003 0.32261850000000003 0.4296875 0.3145023609375 0.4296875 0.26628751875 0.424614684375 0.22615065156249997 0.420960359375 0.22080740781250002 0.41597345625 0.2210938390625 0.3907442609375 0.2294720640625 0.381895159375 0.23430489687499997 0.3724475359375 0.235781253125
6 0.51875 0 0.35562449375 0 0.3534215765625 0.02188483125 0.3509803296875 0.06169496249999999 0.34444844531249996 0.0660014046875 0.3384952921875 0.08993173125000001 0.3359527640625 0.11661480625000001 0.3416474359375 0.1403678171875 0.34854779687500004 0.205003921875 0.36058144062499997 0.2179091953125 0.3811549984375 0.21875 0.40467330625000003 0.21875 0.443435690625 0.2049617734375 0.46473665625000005 0.19341882500000002 0.48711597656250005 0.16199304375 0.4863925625 0.1374631875 0.47606423124999997 0.12593428906249998 0.4803120703125 0.1006275875 0.495081153125 0.09339108125 0.51126618125 0.07771900468750001 0.51875 0.0713072734375 0.51875 0
0 0.51875 0.085052396875 0.4828102109375 0.10608400312499999 0.4884316234375 0.1380627609375 0.48925149375 0.165863265625 0.47140937968749996 0.18179428749999998 0.457170803125 0.20701935625 0.46252787968750003 0.2193251015625 0.47815397031250007 0.2265625 0.5171945890625 0.2265625 0.51875 0.2265038421875 0.51875 0.085052396875
0 0.51875 0.22769858125 0.47910031093749994 0.2256413609375 0.45964934062499996 0.24346665625 0.45398555468749996 0.27720892343750003 0.453125 0.295184975 0.453125 0.300286153125 0.45523947500000006 0.31972734062499997 0.46996975 0.3234375 0.4825003328125 0.3234375 0.51875 0.316532353125 0.51875 0.22769858125
10 0.2730618625 0.656588009375 0.25036768125000003 0.6855701796875 0.244434896875 0.71831951875 0.25330342968749997 0.73064085 0.284732646875 0.75 0.28892814375000003 0.75 0.304572046875 0.7452620390625 0.3641791921875 0.7051002953125 0.371875 0.694478940625 0.371875 0.690857225 0.364761728125 0.6668696875 0.368151890625 0.6481557796875 0.3399880921875 0.6285469 0.3192715046875 0.646612625 0.2971598578125 0.6373641859375 0.2730618625 0.656588009375
6 0.51875 0.689480534375 0.47984495625 0.6819852187500001 0.410821765625 0.6778329921874999 0.38010659062499996 0.6898153546875 0.2607466671875 0.77969649375 0.1971755796875 0.8592469406250001 0.185464403125 0.89763215625 0.1543210796875 0.9207316625 0.12979493749999998 0.9510726281250002 0.10871100781250001 1 0.18907638437500002 1 0.2348660421875 0.983835384375 0.260137865625 0.8705945343749999 0.26746570625 0.8651593578125001 0.27844871250000003 0.8745624031249999 0.26374925625 0.9732118156249999 0.26881699062500003 0.9802525765624999 0.3796752421875 0.98982364375 0.42729745 0.9720507984375001 0.47619534531249996 0.9384823296875 0.4940955546875 0.9184557156250002 0.5111657328125 0.8679959578125 0.5173396453125 0.8601767921875 0.51875 0.8523915453124999 0.51875 0.689480534375
8 0 0.7779902828124999 0.026005371875 0.80285390625 0.040643540625 0.827095171875 0.038502803125 0.8826808953124999 0.0456587453125 0.9394708031250001 0.06340456562499999 0.9465576546874999 0.1131324890625 0.9434223328125 0.1248542953125 0.95625 0.127687384375 0.95625 0.16329732187499998 0.9116140546875 0.171875 0.8642647140624999 0.171875 0.8597041546874999 0.1454408890625 0.843861609375 0.100678834375 0.7758162859375 0.0833524046875 0.7751681015624999 0.068696725 0.786038459375 0.0547517046875 0.7842321796875 0.0391291140625 0.7566712296875 0.018001889062500002 0.750742475 0 0.7547346109374999 0 0.7779902828124999
6 0 0.753983965625 0.029728809374999998 0.758767846875 0.04816778125 0.7882896828125 0.057464460937499996 0.7894938703125 0.14368595625 0.7687403093749999 0.1580591234375 0.7594294453125 0.204458175 0.652117353125 0.2086958765625 0.628724965625 0.163814453125 0.5175698609375 0.1505800953125 0.50308694375 0.13536814218749998 0.4995204734375 0.12184251406249999 0.504152859375 0.099713359375 0.5300160468749999 0.082806325 0.5358065296875 0.021084706249999998 0.578886559375 0.0036038906250000003 0.605351840625 0 0.6089138140625 0 0.753983965625
9 0.46013438281249996 0.6501208671875001 0.482400415625 0.6322558390624999 0.48762253749999995 0.6121831375 0.506224653125 0.5970356984375 0.5029888796875001 0.5886361453125 0.4831285875 0.58446758125 0.4510096015625 0.58669159375 0.4324074859375 0.60183903125 0.40986769375 0.6037077390625 0.3983109046875 0.6149794906249999 0.36870827500000003 0.6558355078125 0.3672869515625 0.6811887796875 0.37305659062499996 0.6931087171874999 0.44420301249999994 0.67678684375 0.46013438281249996 0.6501208671875001
3 1 0.4890625 0.9326791703125 0.4890625 0.930144996875 0.49119100156249995 0.903641709375 0.501685734375 0.8939730687499999 0.507847659375 0.8489598624999999 0.5171712078125 0.8255676218750001 0.5375975171875 0.813511596875 0.545180615625 0.8059946796874999 0.554937596875 0.7987236921875001 0.5759253859375 0.788841225 0.6216284890624999 0.7875 0.629871834375 0.7875 0.634753834375 0.788492878125 0.637276346875 0.8254025921875 0.6543121109375 0.84379596875 0.6600222875 0.87790528125 0.665625 0.8860330171874999 0.665625 0.8888181625 0.6649148953124999 0.8929947968749999 0.6603969640624999 0.9314311437499999 0.636703728125 0.9484950218750001 0.6172002953125 0.9562360375000001 0.5841491734375001 0.974252815625 0.5608278640625001 0.9895184515625001 0.5302050359375 0.9967971437500001 0.521402525 1 0.5195959328125 1 0.4890625
3 0.69026595 0.4890625 0.6841583625000001 0.49746824843750004 0.6734112875 0.49777088750000004 0.6672033203125001 0.5002474125 0.6593264999999999 0.5073743359375 0.6499063546875 0.5288288296875 0.6409729343749999 0.56462141875 0.6375 0.588127565625 0.6375 0.5898165328125 0.64123041875 0.5941301421875 0.6919956859375 0.616733078125 0.7085972390624999 0.62147825625 0.7533718859375 0.628125 0.7580129265625001 0.628125 0.7604268140625 0.627600809375 0.764006603125 0.62343816875 0.78690185 0.5724267281250001 0.792019825 0.5458130062500001 0.7904610937500001 0.5357700203125 0.7844810796875 0.5210450375 0.7788635390625 0.5130118703125001 0.7786214609375 0.5078737 0.78021366875 0.4890625 0.69026595 0.4890625
3 0.51875 0.4890625 0.51875 0.55367429375 0.5210153953125001 0.556002371875 0.5247220015625 0.563547775 0.5278279125 0.5653558328125 0.5476557703125 0.5734627140625 0.5672428375 0.5784623078125 0.6139792203125001 0.5859375 0.621885384375 0.5859375 0.6230133890625 0.5850831546874999 0.6252778078125 0.5780465765625 0.6390625 0.526878690625 0.6390625 0.49248603593749996 0.6380009171875 0.4890625 0.51875 0.4890625
3 0.51875 0.72663820625 0.5717631609375 0.740625 0.5752199171875 0.740625 0.5786098 0.7342764140625 0.5931466375000001 0.6841773203125 0.59375 0.678938834375 0.59375 0.6377343124999999 0.579846840625 0.6132667109375001 0.5604877234375001 0.5910656140625 0.54591493125 0.5843000859374999 0.5277559265625 0.5715428015625 0.52500735625 0.5683030375 0.5269131515625001 0.5606672859375 0.5238046765625 0.5547974703125 0.51875 0.550991875 0.51875 0.72663820625