7 0.259375 0.209375 0.259375 0.1144987 0.20657301718749999 0.0773469359375 0.2014971265625 0.07031865468750001 0.1483639046875 0.0299798 0.13675987812499998 0.0257808109375 0.12271240000000001 0.031253771875 0.1136209515625 0.0376548484375 0.1006845359375 0.0494136015625 0.08603079062499999 0.06591551875 0.0819898625 0.086430803125 0.0433442296875 0.155165175 0.032314125 0.188552946875 0.0259255359375 0.209375 0.259375 0.209375
0 0.96284075625 0.209375 0.9464202468749999 0.173075284375 0.9093771265624999 0.14087901875 0.8724483921874999 0.12832779375 0.8134653609375 0.125926371875 0.76812080625 0.14494813281250002 0.7546825 0.157903771875 0.7498387375 0.1699818046875 0.7482731515625 0.209375 0.96284075625 0.209375
0 0.53891755625 0.209375 0.5562906546875 0.1832320015625 0.5746299140625 0.16802085 0.574572721875 0.15819833125 0.5595695984375 0.1133966296875 0.5409443765624999 0.079495178125 0.5162608796875 0.06007735937499999 0.4891769468750001 0.050382003125 0.480603853125 0.054943054687500006 0.458470915625 0.0515868921875 0.43393039843750003 0.056725373437500004 0.38492800000000005 0.08050830625 0.35931595 0.11260869062500001 0.3533077140625 0.135687028125 0.3546509125 0.1553821015625 0.38609959531250004 0.209375 0.53891755625 0.209375
0 0.5200278046875 0 0.511520765625 0.014481209375000002 0.5128854109375001 0.0378597265625 0.52155859375 0.0504880828125 0.520394121875 0.0614883890625 0.548814103125 0.08965100312499999 0.5701114203125 0.16048696875 0.580473928125 0.1625 0.59031224375 0.1625 0.6351670265625 0.1508603859375 0.7015658328125001 0.1609288765625 0.7046875 0.1558077625 0.7046875 0.1377701203125 0.7037017515625 0.1057772578125 0.69713589375 0.03308601875 0.688210125 0 0.5200278046875 0
0 0.7696345828125 0 0.760577378125 0.00438500625 0.745924559375 0.019746246875 0.7374658468749999 0.0439523421875 0.73767316875 0.07955898125000001 0.750518925 0.17582885312500002 0.7798388640625 0.1475620015625 0.825183415625 0.1285402421875 0.8681847265624999 0.1290634640625 0.9137151546875 0.141964896875 0.929260784375 0.0689463765625 0.9291392515624999 0.04807351875 0.9180513375 0.042711990625 0.9019337843749999 0.017505306249999998 0.883430096875 0.0044767109375000004 0.8846989015624999 0 0.7696345828125 0
0 1 0.0096819859375 0.99279446875 0.008929346874999999 0.9510863109375001 0.0195064921875 0.9364191921875001 0.0324121 0.9303752140625001 0.0493513625 0.9232597 0.09325253125 0.92831793125 0.11800895 0.9173158062500001 0.1273812046875 0.9149368171875001 0.14078711093750002 0.938391503125 0.1601549 0.9569738296875 0.18668946250000001 0.9692619624999999 0.1871897578125 0.9973888343749999 0.16501195468750002 1 0.165046790625 1 0.0096819859375
7 0.259375 0.6930724796875001 0.1421578875 0.674365971875 0.130255946875 0.67374221875 0.12326120468749999 0.6823069328125 0.11426548750000001 0.693743878125 0.10424908749999999 0.7100891625 0.10113508125 0.73374275 0.0970407921875 0.7553602265625 0.097922959375 0.7742614140625 0.10070797812500001 0.807155446875 0.110470428125 0.83446095625 0.1212766515625 0.852889871875 0.12621847656250001 0.8561259609375 0.259375 0.8979559109374999 0.259375 0.6930724796875001
9 0.259375 0.35238128125 0.2018393578125 0.34656770625 0.205488375 0.60675883125 0.259375 0.61054009375 0.259375 0.35238128125
9 0 0.8454059031250001 0.0984375 0.8075005734375 0.0984375 0.79825604375 0.094799078125 0.7691181453125 0.0026407390625 0.5797082609374999 0 0.5807120796875 0 0.8454059031250001
9 0 0.5088034859375 0.037014721875 0.5039695468750001 0.1472231046875 0.489898003125 0.12628594531249998 0.33696873906249997 0.066672353125 0.3517071109375 0 0.355707828125 0 0.5088034859375
9 0.259375 0.610440315625 0.203110896875 0.603971946875 0.20715324218750003 0.5912830390625 0.096045378125 0.5894295875 0.07402891874999999 0.622016196875 0.0717855375 0.6665550953125 0.259375 0.6375409578125 0.259375 0.610440315625
9 0.1291979421875 0.3480373765625 0.1385794625 0.4408190765625 0.170110190625 0.47819670625 0.09605115 0.5884375234375 0.2061902734375 0.58627074375 0.2026221 0.34692354375 0.2302209140625 0.344400471875 0.22849044062499999 0.334386121875 0.1291979421875 0.3480373765625
3 0.9650409046874999 0.218541425 0.9563995609374999 0.21617193750000002 0.9409892781250001 0.215125425 0.9354572953125 0.2156348984375 0.9024924999999999 0.22649237812499998 0.8369492624999999 0.2441577609375 0.72779291875 0.2706565296875 0.6989959109375 0.2861075234375 0.642648875 0.30788038906250004 0.6247693125 0.3172797671875 0.6118009421874999 0.322166975 0.600150115625 0.32900865156250003 0.5839744515625 0.336312921875 0.5596436703125001 0.3492882546875 0.5474086828125 0.353385403125 0.5311084734375 0.35641190625 0.506105615625 0.3636231109375 0.4969360265625 0.3690894203125 0.4923132546874999 0.37484803437499997 0.4899345828125 0.37974627187500004 0.48885147968750003 0.3858440734375 0.4886775859375 0.3971910171875 0.4929159453125 0.412868125 0.49537250781250003 0.41930511406250004 0.49800759531250005 0.4232140484375 0.5029307453125 0.427772403125 0.5077806328125 0.4298144234375 0.530222771875 0.4328125 0.54748180625 0.4328125 0.5764744890625 0.425105059375 0.5827691609375 0.42481205781250003 0.58605704375 0.4251629640625 0.5940089609375001 0.4298323125 0.5983113171875 0.4303879734375 0.69339614375 0.4315054625 0.71906316875 0.4328125 0.759385090625 0.4328125 0.7929032421875 0.428637490625 0.89226650625 0.41216959375 0.928932146875 0.40718723749999997 0.9520745625 0.4053540953125 0.96379865 0.40102875156250006 0.9727384296875 0.3963290640625 0.979145690625 0.39124330625 0.9837318328125001 0.384226525 0.9874261093750001 0.36389660937499996 0.9875 0.3625643765625 0.9875 0.3231355078125 0.9871904890625001 0.3125047890625 0.9841578453125 0.2776215015625 0.9812910109375 0.25709303906250003 0.976158096875 0.2366700578125 0.969927421875 0.2218416125 0.9650409046874999 0.218541425
3 0.908339475 0.40695300312500005 0.8814642171875 0.410471746875 0.8699552828125 0.41352720156250006 0.8657994515624999 0.4180042109375 0.8627140109375 0.433266296875 0.8453511609375 0.49505230781250004 0.8468884937500001 0.5045557796875 0.8465021390625 0.5086053546875 0.8435979171875001 0.5127721296875001 0.8383983078125 0.5160378515625 0.8281675937500002 0.5283568625 0.8274288234375 0.5462814359375 0.82496686875 0.5569789609375 0.8214831171875 0.5672200999999999 0.8115180843750001 0.6059840624999999 0.7975903984375 0.647200246875 0.79168865 0.669648709375 0.7888576890625 0.67633181875 0.7867281125 0.6897855890625 0.784367971875 0.7299593859375 0.7832335828125 0.734295753125 0.7793881484375 0.7407741109375 0.778125 0.7460214640625 0.778125 0.746796934375 0.7789185125 0.750622975 0.788936009375 0.7569599953124999 0.7907717796875 0.7593942921875 0.7897912421875 0.7690149609375 0.8003774921875 0.8035466484375 0.806365640625 0.8360245953125001 0.8085742937500001 0.8772455984375 0.809037784375 0.9104846515624999 0.8075097171875001 0.9186189609375 0.8034637796874999 0.9268704703124999 0.8030600781250001 0.9389840359375 0.797791840625 0.9485523125 0.7980262796875001 0.9566045828124998 0.81405735625 0.9616537921875 0.833310378125 0.9647892062500001 0.8399227734375 0.9667491859374999 0.8473407140625 0.9671875 0.8745676671875 0.9671875 0.8895394390625 0.9649436109374999 0.8972862203125 0.9625672218750001 0.9049670687500001 0.9579261328124999 0.9113670015625001 0.95258874375 0.9176790203125 0.944231753125 0.92241438125 0.9336803812500001 0.925091490625 0.921712971875 0.9294219703125 0.8799356140625001 0.9347129453124999 0.8451688328125 0.9434591250000001 0.7732009765625001 0.9532537171875 0.711263296875 0.9546875 0.6945678515625 0.9546875 0.6845491546875 0.950380646875 0.569283440625 0.9469650984375001 0.50392906875 0.9446280265624999 0.4236580015625 0.9429368437499999 0.4088702296875 0.9390428203125001 0.40501989531250004 0.908339475 0.40695300312500005
4 0.7931024421874999 0.4415132546875 0.785578140625 0.44287138906249995 0.77998021875 0.4411161625 0.7753308359375 0.43730098906250003 0.7699920265625 0.43578567343749997 0.7647411328125 0.4372899625000001 0.750222715625 0.4495565812500001 0.744446271875 0.4503294078125 0.7328814218749999 0.4428045390625 0.7274180671875 0.43701145781249995 0.7220646078125 0.434992878125 0.71522973125 0.43405115 0.6798550234375 0.4314141828125 0.6001511734375 0.43033667343750004 0.5918568609375 0.4312267 0.5883758015625 0.43290058125 0.5844864109375 0.4378691375 0.58267725 0.44500863281249997 0.5710942984375 0.47150115625 0.5701796984375 0.48338652968750007 0.5726162203125 0.5064547656249999 0.5768985343749999 0.523641671875 0.5858768828125 0.537586296875 0.5918145078125 0.5423494062499999 0.593219965625 0.5473234734375 0.5920709265624999 0.5511565765625 0.5896116671875 0.5532868437499999 0.5863677421875 0.5544457375 0.574296625 0.5555115640625 0.5723116359375 0.5566118578125 0.57038525625 0.55972521875 0.5728125140625 0.565155675 0.58286664375 0.5727508640625001 0.5854331 0.5829623546875 0.59020703125 0.5910552984375 0.5981516203125 0.5954730125000001 0.6206778734375 0.5984560671875 0.6527134140624999 0.5989806921875 0.661584565625 0.600583559375 0.67314478125 0.5992895375 0.6794687578125 0.600003071875 0.7059137078125 0.599024103125 0.7218788484374999 0.6018086109375 0.7265062515625 0.604868884375 0.7320062375 0.611920134375 0.7438174828124999 0.6365677953125 0.753553890625 0.6419100046875 0.7641628734375 0.6512431890625 0.7733664015625 0.6556023046874999 0.7754466328125 0.65777324375 0.7823960343749999 0.6713083625 0.7875416656249999 0.6748484625 0.7914603609374999 0.670886440625 0.793484678125 0.6624770578125 0.7980122109375001 0.6534472078125 0.8116294984374999 0.6102296765624999 0.8173087625000001 0.5887994671875 0.817890990625 0.574157846875 0.8170330625 0.570670140625 0.8144199515625001 0.5675161046875 0.8165028781250001 0.5611197890625 0.815459096875 0.5599085015625 0.810667821875 0.5598795484375 0.810120290625 0.5583931890625 0.8164149625 0.5581001890625 0.8247339499999999 0.54939780625 0.8264845000000001 0.540245240625 0.8264505609375 0.5304198171875 0.828117828125 0.5270665421875 0.8345104375 0.52147751875 0.8466501843749998 0.5141091359375001 0.846875 0.5137865859375 0.846875 0.5057135484374999 0.842915403125 0.49840858906249996 0.8343719968750001 0.49074308124999994 0.8321818703125 0.4847976390625 0.827192784375 0.47797458125 0.8274079406249999 0.4767046953125 0.8406747484375 0.464748309375 0.8466983500000002 0.45514487343750004 0.846875 0.45452512812499996 0.846875 0.44170964843749994 0.8449339046875 0.43784076562499996 0.8397809484375 0.43404903125 0.8229112265625 0.43483427187500007 0.8122235906250002 0.4401192671875 0.8037214484374999 0.44253081562499996 0.7931024421874999 0.4415132546875