7 0.215480825 0 0.213329434375 0.013652878125 0.208303275 0.0958375765625 0.2294500609375 0.1527342265625 0.2323731984375 0.19452976875 0.24273917968749997 0.2293231734375 0.3032081140625 0.288120309375 0.3162318984375 0.3089207109375 0.35 0.3132887203125 0.35 0.06456879062500001 0.3217306421875 0.019710023437499998 0.30595493125 0 0.215480825 0
7 0 0.267895728125 0.30625 0.3075101171875 0.30625 0.3064148078125 0.2531285953125 0.24010553906249998 0.0931917703125 0.128617475 0 0.10221132968749999 0 0.267895728125
7 0.35 0.0895916375 0.37031870312500004 0.088883965625 0.4152859953125 0.07817412500000001 0.429926975 0.07243923125 0.4342357640625 0.06314546875 0.38996322031249997 0.05684996875 0.377114784375 0.05076625312500001 0.37229606406250004 0.0404841484375 0.35 0.0417044390625 0.35 0.0895916375
7 0.441717478125 0 0.44014781718750007 0.014608612500000001 0.44769655156250004 0.0221831515625 0.46129764062500006 0.07395911875 0.471041965625 0.0919071234375 0.4980504 0.10402887499999999 0.5059197890625 0.10375479531250001 0.5226205234375 0.0796607796875 0.5222709171875 0.0561606015625 0.5057260453125 0.0123246140625 0.5033588203125 0 0.441717478125 0
7 0.6172024 0.2971214984375 0.6264902375 0.2941855328125 0.6293805765625 0.28755365624999996 0.6410243328125 0.2910668453125 0.6493212578125 0.2803279421875 0.647548740625 0.1954839546875 0.635341609375 0.173703 0.6164697734375 0.1547666515625 0.608653828125 0.153732628125 0.6005706703125 0.1592391203125 0.5946586171874999 0.2077759796875 0.6006330421875 0.285942409375 0.6172024 0.2971214984375
7 0.6440415843749999 0.18515616875000002 0.6498512156249999 0.2032412140625 0.7042176921875 0.2509848953125 0.7252027249999999 0.2502540171875 0.7296183984375 0.23834404843749998 0.7403246828125 0.2327461953125 0.740752221875 0.2222813703125 0.7184801125 0.1904010296875 0.704213228125 0.18697919999999998 0.6931573375 0.169076875 0.6656144796875 0.1700361546875 0.6349385625 0.1515109265625 0.6191463453124999 0.1533671890625 0.6176744546874999 0.157337178125 0.6440415843749999 0.18515616875000002
7 0.6826980046875001 0 0.7241694703125 0.0190851921875 0.7438429390625 0.01839999375 0.764453878125 0.026825837499999998 0.776471728125 0.021182303125 0.77679238125 0.013333684374999998 0.7683582578125 0 0.6826980046875001 0
7 0.6527084125 0 0.6340456078125 0.0130803890625 0.6328164375 0.0431667625 0.6441929828124999 0.053220467187499995 0.677973009375 0.059881407812499995 0.6855751859375 0.06614784375 0.718471184375 0.0623896375 0.73530775625 0.0670282109375 0.7485837296875 0.062647103125 0.7532666125 0.044196617187499995 0.73402068125 0.034416990625 0.7076001109375 0.0079061046875 0.6662786640625 0 0.6527084125 0
7 0.5419288234375 0.21614369218750001 0.5762967124999999 0.2084154984375 0.5850746171875001 0.1859036640625 0.5791581015625 0.1704348265625 0.5676212312500001 0.1643054296875 0.51406085 0.160945896875 0.49607304062499996 0.15242869375 0.4567795453125 0.1524909890625 0.44460136875 0.16205883125 0.44149726093749997 0.17392312031249998 0.46850569687500004 0.18604487187500002 0.48360316406250003 0.20119395 0.5419288234375 0.21614369218750001
7 0.603367625 0 0.6094465343750001 0.0060996890625 0.60711956875 0.0309993296875 0.5826563312499999 0.0527512203125 0.584535734375 0.13497900000000002 0.590345365625 0.1530640453125 0.5992591078125 0.1592848 0.6086003859375 0.15504073125 0.6254904 0.1583712015625 0.639087025 0.1461414734375 0.64087956875 0.1343228640625 0.6425073234375 0.0624228703125 0.6255349140625001 0.0290517078125 0.6223902 0 0.603367625 0
7 0.63860158125 0.09390870625 0.6430996515625 0.11203943125 0.6545296359374999 0.12078503437500002 0.67420310625 0.120099834375 0.6862743984375 0.11314819843749999 0.7070456625 0.11764973281249999 0.739057634375 0.1034723796875 0.7437405187499999 0.085021896875 0.7077649015625 0.06798749062500001 0.6972723828125 0.06835293125 0.6918123578125 0.0737680625 0.6778126828125 0.0638057171875 0.6541510781250001 0.0659360609375 0.6418660171875 0.078120109375 0.63860158125 0.09390870625
7 0.7062729828125001 0.1686200765625 0.7320232953125 0.1794794046875 0.753222096875 0.1735161125 0.7575308859375001 0.16422235000000002 0.7474659078125001 0.15412296406249998 0.7331990218750001 0.150701134375 0.7068853359375 0.12157404218750001 0.690262534375 0.1117030546875 0.672891540625 0.1201455140625 0.6584643296875 0.12064799374999999 0.6404520312499999 0.14478769062500002 0.641549828125 0.1499744234375 0.674955759375 0.1657920859375 0.7062729828125001 0.1686200765625
7 0.5597028640625 0.22989330937500002 0.5616067546875 0.279464190625 0.5704136125 0.28830115156249997 0.5864195984375 0.281212475 0.5967473249999999 0.22076565 0.6004637875000001 0.161855328125 0.591550046875 0.1556345703125 0.5833844953125 0.131100371875 0.5527375296875 0.1439239390625 0.5561912453125 0.155559828125 0.575383734375 0.16664755625 0.5839233796875 0.182025034375 0.5762432703125 0.2097236015625 0.5536794640625 0.2170406765625 0.5597028640625 0.22989330937500002
7 0.559552965625 0 0.5242237875 0.040417684375 0.525190209375 0.0808775234375 0.5542583999999999 0.07464015 0.59609263125 0.0444458015625 0.608484575 0.029645546875 0.6082952984375 0.002221059375 0.6052020062500001 0 0.559552965625 0
7 0.5831662640624999 0.0723270875 0.57824065625 0.0646611890625 0.5543118421875001 0.073332046875 0.53766455 0.0961179609375 0.5245244140625 0.1292316609375 0.509349015625 0.148047584375 0.5182093140624999 0.15557644375 0.5527375296875 0.1439239390625 0.5852839234375 0.11666555625 0.5831662640624999 0.0723270875
7 0.9179957046875 0 0.9025956984375 0.0115646140625 0.888411209375 0.038183478124999996 0.891918365625 0.0485112625 0.9024643250000001 0.0468377203125 0.9361085140625001 0.0247660703125 0.9880077234375001 0.004671106249999999 0.9943345390625 0 0.9179957046875 0
10 1 0.5398888984375001 0.9756676687500001 0.46886678281250005 0.9702649171874999 0.45794792187500005 0.9658444859374999 0.45580123281249996 0.9417776875000001 0.4712366015625 0.8651568624999999 0.5271838437499999 0.8278287687500001 0.5504227609375001 0.7679073562500001 0.5968525609374999 0.6966892796874999 0.6440723 0.628418159375 0.69452408125 0.6254712046875 0.69964174375 0.6254712046875 0.750231134375 0.627435840625 0.7717047562499999 0.6308739546875 0.784725634375 0.6313651140625 0.832333728125 0.634803228125 0.8694214046875001 0.6392236609374999 0.8764796859375 0.643049321875 0.878125 0.6601735 0.878125 0.763486921875 0.8530555765625 0.8076912437499999 0.8450529187499999 0.8735065687500001 0.8257158875 0.938830734375 0.8015016140625001 1 0.7875019734375 1 0.5398888984375001
10 0.8048527499999999 1 0.74078206875 0.9762007859375 0.6538469015625 0.9405313578125 0.6017840328125 0.9220697874999999 0.5860669406250001 0.9128544906249999 0.5624913031250001 0.9071356749999999 0.5511946421875 0.9074344546875001 0.54186261875 0.911525128125 0.5349863906250001 0.9193733453124999 0.5246720484375 0.9461260296875 0.49907640937500003 1 0.8048527499999999 1
10 1 0.7892520703125 0.9301832640625001 0.8106448468749999 0.906607625 0.815240371875 0.895310965625 0.819468425 0.8835231468749999 0.8276600953125002 0.8756646 0.830665415625 0.8535624390625 0.8312286296875001 0.767609590625 0.8500091765625001 0.6659396484375 0.8802031109375001 0.650713715625 0.8822501296875 0.644328646875 0.8797496625000001 0.63745241875 0.873354265625 0.6340143046875 0.8657361375000001 0.63106735 0.8487516375 0.6300850328125 0.8218065765624999 0.63106735 0.7770424046875 0.6286115546875 0.7732848578125 0.6241911218749999 0.7735939640625 0.6217353265625001 0.7772038046875 0.6104386671875 0.8221980656250001 0.594721575 0.8920593921875 0.59375 0.9159309062500001 0.59375 0.9162134671875 0.5961950515625001 0.9204435859375 0.600124325 0.9221334609374999 0.6158414171875 0.924472528125 0.7504190203125 0.9307790375 0.7838178421875 0.9343374718749999 0.9203600812499999 0.942471240625 0.9680025171875 0.9420867109375 0.9895667125 0.94375 1 0.94375 1 0.7892520703125
10 0.7307624484374999 0.3890625 0.7266177546874999 0.3903884984375 0.7217061640625 0.394170065625 0.7212150046875 0.39813368437499996 0.7276000734375 0.40898385625 0.7403702109375001 0.44099854374999997 0.77033091875 0.50177185625 0.7747513500000001 0.520126796875 0.7732778734375 0.52956185625 0.7688574406249999 0.5333090765625 0.7354586203125001 0.5498881640625 0.5989163796874999 0.6124813140625001 0.4967552796875 0.6643205953125 0.493317165625 0.67094608125 0.5129635312499999 0.710829640625 0.5335922156249999 0.745241759375 0.5429242390625 0.7470449968749999 0.5507827843750001 0.7440396781249999 0.60235449375 0.7129285203125 0.7020597984375 0.6396499640625001 0.7511757125 0.6082193734375 0.8140440812499999 0.5635481390625 0.8317258109375001 0.5485592578125 0.8572660859375001 0.5325296921875 0.917678659375 0.4895036609375 0.9530421171875 0.46394632812500003 0.96925036875 0.45004279843750006 0.9756354375 0.4382996515625 0.9721973234375 0.4193848625 0.9594271859374999 0.41291045000000004 0.9451835703124999 0.40113632343749994 0.925904803125 0.3890625 0.7307624484374999 0.3890625
10 0.6214360453125 0.3890625 0.6043191312499999 0.45395027500000007 0.5949871078125 0.47130224531250003 0.5836904468749999 0.479459571875 0.5542208984375 0.4942904203125 0.5051049859375001 0.523265215625 0.4353603875 0.573328871875 0.42799300156250003 0.5743352093749999 0.4216079328125 0.568396628125 0.4171875 0.566696446875 0.4171875 0.6990108453125 0.456971390625 0.6823284890625001 0.512472371875 0.6543806859375 0.5488181484375 0.6385778453125 0.5949871078125 0.6142295531249999 0.6539262031249999 0.588497128125 0.7757336687499999 0.5288989703125 0.7767159875 0.5165513015625 0.7718043953125 0.501668821875 0.7226884828125 0.39655717031250004 0.7153210953125 0.393634234375 0.6858515468749999 0.40011537812500003 0.6666963406249999 0.39998136406249996 0.66178475 0.3905016328125 0.6613651859375 0.3890625 0.6214360453125 0.3890625