2 0.63486476875 0.41875 0.6298689453125 0.40276373281250005 0.614399115625 0.37376859375000004 0.608759240625 0.369267421875 0.5966591421875 0.3652910296875 0.5777864609375 0.35293802812499997 0.5677088296875 0.34978920625 0.5585383125 0.3440870421875 0.5475535687499999 0.3434915625 0.5285199765625 0.354956315625 0.516189553125 0.372819590625 0.4773887890625 0.4032476546875 0.46323782968750005 0.4118361265625 0.44289799375000005 0.4144802328125 0.4356498453125 0.41875 0.63486476875 0.41875
2 0.6155018453125 0.348386540625 0.598952953125 0.35964945625 0.5961101421875 0.3638478328125 0.611792940625 0.37050878125 0.623934059375 0.3898557015625 0.7018148249999999 0.37956184843749996 0.7302161359375 0.3936204734375 0.728996659375 0.3872724328125 0.7168728984375 0.3684200328125 0.7151217734374999 0.3611233171875 0.7077481296875 0.34981994843750003 0.6909894109375 0.312498684375 0.688880175 0.3091985046875 0.6848873 0.309026921875 0.6553832578125001 0.32035035 0.6305772734375 0.337739246875 0.617350778125 0.3442689 0.6155018453125 0.348386540625
2 0.6468642796875 0.27640858125 0.6005431453125001 0.23454569531249997 0.5626763078125 0.2063780453125 0.5541936171875 0.2060752484375 0.5543387578125 0.2244129015625 0.5686474828125 0.26292505 0.6020181953125 0.27658 0.6119112484375 0.288670571875 0.6111082578125 0.294191040625 0.619198128125 0.29750133125 0.6249074171875 0.3039805875 0.6304431734375 0.30551463125 0.6391341046875001 0.3117516828125 0.6593240734375 0.31903836874999997 0.6972413890625 0.3060396515625 0.6993506234375 0.30933983125000003 0.7181538921875 0.3197147484375 0.709508709375 0.300579775 0.7022738921875 0.2932325796875 0.6841237453125 0.28726798750000004 0.6671930749999999 0.2876514375 0.659155265625 0.2858247109375 0.6585715578125 0.28339247031250003 0.661980725 0.2811318140625 0.6468642796875 0.27640858125
6 0.4296875 0.406754196875 0.45896572343750003 0.41317501874999996 0.48826152343749996 0.3959173375 0.52138034375 0.3692570375 0.5327047890625 0.3369281734375 0.575715084375 0.33178126093750004 0.6002728640624999 0.32152086875 0.62077624375 0.314069478125 0.616971625 0.300327159375 0.598895103125 0.305928309375 0.5870395296875 0.29945239687499997 0.5791331890625 0.3108398140625 0.5391466 0.307475590625 0.49467177343749996 0.2945573375 0.4731850265625 0.2739858578125 0.45817953593749994 0.248755134375 0.4296875 0.212379475 0.4296875 0.406754196875
10 0 0.41875 0 0.519598846875 0.1402083328125 0.5002083328125 0.1535416671875 0.4952083328125 0.1885416671875 0.45854166718750006 0.2185416671875 0.4502083328125 0.216875 0.4335416671875 0.1987962953125 0.41875 0 0.41875
10 0.1955729171875 0.41875 0.196875 0.421875 0.2152083328125 0.43187499999999995 0.2235416671875 0.45854166718750006 0.26187499999999997 0.45520833281249995 0.3752083328125 0.4285416671875 0.40854166718749996 0.4302083328125 0.42358072968749994 0.41875 0.1955729171875 0.41875
10 0.4296875 0.447083334375 0.40520833281249996 0.4335416671875 0.36854166718750003 0.4302083328125 0.176875 0.4702083328125 0.1602083328125 0.4835416671875 0.1452083328125 0.5085416671875 0.146875 0.531875 0.19354166718750002 0.5902083328125001 0.22020833281250002 0.6035416671875 0.241875 0.6252083328125 0.276875 0.6235416671875 0.4296875 0.5801107453125 0.4296875 0.447083334375
10 0 0.7247916671875 0.0202083328125 0.7652083328125 0.053541667187499996 0.7802083328125 0.096875 0.776875 0.136875 0.7602083328125 0.246875 0.7318749999999999 0.3335416671875 0.686875 0.3352083328125 0.656875 0.30354166718750003 0.6202083328125 0.246875 0.621875 0.1902083328125 0.5835416671875 0.1785416671875 0.5685416671875 0.16354166718750002 0.5685416671875 0.1352083328125 0.5802083328125 0.006875000000000001 0.6035416671875 0 0.6097291671875 0 0.7247916671875
10 0 0.8985416671875001 0.0502083328125 0.8985416671875001 0.0902083328125 0.891875 0.10354166718749999 0.8985416671875001 0.2002083328125 0.8985416671875001 0.221875 0.8785416671874999 0.2335416671875 0.846875 0.2102083328125 0.8102083328124999 0.161875 0.756875 0.12687500000000002 0.7585416671875 0.076875 0.7752083328125 0.0385416671875 0.7685416671875 0.0102083328125 0.746875 0 0.7222048625 0 0.8985416671875001
10 0.4296875 0.8302930156249999 0.3235416671875 0.8768750000000001 0.321875 0.8985416671875001 0.4296875 0.8936410984375 0.4296875 0.8302930156249999
10 0.4296875 0.577844203125 0.4285416671875 0.5785416671875 0.30354166718750003 0.6118750000000001 0.3002083328125 0.6185416671875 0.3435416671875 0.6602083328124999 0.38687499999999997 0.6902083328125 0.4296875 0.6749861109374999 0.4296875 0.577844203125
10 0.4296875 0.6778268671875 0.38687499999999997 0.6852083328124999 0.3535416671875 0.6685416671875 0.336875 0.6902083328125 0.28854166718749996 0.7052083328125001 0.221875 0.7385416671874999 0.166875 0.7535416671874999 0.16354166718750002 0.7652083328125 0.2102083328125 0.8168749999999999 0.256875 0.8285416671875 0.3152083328125 0.8135416671875 0.3435416671875 0.821875 0.3935416671875 0.8052083328125 0.4285416671875 0.7885416671875 0.4296875 0.78579166875 0.4296875 0.6778268671875
10 1 1 1 0.75742421875 0.910847321875 0.713713765625 0.8230777937500001 0.6747416796875 0.805513659375 0.671444990625 0.7921046703125001 0.690144484375 0.7465402421875 0.7158203828125 0.7263784390625 0.7320986578124999 0.69625795 0.7688136859375 0.6915400828125 0.7961310875000001 0.6299007984375 0.8900662968749999 0.6221759984374999 0.9188063374999998 0.6569745890625001 0.9382855421875 0.6726970546875 0.9589274828125 0.6978836859374999 0.9784614046875 0.7351137828125001 1 1 1
10 0.4296875 1 0.6685172312500001 1 0.672350325 0.9793095203124998 0.66836001875 0.9508704218750001 0.6460325296875 0.9288605609375 0.5968074734375 0.9132115390625 0.5779132359375 0.9004351500000001 0.5823184718750001 0.8785073609375 0.5969609265625 0.845745628125 0.5966994484375 0.828646603125 0.5907196828125001 0.8164994578125 0.49621439375000004 0.7676099390625 0.4785024671875 0.7632599499999999 0.454020678125 0.7639849515625 0.44964954218750003 0.770920315625 0.4614612875 0.7941613078125 0.46144423593750006 0.8016575203125 0.4296875 0.8218755874999999 0.4296875 1
10 0.4296875 0.8260663921875 0.4888022203125 0.7909603671875 0.4888192703125 0.7834641546875 0.47786016093750006 0.7815353875 0.4757740609375 0.7742853999999999 0.49259925156249995 0.7723155921875 0.5370098015625 0.7917400765625 0.56960860625 0.787923571875 0.5842965484375 0.8011924125000001 0.592675040625 0.8151999312499999 0.5986207078125 0.8423395046875001 0.5939198937500001 0.8621606921874999 0.5808064796875 0.8829667859375 0.5792603890625 0.9024186375 0.5923055984375 0.9115973921875 0.6154231828125 0.916385115625 0.6366877125 0.87749509375 0.6924438687500001 0.7949546749999999 0.647169296875 0.6931949656249999 0.6004964234375001 0.6119404078125 0.5994619 0.604567309375 0.6038330359375 0.5976319453125 0.6221872687500001 0.583706496875 0.6523873468750001 0.5780296171875 0.65094355625 0.55250419375 0.6446511609375 0.545746659375 0.6324926859375 0.5428877062499999 0.53008070625 0.5366773515625 0.496134746875 0.538510371875 0.4296875 0.57581090625 0.4296875 0.8260663921875
10 0.6034692578125 0.6255101921875 0.6268142203125 0.6623893671875 0.6929042859375001 0.7906183625000001 0.6972924734375 0.7761867875 0.721546884375 0.7433703359375 0.7462276140625 0.721209996875 0.78968889375 0.6957803234375 0.7997953703125 0.6763968671875 0.79863010625 0.6604742578125 0.7705899921875 0.5748970609375 0.7299253218749999 0.559316434375 0.7063473171875 0.5588650234375 0.67596535 0.5784810296874999 0.622039478125 0.5826531968750001 0.6091079578125 0.5895201671875 0.597654328125 0.606920134375 0.6034692578125 0.6255101921875
10 1 0.714171378125 0.9871347828125 0.7165590328125 0.975141146875 0.707257165625 0.9292015546875 0.6997883171874999 0.9585830999999999 0.6578067890625 0.9496646 0.6170974328125001 0.9519325875 0.6104082953125001 0.935420028125 0.6069884921875 0.8832676249999999 0.623800259375 0.8219807343750001 0.62883421875 0.806582284375 0.6638256640625 0.9562923953125001 0.74051135 0.96935465625 0.74219389375 0.9762723093750001 0.738172203125 0.9801659781249998 0.7430693625 0.9731005359375 0.746037753125 0.9885444734375 0.75707688125 1 0.7626238671875 1 0.714171378125