8 0.4296875 0 0.3933535703125 0 0.35232374843750003 0.015993553125 0.3111059515625 0.041448946874999996 0.2890462265625 0.0601840859375 0.2662986578125 0.08809375625 0.25340624218749996 0.11101334375000001 0.245972384375 0.14160005312499999 0.2489769453125 0.1709132796875 0.2826333921875 0.2565770375 0.311211971875 0.32005258593749997 0.32002963281249996 0.3457346296875 0.3511863625 0.4154701078125 0.3669003359375 0.44442322343749996 0.3891348296875 0.5013677921874999 0.401411271875 0.5219743359375 0.42828254374999997 0.54745594375 0.4296875 0.54803408125 0.4296875 0
2 0.13246846875 0.2125711796875 0.129671384375 0.2116949296875 0.1346708265625 0.2435514875 0.16462118125 0.434395859375 0.17002145625 0.45524908281250004 0.20217974062500002 0.47713663281249996 0.21284198906250001 0.48067875937500004 0.22173318281249998 0.4864931640625 0.2360780421875 0.48977539999999997 0.24873516874999999 0.49586085625000004 0.2797841 0.5140689375 0.2945766140625 0.5269823953125 0.3127445859375 0.534289409375 0.31673435 0.539376071875 0.31485383125 0.5443401921875 0.31599198125 0.546875 0.32303336875 0.546875 0.3273704546875 0.5461409828125 0.3312981421875 0.5372746265624999 0.334375 0.5060809921875 0.334375 0.466756109375 0.3329058828125 0.4255019875 0.334375 0.3990082765625 0.334375 0.380324546875 0.3225116296875 0.34571208750000004 0.3126728328125 0.32708080625 0.1509125546875 0.21824823906250002 0.1458706171875 0.21323582968750002 0.1417713890625 0.21084100781249998 0.13246846875 0.2125711796875
2 0.9221278906249999 0.56875 0.9058918296874999 0.5531780203125 0.8945854140625 0.5377351359375 0.8775534125 0.5031891265625 0.8594653296875 0.45729587968749996 0.8460272890624999 0.4295535046875 0.8370618531249999 0.40214943593749997 0.8213349765625001 0.3710224703125 0.8136225171875001 0.3623832265625 0.795167865625 0.34966555781249997 0.777086778125 0.3250556171875 0.7717090671875 0.32029432343750003 0.764101671875 0.3180859609375 0.7583830859375 0.3202661328125 0.7442375953125 0.332640803125 0.7153037859375 0.350483134375 0.6744674078124999 0.3835913703125 0.6076810328125 0.4294877578125 0.5722418234375001 0.45696231562499995 0.5551125203125 0.4743911625 0.557906434375 0.4832026921875 0.5678618109375 0.49473316718750004 0.6017608437499999 0.514334353125 0.6167725171875 0.5271726171875 0.6288922046875001 0.5460517765625 0.6461957234375 0.56875 0.9221278906249999 0.56875
0 1 0.3224744640625 0.9829906906249999 0.3274517453125 0.8962935609375 0.350287178125 0.886544659375 0.3869261828125 0.8999020203124999 0.42440571875 1 0.42361515 1 0.3224744640625
0 1 0.43031489843750004 0.9847497859375001 0.431190821875 0.9187100359375 0.42855436718749995 0.8947295343749999 0.4359938953125 0.8859375 0.479898796875 0.8859375 0.4819810890625 0.8930043781249999 0.5234983546875001 0.9121545171874998 0.552525546875 0.98326586875 0.5566342421875 1 0.55754986875 1 0.43031489843750004
1 0.4296875 0 0.4296875 0.359656284375 0.43197646562500003 0.3603484953125 0.5021046140625 0.3892399421875 0.57356616875 0.4147849078125 0.6171118812499999 0.42315893281249994 0.652524890625 0.3971701921875 0.6756960171874999 0.3633608171875 0.74737295625 0.23215893593749998 0.79028313125 0.1630105140625 0.8062839796875 0.122852746875 0.85269110625 0.020584089062499998 0.8616022359375 0 0.6381100046875 0 0.625213640625 0.015352959375 0.58005173125 0.0779807015625 0.537162334375 0.0943319984375 0.4860520453125 0.040026093750000005 0.4533266203125 0.0065247484375 0.445318059375 0 0.4296875 0
2 0.7936087953125 0.3047843421875 0.7215791125 0.2908084890625 0.6854890140625 0.34486903281250003 0.6587768374999999 0.3936514265625 0.7717269765625 0.31710001875 0.8029659421875 0.35230331875 0.823864559375 0.364770390625 0.8583617765625 0.452655959375 0.8908692796875 0.5191626859375 0.872417003125 0.40926656875 0.8495053468750001 0.30447631249999996 0.840127428125 0.3097544609375 0.7936087953125 0.3047843421875
2 0.9703378328125 0.31261800625 0.9627083875 0.301336034375 0.9618445375 0.28321753125 0.9765560749999999 0.2645534625 0.9313812359375 0.22983830156249999 0.8933001484374999 0.20064926875000003 0.8689694453125 0.1866525265625 0.8295549546875 0.1608099765625 0.8195323765625 0.176834971875 0.8122206999999999 0.204314225 0.8119586828124999 0.2191723890625 0.822561046875 0.22705045156249998 0.8247479156249999 0.2682210359375 0.8389898984374999 0.2710219484375 0.8940238734375001 0.31446615 0.9146384281250001 0.33271777812500003 0.9242134984374999 0.347231375 0.9520748593749999 0.372653659375 0.9604462640625 0.3212139203125 0.9703378328125 0.31261800625
2 0.51581585 0.4481952140625 0.4707188109375 0.47617305156249995 0.4864368671875 0.5036705734375 0.5019577749999999 0.5113763515625 0.5374589703125 0.52168204375 0.56922196875 0.5271690140625 0.626649075 0.5433062468750001 0.6027334453125001 0.5160958671875 0.5766101734375 0.500512025 0.5541810015624999 0.471599690625 0.6071254125000001 0.4218984453125 0.56849824375 0.4133521328125 0.51581585 0.4481952140625
2 0.6476916703125 0.56875 0.626036853125 0.53672814375 0.6047231640625 0.537474709375 0.5685007859375 0.5370936000000001 0.504624584375 0.5046833890625 0.513478471875 0.529121571875 0.5190533312500001 0.5536746078125 0.5409905578125 0.56875 0.6476916703125 0.56875
1 0.4296875 0.709665115625 0.4276574359375 0.70928471875 0.39312193125 0.713305090625 0.355365046875 0.72514971875 0.3228222421875 0.7424599609375 0.3025584171875 0.7599130859375001 0.335843415625 0.7494904984375 0.3660099421875 0.7439452125 0.407809925 0.7429575234375 0.4288783109375 0.7446767515625 0.4296875 0.7448241906249999 0.4296875 0.709665115625
4 0.361333365625 1 0.35741066875 0.99349925 0.353520378125 0.9817842140625 0.33620896875 0.9674562140624999 0.3300772796875 0.9495731124999999 0.32235321875 0.942112853125 0.3089535390625 0.9388859421875001 0.298795121875 0.930783159375 0.283767990625 0.9213953265624999 0.28568779843750003 0.9367726265625 0.27988354531250004 0.9446896671874999 0.276648125 0.9845749140625 0.27259995937500003 0.9949691828125001 0.26269101875 0.9973106749999999 0.268125709375 1 0.361333365625 1
7 0.4296875 0.56875 0.4296875 0.6514292421875 0.43688858750000004 0.66749320625 0.46152626874999997 0.6993772640625 0.49775815312500005 0.7327105984375 0.5368885875 0.754449728125 0.5876132249999999 0.7703917578125 0.68616395 0.7819859593749999 0.7180480078125 0.8008265390625 0.7818161234375001 0.8225656703125 0.8244169031249999 0.825 0.8334692015625 0.825 0.8528306156250001 0.81531929375 0.8600769937500001 0.7935801625 0.8832653984375 0.7761888578125 0.884375 0.7728600546875001 0.884375 0.7335775734375 0.8542798921875001 0.681985959375 0.8122509062500001 0.6558990031249999 0.7948596015625 0.6558990031249999 0.749932065625 0.6327105984375 0.6568984671875 0.56875 0.4296875 0.56875
7 0.80825379375 0.56875 0.759669384375 0.6185801625 0.759669384375 0.6330729171875 0.8509737312500001 0.678000453125 0.8973505453125 0.6258265390625 0.9060461953125 0.59104393125 0.9031476453125 0.5751019015625001 0.90834465625 0.56875 0.80825379375 0.56875
7 0.4296875 0.817604721875 0.4863224640625 0.8576766296875 0.53125 0.8794157609375001 0.570380434375 0.8794157609375001 0.5848731890625001 0.8910099640624999 0.6022644921875 0.8895606890625001 0.618206521875 0.872169384375 0.6254528984375 0.850430253125 0.6022644921875 0.83303895 0.5863224640625 0.7736186593750001 0.49356884062499995 0.725792571875 0.45443840625 0.6866621375 0.43269927499999994 0.6518795296875 0.4296875 0.6504894796875 0.4296875 0.817604721875
7 0.6037137687499999 0.80985054375 0.6109601453125 0.8808650359375001 0.6355978265625 0.8881114125 0.6819746375 0.8707201093750001 0.695018115625 0.850430253125 0.6906702906250001 0.7881114124999999 0.641394928125 0.7721693843749999 0.6022644921875 0.770720109375 0.5950181156250001 0.775067934375 0.5935688406249999 0.796807065625 0.6037137687499999 0.80985054375