3 0.55 0 0.55 0.16564088593749998 0.584575546875 0.17386175625 0.6520130484375001 0.194011728125 0.6777655421875 0.1998545328125 0.734846409375 0.2201363671875 0.7763332640625 0.22307032968749999 0.8287564921874999 0.2308345734375 0.89250629375 0.23751251406249999 1 0.24416321093749999 1 0.1241966921875 0.7769649515625 0.032830870312499996 0.7319713218749999 0.02680910625 0.7051541203125 0.0164813828125 0.6502371296875 0.007147340625 0.6279397203125 0.0014254109375000002 0.6241119328125 0 0.55 0
3 1 0.24781956875 0.9527579312500001 0.24159714375000002 0.8929826437500001 0.23654080781250003 0.8632901000000001 0.2310543484375 0.7328462296875 0.2185838328125 0.720463565625 0.2156797015625 0.7090077625 0.2093486921875 0.6842079734375 0.2015624765625 0.6699457484375 0.20402862968750002 0.662375803125 0.22254286250000002 0.654189159375 0.262285509375 0.6540746609375 0.28402568281249996 0.6562816125 0.2974459109375 0.6624630796875 0.31248774375 0.6664892874999999 0.3170762734375 0.6893836656250001 0.3287493140625 0.7691262921875 0.3473530359375 0.9024343937499999 0.38265630625 0.9716049968749999 0.38902970625 1 0.39026605000000003 1 0.24781956875
0 0.55 0.601986103125 0.41220920625 0.6043306203125 0.3392672484375 0.6035174265625 0.2915283796875 0.6006045375 0.2790749328125 0.6054091296874999 0.2738458171875 0.6131739984375 0.2685112 0.6273985421875 0.26347277812500003 0.6491325828125 0.25764347656250003 0.7006397796874999 0.2575442328125 0.723035853125 0.26494520781249997 0.7827902234375 0.2741249 0.8129038390625001 0.2800714578125 0.8241586109375 0.2866174328125 0.829019903125 0.29546184375 0.8307033718750001 0.358248790625 0.8331433328125 0.49714518124999996 0.8452868171875 0.5323083984375 0.85 0.542588509375 0.85 0.5457796671875 0.8493157234375 0.55 0.8365492515625 0.55 0.601986103125
0 0.2601321015625 0.7154258609374999 0.2644866734375 0.6423075890625001 0.2631893578125 0.6401417578124999 0.2567684265625 0.6392811140625 0.2071461046875 0.6351197984375 0.1556731578125 0.634694321875 0.1385110796875 0.6363778515625 0.12690714218750002 0.64279026875 0.11933348125000001 0.65422476875 0.11517113593749999 0.6666144968750001 0.11147613906250001 0.690022565625 0.111113525 0.7098934046875 0.1166841828125 0.7464950828125 0.1324559578125 0.7809781875 0.13690122031250002 0.78157401875 0.1614853453125 0.7754074734375 0.1809325734375 0.7760221828125 0.196197915625 0.7785662953125 0.2209727375 0.7863689218750001 0.24290910000000002 0.7977749765625 0.267032134375 0.7965264890625 0.2679410328125 0.7921664406250001 0.2634371484375 0.760189625 0.264925925 0.7389757749999999 0.2601321015625 0.7154258609374999
7 0.2602648640625 1 0.279529390625 0.9032766593750001 0.2815714796875 0.8761611406250001 0.2803272984375 0.8520910374999999 0.2734984078125 0.834244184375 0.265714509375 0.8212491843749999 0.2558166125 0.8094647875 0.2464915671875 0.8022390500000001 0.2309300296875 0.7921854453125 0.205397915625 0.7817913828125 0.1734315890625 0.7760127421874999 0.1549260875 0.7760222453125 0.133707165625 0.7836358265625 0.11219830625 0.7996763078125 0.092684659375 0.8264419328124999 0.07301237656250001 0.8815715015624999 0.0305597203125 0.9769724437499999 0.027569645312500002 0.9875273578125 0.0210381 1 0.2602648640625 1
7 0.55 1 0.55 0.9931373453125001 0.547001503125 0.9789667984375001 0.531901821875 0.9266462781249999 0.52085821875 0.9057445656249999 0.5179673890625 0.89390340625 0.5108024515625 0.8849752593750001 0.49433201093749995 0.879281703125 0.475141896875 0.8652558296875 0.44885249531250004 0.85227033125 0.40998460156250005 0.8400887765625 0.37698433124999997 0.8346695375 0.3092120984375 0.8320593468749999 0.29157564375 0.8441369999999999 0.28634652968749996 0.8519018687500001 0.28349478125 0.8609813640624999 0.2819067609375 0.9045912890625001 0.284559828125 1 0.55 1
5 1 0.5478827 0.9859375 0.5533854171875 0.9950520843749999 0.5455729171875 0.9859375 0.536458334375 0.99375 0.532552084375 0.9794270843749999 0.520833334375 0.9546875 0.5234375 0.95078125 0.544270834375 0.9533854171874999 0.56640625 0.9533854171874999 0.5690104171875 0.9729166671874999 0.5768229171875 0.98203125 0.5963541671875 0.9989583343749999 0.625 1 0.62739583125 1 0.5478827
5 1 0.8031467015625001 0.9955729171875 0.8013020828125 0.9760416671875 0.78828125 0.965625 0.815625 0.9513020828125001 0.8442708328125 0.9291666671875 0.8833333328125 0.9096354171875 0.89765625 0.8979166671875 0.89765625 0.8861979171875 0.9171875 0.8901041671875 0.9341145828125 0.904358553125 0.93678728125 0.904055059375 0.9370907734374999 0.9096354171875 0.9393229171874999 0.9526041671875 0.9328125 0.93828125 0.9015625 0.9552083328125001 0.9145833328125 0.9786458328125001 0.9354166671874999 1 0.9342303234374999 1 0.8031467015625001
8 0.8119791671875 0.8950520828125 0.8354166671875 0.9067708328125 0.8536458328125001 0.9028645828125 0.8861979171875 0.88984375 0.9135416671875 0.8872395828125 0.91875 0.8924479171874999 0.9317708328125001 0.8755208328125 0.9356770828125001 0.8559895828125 0.91875 0.8442708328125 0.8953125 0.8052083328125 0.8731770828125001 0.7830729171874999 0.8380208328125001 0.7830729171874999 0.809375 0.8052083328125 0.8028645828125001 0.8520833328125 0.8028645828125001 0.85859375 0.8119791671875 0.8950520828125
3 1 0.7207564890625 0.9877604171875 0.7309895828125 0.9747395828125001 0.7674479171874999 0.9330729171875 0.815625 0.9239583328125001 0.8078125 0.9096354171875 0.8260416671874999 0.9265625 0.85078125 0.9473958328125001 0.8364583328125 0.95 0.8364583328125 1 0.77715600625 1 0.7207564890625
6 1 0.6356770828125 0.9942708328125001 0.6294270828124999 0.9942708328125001 0.6138020828124999 0.9747395828125001 0.5864583328124999 0.9473958328125001 0.5643229171875 0.9278645828125001 0.5721354171875 0.9096354171875 0.5734375 0.8627604171875 0.6046875 0.7989583328125001 0.6619791671875 0.79375 0.7130208328125001 0.79375 0.73017578125 0.8028645828125001 0.7609375 0.8223958328125001 0.7908854171874999 0.8263020828125001 0.7895833328125 0.8243489578125001 0.7876302078125 0.8458333328125001 0.78046875 0.8783854171875 0.7856770828125 0.89140625 0.8013020828125 0.92265625 0.7986979171874999 0.94609375 0.79609375 0.96953125 0.7713541671874999 0.9877604171875 0.7296875 1 0.7178427421875 1 0.6356770828125