2 0.5357415875 0 0.5367925687499999 0.0068897625 0.53728469375 0.0369094484375 0.541713828125 0.0467519671875 0.5471272140625 0.0762795265625 0.557461859375 0.07923228437499999 0.5653358749999999 0.08464566875 0.5658280015625 0.1299212609375 0.5786232765625 0.152066928125 0.5810839062500001 0.1697834640625 0.582141978125 0.1703125 0.5860666812499999 0.1703125 0.5984375 0.1645394515625 0.5984375 0.15091702499999998 0.5924028046875 0.13238188906249998 0.5860051671875001 0.0999015734375 0.5815760328125 0.057578739062499995 0.5666482109375 0 0.5357415875 0
5 0.3904855046875 0 0.39685654531250003 0.03767224375 0.39636441875 0.0598179140625 0.39291953749999997 0.0878690953125 0.3939037890625 0.11838090625 0.3924274109375 0.1223179140625 0.3860297734375 0.126747046875 0.38356914375 0.1336368109375 0.37717150625 0.135605315625 0.37520300156249997 0.1380659453125 0.372250246875 0.1474163390625 0.372742371875 0.15332185 0.375695128125 0.15578248125 0.4096518203125 0.16267224375 0.41900221406249993 0.1710383859375 0.434750246875 0.18088090625 0.44164000937500003 0.1890625 0.44408526249999997 0.1890625 0.4450848921875 0.1882627953125 0.4470533953125 0.1587352359375 0.45295890781250003 0.14397145625000002 0.506600640625 0.142002953125 0.528746309375 0.1400344484375 0.5321911906250001 0.13708169375 0.5346518203125 0.1149360234375 0.5346518203125 0.056373031250000004 0.5376045765625 0.038656496875 0.5371124515625 0.0022391734375 0.53684901875 0 0.3904855046875 0
5 1 0.2963857296875 0.8026368625 0.19854517656249998 0.71875 0.158136 0.71875 0.4122706265625 0.7813882578125 0.42176378437500006 0.974141828125 0.4461560015625 1 0.44579971250000006 1 0.2963857296875
5 1 0.2500185265625 0.9743692390625001 0.2349574734375 0.71875 0.0831680625 0.71875 0.15660817031250002 1 0.2973658015625 1 0.2500185265625
5 0.71875 0 0.71875 0.08270672031250001 0.8006717203125 0.1305747953125 1 0.2505842125 1 0.2089456984375 0.7284151640625 0.0003107921875 0.72301574375 0 0.71875 0
8 0.4377108140625 0.7075396828125 0.4525917671875 0.718700396875 0.46251240156250006 0.7298611109375 0.469952878125 0.7013392859375001 0.469952878125 0.6740575390625001 0.445151290625 0.6752976187499999 0.41786954375 0.6591765875 0.4067088296875 0.6331349203125 0.404228671875 0.615773809375 0.39802827500000004 0.612053571875 0.3471850203125 0.5971726187499999 0.3186631953125 0.59345238125 0.276500496875 0.584771825 0.24921875 0.5922123015625 0.22689732187499997 0.628174603125 0.2194568453125 0.6777777781250001 0.23805803593750002 0.734821428125 0.2703001 0.743501984375 0.30874256093749997 0.747222221875 0.3496651796875 0.74970238125 0.3806671640625 0.74970238125 0.3943080359375 0.74970238125 0.3943080359375 0.7360615078125 0.41538938593749997 0.7298611109375 0.4191096234375 0.7087797625000001 0.4377108140625 0.7075396828125
2 0.135050675 0.459375 0.12139136875 0.4982514875 0.1089905765625 0.5416542640625 0.1015501 0.5875372015625 0.1027901796875 0.6433407734375 0.11395089375 0.6855034718749999 0.12511160625 0.746267359375 0.1734747015625 0.8095114078125001 0.17595486093749999 0.8293526796874999 0.213605859375 0.85 0.21580274375 0.85 0.2255580359375 0.8243923593750001 0.23671875 0.8169518859375 0.2540798609375 0.7958705359375 0.27392113125 0.7735491078125 0.2984375 0.7490327375 0.2984375 0.7477253390625 0.2912822421875 0.7487475187499999 0.2578001 0.7437872015625 0.230518353125 0.730146328125 0.2205977171875 0.6706225187499999 0.230518353125 0.62101934375 0.24415922656250003 0.594977678125 0.230518353125 0.578856646875 0.2007564484375 0.5379340265625 0.17719494062500002 0.49701140781250003 0.14374035624999998 0.459375 0.135050675 0.459375
0 0.29253472187499996 0.7484375 0.29873511875 0.7521577374999999 0.255332340625 0.7943204359375 0.226810515625 0.8253224203125 0.21688988125000003 0.845163690625 0.214409721875 0.8836061515625001 0.2305307546875 0.8997271828125001 0.251612103125 0.9220486109374999 0.29005456406249996 0.923288690625 0.321056546875 0.9121279765625001 0.342137896875 0.8774057546874999 0.37313988125 0.8129216265625001 0.3867807546875 0.795560515625 0.385540675 0.779439484375 0.383060515625 0.7496775796875 0.29253472187499996 0.7484375
0 0.420262896875 0.6628720234375 0.45126488125 0.6814732140624999 0.473586309375 0.6752728171875 0.5182291671875 0.635590278125 0.5591517859375 0.5959077374999999 0.5839533734375 0.5711061515625 0.5926339281249999 0.5537450390624999 0.5814732140625 0.5190228171875 0.564112103125 0.4942212296875 0.52938988125 0.47313988125 0.502108134375 0.4743799609375 0.489707340625 0.49918154687499994 0.4673859125 0.5252232140624999 0.4351438484375 0.5649057546874999 0.3944393921875 0.6149140875000001 0.420262896875 0.6628720234375
5 0.6682787703125 0.68271329375 0.6397569437499999 0.6752728171875 0.6261160718750001 0.685193453125 0.6037946421875 0.680233134375 0.5529513890625 0.680233134375 0.50458829375 0.7000744046875 0.4872271828125 0.7000744046875 0.47854662656249997 0.7124751984375 0.47730654687499996 0.729836309375 0.463665675 0.7285962296875 0.4438244046875 0.7099950390625 0.42274305625 0.7087549609374999 0.4128224203125 0.7310763890625 0.3942212296875 0.7372767859375 0.3880208328125 0.7533978171875 0.39174107187499996 0.776959325 0.385540675 0.7992807546874999 0.4128224203125 0.8228422625 0.432663690625 0.8464037703124999 0.45870535781250005 0.845163690625 0.461185515625 0.8637648812500001 0.47854662656249997 0.8650049609374999 0.5095486109375 0.8662450390625 0.541790675 0.8513640875 0.5789930562500001 0.8265625 0.6087549609375 0.804241071875 0.6310763890625 0.7695188484375001 0.6521577375 0.7521577374999999 0.6533978171875 0.7347966265625001 0.66083829375 0.7347966265625001 0.667038690625 0.7025545640624999 0.6682787703125 0.68271329375
7 0.71875 0.49294572031249995 0.7042410718750001 0.50538194375 0.691840278125 0.511582340625 0.68936011875 0.523983134375 0.6695188484375 0.5190228171875 0.642237103125 0.5227430562500001 0.598834325 0.5401041671875 0.588913690625 0.5463045640625 0.5814732140625 0.573586309375 0.5591517859375 0.5934275796875 0.5244295640625001 0.6318700390625 0.489707340625 0.6665922625 0.473586309375 0.680233134375 0.47234622968749995 0.685193453125 0.4624255953125 0.7273561515625 0.469866071875 0.7409970234375 0.48102678593750003 0.7285962296875 0.47606646875 0.7149553578125 0.4909474203125 0.6975942453125 0.5058283734375 0.701314484375 0.5430307546875001 0.6814732140624999 0.5938740078125 0.6789930562500001 0.619915675 0.6839533734375 0.638516865625 0.6703125 0.6695188484375 0.651711309375 0.6930803578125 0.6293898812500001 0.711681546875 0.6058283734375001 0.716641865625 0.5810267859375 0.71875 0.579520975 0.71875 0.49294572031249995
2 0.5738042078125 1 0.5740327375 0.99893353125 0.5876736109375 0.9592509921874999 0.588913690625 0.9294890875 0.5715525796875001 0.9046875 0.5442708328125 0.869965278125 0.5343501984375 0.855084325 0.50830853125 0.8712053578125001 0.5033482140625 0.8898065468749999 0.48102678593750003 0.8774057546874999 0.47730654687499996 0.8687251984375 0.4624255953125 0.857564484375 0.45498511875 0.84268353125 0.4351438484375 0.8402033734375 0.407862103125 0.8253224203125 0.4128224203125 0.8302827374999999 0.4128224203125 0.8315228171874999 0.40524221718750003 0.8293570453125 0.3905009921875 0.8625248015625001 0.36817956406249996 0.8873263890625 0.34833829375 0.9319692453125 0.3967013890625 0.964211309375 0.432663690625 0.99521329375 0.4349923578125 1 0.5738042078125 1
7 0.71875 1 0.71875 0.884133184375 0.7067212296875 0.8811259921874999 0.707961309375 0.8650049609374999 0.679439484375 0.836483134375 0.650917659375 0.8054811515625 0.629836309375 0.7868799609374999 0.6087549609375 0.8067212296875 0.5814732140625 0.824082340625 0.539310515625 0.8538442453125 0.5430307546875001 0.8588045640624999 0.588913690625 0.933209325 0.605034721875 0.9580109125 0.6273561515625 0.9914930562500001 0.636713790625 1 0.71875 1
1 0.71875 0.459375 0.71875 0.5557281093750001 0.747681053125 0.5659598234375001 0.7784350203125 0.5726562515625 0.817125496875 0.586545140625 0.8386580875 0.590625 0.8441468359375 0.590625 0.8496155765625 0.5900173609375 0.867224703125 0.5766245046874999 0.8806175609375 0.5639756953124999 0.8915302593749999 0.5557911703125 0.9131076406249999 0.5357018859375 0.9371651796875 0.5151165671875 0.9451016859375001 0.5069320453125 0.9728794640625 0.48585069531249997 0.9922247015625001 0.46650545781249997 0.9999379375 0.459375 0.71875 0.459375
8 1 0.4763733890625 0.9738715296875 0.5103670625000001 0.9570064484374999 0.53095238125 0.939893353125 0.547817459375 0.9250124 0.56865079375 0.92079613125 0.5773313484375 0.91806795625 0.5887400796875 0.9203001000000001 0.6041170625 0.9175719250000001 0.6080853171875 0.9131076406249999 0.612053571875 0.90517113125 0.6229662703125001 0.8816096234374999 0.649751984375 0.8761532734375 0.6569444437499999 0.873673115625 0.6619047609375001 0.8761532734375 0.669593253125 0.8813616062499999 0.6767857140625 0.892026290625 0.6864583328125 0.9036830375000001 0.693898809375 0.9123826718749999 0.696875 0.9154815046875001 0.696875 0.9178199421875 0.6953869046875 0.9473338312500001 0.6542162703125001 0.9570064484374999 0.6447916671875 0.9604786703125001 0.6398313484375 0.96866319375 0.6366071421875 0.9875124 0.6333829359375 0.9994171625 0.6232142859375001 1 0.622408028125 1 0.4763733890625
8 1 0.7573668 0.9791046609375 0.7463045625 0.9669518828125 0.7383680546875 0.947110615625 0.7286954359375001 0.928757440625 0.717038690625 0.9148685515625001 0.7103422609375001 0.898003471875 0.7001736109375 0.87667410625 0.6892609125 0.8570808515625 0.6773561499999999 0.8352554546875 0.6689236109375 0.8203745031249999 0.6666914671875 0.8119419625000001 0.6689236109375 0.8062376 0.6718998015625 0.7891245031249999 0.68702876875 0.7707713296875001 0.7093501984375 0.7581225203125 0.7321676578125 0.753658234375 0.7453125 0.7529141859374999 0.7502728171874999 0.75341021875 0.7587053562499999 0.7548983125000001 0.7634176578125 0.7581225203125 0.7688740078125 0.7685391859374999 0.7810267843750001 0.782428075 0.7921875 0.803509425 0.8065724203125001 0.8079737093749999 0.8122767843750001 0.8094618046875001 0.8162450390625 0.8154141859375 0.8164930546875 0.8231026781249999 0.82021329375 0.8327752984375 0.827405753125 0.838231646875 0.8298859125 0.8399677562499999 0.83311011875 0.850632440625 0.8375744046874999 0.8583209328124999 0.84327876875 0.87295386875 0.8512152765625001 0.8994915671875001 0.870560515625 0.90966021875 0.876512896875 0.91610863125 0.8824652765625001 0.9203249 0.8908978171874999 0.9265252984375 0.8906498015625001 0.9312376 0.8918898796875 0.9334697421874999 0.8941220234374999 0.943886409375 0.8990823406249999 0.9523189484374999 0.904538690625 0.959511409375 0.9072668640625 0.9731522796875 0.9042906734375 0.9853050578125 0.9003224203125001 0.9929935515625001 0.8963541656250001 0.9969618062500001 0.895858134375 1 0.896726190625 1 0.7573668