1 0.61875 0 0.28718812968749996 0 0.316813584375 0.0208889234375 0.38916185625 0.0650728828125 0.46037803593750004 0.104816546875 0.5169298203125 0.1301637953125 0.5521864140625 0.1359375 0.56091899375 0.1359375 0.56885074375 0.134823746875 0.5866939984374999 0.12845411874999998 0.6063060484375 0.11682217343750001 0.61875 0.1038080296875 0.61875 0
1 0.1141014359375 0 0.1143458359375 0.0117414734375 0.1202237078125 0.0169165203125 0.128718275 0.0270962234375 0.1767525875 0.0765625 0.189972471875 0.0765625 0.1963513140625 0.076064021875 0.2015625 0.0717541625 0.2015625 0.0707704953125 0.188661678125 0.0423980078125 0.17999628125 0.027341440625 0.175407353125 0.0124978625 0.167777778125 0 0.1141014359375 0
9 0.33752598906250003 0.034121715625 0.3046875 0.0108897734375 0.3046875 0.0111716796875 0.3131249015625 0.054404815625000005 0.339187646875 0.1413031765625 0.3454493953125 0.15625 0.3548905078125 0.15625 0.371875 0.1535527828125 0.371875 0.1513937703125 0.35214579218750003 0.0731336625 0.3389236328125 0.034194740625 0.306744540625 0.011650846874999999 0.33752598906250003 0.034121715625
8 0.61875 0.37761713593749996 0.6110984609375001 0.369965596875 0.583025715625 0.366303934375 0.5586146328125 0.37118615 0.5378652140625 0.40170000312500004 0.5219980093750001 0.48957990156250003 0.5378652140625 0.473712696875 0.572040728125 0.488359346875 0.608657353125 0.5152115375 0.61875 0.538761046875 0.61875 0.37761713593749996
7 0.5458606046875001 0.25602429375 0.517787859375 0.2462598578125 0.5190084140625 0.2645681703125 0.50924398125 0.26578872656249997 0.5031412093750001 0.286538146875 0.49947954687499996 0.2950820234375 0.44943682812499997 0.3219342140625 0.45187793593750003 0.371976934375 0.4323490703125 0.41469632812499996 0.40915854218750003 0.48670902343750005 0.3945118921875 0.54407506875 0.4079379875 0.5977794484375 0.4201435296875 0.60022055625 0.44211350312500003 0.6026616640625 0.44570183906249994 0.60625 0.44778874375 0.60625 0.4701862484375 0.5697067046875001 0.4970384390625 0.530648971875 0.5226700765625 0.501355671875 0.5360961718749999 0.407373003125 0.550742821875 0.37930026093749997 0.56875 0.36129308125000004 0.56875 0.360427325 0.539757834375 0.3060670125 0.5373167265625 0.29630257968749996 0.539757834375 0.2731120515625 0.5458606046875001 0.25602429375
0 0.480848265625 0.554922265625 0.44301108749999996 0.6074060937500001 0.44667275 0.62571440625 0.4454521953125 0.626934959375 0.4869510375 0.6318171765625 0.5227605640624999 0.634375 0.5390857625 0.634375 0.556522621875 0.6122883109374999 0.5980214625 0.558583928125 0.610227003125 0.5561428203125001 0.615625 0.54210803125 0.615625 0.5389835296875 0.601683125 0.5134234265625001 0.5760514890625 0.4841301265625 0.5357732015625001 0.4755862484375 0.480848265625 0.554922265625
3 0.1521371140625 0.7151735859375 0.1631221015625 0.784745171875 0.183871521875 0.838449553125 0.2046209421875 0.86164008125 0.214385375 0.8982567046875001 0.2131648203125 0.9373144374999999 0.210743240625 0.9615302312499999 0.237575903125 0.9727105078125 0.270530865625 0.9727105078125 0.2998241640625 0.9556227500000001 0.2961625015625 0.9190061249999999 0.313250259375 0.8518756484375001 0.327896909375 0.831126228125 0.3449846671875 0.7542313187499999 0.347425775 0.6480431078125 0.30104471875 0.6199703640625 0.26320754062499996 0.6138675921875001 0.20706205 0.6163087015625 0.15579877656250002 0.645602 0.1631221015625 0.6590280953125001 0.1521371140625 0.7151735859375
3 0.46538222500000004 1 0.47924562187499997 0.9861366031250001 0.4963333796875 0.9666077375000001 0.5170828000000001 0.9019183671875 0.529288340625 0.8640811906250001 0.5329500031250001 0.838449553125 0.5048772578125 0.8457728781250001 0.4694811875 0.838449553125 0.45605509218750007 0.8518756484375001 0.4328645640625 0.8469934312500002 0.4169973609375 0.8677428515625 0.399909603125 0.9177855718749999 0.39014517031249996 0.9556227500000001 0.399909603125 0.9922393734374999 0.403571265625 0.9873571562500001 0.4278033828125 1 0.46538222500000004 1
7 0.61875 1 0.61875 0.9784754796874999 0.6122860218749999 0.9690488453124999 0.5768899515625 0.9226677875 0.5512583156249999 0.8750661765625001 0.5329500031250001 0.8543167562499999 0.5195239078125 0.8933744890625 0.5085389203124999 0.9263294500000001 0.499995040625 0.964166628125 0.5024361500000001 0.9666077375000001 0.5224715078125 1 0.61875 1
8 0.252222553125 0.4735038671874999 0.2156059296875 0.5076793828125 0.2095031578125 0.561383765625 0.2156059296875 0.6175292546875 0.266869203125 0.6089853765625 0.3108091515625 0.6248525796875 0.3437641125 0.6480431078125 0.3608518703125 0.6394992296875001 0.38160129062500003 0.622411471875 0.40601237343749996 0.6248525796875 0.41211514375 0.5833537390625001 0.363292978125 0.4881505171875 0.3230146921875 0.460077771875 0.252222553125 0.4735038671874999
3 0.1859554875 0.21875 0.176548196875 0.2599068953125 0.1936359546875 0.2794357609375 0.20340038749999997 0.312390721875 0.1936359546875 0.3368018046875 0.2095031578125 0.3502279 0.2156059296875 0.40149117343749996 0.2241498078125 0.44299001406249994 0.2583253234375 0.463739434375 0.25466366093750004 0.4661805421875 0.26320754062499996 0.4661805421875 0.2619869859375 0.46740109687500003 0.29738305625 0.460077771875 0.3254558015625 0.463739434375 0.3535285453125 0.44421056875 0.3535285453125 0.4283433656250001 0.3425435578125 0.40149117343749996 0.3449846671875 0.3746389828125 0.3266763546875 0.3551101171875 0.2961625015625 0.3062879515625 0.2741925265625 0.2830974234375 0.2619869859375 0.2428191375 0.252817790625 0.21875 0.1859554875 0.21875
1 1 0.3099304046875 0.984920634375 0.31381448437500004 0.9707837296875 0.3120783734375 0.9576388890625 0.31282242031249996 0.946230159375 0.316790675 0.9261408734375 0.32051091249999997 0.9139880953125001 0.32447916718750003 0.9045634921874999 0.330431546875 0.8896825390625 0.33737599218750003 0.8834821421875001 0.342832340625 0.8705853171874999 0.3500248015625 0.8636408734375 0.35548115 0.849751984375 0.3624255953125 0.8418154765625001 0.3681299609375 0.8296626984375 0.37433035625 0.821230159375 0.380530753125 0.809325396875 0.386483134375 0.799652778125 0.3936755953125 0.787748015625 0.3993799609375 0.780803571875 0.40508432499999997 0.768898809375 0.41153273749999997 0.75947420625 0.4187251984375 0.743601190625 0.42566964218750003 0.73467261875 0.43236607187500004 0.7302083328125 0.4375744046875 0.7289682546874999 0.4405505953125 0.7289682546874999 0.44551091249999997 0.7314484125 0.4653521828125 0.7329365078125 0.504042659375 0.7351686515625 0.5253720234375 0.7351686515625 0.5382688484375 0.7309523812500001 0.5779513890625 0.725 0.6052331343749999 0.7257440468749999 0.6181299609375 0.727728175 0.629290675 0.727728175 0.642931546875 0.7264880953125 0.657564484375 0.7264880953125 0.6912946421874999 0.725 0.704935515625 0.725 0.7153521828125 0.7264880953125 0.7284970234375 0.7259920640625 0.7446180546875001 0.7272321421875001 0.752306546875 0.7302083328125 0.7592509921875 0.7351686515625 0.7629712296875 0.8140376984375 0.788516865625 0.8616567453125 0.7967013890625 0.899355159375 0.8006696421874999 0.9446676640625 0.803125 0.9629684734375001 0.803125 0.9737599203125 0.800917659375 0.9836805562500001 0.7967013890625 0.9893849203125 0.7905009921875 0.99384920625 0.7880208328125 1 0.788651684375 1 0.3099304046875
4 0.61875 0.8028149812500001 0.6240451375 0.8081101187499999 0.6288463125 0.815625 0.632688490625 0.815625 0.633469740625 0.8140625 0.6322296625 0.8001736109375 0.6329737093750001 0.7947172625000001 0.6342137890624999 0.7929811515625 0.6416542656249999 0.7919890875 0.6597594234375 0.7929811515625 0.6684399796875 0.79521329375 0.6704241062499999 0.79893353125 0.6731522812499999 0.800917659375 0.6813368046875 0.800917659375 0.6850570421875 0.798189484375 0.695969740625 0.782564484375 0.707378471875 0.7590029765625 0.70812251875 0.7555307546875001 0.707874503125 0.744866071875 0.7026661703125 0.7165922625000001 0.6974578359375 0.7036954359375 0.694977678125 0.7002232140625 0.6892733125 0.697991071875 0.6867931546875 0.695262896875 0.695969740625 0.68955853125 0.7066344234375 0.68583829375 0.711594740625 0.6853422625000001 0.7153149796875 0.6873263890625 0.715625 0.68675801875 0.715625 0.6717633937499999 0.714322915625 0.670461309375 0.7096106140625 0.6699652781250001 0.7068824390625 0.6724454359375 0.7046502968749999 0.6724454359375 0.7004340265625 0.67021329375 0.6964657734374999 0.67393353125 0.69249751875 0.6744295640625 0.6900173609375 0.676413690625 0.6887772812499999 0.67938988125 0.6892733125 0.6833581343749999 0.6875372015625001 0.68583829375 0.6783606140625 0.68955853125 0.6729042656249999 0.689310515625 0.6681919640625 0.686582340625 0.6659598203125 0.682862103125 0.6657118046875 0.667237103125 0.660999503125 0.645163690625 0.65479910625 0.64169146875 0.6433903765625 0.6387152781250001 0.6381820421875 0.6414434531250001 0.6339657734374999 0.642435515625 0.6317336296875 0.645163690625 0.627021328125 0.6570684531250001 0.6275173609375 0.667237103125 0.6265252968749999 0.6689732140625 0.61875 0.6676209890625 0.61875 0.8028149812500001
1 1 0.8530969640624999 0.9943452374999999 0.84990079375 0.9888888890625 0.8484126984374999 0.9573908734375 0.843204365625 0.89637896875 0.8310515875 0.8770337296875 0.8263392859375 0.8390873015625001 0.8196428578125001 0.7827876984375 0.8072420640625001 0.7701388890625 0.8025297625000001 0.75575396875 0.8005456343749999 0.7413690468749999 0.803273809375 0.7314484125 0.808978175 0.7232638890625 0.8164186515625002 0.715575396875 0.8268353171874999 0.7138392859375 0.830803571875 0.7133432546874999 0.837748015625 0.7103670640625 0.8496527781250001 0.7101190468749999 0.8613095234374999 0.7140873015625 0.9275297625000001 0.7148313484375001 0.9354662703125001 0.718799603125 0.9481150796875 0.7237599203125 0.9553075390625001 0.7356646828125 0.9615079359374998 0.7426091265625 0.963244046875 0.7520337296874999 0.9634920640625001 0.7604662703125 0.9617559531250001 0.766170634375 0.9617559531250001 0.8748015875 0.9746527781250001 0.8983630953125001 0.978869046875 0.9075396828125001 0.978869046875 0.9271329359375 0.981101190625 0.9802083328125001 0.9892857140625001 0.988144840625 0.9890376984374999 0.9943452374999999 0.9865575390625001 1 0.9816567453125 1 0.8530969640624999
1 0.61875 0.9867920281250001 0.6545634921875 0.9895337296874999 0.677876984375 0.9927579359374998 0.688045634375 0.99325396875 0.70887896875 0.996726190625 0.7178075390624999 0.999950396875 0.7232638890625 0.9992063484374999 0.725248015625 0.9974702375 0.7269841265625 0.9920138890625001 0.727480159375 0.9833333328125 0.7267361109375 0.9590277781250001 0.72549603125 0.9550595234374999 0.7212797625 0.9491071421874999 0.7168154765625 0.934226190625 0.712351190625 0.8732142859375 0.712351190625 0.8491567453125001 0.7173115078125 0.8337797625000001 0.7180555562500001 0.825347221875 0.7145833328125 0.8161706343749999 0.712351190625 0.8139384921874999 0.709126984375 0.8139384921874999 0.7046626984375 0.8184027781250001 0.7019345234375 0.819394840625 0.688045634375 0.8211309531250001 0.68134920625 0.8208829359374998 0.671924603125 0.8233630953125001 0.6587797625 0.8238591265625 0.63819444375 0.82782738125 0.6347222218749999 0.8300595234374999 0.61875 0.8341104500000001 0.61875 0.9867920281250001