4 0.4796875 0.4832361484375 0.507585196875 0.5151534843750001 0.5504880265625001 0.5363839921875 0.5681585609375001 0.53638399375 0.5873082515625 0.5239995296875 0.6124568125 0.46561562968750003 0.621784146875 0.41077015 0.6710133968750001 0.324078903125 0.7140792671874999 0.27631025625 0.7801990890624999 0.2320800296875 0.7991020046875 0.20908031249999998 0.8499764031249999 0.1931574296875 0.860249696875 0.17900375625 0.8631668749999999 0.15246562187499998 0.8279491875 0.1577732484375 0.828360475 0.1754653390625 0.8161556140625 0.1825421765625 0.796635765625 0.17900375625 0.7846365484375 0.194926640625 0.733515378125 0.20023426562500002 0.7072974734375 0.2126187296875 0.6257677125 0.27807946562499997 0.5908379265625 0.29577155781250003 0.4888027078125 0.39130884843749997 0.4796875 0.40440774687500003 0.4796875 0.4832361484375
4 0.7006399578125 0.61875 0.7095654578125 0.6142291953125001 0.89748711875 0.4886153484375 0.9764287312499998 0.4638464203125 0.9919620546874999 0.447923540625 0.9913039984375001 0.41961619375000003 0.98407126875 0.4125393578125 0.8970332265625001 0.39307805625 0.845214346875 0.444385121875 0.7339325734375001 0.5222303203124999 0.62141694375 0.5469992484375 0.5794189421875 0.5646913390625 0.5831175640625 0.571768175 0.5726797546875 0.5788450125 0.5444069 0.5788450125 0.51991491875 0.5894602671875 0.5218876156250001 0.5983063125 0.5541058671875 0.615998403125 0.5673003359375001 0.61875 0.7006399578125 0.61875
4 0.4796875 0 0.4796875 0.1344754890625 0.48460611093750006 0.1347735296875 0.5398783171875 0.1560040390625 0.5645759406249999 0.1542348296875 0.6259292734375 0.133004321875 0.7264868140624999 0.1259274859375 0.767909015625 0.0834664671875 0.7655250312499999 0.0569283296875 0.7420186640624999 0.0339286109375 0.7188413234375 0.025082567187499998 0.6959518828125 0.0286209828125 0.6833768640625 0.0197749390625 0.6853860140625001 0 0.4796875 0
4 0.6698191890625 0.19669584843750001 0.6992010437499999 0.168388503125 0.7178160609375001 0.1330043203125 0.6258881437499999 0.1312351109375 0.5257418859375 0.1560040390625 0.5180170921875 0.20377268437499998 0.541564590625 0.2285416125 0.549044090625 0.24623370156250002 0.5757555390625 0.2550797484375 0.6195205921875 0.23738765781249999 0.6698191890625 0.19669584843750001
4 1 0.3419223671875 0.824253521875 0.30284839531249996 0.7653238218749999 0.27631025781249996 0.7508994921875 0.26392579375 0.7488445374999999 0.2515413296875 0.7104629015625 0.2727718390625 0.6659178812500001 0.33292495 0.66965763125 0.3417709953125 0.7030671359375 0.3346941578125 0.825898665625 0.3736167578125 1 0.41440835 1 0.3419223671875
4 0.4796875 0.5945974734374999 0.5197092765625 0.580614221875 0.556694015625 0.5753065953125 0.5652825125 0.5646913375 0.6494430296875 0.5363839921875 0.7391926062499999 0.5204611109374999 0.78965571875 0.48684613906249996 0.8190787 0.46030800312500003 0.8223249078125001 0.4479235390625 0.8044487281249999 0.43907749375 0.7463827296875 0.4496927484375 0.669167040625 0.4726924671875 0.6552773843749999 0.483307721875 0.6110187875 0.479769303125 0.590718971875 0.518691903125 0.5751856484375 0.534614784375 0.5541455187500001 0.541691621875 0.513092 0.52399953125 0.48777744843750004 0.4992306015625 0.4796875 0.4992306015625 0.4796875 0.5945974734374999
4 1 0.48963782812499995 0.9993181718749999 0.4603080015625 0.9921265703125 0.455000375 0.9639770999999999 0.4603080015625 0.8747210640624999 0.49746139375 0.8401203078125 0.5293071578124999 0.7774523343749999 0.5699989671875 0.7777402359375 0.58238343125 0.794013875 0.5983063125 0.82047855 0.596537103125 0.83231325625 0.573537384375 0.860174828125 0.55584529375 0.9149123593749999 0.554076084375 0.9522261296875 0.5629221296875 0.976718109375 0.552306875 0.9905255078125 0.538153203125 1 0.5129728921875001 1 0.48963782812499995
4 0.6659590093750001 0.3346941578125 0.64894653125 0.363001503125 0.646564025 0.41253935625000004 0.6189903546875 0.4426159125 0.6231002625000001 0.467384840625 0.650017353125 0.48507693124999995 0.72382231875 0.46738483906250006 0.7534920734374999 0.4514619578125 0.8168592312499999 0.44084670312499996 0.8182149984375 0.42315461093750006 0.8387615859374999 0.394847265625 0.8367888875 0.386001221875 0.8012833015625 0.3789243859375 0.7850507906249999 0.36477071250000004 0.774654109375 0.37361675625 0.7618734484375 0.355924665625 0.7314633796875001 0.340001784375 0.6659590093750001 0.3346941578125
4 1 0.22752833125 0.9669721015625001 0.20908031093749999 0.9251371390625 0.1577732484375 0.9227531546875 0.1312351125 0.901425125 0.125927484375 0.8910284468749999 0.1347735296875 0.8971110515625 0.16838850156250001 0.8814954687500001 0.180772965625 0.8835092937500001 0.191388221875 0.9032759140625 0.20554189374999998 0.9147419359375 0.24269528437500001 0.9527960203125 0.28338709375 0.9603989078125 0.3063868109375 0.9537008499999999 0.32230969374999996 1 0.335950621875 1 0.22752833125
4 0.9255513796875 0.327617321875 0.932372821875 0.317002065625 0.92287949375 0.288694721875 0.9381660484375001 0.262156584375 0.932330215625 0.2391568671875 0.8925090781249999 0.19846505781249998 0.8361278750000001 0.20554189374999998 0.8294298187500001 0.221464775 0.8326363734375001 0.2833870921875 0.8152537375 0.29577155781250003 0.8473897312500001 0.3099252296875 0.9112093046874999 0.318771275 0.9255513796875 0.327617321875
4 0.7904282968749999 0.064005165625 0.7891547875 0.0852356765625 0.7721011796875 0.1117738125 0.7564855984375 0.12415827500000001 0.728294996875 0.1276966921875 0.680256996875 0.1896190125 0.5185943703125 0.30461760312499997 0.493322425 0.357693875 0.6049332281249999 0.29400235 0.7594865109375 0.1772345484375 0.8032515640625 0.15954245625000002 0.8384692515625 0.15423483124999998 0.878535684375 0.12946590156249999 0.8891380078125 0.12946590156249999 0.890534903125 0.11354302187500001 0.8696166812499999 0.049851493749999996 0.8301657015625 0.025082565624999997 0.8055503343750001 0.03039019375 0.8025920296875 0.055159121874999995 0.7904282968749999 0.064005165625
4 0.4796875 0.18513046718749998 0.52249568125 0.16838850156250001 0.5326867156249999 0.15069641250000002 0.4796875 0.1303389765625 0.4796875 0.18513046718749998
5 0.654271059375 0.7891864640625 0.648320875 0.779720934375 0.6434044671875 0.7644468671875 0.6387736296875 0.73612875 0.6349807265624999 0.7402808734375 0.630643809375 0.7589291828125 0.62515506875 0.7611702874999999 0.621821225 0.7598832 0.6116781 0.7711168765625 0.6094406328125 0.80084789375 0.614701634375 0.8141857828125 0.6168589156250001 0.8278034359374999 0.6241603453125 0.8411161625 0.6287876031249999 0.8437155046875 0.623960921875 0.8536761671875001 0.6043602796875 0.8465523906250001 0.60229153125 0.84959654375 0.597610021875 0.8701810296874999 0.58324683125 0.9137058328125001 0.5867836765625001 0.9281516937500001 0.5933085796875 0.9372478984375 0.596412296875 0.9369681328125001 0.6153780046875 0.9247804374999999 0.635552175 0.9229619640625 0.6353786859375 0.915357128125 0.6319008640625 0.9120191375000001 0.648135765625 0.8951560375 0.6553462765625 0.8746611078125 0.6677292515625 0.8508422625 0.6684184359375 0.846969903125 0.6630700953125 0.8255431359375001 0.6540421265624999 0.7961925328125 0.654271059375 0.7891864640625
10 0.6020826125000001 1 0.59912075 0.9875271515625 0.6010738390625 0.979413109375 0.6085734953124999 0.9715929062499999 0.6306712421875 0.9561064546875 0.6928269828125 0.915735403125 0.69351616875 0.9118630453125001 0.6910154859375 0.9087544968750001 0.681015146875 0.9134661515625 0.64018181875 0.9427071546875 0.5809858171875 0.9807475406249999 0.57480789375 0.9868610046875 0.5720216406249999 0.9967965046874999 0.5735560125 1 0.6020826125000001 1
10 0.675306446875 1 0.6949323984375 0.9696827375 0.6971156140625 0.9631355515625 0.6450796624999999 1 0.675306446875 1
6 1 1 1 0.61875 0.6454246687499999 0.61875 0.64546009375 0.667100540625 0.6397778953125 0.7247662765625 0.6442659468749999 0.7596064171875 0.6525173921875 0.7847405000000001 0.6622369328125 0.8273645937499999 0.677245790625 0.8803075859374999 0.687796109375 0.9039643734375 0.696074678125 0.9175065406249999 0.6997259890625 0.9284493640625 0.6989247234375 0.9529706093750001 0.692494959375 1 0.8652636843749999 1 0.8660157734375 0.9922051015625 0.8641157421875001 0.9685623890624999 0.8667863359375 0.9535569984375 0.8730208984375001 0.941405553125 0.8822730296875001 0.9294583875000001 0.8888533765624999 0.9239436874999999 0.8975319828125 0.920938771875 0.9039412265625 0.9249650859375 0.909776946875 0.9379336484374999 0.8998958437500001 0.97343396875 0.8898388671875 0.9841836031250001 0.8867363421875 0.9930362921875 0.8861121234375 1 1 1