3 0 0.3784568609375 0.0147378859375 0.3762672359375 0.3010410078125 0.2821678265625 0.3234375 0.2690024265625 0.3234375 0.2374272625 0.3152353 0.1970953796875 0.3070415171875 0.16312608281250002 0.294140096875 0.1344536078125 0.28154538125 0.1123462078125 0.26768815625000003 0.0985694953125 0.2556761171875 0.0945357578125 0 0.1750441421875 0 0.3784568609375
3 0.090020240625 0 0.08877519218749999 0.0002841765625 0.0411976921875 0.0071725296875 0.03434841875 0.037337065625 0.014638715625000001 0.07506138749999999 0 0.078805125 0 0.132617865625 0.084231540625 0.150510034375 0.2466737390625 0.092120653125 0.280358334375 0.10604657343749999 0.2879387015625 0.1268857203125 0.3024860125 0.15543385468749998 0.3075050125 0.165625 0.3142398375 0.165625 0.42278944531249996 0.14963968593750002 0.433697271875 0.1356391640625 0.450805278125 0.1129349421875 0.45625 0.0971065671875 0.45625 0.095275703125 0.42745077187499997 0.03728735625 0.4148560578125 0.0151799578125 0.4096116765625 0.008987896875 0.4044912171875 0 0.090020240625 0
3 0 0.5710082609375 0.0181581359375 0.5590603828125 0.1122396578125 0.5223059078125 0.266682428125 0.469462028125 0.3453375140625 0.4206964453125 0.4282401828125 0.3567864265625 0.446528703125 0.2532870046875 0.4578125 0.19501555937499998 0.4578125 0.19102373125 0.44150903125 0.1811955015625 0.416820659375 0.1830605796875 0.3875013203125 0.1918637484375 0.3487666921875 0.2112605625 0.328290225 0.2325721921875 0.3249627625 0.2674118578125 0.0587937234375 0.36822555156250003 0 0.43825305312499996 0 0.5710082609375
3 0 0.61875 0.2839057828125 0.61875 0.35695634374999996 0.5765232828125 0.38364500625 0.5415658609375 0.40625 0.49168132499999995 0.40625 0.48676623750000003 0.3845954875 0.455846853125 0.374030046875 0.4418214609375 0.3354730640625 0.4203125 0.3346490265625 0.4203125 0.2709522984375 0.46278493750000005 0.1168162328125 0.5221938953125 0.0159977890625 0.556163184375 0 0.5685538625000001 0 0.61875
9 0.609375 0.327861559375 0.652713996875 0.3408354734375 0.69516003125 0.354278515625 0.7274398343749999 0.3625 0.7311685234375 0.3625 0.7329690281250001 0.33934941093750004 0.7434378390624999 0.3203334203125 0.7615226359375 0.3064864640625 0.7625 0.29900153125 0.7625 0.2861609203125 0.6958316375 0.23578015 0.707154246875 0.21567905 0.609375 0.18289794374999999 0.609375 0.327861559375
9 0.719432678125 0.203160140625 0.7276007484375 0.2590257265625 0.7627409421875 0.2851804953125 0.80012211875 0.3210511484375 0.8377712578125 0.3484375 0.840761009375 0.3484375 0.8822790390625 0.3034417375 0.928125 0.25067665781250004 0.928125 0.24715875937499998 0.820344159375 0.15371980937500002 0.77909101875 0.1650308875 0.765818865625 0.15448641875 0.719432678125 0.203160140625
7 0.8632326765624999 0.61875 0.8590915765625 0.633638915625 0.853125 0.702177175 0.853125 0.70385706875 0.8886754546875 0.707814646875 0.9198486359375 0.7109375 0.92894060625 0.7109375 0.9343990625 0.7031786640625001 0.9326059656249999 0.6866215812500001 0.9390625 0.6555189234375 0.9390625 0.640786278125 0.9380482109375 0.61875 0.8632326765624999 0.61875
8 1 0.61875 0.9381708796874999 0.61875 0.9410734546875 0.6291215296875 0.9393076953125 0.647042134375 0.9608117843749999 0.6727543125000001 0.9931449328124999 0.704699740625 1 0.7025639921875 1 0.61875
7 1 0.7031665874999999 0.9798620375 0.708595525 0.9588285625000001 0.7093746796875 0.9417338015624999 0.7062580546875 0.9245121921875 0.714049621875 0.90578758125 0.71716625 0.883097075 0.72651613125 0.8495231421874999 0.7343077 0.824460346875 0.7467742109375 0.8002668421875001 0.75144915 0.79484325 0.749111678125 0.7860059234375 0.7724863828124999 0.788930375 0.7888486765625 0.803507875 0.8075484390625001 0.81973334375 0.8184566375 0.8346823359375 0.8052109703125 0.8604603890625 0.7981985593750001 0.9174491437500001 0.78573205 0.9268839343749999 0.77794048125 0.9394334531249999 0.7701489140625 0.9395150015624999 0.763136503125 0.945092625 0.7522283062499999 0.95439150625 0.756124090625 0.9686071187499999 0.7389826421875 0.971097196875 0.725736975 0.979644578125 0.7272952874999999 1 0.7058786828125 1 0.7031665874999999
8 1 0.7027823828125 0.9811838203125 0.7288536015625 0.9703366375 0.7241786609374999 0.970182603125 0.737424328125 0.95439150625 0.756124090625 0.9497647171875 0.7522283078124999 0.9395421828125 0.76079903125 0.938654771875 0.7701489140625 0.9315560265624999 0.77794048125 0.9253628140625001 0.7748238546875 0.918245946875 0.7841737375 0.916525490625 0.7981985578125 0.9216772562500001 0.823910734375 0.9223290875 0.8348189296875 0.9541010156249999 0.8480645953125 0.9912693499999999 0.865985203125 1 0.86680509375 1 0.7027823828125
8 0.7488644250000001 0.61875 0.760799246875 0.6634044296875 0.7795142515625 0.7280744453125 0.7933221296874999 0.7459950515625 0.8127438734375 0.7498908359375 0.8573824484375001 0.7280744453125 0.8855418499999999 0.7171662484375 0.8825630328124999 0.705478896875 0.8802269890625001 0.705478896875 0.8514519984375 0.7023622703125 0.8559162375 0.653275390625 0.8615259359374999 0.61875 0.7488644250000001 0.61875
8 0.6095287765624999 0.741398025 0.61596273125 0.7572928250000001 0.6459625 0.7957052578125 0.6836121625 0.8592844546875 0.726849521875 0.8976968843750001 0.7426884250000001 0.9016705859374999 0.758727571875 0.8884249171875 0.7672092453125 0.8420650890625 0.7401650609375 0.777161325 0.7022689453125001 0.73477519375 0.6734080984374999 0.7122575624999999 0.640529759375 0.6937136296874999 0.6246292453125 0.695038196875 0.612545975 0.709608428125 0.6095287765624999 0.741398025