4 0.32544366406249997 0.56875 0.333533521875 0.5551652703125 0.3392129578125 0.5325930578125 0.304321921875 0.495592121875 0.290167384375 0.493290571875 0.273542946875 0.5125167328125 0.25473431406249997 0.5078920375 0.209095878125 0.5396306562500001 0.20158738281250002 0.56817098125 0.2008584796875 0.56875 0.32544366406249997 0.56875
4 0.249967596875 0.21564928593750002 0.2678496921875 0.28121213749999996 0.2628458125 0.3258235171875 0.25093955625 0.34581686093749997 0.21996833124999998 0.3674093484375 0.2078125 0.40051526718749997 0.2078125 0.4016828390625 0.21666534375 0.40916453593749996 0.21916996093750002 0.425235590625 0.27896495468750004 0.45 0.2835553125 0.45 0.30566991718750003 0.43930061875000004 0.3140462171875 0.428131578125 0.3138833328125 0.39364473437499997 0.299886328125 0.3490765421875 0.30604371406249997 0.2764578875 0.3180140546875 0.25490858437499997 0.3155094390625 0.23883753125 0.321875 0.21924930781250002 0.321875 0.21479795156249998 0.3183638390625 0.20797406093749998 0.273267440625 0.188110278125 0.257412009375 0.188664921875 0.249967596875 0.21564928593750002
4 0.46875 0.240631515625 0.456897215625 0.23757557343750002 0.439178003125 0.20649956249999998 0.42974164375 0.20496519531250001 0.41760841875 0.19202765625 0.4060519453125 0.1650864765625 0.3966155859375 0.163552109375 0.3913206546875 0.176788565625 0.3484725375 0.179219675 0.34500666562500004 0.18648801718750002 0.357687278125 0.2245766421875 0.358042415625 0.25439560625 0.37669351562500003 0.30128694375 0.371817803125 0.3427864015625 0.3747069203125 0.34952169375 0.3979774 0.36113741250000003 0.45774100625 0.3708550671875 0.46875 0.3782414453125 0.46875 0.240631515625
4 0.46875 0.3794655171875 0.45590441249999997 0.3686094796875 0.44126835625 0.36518537812499996 0.41689688125 0.367488059375 0.3941720078125 0.3554389328125 0.3721538359375 0.35185874375 0.37221970312499997 0.375887278125 0.37786977187500004 0.3924697875 0.3812092625 0.4138978625 0.3788132375 0.42081803593749995 0.4024157046875 0.4371868734375 0.42015449218749995 0.442159734375 0.44734921562499996 0.42256381249999997 0.46875 0.3974960796875 0.46875 0.3794655171875
4 0.38624678125 0.56875 0.3841853875 0.5404965796875 0.370062 0.524624803125 0.355041440625 0.5305364640625 0.3530103390625 0.5542240265625 0.358409925 0.56875 0.38624678125 0.56875
4 0.320853203125 0.459393959375 0.315140834375 0.469951903125 0.2971884359375 0.47016557499999995 0.296333984375 0.4909117078125 0.32085677343749996 0.51056295 0.3397820171875 0.53125 0.34732323125 0.53125 0.3708849625 0.5260073843749999 0.3875 0.5213965015625 0.3875 0.5147198140625 0.3820302203125 0.48604949062499997 0.3638410609375 0.46638385156249995 0.3397259203125 0.46246269218749997 0.320853203125 0.459393959375
4 0.3055851390625 0.271277625 0.30464524375 0.29409836875 0.3000045046875 0.32989264218750003 0.2998140359375 0.36014501875 0.3122053828125 0.3924432140625 0.33581665 0.40625 0.3375519640625 0.40625 0.354614703125 0.38785225 0.371561340625 0.38643078750000004 0.3734375 0.36829940156249996 0.3734375 0.304664771875 0.367616603125 0.27718702500000003 0.350840853125 0.2744592625 0.3209047546875 0.25810481875 0.3055851390625 0.271277625
4 0.46875 0.399925965625 0.42560878437499994 0.438787746875 0.41480530625 0.47044718750000003 0.4479954484375 0.510304315625 0.46875 0.5352278859374999 0.46875 0.399925965625
4 0.4138066078125 0.4612316328125 0.4251886234375 0.4411530484375 0.3986347359375 0.445189371875 0.3784767765625 0.42207084375 0.3575693890625 0.3915206859375 0.334782215625 0.40661201562500005 0.3129776578125 0.39784529218750003 0.3271010453125 0.41371707031250005 0.3571457328125 0.45306274062499996 0.3811558484375 0.4851616609375 0.39219965156250003 0.52455051875 0.4197165796875 0.5227592953125 0.450284684375 0.5359375 0.45250583281249995 0.5359375 0.46463051718750004 0.534239384375 0.4671875 0.5322081937500001 0.4671875 0.5305539890625 0.460949246875 0.5211097640625 0.43060550312499996 0.48902523750000004 0.39807934375 0.45867435468749995 0.4138066078125 0.4612316328125
7 1 0 0.5706089249999999 0 0.6029263765625 0.053570821874999994 0.6433052406249999 0.0767656171875 0.6906631671875 0.0969287796875 0.7125973640625001 0.108765278125 0.7275524984375 0.11914686562500001 0.757961271875 0.145390690625 0.7823879921875 0.1592067046875 0.8920589796874999 0.198947521875 0.93941690625 0.20415555 0.9688286703125 0.2139545296875 0.9698141015624999 0.2140625 0.9965078796875 0.2140625 0.9997359484375 0.2137747140625 1 0.2137027640625 1 0
8 1 0.2138212921875 0.9779263765625 0.21572984218750002 0.93056845 0.20404125624999997 0.8243869937499999 0.1991754515625 0.7964707437499999 0.195848334375 0.765563465625 0.1945326328125 0.749611321875 0.198114971875 0.7117249796875 0.1983353859375 0.7082354484375 0.20284222968750001 0.705244421875 0.22728635000000003 0.6982653593749999 0.3220428046875 0.69756653125 0.35 0.7769133984375 0.35 1 0.3487021203125 1 0.2138212921875
7 0.6556081765624999 0.0932603859375 0.649626121875 0.08980565625 0.6391575281249999 0.0928575875 0.6316799609375 0.0998801546875 0.6276919249999999 0.11435998750000001 0.602268196875 0.1254749953125 0.5788384859375 0.140566440625 0.5618893328125 0.162599246875 0.5564057828125 0.1726012375 0.55341475625 0.1920603140625 0.5494267203125001 0.1970685609375 0.54095214375 0.2016044046875 0.5354685953125 0.20711985624999998 0.5274925234375 0.22062588125000002 0.5245014968749999 0.22812085 0.5245014968749999 0.2355984171875 0.5449401796875 0.23896903906250003 0.5449401796875 0.2444525890625 0.5344715859375 0.25847161875 0.5195164515624999 0.2705227328125 0.511041875 0.28104063125 0.503125 0.3053321203125 0.503125 0.30560417812499996 0.5329760718750001 0.3512021546875 0.5932234734375 0.3508516453125 0.6371635109375 0.2708352921875 0.6431455640625 0.243881246875 0.658599203125 0.231328728125 0.666575275 0.21782270312500002 0.67554835625 0.181878175 0.67554835625 0.1400037984375 0.683524428125 0.1334768375 0.6875124640625 0.117999996875 0.690625 0.11398005625 0.690625 0.10754055625 0.6890079765625 0.105528684375 0.6690677968750001 0.09268357499999999 0.660593221875 0.0917358703125 0.6556081765624999 0.0932603859375
8 0.46875 0.2989693828125 0.47557951093749995 0.2966531453125 0.488540628125 0.30006727187500004 0.49302716875 0.2990441625 0.49203015937499994 0.2875843578125 0.4790690421875 0.269215096875 0.4820600703125 0.2652096609375 0.5049912765625 0.252115134375 0.5109733296875 0.24510126875 0.5613222828125 0.1625551078125 0.5862475078125 0.12552076406249998 0.6109375 0.06776713749999999 0.6109375 0.06128580625 0.6106742265625 0.059576060937499994 0.6020104078124999 0.05 0.5997193796875 0.05 0.5957190921875 0.0506899859375 0.5867460125 0.075667415625 0.5812624625 0.08317688437500001 0.5623192921875 0.0832870921875 0.543376121875 0.0878838421875 0.5034957624999999 0.1190231375 0.48604810625 0.12759922031249998 0.46909895312499994 0.13019035 0.46875 0.130180346875 0.46875 0.2989693828125
7 0.46875 0.56875 0.4541887015625 0.56875 0.44485878124999995 0.5868124109374999 0.4300581375 0.6017521593749999 0.43024432343749996 0.6076904890625 0.45350113593749997 0.609375 0.46875 0.609375 0.46875 0.56875
7 0.357841315625 0.8668253765625 0.34506989374999997 0.8593389359374999 0.32235688125 0.852601384375 0.3062343515625 0.8407591015625 0.297521496875 0.8396873328125001 0.294933715625 0.8442985328124999 0.29323958125 0.8569068953125001 0.29562259218750003 0.8611436484375 0.295994965625 0.8730203109375001 0.298377978125 0.8772570640625 0.30405623125000003 0.8789414515624999 0.31703242187499997 0.877579940625 0.32993416249999996 0.8840965109375001 0.345423684375 0.886001878125 0.3615152078125 0.890625 0.36748675 0.890625 0.37195320625 0.8863075671875 0.3734375 0.8752609187499999 0.3734375 0.8745657109374999 0.3710036921875 0.8714021984375 0.3654557578125 0.8687479375 0.358548775 0.8688842093750001 0.357841315625 0.8668253765625
7 0.3186918640625 0.8777860875 0.3109471015625 0.8768334031249999 0.3054550359375 0.8810873453125 0.30255075 0.880730090625 0.2987342375 0.8871619531249999 0.2944709046875 0.8895952328125001 0.292013440625 0.8932365578125001 0.29167835468750003 0.903054384375 0.27259579375 0.9352136984375001 0.2703125 0.9584447453125 0.2703125 0.962642890625 0.27739910624999997 0.9653816921875 0.2785533875 0.9714391078125001 0.2832486421875 0.9734375 0.2862443046875 0.9734375 0.3077451390625 0.95925551875 0.33414422187500004 0.9092640234375 0.3359375 0.8959178046874999 0.3359375 0.892227471875 0.33217074375 0.8873313656249999 0.3233275703125 0.88722946875 0.32314138593749997 0.8812911390625 0.3186918640625 0.8777860875
7 0.22434912499999998 0.8741957671874999 0.22118420468750002 0.8757782593750001 0.2184661078125 0.881359334375 0.2093622953125 0.883197184375 0.2058064203125 0.8876892984375001 0.20958576875 0.910830003125 0.21461243125 0.9173637625 0.23170305781249997 0.9293251296874999 0.2499665453125 0.9325576296874999 0.255626215625 0.9490283015625 0.2598151015625 0.9544731000000001 0.261558046875 0.9546875 0.2706113515625 0.9546875 0.271875 0.9452829749999999 0.271875 0.929357046875 0.268323065625 0.9131257671874999 0.25214466875 0.89437528125 0.2483467375 0.8860208578125001 0.22434912499999998 0.8741957671874999
7 0.233798596875 0.9323839312500001 0.22017081562500002 0.9385948125000001 0.17258525625 0.9485157765625001 0.1461382265625 0.9669524234375 0.2369646375 0.978125 0.2478661359375 0.978125 0.256790946875 0.97366250625 0.2588015875 0.9660225984374999 0.24761256406249998 0.9321113828125001 0.233798596875 0.9323839312500001
7 0.105200159375 0.9444834796875 0.07574777031249999 0.9586068171875001 0.1328014359375 0.965625 0.147390396875 0.965625 0.168256659375 0.9512541671875001 0.1816238046875 0.9469830343750001 0.1859375 0.9333918859375 0.1859375 0.9296172406250001 0.181847153125 0.9233487984375 0.15150111875 0.929474971875 0.1271498421875 0.942253990625 0.105200159375 0.9444834796875
7 0.1874033375 0.860556128125 0.1737196875 0.859858803125 0.16111587031250002 0.8730969734375 0.15994300625 0.8818258421875 0.16992188125000002 0.9027714390625 0.20543747968749998 0.91875 0.206319115625 0.91875 0.209375 0.91422196875 0.209375 0.912435121875 0.20259505937500003 0.8939738125 0.2050711046875 0.875546203125 0.20030507812499998 0.8670726953125 0.1874033375 0.860556128125
7 0.021943690625 0.8567560453125 0.0060632140625 0.8577602984375 0.00256320625 0.8691606171874999 0.0356460453125 0.8939341390625 0.0465930140625 0.914998821875 0.07420236718749999 0.9292400046875 0.096704296875 0.9484375 0.097834778125 0.9484375 0.1099474375 0.94152425 0.12472950000000001 0.9413707859375 0.12480395 0.9334927078125 0.13125 0.9239413234375 0.13125 0.9214682875 0.121992696875 0.9104710859375 0.0815560515625 0.8818352562499999 0.056646215624999996 0.8767992828125 0.021943690625 0.8567560453125
7 0 0.9238941609375001 0.0065005265625 0.9344595984375001 0.007311740625 0.9493479546875001 0.03801689375 0.953125 0.0433563796875 0.953125 0.046875 0.9269381640625 0.046875 0.9243598390625 0.042859901562500004 0.9201999843750001 0.040234832812499996 0.90311669375 0.0310192875 0.8911381359374999 0.0164978609375 0.8893518515625001 0.000542934375 0.8982341843749999 0 0.8987924421875 0 0.9238941609375001
7 0.131123275 0.9066484046875001 0.14311279062499999 0.9199540921875 0.1608052984375 0.9265625 0.16384804375 0.9265625 0.1747434234375 0.9189154609375001 0.178125 0.9108771093750001 0.178125 0.9078836499999999 0.16657042187499999 0.8991779109374999 0.1591048796875 0.8814991937500001 0.16247456875 0.8710687484375 0.1473582 0.859375 0.139441828125 0.859375 0.137434415625 0.8670026500000001 0.1250353640625 0.8713928687500001 0.1250726515625 0.89308735625 0.131123275 0.9066484046875001
7 0.0987504328125 0.8708707234374999 0.08838060625000001 0.8528347500000001 0.07966775000000001 0.85176298125 0.0732261703125 0.8411115546874999 0.05877919375 0.8314471921875001 0.052002528125 0.8306135921875001 0.037983790625 0.8397340968750001 0.030481085937500003 0.851627946875 0.03375774375 0.8638618656249999 0.05472075 0.8762995734375 0.082534871875 0.8816928046875001 0.11368151875000002 0.9062281562500001 0.12402638749999999 0.9109375 0.128125 0.9109375 0.128125 0.90597820625 0.11370010156250002 0.8914418749999999 0.11029312499999999 0.8801778296875 0.0987504328125 0.8708707234374999
7 0 0.822475996875 0.0072802546874999995 0.8250074859375001 0.0199958109375 0.8255857234375 0.0273496171875 0.8294480312499999 0.0476796140625 0.8319488265625001 0.050844535937500004 0.8303663359375001 0.06897770625 0.8345687109375 0.077113421875 0.832611771875 0.098838546875 0.8359375 0.1120841609375 0.8359375 0.1131935765625 0.8350781890625001 0.115625 0.8236716968750001 0.115625 0.8223497828124999 0.1115366046875 0.8181139859375 0.0850815328125 0.8099302203125 0.06992709687500001 0.7982070234374999 0.0361740859375 0.793069153125 0.03462885 0.7899213609375 0.0279825015625 0.7881178875 0.003780125 0.7851407484375 0 0.7870308484375 0 0.822475996875