8 0.309375 0.09204516093750001 0.2992683546875 0.095560515625 0.2848834328125 0.1054811515625 0.27149057656250003 0.11143353125 0.2536334328125 0.1223462296875 0.2149429578125 0.14193948437499998 0.182948909375 0.1627728171875 0.1628596234375 0.1806299609375 0.1504588296875 0.195262896875 0.1410342265625 0.20964781718749997 0.12565724375 0.2436259921875 0.1221850203125 0.264707340625 0.123177084375 0.2838045640625 0.126153275 0.2999255953125 0.13855406875 0.33191964218750003 0.1482266875 0.348040675 0.16186756093750002 0.361681546875 0.176996528125 0.3718501984375 0.1943576390625 0.37854662656250004 0.21816716406249997 0.38251488125 0.239000496875 0.3902033734375 0.25189732187499997 0.39342757968750003 0.255305765625 0.39375 0.2856281703125 0.39375 0.309375 0.3854501359375 0.309375 0.09204516093750001
8 0.309375 0.0124173453125 0.1998263890625 0.040835814062499996 0.179241071875 0.0472842265625 0.1745287703125 0.051004465624999995 0.1718005953125 0.058444940625 0.172792659375 0.0683655765625 0.1869295640625 0.1189608140625 0.1901537703125 0.13359375 0.1933779765625 0.142522321875 0.1968501984375 0.1469866078125 0.20205853125 0.1497147828125 0.2062748015625 0.148970734375 0.258358134375 0.12193700468749999 0.2650545640625 0.11747271875000001 0.27844742031249997 0.1120163703125 0.2903521828125 0.1058159734375 0.309375 0.0949956546875 0.309375 0.0124173453125
8 0.16738591249999998 0.0750372015625 0.1522569453125 0.0742931546875 0.1242311515625 0.07578125 0.10562996093749999 0.07826140781249999 0.10017361093749999 0.0809895828125 0.097693453125 0.0881820453125 0.09794146875000001 0.10107886875000001 0.105133928125 0.15440228125 0.111086309375 0.17374751875 0.123487103125 0.225830853125 0.12472718281249999 0.22781497968750003 0.1258639203125 0.228125 0.13144841406250002 0.228125 0.132415675 0.2273189484375 0.1406001984375 0.210701884375 0.15523313593750002 0.1901165671875 0.1716021828125 0.17275545625 0.18125 0.1645195140625 0.18125 0.135233128125 0.17978670624999998 0.09587053749999999 0.1765625 0.07925347187500001 0.1745783734375 0.07702133125 0.16738591249999998 0.0750372015625
10 0.7828125 0.5390625 0.7828125 0.4928407 0.7448541953125 0.419541909375 0.65481326875 0.269473696875 0.6111570609375001 0.22172471875 0.5852361875 0.21353918125 0.5715936234375001 0.2203604640625 0.5565868015625 0.2490098484375 0.5402157234375 0.2626524125 0.526573159375 0.28720903125 0.50747356875 0.3049443640625 0.44198925781250004 0.3895282671875 0.414704128125 0.433184475 0.414704128125 0.44819129375 0.4621442421875 0.5390625 0.7828125 0.5390625
10 0.4961982 0.131155140625 0.4416279421875 0.240295659375 0.4116142984375 0.3221510484375 0.403428759375 0.380814078125 0.41570706875 0.39854941093749996 0.42586118749999996 0.4 0.436084584375 0.4 0.4416279421875 0.39445664062499997 0.4852841484375 0.3330651015625 0.52894035625 0.2880446375 0.5671395374999999 0.2171033 0.5766893328125 0.2102820171875 0.5985174375 0.21164627500000002 0.625802565625 0.23347437656249997 0.6503591828124999 0.2621237625 0.68173708125 0.312601253125 0.71584349375 0.30987274062500003 0.7671875 0.2098870453125 0.7671875 0.204189225 0.7594997015625 0.131155140625 0.5207548171875 0.131155140625 0.507112253125 0.135247909375 0.4961982 0.131155140625
10 1 0.5390625 1 0.4958644109375 0.8924688781250001 0.48699586406249995 0.7915138984375 0.4678962734375 0.7765070781250001 0.4678962734375 0.775142821875 0.47335330000000003 0.7846926171875 0.489724378125 0.8147062593750001 0.50882396875 0.8286625046874999 0.5390625 1 0.5390625
10 1 0.43804381875000004 0.9988254609375 0.43820770781249996 0.8883206859375001 0.4409362203125 0.8201078609374999 0.4354791953125 0.7832729359374999 0.42047237343750005 0.7805444234375 0.412286834375 0.7573520640625 0.40819406562499994 0.7464380109375 0.410922578125 0.7464380109375 0.42047237343750005 0.7764516546875 0.46822135 0.9688118171875001 0.49687073593750003 1 0.4977880359375 1 0.43804381875000004
10 1 0.13125 0.9633547921875 0.13125 0.9688118171875001 0.1394355390625 0.952440740625 0.13125 0.7996440140625001 0.13125 0.8201078609374999 0.1994628234375 0.919698584375 0.24857605781249997 0.955169253125 0.2499403140625 0.9647190484374999 0.259490109375 0.9797258703124999 0.2553973390625 1 0.26080377499999996 1 0.13125
10 1 0.26013932500000003 0.9633547921875 0.258125853125 0.952440740625 0.24857605781249997 0.922427096875 0.24857605781249997 0.916970071875 0.259490109375 0.8760423765625 0.2867752390625 0.8910491984375 0.30860334218749996 0.9046917640625001 0.31406036875 0.90196325 0.330431446875 0.8801351468749999 0.3290671890625 0.847392990625 0.357716575 0.8351146828125 0.36180934531250003 0.769630371875 0.35908083281250003 0.7450737546874999 0.3659021140625 0.734159703125 0.39045873124999997 0.735523959375 0.4013727828125 0.7518950375 0.412286834375 0.79282273125 0.4191081171875 0.8023725265625 0.4341149390625 0.8310219140624999 0.4409362203125 0.9756330999999999 0.443664734375 1 0.43985740624999997 1 0.26013932500000003
6 0.8992347374999999 0.31951739375 0.9033275062499999 0.31269611249999996 0.8910491984375 0.3058748296875 0.8869564296875 0.296325034375 0.8446644781250001 0.26767564843749997 0.8160150921875001 0.25403308281250003 0.79282273125 0.2499403140625 0.7887299624999999 0.2390262625 0.7764516546875 0.2390262625 0.75462355 0.258125853125 0.7314311906250001 0.300417803125 0.7246099078125 0.3031463171875 0.7232456515625 0.31269611249999996 0.730066934375 0.3236101640625 0.75053078125 0.3290671890625 0.768266115625 0.35089529375 0.79009421875 0.35498806250000003 0.878770890625 0.3413454984375 0.9033275062499999 0.330431446875 0.8992347374999999 0.31951739375
10 0.8528500171874999 0.2840467265625 0.877406634375 0.2867752390625 0.9306126359375 0.25403308281250003 0.9292483796875001 0.24857605781249997 0.806465296875 0.19400579843750002 0.7819086796875 0.20491985000000001 0.766901859375 0.2185624140625 0.75053078125 0.24448328749999998 0.75325929375 0.25403308281250003 0.7628090890625 0.256761596875 0.770994628125 0.24039051875 0.78736570625 0.23356923593749998 0.7982797578125 0.2499403140625 0.8487572468749999 0.26767564843749997 0.8542142734375 0.2744969296875 0.8528500171874999 0.2840467265625
5 0 0.5390625 0 0.8746187984375 0.12410318125 0.8734827046875001 0.1465925625 0.92118584375 0.1612956671875 0.9250053125000001 0.1635620125 1 0.22786637812500002 1 0.2536681140625 0.9623562890624999 0.3033217515625 0.88287503125 0.309375 0.8708558437499999 0.309375 0.5769181046874999 0.2855176875 0.565670028125 0.1892025140625 0.5390625 0 0.5390625
6 0.679278275 0.6046130953125 0.6755580375 0.6016369046875 0.6676215296875 0.5974206343749999 0.6616691484375 0.5961805546875001 0.6586929578125 0.5939484125 0.6581969265625001 0.5922123015625 0.6616691484375 0.5830357140625 0.6616691484375 0.5800595234375 0.648028275 0.5579861109375 0.6450520843750001 0.5550099203125 0.638107640625 0.5520337296875 0.6294270843750001 0.551041665625 0.601401290625 0.55625 0.591728671875 0.556001984375 0.5825520843750001 0.5545138890625 0.5711433546875 0.5505456343749999 0.5527901796875 0.5421130953125 0.5433655765625 0.540376984375 0.5336929578125 0.5398809515625 0.49673859218749994 0.54484126875 0.4801215296875 0.55401785625 0.4689608140625 0.5587301578125 0.46102430625 0.5636904765625 0.45085565625 0.5676587296875 0.43622271875 0.5827876984375 0.42679811562500003 0.594692459375 0.4215897828125 0.606597221875 0.4176215296875 0.6294146828125 0.42059771875 0.653472221875 0.42059771875 0.6703373015625 0.41861359218749994 0.685218253125 0.41910962500000004 0.7335813484375 0.41811756093749997 0.759375 0.41588541718750005 0.76532738125 0.4121651796875 0.7695436499999999 0.4022445453125 0.772271825 0.40075645 0.7737599203125 0.4019965296875 0.78095238125 0.403732640625 0.7836805546875001 0.41042906874999996 0.787896825 0.419853671875 0.7898809515625 0.42332589375000007 0.7918650796875 0.42977430625 0.7980654765625 0.4332465296875 0.803769840625 0.43919890937500006 0.8107142859375 0.45085565625 0.82782738125 0.45780010000000004 0.8496527781250001 0.463008434375 0.8588293640625 0.47218502031250004 0.8647817453125001 0.4773933546875 0.8670138890625001 0.48731398906249995 0.8739583328125 0.49525049687500006 0.8776785703125001 0.5321862640624999 0.8859375 0.5388162546874999 0.8859375 0.54460565625 0.88487103125 0.5627108140624999 0.8729662687499999 0.56940724375 0.8637896828125001 0.5775917671874999 0.8548611109375 0.585280259375 0.843700396875 0.5996651796875 0.8203869046874999 0.604129465625 0.8104662687499999 0.6118179578125 0.7978174593749999 0.622978671875 0.7841765875 0.6294270843750001 0.7702876984375 0.635379465625 0.7454861109375 0.638603671875 0.7368055546875001 0.647780259375 0.7221726187499999 0.6559647828124999 0.7139880953125 0.6683655765625 0.6963789671875 0.6763020843750001 0.6805059515625 0.6777901796875 0.6700892859375001 0.6810143859375 0.6678571421875 0.70085565625 0.6599206343749999 0.7046875 0.656539596875 0.7046875 0.6324293765625 0.700607640625 0.621478175 0.69763145 0.6175099203125 0.68523065625 0.6118055546875001 0.679278275 0.6046130953125
6 0.790892503125 1 0.7910838296875 0.9946428578125002 0.788603671875 0.9824900796874999 0.7786830359375 0.95868055625 0.77372271875 0.9502480156249999 0.7670262906249999 0.9420634921875 0.7625620046875 0.933630953125 0.7662822421875 0.930902778125 0.7722346234375 0.9331349203125001 0.7781870046875 0.9333829359375001 0.7997643859375 0.927678571875 0.8109251000000001 0.922222221875 0.8173735125 0.915277778125 0.8188616078125002 0.909325396875 0.8188616078125002 0.89072420625 0.8158854171875 0.8666666671875 0.8225818453125001 0.846825396875 0.8230778781249999 0.84012896875 0.8183655765625 0.8289682546874999 0.8079489093750001 0.8148313484375 0.7967881953125 0.8054067453125 0.795052084375 0.8016865078125001 0.7925719250000001 0.7992063484375 0.7816592265625 0.793501984375 0.78017113125 0.7917658734374999 0.7972842265625 0.7766369046875 0.8005084328125001 0.77266865 0.80398065625 0.7647321421875001 0.8067088296874999 0.76200396875 0.8215897828125 0.7515873015625 0.8260540687500001 0.74092261875 0.8374627984374999 0.7416666671875 0.8419270843749999 0.73993055625 0.8451512906249998 0.737450396875 0.8466393859375 0.73125 0.8421751000000001 0.724553571875 0.8416790687500001 0.7111607140625 0.8391989093750001 0.7054563484375 0.8357266875 0.70322420625 0.8225818453125001 0.6982638890625 0.8099330359374999 0.6952876984375 0.7982762906249999 0.69454365 0.778931053125 0.6915674609375 0.7447048625 0.69131944375 0.7201512906249999 0.68759920625 0.7171751000000001 0.6875 0.7122643859375 0.6875 0.7015501000000001 0.691071428125 0.6898933546875 0.6908234125 0.68046875 0.6925595234374999 0.669556053125 0.6975198406249999 0.66484375 0.7019841265625 0.6472346234374999 0.7292658734375 0.6427703375 0.7376984125 0.636569940625 0.7456349203125 0.63359375 0.7523313484375 0.6311135921875 0.7644841265625001 0.633345734375 0.771924603125 0.624169146875 0.78407738125 0.6120163703125 0.8121031750000001 0.6058159734374999 0.81904761875 0.60085565625 0.8269841265625001 0.598375496875 0.837152778125 0.5986235125 0.8478174609375 0.5904389890624999 0.8599702375 0.5839905765625 0.877579365625 0.5820064484375 0.900396825 0.5787822421875 0.90262896875 0.5591889890624999 0.9056051593750001 0.5472842265625 0.906101190625 0.5415798625 0.90907738125 0.53934771875 0.912053571875 0.53934771875 0.915277778125 0.5430679578125 0.921726190625 0.545548115625 0.92891865 0.5495163703125 0.9348710312499999 0.548276290625 0.9395833328125001 0.5438120046874999 0.9460317453125 0.542819940625 0.949255953125 0.5415798625 0.9661210312499999 0.5415798625 0.9889384921875 0.5470362109375 0.996875 0.5485513624999999 1 0.5988927859375 1 0.6001116078125 0.9991071421874999 0.6122643859375 0.991170634375 0.61648065625 0.9894345234374999 0.6224330359375 0.99092261875 0.6394240328125 1 0.790892503125 1
6 0.8236429093750001 0.5390625 0.8206349203125001 0.5449280765625 0.8179067468749999 0.55856895 0.8169146828125001 0.5801463296875 0.8231150796875 0.6046999015625 0.8285714296875 0.61511656875 0.8347718265624999 0.631981646875 0.8409722234375 0.6421502984374999 0.8523809531250001 0.6696800609375 0.8541170640625001 0.6825768859375 0.8543650796875 0.7046502984374999 0.85858135 0.7210193453125 0.8598214296875 0.7483010921875 0.8635416671874999 0.7678943453125 0.8632936515625002 0.7735987109375 0.85907738125 0.7835193453125 0.855605159375 0.7859995046874999 0.846428571875 0.7874876000000001 0.8387400796875 0.7847594250000001 0.8288194453125 0.7795510921875 0.80947420625 0.77731895 0.8047619046874999 0.7731026796875 0.8050099203125001 0.769382440625 0.8079861109375 0.7646701390625 0.8283234125 0.7433407750000001 0.8409722234375 0.738132440625 0.846428571875 0.7326760921875 0.8466765875 0.7301959328125001 0.843204365625 0.716059028125 0.8375 0.7071304578125 0.8320436515625002 0.7021701390625 0.8231150796875 0.6986979171875001 0.81220238125 0.696217759375 0.7846726187499999 0.6927455359375 0.759126984375 0.69324156875 0.7430059531250001 0.6920014890624999 0.7256448421874999 0.684312996875 0.7087797625000001 0.6736483140625 0.6981150796875 0.668687996875 0.686954365625 0.665959821875 0.6770337312500001 0.665959821875 0.6723214296875 0.66794395 0.66884920625 0.67216021875 0.6666170640625 0.680592759375 0.6661210328125 0.692993553125 0.66512896875 0.696217759375 0.6413194453125 0.7373883937500001 0.6383432546875 0.7483010921875 0.6358630953125 0.7733506953125 0.6318948421874999 0.7825272828125 0.6333829375000001 0.7926959328125001 0.6326388890625 0.7959201390625 0.6304067468750001 0.7991443453125 0.624454365625 0.8041046640625 0.612053571875 0.8197296640625 0.600148809375 0.8432911718749999 0.5852678578124999 0.8584201390625001 0.577579365625 0.863132440625 0.5731150796875 0.8680927593749999 0.5706349203125 0.8733010921875 0.564682540625 0.8985987109375 0.5455853171875 0.913231646875 0.5423611109375 0.9117435531249999 0.5319444453125 0.8951264890624999 0.5257440484375 0.8891741078125 0.5143353171875 0.887437996875 0.5056547625000001 0.8901661718749999 0.496478175 0.8904141875 0.48581349218750003 0.88718998125 0.4667162703125 0.8837177593749999 0.44885912812499995 0.8772693453125001 0.4391865078125 0.8728050609375 0.4128968265625 0.8544518859375 0.40694444531249996 0.8482514890624999 0.40099206406250004 0.8395709328125001 0.3952876984375 0.835106646875 0.37420635 0.8266741078125 0.36453373125 0.8177455359374999 0.3623015875 0.8170014890624999 0.355605159375 0.8174975203124999 0.3541170640625 0.818985615625 0.353125 0.8229538703125 0.35287698437500004 0.8460193453125001 0.350148809375 0.8589161718749999 0.3479166671875 0.8834697421875 0.3454365078125 0.8961185531249999 0.34568452499999996 0.9090153781250001 0.3479166671875 0.922408234375 0.34940476249999997 0.9484499015625001 0.33973214375 0.9630828375 0.33328373125 0.9702752984374999 0.32708333437500003 0.98466021875 0.323859128125 0.9883804578125 0.3169146828125 0.9921006953125 0.309375 0.992957478125 0.309375 1 0.47162078437500005 1 0.4674603171875 0.9871403781249999 0.46374007968750003 0.96804315625 0.45530754062500006 0.9486979171875 0.45530754062500006 0.9452256953125 0.45654761875 0.9422495046874999 0.459523809375 0.9405133937500001 0.4672123015625 0.9437376000000001 0.46994047656250004 0.9467137906249998 0.47490079375 0.9645709328125001 0.47762896875000005 0.96903521875 0.48630952499999996 0.9918526796875 0.49445684375 1 0.85835296875 1 0.8764384921874999 0.947209821875 0.8821428578125001 0.9241443453125001 0.8836309531250001 0.9025669656249999 0.8831349203125001 0.85693204375 0.88660714375 0.8390749015625 0.887351190625 0.8187376000000001 0.896875 0.76159475 0.896875 0.7035590296875001 0.8960317468749999 0.6833209328125001 0.892559525 0.6545510921875 0.8771825406249999 0.5883308546875 0.868998015625 0.5707217265625 0.8598214296875 0.55633680625 0.8466765875 0.5436879968749999 0.8433304828124999 0.5390625 0.8236429093750001 0.5390625