8 0.3771784046875 0 0.38215515624999996 0.0077740796875 0.4010884859375 0.0010276140625 0.42670574375000003 0.0424740515625 0.49179566250000006 0.140025184375 0.5302297593749999 0.20172536562499999 0.5390625 0.197089934375 0.5390625 0.13742635625 0.5251751312499999 0.114134503125 0.46069338125000003 0 0.3771784046875 0
8 0 0.349614609375 0.0455139703125 0.34894208125000004 0.1029422734375 0.3465811296875 0.1232423515625 0.3154600265625 0.1358363453125 0.240802546875 0.1588582765625 0.21542996718750002 0.1609375 0.171584090625 0.1609375 0.152387696875 0.1421614046875 0.14803705625000002 0.1525141859375 0.09396011875 0.12848175781249999 0.06949143437500001 0.0254690625 0.09630673437500001 0 0.103264925 0 0.349614609375
8 0.21578541406250001 0.02300765625 0.199409840625 0.044892221875 0.1303228875 0.06839008125 0.1422652578125 0.08484973125 0.1602584828125 0.0780650046875 0.1713263890625 0.0907305671875 0.167308184375 0.15915968281249998 0.18414798125 0.164543140625 0.180228234375 0.22733851249999998 0.15453368437499998 0.2441456953125 0.15790710937500002 0.2578125 0.1586539046875 0.2578125 0.1628305125 0.25387960625 0.2027742859375 0.2291956984375 0.212137734375 0.177897375 0.22562736249999998 0.159653859375 0.2503325828125 0.14562529062500001 0.2546875 0.1011387953125 0.2546875 0.0987282 0.2343788984375 0.0895381296875 0.24260533125 0.0494690375 0.2364512625 0.024788325 0.21578541406250001 0.02300765625
9 0.37219601406249997 0.16965586875 0.361723609375 0.17674667500000002 0.35756937031249997 0.1991286140625 0.371457584375 0.2119089546875 0.36918354999999997 0.23436741562500002 0.348731028125 0.22038030000000003 0.357792209375 0.2940398375 0.36808410937499997 0.2972775640625 0.4192638609375 0.3 0.461168734375 0.3 0.5265625 0.29533183749999997 0.5265625 0.29438222812500003 0.45946145625 0.1826035875 0.4443869953125 0.183869346875 0.4379703734375 0.1742119546875 0.37219601406249997 0.16965586875
8 0 0 0 0.1060398421875 0.0583337234375 0.088210603125 0.1500651859375 0.0609361859375 0.187915434375 0.04838220625 0.20406127187499998 0.039643046875 0.20711131562500001 0.02661241875 0.20623684843749998 0.02281833125 0.20900792968749998 0.025749981249999998 0.202519115625 0 0 0
6 0 0.41875 0.41429815468750003 0.41875 0.40069778125 0.3972580765625 0.3755447453125 0.38307966250000003 0.3314255640625 0.37752563281249996 0.286825746875 0.345642534375 0.26162348281250003 0.33428099375000003 0.249172415625 0.3469290234375 0.259283809375 0.3604952828125 0.2553593046875 0.36973181875 0.23461140937499997 0.3726459375 0.2027135609375 0.3675892828125 0.1828237203125 0.37523644843750004 0.16662865468750002 0.38679248125 0.1431260890625 0.3858359921875 0.12092463906249999 0.3642606984375 0.078521565625 0.36817276250000003 0.060971398437500005 0.3496056375 0 0.3494080421875 0 0.41875
9 0.9790397984375 1 0.959878021875 0.9710371343750002 0.9270685890625 0.9421028765624999 0.885956515625 0.892455428125 0.86992671875 0.8822658125 0.8496780968750001 0.9102912140625001 0.75569445625 0.9482107109375001 0.7569129453125 0.962112628125 0.7455031265625001 0.9676265000000001 0.735405525 0.9881116703124999 0.7449048609375 1 0.9790397984375 1
9 0.5390625 1 0.5733411640625 1 0.7267310015625 0.885431334375 0.7390625 0.881608946875 0.7390625 0.8804384796875 0.6964830015625 0.8332951031250001 0.6616984390625 0.7910779109374999 0.560656871875 0.871827125 0.5390625 0.8871370390625 0.5390625 1
9 0.5390625 0.8786283874999998 0.5550004656249999 0.86705914375 0.6058727390625 0.8306947062500001 0.65625 0.7918577906250001 0.65625 0.79134239375 0.6081504296875 0.7333266890625 0.5923064046875 0.7203125 0.5919248046875 0.7203125 0.5390625 0.7573622796875 0.5390625 0.8786283874999998
9 0.5390625 0.5724819812499999 0.6248304390625 0.621875 0.6264448078125 0.621875 0.7046875 0.5518105625 0.7046875 0.5495730109375 0.66389688125 0.517269259375 0.6193362171875 0.486869815625 0.5390625 0.552539521875 0.5390625 0.5724819812499999
9 0.5390625 0.683242234375 0.6234375 0.6142173859375 0.6234375 0.613248571875 0.5707351625 0.5895233734375 0.5390625 0.573836784375 0.5390625 0.683242234375
9 1 0.7788214890624999 0.98395855625 0.7972473390625 0.9523537765625001 0.8221472875 0.9203125 0.8416807406250001 0.9203125 0.841730625 0.9305918734375 0.8514106609375001 0.9724074109374999 0.8659099250000001 0.984526765625 0.8808266390625 1 0.893536265625 1 0.7788214890624999
9 0.7434818046875 0.8619178218750001 0.7929469124999999 0.9174340140624999 0.8042965125 0.90814921875 0.7719559765625 0.862977590625 0.7389792390625 0.8259667984375 0.73042515 0.8363073249999999 0.7434818046875 0.8619178218750001
9 0.7391467875 0.812459071875 0.7251024453125 0.7909992390625 0.70302305 0.7703823765625 0.6808932671875001 0.7646099640624999 0.6612075125000001 0.7558831140625 0.6655261390625 0.7743162437500001 0.68194773125 0.7766404687499999 0.6909200859375 0.7864912828125 0.7157446078125 0.823008325 0.7325176875 0.8293427203124999 0.7391467875 0.812459071875
9 0.6598015593750001 0.7398424374999999 0.6387098515625 0.7150749109375 0.6098174171874999 0.693823803125 0.6208986984375 0.727735628125 0.6523019359375001 0.762213471875 0.6598015593750001 0.7398424374999999
9 0.8130849281250001 0.9004821374999998 0.8313143453125 0.9080127593749999 0.8289547031250001 0.8502526812500001 0.8121148453125 0.827737115625 0.8031588812500001 0.848911921875 0.8050334843750001 0.870299490625 0.8130849281250001 0.9004821374999998
9 0.8112443203125 0.8332245015625 0.7902029984375 0.7936125296875 0.750932259375 0.7464699328125001 0.7399505359375 0.7907905140625 0.7728768859375 0.8426457562500002 0.8040457968750001 0.8744501546875 0.8112443203125 0.8332245015625
9 0.658110896875 0.7359727640625 0.672272403125 0.7587693203125 0.7014495484375 0.7678494265625 0.7161804765625 0.7663039781250001 0.738377034375 0.7882575640624999 0.7486721734375 0.7669422609375001 0.74423638125 0.7471724078124999 0.7256554765625001 0.735631615625 0.6493060921875 0.7126142265625 0.658110896875 0.7359727640625
9 0.8450588 0.8026966703125 0.8299096078125 0.784050778125 0.8082988625 0.768780809375 0.7840261578125001 0.7848174484375 0.8058208421874999 0.8176053124999999 0.8223092109374999 0.836110709375 0.830411040625 0.8514489093750001 0.8416598687500001 0.8718530093750001 0.8601236140624999 0.882057078125 0.8877612546875 0.8427341671875 0.8450588 0.8026966703125
9 0.710455896875 0.731830171875 0.7349125421875 0.7333114265624999 0.7635706499999999 0.7518890890625001 0.7856500453124999 0.7725059515625 0.802825 0.7680060671875 0.779925465625 0.73803214375 0.7351304765625 0.704959253125 0.71346934375 0.70453373125 0.710455896875 0.731830171875
9 0.6532064546875 0.7108560171875 0.6831369625 0.7131120140625 0.7133017953125 0.71804145625 0.7170182203125 0.698765353125 0.656922878125 0.691579915625 0.6532064546875 0.7108560171875
9 0.7246350078125 0.6777310421875 0.70022875 0.661405340625 0.6384591359375 0.6813758453125001 0.6108051031249999 0.6896731390624999 0.6326501734375001 0.707616553125 0.66361875625 0.6908774390625 0.679688859375 0.6891914953125 0.7255219234375 0.703269275 0.7246350078125 0.6777310421875
9 0.8593878546875 0.8119855031250001 0.8633889921875 0.780538396875 0.802457121875 0.732970278125 0.7916933328125 0.7489386890625 0.813253690625 0.7790531062499999 0.8255405937500001 0.7804620953125 0.8593878546875 0.8119855031250001
9 0.91993545625 0.7934922140625 0.9216765046875001 0.782517440625 0.9019907515625001 0.7737905890625 0.8864396828124999 0.7659789765625 0.8631382750000001 0.7468393328125 0.8382129812500001 0.7400111875000001 0.8302447046874999 0.757035328125 0.8635061546875 0.7818751203125001 0.8691639562500001 0.8001677562499999 0.86171471875 0.8076943421875 0.90545524375 0.8287367265625001 0.91993545625 0.7934922140625
9 0.9264133984375 0.8211419109375001 0.95761630625 0.8070762421875 0.9683133171874999 0.7749266609375 0.948376846875 0.7325007453125 0.9278873421875 0.745442453125 0.9432872515625 0.7977874093749999 0.9264133984375 0.8211419109375001
9 0.8697849812499999 0.6530599984375 0.8380466468750001 0.64559760625 0.8417290749999999 0.6721915703125 0.8799957359375 0.6924592125 0.9144791984375 0.7158217859375 0.8697849812499999 0.6530599984375
9 0.8458473734374999 0.6420811890625 0.8075643218749999 0.590787928125 0.79057330625 0.61280570625 0.7989762375 0.6469985234375001 0.81546460625 0.6655039203124999 0.8419634 0.6748650171875 0.8458473734374999 0.6420811890625
9 0.7282682640625 0.61124815 0.7496950703125 0.609000225 0.774569978125 0.6306728203125 0.796348271875 0.632435065625 0.7999979203125 0.5969777921875 0.7924819046875 0.58832320625 0.6946049421875 0.5972426359374999 0.718324615625 0.6365736203125 0.7282682640625 0.61124815
9 0.9272171484375 0.799473353125 0.922179153125 0.7419942640625 0.9003340828124999 0.7240508484375 0.89236580625 0.7410749921875001 0.9050709749999999 0.7626753203125001 0.895060546875 0.7718196203125001 0.9272171484375 0.799473353125
9 0.81849444375 0.6692330984374999 0.805403790625 0.6894926671875 0.8409921031250001 0.7100413 0.8539819828125002 0.7194706265624999 0.8633562093750001 0.718487159375 0.8558565859374999 0.7408581953125 0.88818073125 0.7550042015624999 0.8975385703125 0.722995115625 0.8883822765625 0.6956264109375001 0.81849444375 0.6692330984374999
9 0.7563229546875 0.700037884375 0.7860859140625001 0.7158016046875 0.7957612453125 0.7336727546875 0.8050183078125001 0.7313525656250001 0.8343793937499999 0.757950565625 0.8436868437499999 0.7407859296874999 0.8336096421875 0.73374905625 0.80314370625 0.709964996875 0.7618975906250001 0.6711237296875 0.7563229546875 0.700037884375
9 0.736855134375 0.662958859375 0.7564237281249999 0.6703489890625 0.7632871546875 0.6561387859375 0.750699146875 0.6358751796875 0.7320514640625 0.60815321875 0.7187264890625 0.6257393421874999 0.736855134375 0.662958859375
9 0.74351823125 0.600205146875 0.730712290625 0.6082937140625 0.760608803125 0.6564197765625 0.77423488125 0.6576882703125 0.7901878234374999 0.6546656046875 0.74351823125 0.600205146875