2 0 0.2791478640625 0.011644346875 0.286284721875 0.0302455359375 0.3011656734375 0.0538070453125 0.311086309375 0.072408234375 0.327207340625 0.15673363125 0.38797122968750003 0.15784660156250002 0.396875 0.1583588859375 0.396875 0.1889756953125 0.31604662656250004 0.2038566484375 0.2726438484375 0.22245783593750001 0.22552083281250002 0.2422991078125 0.17219742031250002 0.2658606140625 0.18955853125 0.2869419640625 0.2069196421875 0.3105034734375 0.2069196421875 0.3328249015625 0.224280753125 0.3453125 0.1993055546875 0.3453125 0.1959187265625 0.150533234375 0.0134672609375 0.11333085312499999 0.0692708328125 0.08108879062499999 0.1039930546875 0.0538070453125 0.1449156734375 0.022805059375 0.1945188484375 0 0.22154706875 0 0.2791478640625
2 0.1951016859375 0.3016369046875 0.1789806546875 0.35124007968750004 0.16161954375 0.40084325468750004 0.1789806546875 0.3983630953125 0.19014136875 0.4082837296875 0.20750247968750002 0.4107638890625 0.2360243046875 0.41944444531249997 0.27198660625 0.428125 0.27302827343749997 0.43125 0.2733428296875 0.43125 0.2831473203125 0.381001984375 0.2955481140625 0.331398809375 0.3079489078125 0.27311507968750004 0.33125 0.22651289531250002 0.33125 0.222643196875 0.3091889875 0.20987103125 0.2831473203125 0.20739087343749998 0.24594494218750002 0.1701884921875 0.2310639875 0.1987103171875 0.2112227171875 0.2507936515625 0.1951016859375 0.3016369046875
2 0.459375 0.1353768171875 0.43235367187499996 0.10134995937499999 0.385230653125 0.08646900625000001 0.382750496875 0.11499083125000001 0.366629465625 0.1596336890625 0.3529885921875 0.179474959375 0.33314732187499996 0.22411781562500002 0.31206597343750003 0.26380035625 0.307105653125 0.29232218125 0.28974454375 0.3568063078125 0.279823909375 0.40640948281249994 0.2625 0.462093478125 0.2625 0.46220667656250003 0.3058655765625 0.45477257812499994 0.326946925 0.4498122609375 0.3381076390625 0.46717337187499997 0.3395090859375 0.46875 0.42638145625 0.46875 0.44847470312500004 0.421290434375 0.459375 0.398738096875 0.459375 0.1353768171875
2 0.2249090640625 0.46875 0.22802579375 0.468105159375 0.2421875 0.44450231406249996 0.2421875 0.44258432656249996 0.22306547499999999 0.4234623015625 0.1933035703125 0.409821428125 0.1796626984375 0.40114087343750005 0.1397321375 0.4 0.1359623015625 0.4 0.10649801562500001 0.409821428125 0.0916170625 0.4073412703125 0.077976190625 0.42594246093750004 0.06185515781249999 0.4271825390625 0.055654760937500006 0.4619047625 0.05435090625 0.46875 0.2249090640625 0.46875
5 0.0788442453125 0.428125 0.0909970234375 0.407465278125 0.1058779765625 0.411185515625 0.126959325 0.40126488125000004 0.15176091249999998 0.40250496093750004 0.1567212296875 0.40250496093750004 0.1609375 0.388802084375 0.1609375 0.38587017968750004 0.1095982140625 0.35042162656250003 0.0562748015625 0.31197916718749996 0.0438740078125 0.3032986109375 0.057514881250000004 0.3839037703125 0.066113453125 0.428125 0.0788442453125 0.428125
5 0.051748512499999996 0.46875 0.0553447421875 0.45724206250000005 0.0590649796875 0.4324404765625 0.052864584375 0.3679563484375 0.030543153125 0.375396825 0.0317832328125 0.3927579359375 0.039223709375 0.44112103124999996 0.044340184375 0.46875 0.051748512499999996 0.46875
5 0 0.41730338125 0.033916171875 0.4348462296875 0.0360987109375 0.4359375 0.036321925 0.4359375 0.03515625 0.43360614999999997 0.03515625 0.43236607187500004 0.026475695312500002 0.3802827375 0.05 0.3673443703125 0.05 0.36095215 0.0376364078125 0.30587797656250004 0 0.2795324890625 0 0.41730338125
5 0.459375 0.054070079687499994 0.3359126984375 0.06015625 0.2305059515625 0.06263640781249999 0.2305059515625 0.0849578359375 0.23794642812500003 0.086197915625 0.234226190625 0.08743799687500001 0.2329861109375 0.08743799687500001 0.23174603125 0.08743799687500001 0.3470601578125 0.1953125 0.3470804984375 0.1953125 0.3619543640625 0.16928323437499998 0.3830357140625 0.119680059375 0.38799603125000004 0.0899181546875 0.44007936406250003 0.1023189484375 0.459375 0.12687703125 0.459375 0.054070079687499994
5 0.459375 0 0.046037198437499996 0 0.0504588296875 0.0389103484375 0.055419146875000005 0.06371193593749999 0.0637689890625 0.128125 0.06518105156250001 0.128125 0.12114335312499999 0.05503137968750001 0.1533854171875 0.00914844375 0.232750496875 0.08727344375 0.2302703375 0.059991696875 0.459375 0.0503654515625 0.459375 0
1 0.459375 0 0.459375 0.1568444296875 0.4611328125 0.1572265625 0.46943359375 0.162109375 0.48408203125 0.1669921875 0.52265625 0.17333984375 0.5529296875 0.1748046875 0.5620703125000001 0.1765625 0.5673719625 0.1765625 0.57685546875 0.1728515625 0.5958984375 0.15380859375 0.61298828125 0.1279296875 0.62373046875 0.10302734375 0.63447265625 0.06884765625 0.6369140625 0.04931640625 0.6375 0.03251953125 0.6375 0 0.459375 0
7 0.0551974828125 0.46875 0.036474609375 0.486181640625 0.016455078125 0.508154296875 0 0.5282448000000001 0 0.763995875 0.037939453125 0.752294921875 0.127294921875 0.716162109375 0.168310546875 0.695654296875 0.193701171875 0.679541015625 0.422152040625 0.46875 0.0551974828125 0.46875
0 0.459375 0.613811815625 0.36591796875 0.5666015625 0.3400390625 0.555859375 0.3341796875 0.55537109375 0.3146484375 0.5646484375 0.28388671875 0.59296875 0.274609375 0.60712890625 0.26923828125 0.60712890625 0.26337890625 0.614453125 0.258984375 0.61689453125 0.26337890625 0.62861328125 0.2853515625 0.64326171875 0.34296875 0.673046875 0.35126953125 0.68037109375 0.36005859375 0.684765625 0.3972795765625 0.69375 0.41748046875 0.69375 0.4201171875 0.68671875 0.44404296875 0.6505859375 0.45869140625 0.63837890625 0.459375 0.6357421875 0.459375 0.613811815625
7 0.459375 0.72964035625 0.43642578125 0.714208984375 0.41640625 0.705419921875 0.39736328125 0.694189453125 0.36025390625 0.681494140625 0.3109375 0.657080078125 0.29921875 0.653173828125 0.24697265625 0.649267578125 0.226953125 0.650732421875 0.21865234375 0.654638671875 0.195703125 0.675146484375 0.17568359375 0.688818359375 0.12197265625 0.716650390625 0.04384765625 0.747900390625 0.00625 0.760595703125 0 0.7618741124999999 0 0.8525733875 0.012109375 0.855810546875 0.0833984375 0.886572265625 0.1299159453125 0.9 0.459375 0.9 0.459375 0.72964035625
0 0.5811755953125 0.628869046875 0.5692708328125 0.6410218249999999 0.566542659375 0.6457341265625 0.5561259921875 0.6571428578124999 0.5521577375 0.669295634375 0.5524057546875 0.6918650796875 0.5548859125 0.70674603125 0.5591021828125 0.7164186499999999 0.569766865625 0.727579365625 0.57919146875 0.7337797625 0.5876240078125 0.7372519843750001 0.6595486109375 0.7526289687500001 0.7089037703125 0.76552579375 0.709895834375 0.765625 0.7251984125 0.765625 0.7374255953125 0.7613095234375 0.7456101187499999 0.7541170640624999 0.7493303578124999 0.7481646828125 0.7580109125 0.7216269843750001 0.7627232140625 0.7109623015625 0.7714037703125 0.6814484125 0.776116071875 0.6769841265625001 0.7808283734374999 0.6668154765625001 0.7850446421875 0.649454365625 0.7875 0.6345333515625 0.7875 0.617260446875 0.7838045640625 0.6070436499999999 0.7788442453125001 0.600347221875 0.7746279765625 0.596875 0.7664434531250001 0.5921626984375 0.7599950390625001 0.58993055625 0.676413690625 0.5787698406249999 0.65458829375 0.57430555625 0.63656166875 0.571875 0.6293092781249999 0.571875 0.6208581343749999 0.5733134921875 0.61044146875 0.5797619046875 0.604241071875 0.58993055625 0.6030009921875 0.599851190625 0.60076885 0.6043154765625001 0.5811755953125 0.628869046875
3 0.6831293734375 0.46875 0.6599330343750001 0.515376984375 0.64455605 0.5637400796875001 0.6440600187500001 0.5699404765625 0.647036209375 0.5736607140625 0.6765500984375 0.5793650796875001 0.7182167640625 0.584325396875 0.7353107828125001 0.5875 0.7356832828125001 0.5875 0.7397941453125 0.5855654765625 0.7427703359375 0.5801091265625 0.7427703359375 0.5694444437499999 0.7450024796875001 0.5667162703125 0.7529389875 0.56299603125 0.76360366875 0.5607638890625 0.7668278765625001 0.5572916671875 0.781212796875 0.5071924609375 0.7893973203125 0.48387896875 0.7938133437499999 0.46875 0.6831293734375 0.46875
2 0.60537806875 0.46875 0.60009920625 0.47392113125 0.5852182546875 0.48681795625 0.5795138890625 0.49872271875 0.57430555625 0.5039310515625 0.5564484125 0.5078993046875 0.5323908734375 0.5212921625 0.524454365625 0.5230282749999999 0.5170138890625 0.526004465625 0.50634920625 0.5279885921874999 0.5018849203125 0.5299727187500001 0.49072420625 0.531956846875 0.48179563437499995 0.53642113125 0.48154761874999996 0.5379092265625001 0.48700396875 0.5463417671874999 0.4922123015625 0.550062003125 0.5048611109375 0.5527901796875 0.5135416671875 0.55204613125 0.5229662703125 0.5557663703125 0.5251984125 0.5557663703125 0.5321428578125 0.551302084375 0.537847221875 0.5503100203125 0.5408234125 0.5515501 0.55 0.5607266875 0.5517361109375 0.5649429578125 0.5519841265625 0.5711433546875 0.550744046875 0.5996651796875 0.5475198406249999 0.6232266859375 0.5487599203125 0.6281870046875 0.5606646828125 0.6356274796875 0.5651299234375 0.6375 0.5731708140625 0.6375 0.593898809375 0.6155381953125 0.6018353171874999 0.6043774796875 0.6043154765625001 0.5996651796875 0.605803571875 0.5912326390625 0.6117559531250001 0.5810639890625 0.6216765875 0.5736235109375001 0.62862103125 0.5716393859375 0.637053571875 0.5708953359375 0.6410218249999999 0.5689112109375 0.6479662703125 0.547581846875 0.64970238125 0.5451016875 0.65069444375 0.5384052578125 0.6556547625 0.5252604171875 0.6670634921875 0.5016989078125 0.669295634375 0.49376239999999993 0.6742559531250001 0.48532986093749997 0.6769841265625001 0.4776413703125 0.68287165625 0.46875 0.60537806875 0.46875
0 0.459375 0.6992910234374999 0.45987103124999995 0.6993179578125 0.487896825 0.6993179578125 0.5181547609375 0.7015501000000001 0.5246031734375001 0.7027901796875 0.5300595234375 0.7013020843750001 0.53526785625 0.692125496875 0.5387400796875 0.67724454375 0.54072420625 0.658147321875 0.55 0.6024925578125 0.55 0.5658358156250001 0.5479166656250001 0.561669146875 0.5451884921875 0.5601810515625 0.534523809375 0.5589409734374999 0.5226190468749999 0.5559647828125 0.5149305546875 0.5527405765625 0.5047619046875 0.5527405765625 0.4764880953125 0.5470362109375 0.459375 0.544374175 0.459375 0.6992910234374999
3 0.9219965625000001 1 0.929241071875 0.9917038687499999 0.9369295640625002 0.9783110125000001 0.940625 0.9688671171875001 0.940625 0.9591358421875 0.9379216265625001 0.9545014875 0.9237847218749999 0.9411086296875 0.9061755953125001 0.92721974375 0.9024553578125001 0.9232514875 0.8969990078125001 0.920275296875 0.889310515625 0.9177951406249999 0.8776537703125001 0.9066344234375 0.8724454359374999 0.9001860109375001 0.85830853125 0.8867931546874999 0.8245783734375 0.84463045625 0.8109375 0.8317336296875 0.77373511875 0.7890748999999999 0.758358134375 0.7749379953125001 0.74794146875 0.7627852171875 0.7442212296875 0.760305059375 0.741741071875 0.7600570453125 0.7263640875 0.764769346875 0.7181795640624999 0.7657614078125 0.710491071875 0.7650173609375 0.6750248015625 0.75534474375 0.6187251984375 0.74269593125 0.598387896875 0.7394717249999999 0.5837549609374999 0.7345114078125 0.5693700390625 0.72707093125 0.5599454359375 0.71640625 0.555233134375 0.70127728125 0.554241071875 0.6767237093749999 0.55548115 0.667547121875 0.558209325 0.6576264875 0.557961309375 0.655394346875 0.5557291671875 0.654154265625 0.548040675 0.6583705375 0.5401041671875 0.6687872015625 0.5406001984375 0.6759796625 0.539608134375 0.682180059375 0.53125 0.7042362499999999 0.53125 0.708365575 0.5319196421875 0.71144593125 0.535887896875 0.7156622015625 0.548288690625 0.7201264875 0.55498511875 0.729055059375 0.56416170625 0.7357514875 0.5723462296874999 0.7439360109375001 0.57606646875 0.7488963281250001 0.579538690625 0.7560887890625001 0.5847470234375 0.761545140625 0.5874751984375 0.772705853125 0.5909474203125 0.7816344234375 0.5939236109375 0.7863467249999999 0.604340278125 0.7989955375 0.6219494046875 0.8175967249999999 0.6343501984375 0.8364459312499999 0.6427827374999999 0.8466145828125 0.6504712296874999 0.8523189484374999 0.670064484375 0.8642237093749999 0.682961309375 0.8743923609375 0.7248759921875 0.9021701406249999 0.770758928125 0.9299479156250001 0.7972966265625001 0.9473090265625 0.8025049609374999 0.9517733125 0.8154017859374999 0.95846974375 0.844667659375 0.9783110125000001 0.85186011875 0.9850074421875 0.855084325 0.9921998999999999 0.860540675 0.9986483125 0.8622497046875001 1 0.9219965625000001 1
7 0.459375 1 0.781324209375 1 0.761334325 0.9740947421874999 0.748685515625 0.9604538703125 0.7385168640625001 0.9512772828125 0.726612103125 0.9359002984375 0.70478670625 0.9118427593749999 0.692633928125 0.8996899812500001 0.6710565468749999 0.88133680625 0.6589037703125 0.8684399812500001 0.6378224203125 0.8404141875000001 0.632862103125 0.8312376 0.6226934515625 0.8171006953125 0.598883928125 0.7903149812500001 0.5946676578125001 0.784114584375 0.58896329375 0.7727058546875 0.5815228171875 0.76278521875 0.5758184515625 0.74988839375 0.57061011875 0.743191965625 0.5621775796875 0.735007440625 0.5378720234375 0.7171502984375 0.526959325 0.705493553125 0.523983134375 0.703757440625 0.5006696421875 0.70028521875 0.47437995937500005 0.7000372031250001 0.464459325 0.7010292671875 0.459375 0.7025936749999999 0.459375 1