8 0.052049492187500004 0 0.020674648437500002 0.017555340625 0.01212935 0.02356678125 0.0088884546875 0.0281334234375 0.0029512609374999998 0.0405123828125 0 0.049082512499999995 0 0.13127349375 0.0028490484375 0.1404885078125 0.0085833453125 0.15419364375 0.0163428546875 0.1677336609375 0.0289358109375 0.182904275 0.0476368125 0.200360815625 0.070108578125 0.215232178125 0.086931471875 0.22373085 0.1029654546875 0.2297630109375 0.12100992031249999 0.23436584531250002 0.1326814125 0.23569201718750002 0.14966025 0.235826234375 0.17167855625 0.23352492656249998 0.19847139687499998 0.22779734999999998 0.20882410624999997 0.22467554843749998 0.224457653125 0.218086209375 0.2365411828125 0.21128013281250002 0.25613973125 0.19702811874999998 0.267163525 0.1862591109375 0.2846190328125 0.1620585 0.29129506250000003 0.147847721875 0.2849719828125 0.1271042640625 0.2845774375 0.11498844687500001 0.288642415625 0.09415730624999999 0.30770208125 0.055400174999999996 0.312870984375 0.042324603125 0.3140625 0.0346813703125 0.3140625 0.007113085937499999 0.3134299546875 0.003304246875 0.3125317296875 0 0.052049492187500004 0
8 0.3099597890625 0.359375 0.3187891546875 0.34730705624999997 0.3234375 0.3222573140625 0.3234375 0.32096729375 0.3168017046875 0.285463753125 0.32126087187499996 0.2332181796875 0.304216875 0.1839911671875 0.283787996875 0.170471746875 0.2538074609375 0.2070822578125 0.205914834375 0.2287027390625 0.15662389375000002 0.23904849062500003 0.10965827343750001 0.2314888484375 0.0880520078125 0.22565790937500002 0.0855941328125 0.2321853765625 0.08298897499999999 0.2260706984375 0.059558154687499996 0.2811284390625 0.0705384734375 0.35362729375 0.07497461093749999 0.359375 0.3099597890625 0.359375
8 0.38526144375000004 0 0.3559348046875 0.03445815625 0.329412790625 0.0416821484375 0.3068795203125 0.0650313328125 0.2882318953125 0.095656215625 0.283566528125 0.1302027921875 0.3080872515625 0.16869690937499998 0.370713284375 0.21547304375 0.4547246546875 0.24911690625 0.510264028125 0.2609375 0.5106123890625 0.2609375 0.5154949078125 0.1366020421875 0.5234375 0.0045686015625 0.5234375 0 0.38526144375000004 0
8 0.5101236765625 0.359375 0.5109375 0.358544909375 0.5109375 0.33512132499999997 0.509505078125 0.3154154125 0.5088864828124999 0.26231841093749997 0.48117235 0.27596667343750003 0.4268036484375 0.28546099687500004 0.36835783125 0.271244840625 0.327352790625 0.2315638546875 0.316579559375 0.285589628125 0.32084814375000004 0.32573489375000003 0.327412590625 0.3454463390625 0.32845176875000004 0.359375 0.5101236765625 0.359375
8 0.2888008375 0.45246500312500004 0.274416278125 0.45279774687499996 0.23741691562499997 0.4673189421875 0.19076331875000002 0.4974807421875 0.17509938593750002 0.5171146890625 0.1777660328125 0.54385805625 0.2550565890625 0.7566857859375 0.2793846265625 0.7757450265625 0.323479478125 0.784185628125 0.33959259375 0.7921875 0.35894893906249997 0.7921875 0.36899832187500003 0.7908413249999999 0.3772285625 0.776985621875 0.4048874140625 0.7812513140624999 0.44253870156249997 0.7411363625 0.4484375 0.707440984375 0.4484375 0.6947003875 0.4438547953125 0.6740056875 0.44655816093749995 0.6529195828125001 0.41733069531250006 0.632922496875 0.3972746390625 0.6085085421875001 0.29764628437499996 0.4608450140625 0.2888008375 0.45246500312500004
8 0.347139603125 0.359375 0.371291196875 0.3937466796875 0.41300864375 0.410476509375 0.4642479453125 0.378106271875 0.4921875 0.3728729484375 0.4921875 0.36912117968749997 0.491215684375 0.359375 0.347139603125 0.359375
10 0.0578556546875 1 0.07401475468749999 0.9781873609375001 0.0875 0.9462135796875 0.0875 0.936703703125 0.084972840625 0.9113592359375 0.072808821875 0.9018296156249999 0.03488053125 0.8909688171875001 0.0182754296875 0.9011639265625 0 0.9220269109375 0 1 0.031217109375000003 1 0.0313194171875 0.999848171875 0.0325053734375 1 0.0578556546875 1
6 0 0.92339818125 0.052079339062499994 0.8571219109375001 0.092458475 0.7640345374999999 0.0932795015625 0.7240707640625 0.1174873984375 0.6937273921875 0.13316357031249998 0.6581502875 0.1421875 0.59141356875 0.1421875 0.589325084375 0.1352884515625 0.5669989937500001 0.0821423328125 0.6123778734374999 0.02062135 0.6540961609375 0.0273296765625 0.7695706203125 0.0216337 0.776710240625 0.00820255 0.7705386625 0 0.708482296875 0 0.92339818125
0 0.4190404140625 0.3952340109375 0.4003593921875 0.432807784375 0.3936243265625 0.5580538265625 0.40669279375 0.6248517578125 0.4243836890625 0.64161178125 0.49347074218750003 0.6275747046875 0.4905026140625 0.581741903125 0.509375 0.553289678125 0.509375 0.5460872890624999 0.506569278125 0.5179491390625 0.5031984171875 0.5162751515624999 0.505314384375 0.505364025 0.4922379765625 0.374222815625 0.43991749843749994 0.3796841875 0.4190404140625 0.3952340109375
8 0.209558615625 0.8186313953125002 0.2267911625 0.8147288421875001 0.2381831140625 0.8004496078125001 0.2524108140625 0.7985437234375 0.27480459062499996 0.8203125 0.299531171875 0.8203125 0.3140625 0.81283791875 0.3140625 0.8100335796875001 0.3093216109375 0.7909201859375 0.2755084375 0.773131534375 0.2543421125 0.7536487640624999 0.24094768125 0.6996477125 0.2180681171875 0.6469172515625 0.20374564999999997 0.6453125 0.1969048484375 0.6453125 0.1505619171875 0.6607425593749999 0.1334984703125 0.6502750953125 0.1100626390625 0.7044273203125 0.11523907343749999 0.75634091875 0.14653021718749998 0.7649024984375 0.209558615625 0.8186313953125002
10 0.554835946875 1 0.524675515625 0.6975258640625001 0.515725496875 0.688097090625 0.5105001062500001 0.6999561265625001 0.5013286953125 0.7043729937500001 0.47983640625 0.6976871015625 0.44631247500000004 0.7149310453125001 0.40642840781249995 0.7808515203125 0.4034113171875 0.7987913484375 0.475863646875 0.9309654421874999 0.483272859375 0.9570735156249999 0.47647885156249997 0.9532011578125001 0.47726315937499997 0.9610668515625 0.494633021875 1 0.554835946875 1
6 0.3328999515625 1 0.34376898125 0.9871657046875001 0.3535923171875 0.9571550796875 0.3768590453125 0.9173728718749998 0.3903269171875 0.875714975 0.3873587875 0.8298821703125 0.368413003125 0.800537034375 0.337423340625 0.8110648906249999 0.2850982484375 0.8164799921875 0.25871876875 0.792913096875 0.2492336375 0.7941836875 0.17016638281250002 0.8366582484375 0.158617571875 0.8493643421874999 0.1428801984375 0.9646572359375 0.14523312187499998 0.9882543250000001 0.15451263906249998 1 0.3328999515625 1
6 0.50167874375 1 0.49188657031250005 0.9784835453125 0.47767111093750003 0.96444626875 0.4440515234375 0.9004012843750001 0.393839071875 0.8306082499999998 0.3754350515625 0.9191577750000001 0.3490066125 0.9593635124999998 0.343141534375 0.980873146875 0.32397125781249997 1 0.50167874375 1
10 0 0.359375 0 0.4251975703125 0.00402421875 0.4396520421875 0.06299869531249999 0.42059299843750003 0.08718211249999999 0.42213594375 0.08764045625 0.4427985203125 0.0748245109375 0.4588626578125 0 0.5070382140625 0 0.5545456484375 0.012879645312499998 0.6409230859375 0.015558531249999999 0.651723296875 0.0252005265625 0.6520258453125 0.0704301296875 0.6236489484375 0.13338734375 0.5642026015624999 0.1640877640625 0.5186421515624999 0.19623665625 0.43941048125000004 0.2046604796875 0.3792984421875 0.20267386406250001 0.359375 0 0.359375
1 0.9378283921874999 0.4197075 0.9181768218749999 0.4263660171875 0.9141939328124999 0.430983384375 0.90136168125 0.436408084375 0.8618996296875 0.467144896875 0.848363459375 0.4800574734375 0.8348540249999999 0.4884911734375 0.8190026781249999 0.4935240109375 0.8149158390625001 0.4971499203125 0.799091228125 0.4977038796875 0.7805608796875 0.49138687187499996 0.7760329890625 0.4860723359375 0.7719728859374999 0.4852193671875 0.7325538500000001 0.5731728171875 0.72664336875 0.5878086437500001 0.7279442640625 0.5907483984375 0.7791885953125 0.610846684375 0.8058391593750001 0.6188696328125 0.8216102968750001 0.627273428125 0.8895895656249999 0.650766278125 0.9151471359375 0.6578323890625001 0.9640510546875 0.6650763296875001 0.9703809359375001 0.6671875 0.9749534953125 0.6671875 0.9756343890625001 0.6572076046875 0.982455196875 0.6465203031250001 0.9859375 0.6146281078125 0.9859375 0.613582975 0.98121673125 0.5779018875 0.9809345953124999 0.5515416625 0.9673703437500001 0.412702759375 0.9638834671875 0.40784933125 0.958834325 0.40703098281249994 0.9378283921874999 0.4197075
2 1 0.7237983124999999 0.9575444015624999 0.7236939234374999 0.8709500984374999 0.7356811484375 0.8447405874999999 0.7365986453125 0.8465360015625001 0.7395210890625 0.8811745906249999 0.7621908765625001 0.9161547562500001 0.7644491953125 0.9223221328125 0.7711989859374999 0.9264861890624999 0.7730434140625 0.9530847734375 0.7805706328124999 1 0.7975738875 1 0.7237983124999999