2 0.0889949703125 0 0.059076004687499996 0.0166781 0.015745340625 0.029456382812499998 0 0.0376829421875 0 0.3511867234375 0.001443065625 0.3515625 0.0076402187499999994 0.3515625 0.015270200000000001 0.3478468 0.0235861859375 0.34633457968750003 0.05052506875 0.34920230625 0.0716005953125 0.34698285625 0.1057665984375 0.3345568015625 0.20666064999999997 0.305038021875 0.2576667921875 0.2881158734375 0.2765625 0.2738165203125 0.2765625 0.26940951874999997 0.272606753125 0.2540944421875 0.2497137890625 0.20114430468750003 0.22925744531249997 0.1345481546875 0.20754409062499998 0.0732586328125 0.18024494062500002 0.004919723437500001 0.17789470000000002 0 0.0889949703125 0
7 0.3796875 0.273634134375 0.330757725 0.20823959687500002 0.32312762500000003 0.20132298906249999 0.3176966125 0.2003391140625 0.3093806265625 0.2018513328125 0.2950625078125 0.199257478125 0.2806136140625 0.20116803593750002 0.279425996875 0.2059841140625 0.2871334921875 0.21593347343749997 0.2885612984375 0.22373897031249998 0.27519326875 0.235907784375 0.26871341718749997 0.23875888125000003 0.26738702187499996 0.2445560609375 0.2771628359375 0.264942565625 0.2803734 0.28162410625 0.260448121875 0.293611259375 0.23867070156249998 0.2972129234375 0.21781935156249999 0.30500733125 0.213738753125 0.30879619687500004 0.2129754734375 0.31419226875 0.21539874218750002 0.32569995937499996 0.2355054828125 0.3625485515625 0.24684788124999998 0.38975945 0.2754173921875 0.4276380265625 0.3134291234375 0.463202165625 0.3384331203125 0.48332865625 0.3587613796875 0.49355189375 0.3778086140625 0.4985118359375 0.3795913703125 0.5073878781250001 0.3796875 0.50747735 0.3796875 0.273634134375
4 0.1753800359375 0 0.2158997453125 0.10016504531249999 0.2454380171875 0.1920532203125 0.24876334218750001 0.197183734375 0.264849796875 0.2015625 0.2674929390625 0.2015625 0.3108103109375 0.19886476718749999 0.3215709203125 0.187229840625 0.34354049999999997 0.17510990625 0.35789598749999996 0.16311998125 0.3609375 0.15948568125 0.3609375 0.15432461875 0.3605487796875 0.15152561874999998 0.3492303953125 0.1348846453125 0.338960853125 0.114408696875 0.32234223125 0.092279434375 0.3022434953125 0.058954146875 0.2772768671875 0.024243875 0.2594706296875 0.0069306906249999994 0.25042505937500004 0 0.1753800359375 0
2 0 0.385582534375 0.0107965640625 0.3923825078125 0.0355603734375 0.3998874265625 0.079144578125 0.3745770109375 0.0796875 0.37389829375 0.0796875 0.36761179374999997 0.078063715625 0.36431875625 0.0623017796875 0.3468727921875 0.052296440624999996 0.3495883359375 0.0391739453125 0.3457017140625 0.0193634296875 0.34613784375 0.0140792046875 0.34769616875 0.010353554687499999 0.3525555828125 0.0031638015625 0.353265584375 0 0.3496898578125 0 0.385582534375
7 0.61274566875 0.609375 0.6267733140624999 0.594109621875 0.6267733140624999 0.590389384375 0.652814978125 0.5978298609375 0.662735615625 0.5854290671875 0.687537203125 0.5581473203125 0.7185391843750001 0.52218501875 0.75078125 0.48002232031250003 0.771875 0.45658481875 0.771875 0.4466269890625 0.7706225203124999 0.43785962187500005 0.7334201390625 0.40189732031250003 0.7061383937500001 0.39569692343749996 0.6800967265625 0.425458828125 0.6304935515625 0.4825024796875 0.5932911703125 0.5296254953124999 0.5920510906249999 0.5593874 0.5759300578125 0.577988590625 0.5560887890625 0.602790178125 0.5584405109375 0.609375 0.61274566875 0.609375
1 1 0.609375 1 0.22390542343750003 0.994494046875 0.2236607140625 0.9510912703125001 0.22614087343749997 0.8977678578125001 0.2360615078125 0.86552579375 0.2583829359375 0.838244046875 0.30674603125 0.7861607140625 0.27078372968750003 0.78740079375 0.27698412656250004 0.7861607140625 0.403472221875 0.7936675875 0.609375 1 0.609375
5 0.7021701390625 0 0.6783482140625 0.023821925 0.6597470234375 0.057304067187499995 0.660987103125 0.1155877984375 0.65 0.1448867390625 0.65 0.145870534375 0.6510664687500001 0.149069940625 0.7205109125 0.1726314484375 0.7192708328125 0.18627232031250002 0.7403521828125 0.18999255937499998 0.76143353125 0.2110739078125 0.7775545640624999 0.2445560515625 0.8023561499999999 0.2817584328125 0.8343273796874999 0.3125 0.8347595999999999 0.3125 0.88916170625 0.2247147828125 0.923883928125 0.18999255937499998 0.9338045640625001 0.1676711296875 0.91396329375 0.080865575 0.9206097796874999 0 0.7021701390625 0
1 0.3796875 0.42491031562500003 0.41677827343749996 0.42689732031250005 0.4812624 0.425657240625 0.5441902484375 0.428125 0.5446676484374999 0.428125 0.59286954375 0.4244171625 0.6461929546875 0.4144965265625 0.6809151796874999 0.41201636875 0.70625 0.34807610625 0.70625 0.342600859375 0.6957961296875 0.28800843125000003 0.6858754953125 0.23220486093749998 0.6722346234375 0.166480653125 0.58046875 0.146639384375 0.4899429546875 0.125558034375 0.4291790671875 0.11315724062500002 0.3796875 0.100521096875 0.3796875 0.42491031562500003
2 0.6882039828125001 0 0.6595982140625 0.008854167187500001 0.617435515625 0.0311755953125 0.5690724203124999 0.051016865625 0.5455109125 0.0683779765625 0.52938988125 0.070858134375 0.5120287703125 0.0844990078125 0.4847470234375 0.089459325 0.45250496093750003 0.0968998015625 0.416542659375 0.110540675 0.420262896875 0.1130208328125 0.48102678593750003 0.12294146875 0.52938988125 0.1341021828125 0.5752728171875 0.14278273749999998 0.629836309375 0.153943453125 0.6533978171875 0.1527033734375 0.645957340625 0.1440228171875 0.6571180562500001 0.12294146875 0.6558779765625 0.0993799609375 0.6571180562500001 0.059697420312500006 0.6757192453125 0.026215278125 0.7038763953125 0 0.6882039828125001 0
1 1 0 0.9228963734375 0 0.9187748015625001 0.011334325000000001 0.9150545640625001 0.0534970234375 0.913814484375 0.0944196421875 0.9410962296874998 0.0857390875 0.9832589281249999 0.07581845312499999 1 0.071735265625 1 0
2 0.45111890624999995 0 0.4599454359375 0.038616071875000005 0.445064484375 0.029935515625 0.4401041671875 0.05225694374999999 0.42894345312500004 0.0621775796875 0.4314236109375 0.0857390875 0.43390377031250005 0.0993799609375 0.4314236109375 0.1031001984375 0.4673859125 0.095659721875 0.4934275796875 0.089459325 0.5194692453125 0.0844990078125 0.5281498015625 0.07333829375 0.551711309375 0.0683779765625 0.560391865625 0.05225694374999999 0.6025545640625 0.0361359125 0.6347966265625 0.0212549609375 0.6843998015625 0.0001736109375 0.68487723125 0 0.45111890624999995 0
7 1 0.1055416046875 0.991939484375 0.108060515625 0.9820188484374999 0.10062003906250001 0.951016865625 0.0844990078125 0.6882788265625 0.201682640625 0.6906001984375 0.24694940468749998 0.7005208328125001 0.3275545640625 0.7216021828125 0.32011408750000003 0.7488839281249999 0.3064732140625 0.7848462296875 0.29407242031249997 0.78856646875 0.2680307546875 0.8084077375 0.28539186562499996 0.835689484375 0.30771329375 0.8580109125 0.2680307546875 0.8877728171874999 0.23578869062500002 0.954737103125 0.22586805625 0.970858134375 0.20850694375 0.9906994046875 0.1998263890625 1 0.1865398234375 1 0.1055416046875
5 0.3796875 0.609375 0.224826915625 0.609375 0.2244059359375 0.611562490625 0.2220226046875 0.6337305484375 0.22957541718750002 0.6727548484375 0.2404105515625 0.7028766625 0.25228000625 0.7211014437500001 0.2583946375 0.7268330703125 0.29355402812500003 0.744705240625 0.2990392609375 0.747184840625 0.3267801125 0.76120886875 0.3296124171875 0.7758429812500001 0.32340756718749997 0.786886425 0.285414821875 0.8147189125000001 0.2743541453125 0.8265347796875 0.26028073749999997 0.8572666812499999 0.249174953125 0.8774700843750001 0.2494896546875 0.8790960953125 0.2471514296875 0.8928766187499999 0.2473759125 0.9112777015625 0.2501631109375 0.9342993515625 0.24715037812500001 0.9532153859375001 0.2457111453125 0.9802614796875 0.24917284843749998 0.99814761875 0.24589002343750002 1 0.29493786875 1 0.296067425 0.9990684062499999 0.3068585046875 0.977238990625 0.3179191828125 0.9654231234375 0.32380932812499996 0.9527536671875 0.358429534375 0.9505987390625 0.3704343109375 0.9436609062500001 0.3796875 0.9242069015624998 0.3796875 0.609375
6 0.2329876578125 0.686297509375 0.21861873437499998 0.6624533203125 0.21064553749999998 0.6604553921875 0.20664360624999997 0.7013755328125 0.2109364984375 0.7235562921875001 0.2051240546875 0.7495220078125 0.1538069453125 0.876358234375 0.14992221875 0.8954848406250001 0.16370717031249998 0.9107119656249999 0.18447250625 0.9172075015625 0.22870707031249998 0.9003723593749999 0.240548590625 0.882157546875 0.24525101249999998 0.86725585 0.2708945765625 0.8261593843749999 0.2616948390625 0.817824096875 0.254422815625 0.8026496953125 0.247384515625 0.7830831390624999 0.24709287343750003 0.75917715 0.24989688281250003 0.745666178125 0.2485245203125 0.727375825 0.242566940625 0.702193634375 0.2329876578125 0.686297509375
1 0.604507946875 0.8730860281249999 0.575237615625 0.8324103640625001 0.5633310390624999 0.808005909375 0.5529127859375 0.7944704671875 0.539517890625 0.7706144296875 0.5157047375 0.719323471875 0.51173588125 0.7140016421875 0.5047903781249999 0.7112658734374999 0.4968526609375 0.71452169375 0.492387696875 0.7191453984375 0.48742662187499997 0.7327218156249999 0.4734375 0.796441415625 0.4734375 0.8054361859375 0.477504478125 0.81795460625 0.4894110515625 0.8403734187499999 0.4933799109375 0.8531413984375 0.50826313125 0.8789310703125001 0.5320762796875 0.928236390625 0.5370373546875 0.9325307281249999 0.5405101046875 0.93290579375 0.5539050015625 0.9577546515625001 0.57027654375 0.9949097484375 0.571110003125 0.9983554953125001 0.610337209375 0.9969848156250001 0.609965128125 0.9940193546874999 0.6208794875000001 0.967824671875 0.625 0.949951684375 0.625 0.9447510453125 0.596074121875 0.8912514796875 0.5955780140625 0.8848154859375 0.6030196234374999 0.8771093125 0.604507946875 0.8730860281249999
5 0.3796875 0.609375 0.3796875 0.7910804406249999 0.38472936875 0.7974168296874999 0.41995298593749997 0.837388065625 0.4278907046875 0.8440604453125001 0.43235566875 0.8558182656250001 0.432851778125 0.8771465562499999 0.4348362078125 0.8835305437500001 0.45219996250000005 0.9057586750000001 0.46609096718750004 0.929597378125 0.48147029375 0.9499092078124999 0.4953612984375 0.9747407328125 0.5072678734375 0.99070621875 0.5130336921875001 0.99375 0.51661551875 0.99375 0.524135521875 0.9876347781250001 0.525 0.9774407609375 0.525 0.9612524656250001 0.5032990156249999 0.9034767562500001 0.4824625078125 0.8654848578125 0.47005982656250006 0.8078382765625 0.4720442546875 0.79337305 0.4973457265625 0.6912213453125 0.49933015625 0.6668279203124999 0.503795121875 0.6473119203125 0.5032990156249999 0.6388902859375001 0.494369084375 0.632252578125 0.46609096718750004 0.62728375625 0.4437661390625 0.612178715625 0.44194251875 0.609375 0.3796875 0.609375