0 0.459375 0 0.3087753125 0 0.3110245359375 0.007332723437499999 0.3106494296875 0.02019021875 0.307824025 0.031798796875 0.3076562046875 0.054598648437499994 0.331491709375 0.124061475 0.3487174140625 0.1814227 0.37085283593749996 0.22392161718749998 0.411204134375 0.272794321875 0.41493994062499995 0.2811224359375 0.41463696875 0.291507334375 0.4168852875 0.2996795203125 0.4285832328125 0.3078502109375 0.43418694375 0.32034238125000003 0.44143684531250005 0.3275507703125 0.459375 0.3318657921875 0.459375 0
0 0.312678325 0.07264410624999999 0.3048065640625 0.0356086453125 0.2985050421875 0.029987767187499997 0.27878724843749997 0.023952571875000002 0.248936440625 0.0242956421875 0.22239774531249998 0.03044225625 0.19265323437499998 0.044189315624999996 0.17740321875 0.05548753125 0.1680887375 0.0679039765625 0.1632655875 0.07979916718749999 0.1639831296875 0.08929898124999999 0.1672086796875 0.0980696375 0.1683263703125 0.1279486875 0.171903478125 0.141716509375 0.1845118296875 0.169823890625 0.2205935140625 0.22866568593749997 0.22537868906249997 0.23511967500000003 0.2298123078125 0.23657649687500001 0.23071740468750002 0.2396475625 0.234130509375 0.24198947187500003 0.232060625 0.2447486828125 0.23344712343750001 0.24836624375 0.249463271875 0.261949909375 0.2629228265625 0.26088066875 0.2980637609375 0.249683421875 0.321993459375 0.24772759843749997 0.352166971875 0.2533707328125 0.3649431421875 0.2586782640625 0.3833811609375 0.271875 0.389349459375 0.271875 0.39204068125 0.267471175 0.3899510640625 0.2538592796875 0.366679709375 0.21620160156249998 0.3516066375 0.18733982031250002 0.3384394421875 0.1442929140625 0.312678325 0.07264410624999999
0 0.4245544625 0.459375 0.4224761953125 0.42322339062500003 0.4234139625 0.3910796515625 0.41996139218749995 0.3559955328125 0.4154503328125 0.34014568437500003 0.41259076875 0.3358776734375 0.40421936406250003 0.33301600468750003 0.40035370937500003 0.3291385640625 0.3977052484375 0.30058714375 0.38690709375 0.27862189531250003 0.379247925 0.268394415625 0.364151303125 0.257387296875 0.3503546171875 0.2529648515625 0.331541921875 0.250000725 0.30473823125 0.24818305624999998 0.2801395765625 0.2560211296875 0.25386587656250004 0.270132025 0.24003121562500002 0.2840587609375 0.23367729062499998 0.2972815828125 0.2308518875 0.30889015937500003 0.22680017343749997 0.3625328578125 0.2299391578125 0.3742706265625 0.2462833171875 0.410706121875 0.2523304546875 0.44209396874999995 0.2579135828125 0.459375 0.4245544625 0.459375
7 0.804138015625 0.459375 0.80862493125 0.45416809843749995 0.8122551015624999 0.42809670000000005 0.8061304953124999 0.4226089078125 0.7955598984375 0.4230931203125 0.7925342843750001 0.40970232656250005 0.77304529375 0.4146853484375 0.7584865078125 0.42426696250000007 0.7414391375 0.44591877812499997 0.73879795 0.4569471796875 0.7360118015625 0.459375 0.804138015625 0.459375
7 0.459375 0.44577599218749997 0.4656351890625 0.4373670984375 0.4982361796875 0.4347200625 0.5166569609375 0.42244444375 0.52595393125 0.39873543749999996 0.535887715625 0.386638828125 0.5296105078125 0.38010923750000003 0.5194977140625 0.3837188484375 0.504149515625 0.3806462671875 0.479298925 0.38535049374999997 0.459375 0.397575165625 0.459375 0.44577599218749997
7 0.5437378984375 0.37484742187500003 0.6347383328125 0.42217450625 0.668586540625 0.43530706406249997 0.646676490625 0.3874371015625 0.5875932671874999 0.3545895765625 0.5757754515625 0.3392941921875 0.5551918453125 0.3295394203125 0.5421062531249999 0.3346486328125 0.5341034671875 0.3453982390625 0.5363924859375 0.3610252328125 0.5437378984375 0.37484742187500003
7 0.7187521640625001 0.459375 0.7229919468749999 0.45074919687500004 0.7150830953125 0.40402081718750005 0.7089056734375 0.3836426296875 0.691726259375 0.368068453125 0.6741682671875 0.371704471875 0.6628874828125 0.3818700828125 0.66024629375 0.3928984828125 0.6655609281249999 0.42191627187499997 0.669601934375 0.4277092640625 0.6714595546875 0.44765605781250006 0.6793889671875 0.45820024843749996 0.6811061875 0.459375 0.7187521640625001 0.459375
7 0.6367097484375 0.459375 0.609024953125 0.4355183328125 0.597996553125 0.432877146875 0.582137734375 0.41178877031249994 0.5646795265625 0.40157619218749996 0.5563451296874999 0.4027970015625 0.5532461390625001 0.4107000046875 0.546995340625 0.4116156109375 0.5387137625 0.4277268140625 0.5408237687499999 0.4348668125 0.548879371875 0.43900760156249996 0.564075340625 0.459375 0.6367097484375 0.459375
7 0.9016775890625001 0.459375 0.9049811140624999 0.4581445859375 0.9066802859374998 0.43342018906249996 0.9050016734374999 0.42196039374999994 0.8982666625 0.4123054046875 0.7914132578124999 0.3875193328125 0.782494865625 0.39201814218750003 0.7955598984375 0.4230931203125 0.8094084953125 0.423192903125 0.8137811124999998 0.4385146953125 0.8211001187499999 0.4448916859375 0.8418099171875 0.4482430609375 0.8503233250000001 0.45550924843749996 0.8637072218749999 0.459375 0.9016775890625001 0.459375
7 0.735901534375 0.2700806234375 0.7274409453125 0.27770483125 0.7358809765625001 0.30626481562499996 0.7484089828125 0.3118788 0.7575592015625 0.330757384375 0.7830994203125 0.35255595156249997 0.7996420203125 0.35651773124999997 0.8066294171875 0.3533659234375 0.818341596875 0.3388805125 0.819177978125 0.322795715625 0.81363736875 0.3140299234375 0.7812359484375 0.28897976718749996 0.7690131453125 0.2854493828125 0.7551117312500001 0.2704592015625 0.735901534375 0.2700806234375
7 0.7328542203125 0.459375 0.7390503359375 0.44414038125 0.748857928125 0.43844717187500004 0.76145930625 0.422767359375 0.7858256828125001 0.4074925359375 0.77959544375 0.37222395 0.7602062375 0.363358375 0.7413276515625 0.37250859375 0.7201658999999999 0.4096612109375 0.706055409375 0.459375 0.7328542203125 0.459375
7 0.7796952265625 0.358375353125 0.777890421875 0.35331895625 0.7649310234375 0.352024771875 0.750750815625 0.34239619062500004 0.7295832125 0.335919415625 0.67167383125 0.34014528125 0.6360736359375 0.3368467234375 0.6125700484375 0.34348195000000004 0.6092186734375 0.36419175 0.6475656890625 0.3862427 0.6621508828125 0.38410628281250003 0.67551526875 0.3736354703125 0.6878642625 0.37076245625 0.7002396656250001 0.375334640625 0.709058275 0.3846844296875 0.734366665625 0.3831056 0.752913640625 0.3644265828125 0.7600536359375 0.36231657500000003 0.76528904375 0.3689987671875 0.7737760421875001 0.3688197578125 0.7796952265625 0.358375353125
7 0.7109453125 0.24500405781249998 0.7235995093750001 0.24421464375 0.735185496875 0.23613263125 0.7364268624999999 0.20828283593750002 0.7182320578125 0.200306459375 0.6912714624999999 0.197870690625 0.6435746578125 0.1846383484375 0.6034022765625 0.19371519375 0.6014976875 0.20250739375000001 0.6157043046874999 0.219581175 0.7109453125 0.24500405781249998
7 0.733791528125 0.262940628125 0.7393321375 0.27170641875 0.75630613125 0.27134839843749997 0.76766614375 0.283518384375 0.7812359484375 0.28897976718749996 0.8124429687500001 0.3131407265625 0.8268491515624999 0.3025173109375 0.8222975250000001 0.27870852031250004 0.7542430921875 0.235469409375 0.7396578984375 0.2376058265625 0.7322391078124999 0.2450774328125 0.733791528125 0.262940628125
7 0.5576423203124999 0.22276523906249998 0.5334021359375 0.23163666562500002 0.5153863421875 0.2321472859375 0.51424475625 0.2461484859375 0.5260097546875 0.24655347187499999 0.5473563671875 0.26151724375 0.5618153703125 0.265784225 0.6109589609375 0.26709896875 0.6243761625 0.2715185515625 0.6368777578125 0.2696873375 0.6414763515625 0.26475713437500004 0.6449803265625 0.245089134375 0.643606915625 0.2357129390625 0.6388293140625001 0.2321561453125 0.5576423203124999 0.22276523906249998
7 0.459375 0.459375 0.500192321875 0.459375 0.527890778125 0.44101782656250005 0.52860096875 0.43133642656250004 0.5236707640625 0.4267378328125 0.5100011765625 0.4351250484375 0.4690657921875 0.43899289374999995 0.459375 0.445752878125 0.459375 0.459375
7 0.5797841984375001 0.294012596875 0.6028563890624999 0.291697171875 0.600009784375 0.28679337656250004 0.5880921875 0.285346590625 0.5110782421875 0.318974671875 0.494336071875 0.34271008593749996 0.48125048281250005 0.3478193 0.48501269375 0.35897389375 0.5015288859375 0.355490475 0.53369848125 0.3571632359375 0.538980853125 0.3351064375 0.55623364375 0.32938681875000003 0.5698034484375001 0.33484820000000004 0.57813784375 0.33362739218750004 0.5796110390625 0.32915499062500003 0.5719604234375 0.313249203125 0.5760748031249999 0.297748403125 0.5797841984375001 0.294012596875
7 0.6639439874999999 0.3019038984375 0.642623784375 0.29438532500000003 0.596452990625 0.2915709796875 0.581867796875 0.293707396875 0.57340720625 0.301331603125 0.5700294234375 0.3145962046875 0.5720396484375 0.3355847984375 0.6111966375 0.334105753125 0.6141958421875 0.34005134843749996 0.65424203125 0.337377903125 0.6780772296875 0.340271475 0.7090260140625 0.333609840625 0.719265 0.32359683125 0.7149187921875 0.3157202359375 0.7006123921875 0.3124950546875 0.68701618125 0.29958847187500004 0.6639439874999999 0.3019038984375
7 0.690625790625 0.3097012671875 0.70643179375 0.3158992484375 0.7125828078125 0.3288322375 0.7343344078125 0.3320310109375 0.7380173937500001 0.3208500109375 0.724873134375 0.26743943593749997 0.7024583140624999 0.2451830671875 0.6951657171875001 0.24625127500000002 0.6837851484374999 0.270265484375 0.6871687812499999 0.30063027343750004 0.690625790625 0.3097012671875
7 0.6723459093749999 0.235759903125 0.6533147234375 0.2438683234375 0.6222191859375 0.29311755 0.652178990625 0.3014989140625 0.6681111859375 0.30129349375 0.6897043328125 0.2598210796875 0.68787311875 0.2473194828125 0.6723459093749999 0.235759903125
7 0.7621460921875001 0.23856839999999999 0.7966311156250001 0.2633133546875 0.8152309046875 0.2595247328125 0.81683029375 0.24864893437500002 0.82320728125 0.241329928125 0.81705626875 0.22839693906249997 0.7538058453125001 0.19615981875 0.7396784546875 0.2014216359375 0.736784884375 0.22525683281250003 0.7393526953125 0.23552222656250002 0.7621460921875001 0.23856839999999999
7 0.7605878234375 0.1770758140625 0.7586040078125 0.163532421875 0.7447290000000001 0.155987440625 0.6651208375 0.171904928125 0.656839259375 0.18801613281250001 0.708550659375 0.1995962703125 0.7470972453125 0.1939500265625 0.7567522359375 0.18721501875 0.7605878234375 0.1770758140625
7 0.5383528984375 0.2000510671875 0.562114721875 0.224238434375 0.606354515625 0.22839978125 0.6061490968750001 0.2124675875 0.6001506843750001 0.20057639531250002 0.569806453125 0.1677758390625 0.5499594453125 0.1557848640625 0.5386522499999999 0.158505275 0.5294550625000001 0.1683656859375 0.531160084375 0.187270678125 0.5383528984375 0.2000510671875
7 0.61999184375 0.1689379796875 0.6153932515625 0.1738681828125 0.6132098671875 0.1880219828125 0.65653405625 0.1859325328125 0.6685514390625 0.1735307234375 0.7045566203125 0.16506428281250002 0.7073768171875 0.1625228796875 0.704351203125 0.1491320875 0.6941855921875 0.1378513015625 0.66547300625 0.1452495328125 0.6393282328125001 0.162913159375 0.61999184375 0.1689379796875
0 0 0.706276915625 0.1119294703125 0.6862561890625 0.1181340390625 0.67965643125 0.1246402875 0.6656529234375 0.125 0.65933375625 0.125 0.628308925 0.116485675 0.58657820625 0.107126021875 0.5613558140625 0.1048779828125 0.559375 0.1041865453125 0.559375 0.009398184375 0.58047135 0 0.5841407140625 0 0.706276915625
0 0 0.76875 0.008365837499999999 0.76875 0.02535734375 0.7596676296875 0.06197218125 0.7472420468750001 0.1265625 0.7198661984375001 0.1265625 0.7187316765625 0.1126269046875 0.7058740171875 0.1014446 0.688964940625 0.094060959375 0.68808334375 0.08466276406249999 0.6880854421875 0.0556527984375 0.6959632046875 0 0.7054288124999999 0 0.76875
0 0.1164816484375 0.7561607546875 0.09958081875 0.7824800796875 0.0805942015625 0.79929198125 0.07689777343750001 0.80503390625 0.0772505734375 0.8085148578125001 0.08169282343749999 0.8087476671875 0.079175496875 0.817024578125 0.231355603125 0.825 0.2406732453125 0.825 0.24375 0.8145564046875 0.24375 0.8099871421875001 0.2376542875 0.8050499640625001 0.21915957343749998 0.7976504109375 0.17897651718750002 0.7762536437499999 0.1487363609375 0.7657653515625 0.12207196093749999 0.75249663125 0.1164816484375 0.7561607546875
0 0.2670721984375 0.5972815640625 0.262639165625 0.58468330625 0.258730721875 0.583489196875 0.2483252453125 0.5839331453125001 0.241747765625 0.58754553125 0.23173699218750002 0.6147205875 0.21922729687500003 0.630388015625 0.1910762875 0.677881790625 0.1708117203125 0.7139175765625 0.1668538359375 0.7260760890625 0.168446040625 0.73555764375 0.174319603125 0.749220678125 0.1836884703125 0.7620776125 0.20286867343749998 0.776932653125 0.2342988796875 0.7890625 0.2542315046875 0.7890625 0.26136375625 0.7859339015625 0.2660272375 0.78073729375 0.3390625 0.666829725 0.3390625 0.6577637171874999 0.33628701250000004 0.6345443078125 0.3245105625 0.6200772812500001 0.304282859375 0.6066512546875 0.2869269921875 0.6077202234375 0.2766623015625 0.6047090875000001 0.2670721984375 0.5972815640625
0 0.459375 0.5849596703125 0.45579863906250007 0.5780186671875 0.44583562812500005 0.5676037796875 0.4178019328125 0.5636614078125 0.406369065625 0.5650407859375 0.393314665625 0.5697976453125 0.38610281875 0.57683925 0.3858011390625 0.5842430015625 0.39129425 0.631521440625 0.40053491093750004 0.6839426546875 0.4045673859375 0.7306499078125 0.4092417640625 0.73732516875 0.413109984375 0.7395064421875001 0.429831484375 0.741866690625 0.44878877343749995 0.737913825 0.459375 0.7340443890625 0.459375 0.5849596703125
0 0.3564191234375 0.7469227859375 0.36070047656250004 0.7511042609375 0.3795169828125 0.75060648125 0.39050570625000003 0.7358486140625 0.4021799171875 0.7285462359375 0.40632970312500005 0.7238173421875 0.39129425 0.631521440625 0.3810940734375 0.5419521328125 0.37973399375 0.5389130296875 0.3747981609375 0.538654353125 0.3305072203125 0.5452366375000001 0.327999078125 0.5460944671875 0.3268510171875 0.5499913984375 0.334038575 0.6285207984375 0.3425443078125 0.6868391453125 0.3528525828125 0.7373377609375 0.3564191234375 0.7469227859375
7 0.1371700234375 0.628590740625 0.1608125875 0.6431850046875 0.16393666406250001 0.6636288671875 0.167623875 0.6702523921875001 0.193783796875 0.671623375 0.1985880625 0.6629716828125 0.20116575625 0.6482676515625 0.2050029671875 0.6390706390625 0.22236804999999998 0.62563621875 0.23393080624999998 0.6089298875 0.23967111874999997 0.5894452250000001 0.238611040625 0.5547650484375 0.180781334375 0.553712871875 0.1739918375 0.550389225 0.17123145625 0.545298184375 0.1658221515625 0.5445200578125 0.113352309375 0.5575986281249999 0.11958034843750001 0.5989799328125 0.1231066640625 0.6095521265625 0.1371700234375 0.628590740625
0 0.459375 0.9419703328125 0.4639863796875 0.94375 0.48391900468750004 0.94375 0.49105125625 0.9406214015625001 0.4957147375 0.93542479375 0.56875 0.821517225 0.56875 0.8124512171875 0.5659745125 0.7892318078125 0.5541980625 0.77476478125 0.533970359375 0.7613387546875 0.5166144921875 0.7624077234375 0.5063498015625 0.7593965875 0.49675969843749995 0.7519690640625 0.492326665625 0.73937080625 0.48841822187500006 0.738176696875 0.4780127453125 0.7386206453125 0.471435265625 0.74223303125 0.4614244921875 0.7694080875 0.459375 0.77197491875 0.459375 0.9419703328125
0 0.623002165625 0.7244851453125 0.61579031875 0.73152675 0.6154886390625001 0.7389305015625001 0.62098175 0.786208940625 0.6302224109375001 0.8386301546875 0.6342548859375 0.8853374078125 0.6389292640625 0.89201266875 0.6427974843750001 0.8941939421875 0.659518984375 0.896554190625 0.6784762734375 0.892601325 0.69504609375 0.8865447890624999 0.7224035171875001 0.8706662203125 0.7398892734375 0.8542702999999999 0.7452675703125 0.843670140625 0.7461432828125 0.8343179234375 0.7402294984375001 0.821642059375 0.6946538890625 0.7504989390625 0.6854861390625 0.7327061671875 0.6755231281249999 0.7222912796875001 0.6474894328125 0.7183489078124999 0.6360565656249999 0.7197282859375 0.623002165625 0.7244851453125
0 0.5861066234375001 0.9016102859374999 0.5903879765625 0.9057917609375 0.6092044828125001 0.90529398125 0.62019320625 0.8905361140625001 0.6318674171875001 0.8832337359375 0.636017203125 0.8785048421875 0.62098175 0.786208940625 0.6107815734375001 0.6966396328125001 0.60942149375 0.6936005296875 0.6044856609375 0.693341853125 0.5601947203125001 0.6999241375 0.557686578125 0.7007819671875 0.5565385171875 0.7046788984375001 0.563726075 0.7832082984375 0.5722318078125 0.8415266453125 0.5825400828125 0.8920252609375 0.5861066234375001 0.9016102859374999
0 0.7862011890625 0.793373371875 0.7844720390625 0.79000531875 0.7830391046875 0.787633746875 0.781714575 0.786829140625 0.7805626562500001 0.784595090625 0.7781422359375 0.7801815 0.775651278125 0.7750216 0.7712736375 0.7638252734375 0.765458640625 0.7483604406250001 0.7628530093749999 0.74112766875 0.7587182671875 0.7318794328125 0.7498318328125 0.7127055062500001 0.7424220984375001 0.6968345328125001 0.736554640625 0.6826571625 0.7231141125 0.6589986375000001 0.723406575 0.6639603390625 0.70264674375 0.6757329359375 0.669728334375 0.6824165921875001 0.668026353125 0.68776840625 0.6693369921875 0.7041601296875 0.700628009375 0.761694053125 0.735061534375 0.81494093125 0.7461323859375 0.8224460546875001 0.7552800234375 0.8407324093749999 0.7604680968749999 0.8469399531249999 0.7648609078125 0.8605253828125001 0.7692629359375001 0.8617453578125 0.7933169546875 0.8541025015624999 0.802523246875 0.8466707828125 0.8057059796875 0.8413965718749999 0.81042058125 0.847084665625 0.8139158906249999 0.846278571875 0.8129471546874999 0.8214959296875 0.7924471000000001 0.8026146203125 0.787066125 0.79497011875 0.7862011890625 0.793373371875