9 0.7087679140625001 0.57706396875 0.7354573328125 0.6214721953125 0.7934312734375 0.6938433765625 0.8070585671874999 0.7043184 0.8457828140625001 0.6607004921875 0.9113575828125 0.6171975453125 0.8937195203125 0.383291875 0.85673538125 0.341650165625 0.8396795109375 0.3476135984375 0.74224074375 0.41737513125000003 0.707492840625 0.43634217656249996 0.6700235078125 0.48112549531250004 0.7087679140625001 0.57706396875
9 0.655611184375 0.0578492703125 0.5516152484375 0.1335128578125 0.5454116578125 0.1441038171875 0.5995324546874999 0.21180654843750002 0.67056851875 0.3181109296875 0.6841074203125 0.32741372812499997 0.705564203125 0.31790633437500004 0.8104614765625 0.23871924843749998 0.830945925 0.2163173578125 0.8305039546874999 0.210456225 0.70609043125 0.0927364640625 0.6777577124999999 0.0729654640625 0.6747175171875 0.0636012875 0.655611184375 0.0578492703125
9 0.5476073078125 0 0.516284775 0.19118385 0.5224709625 0.195838659375 0.593434659375 0.2083239671875 0.5940708171875 0.2012837859375 0.551774634375 0.15110308125 0.547391128125 0.1394012703125 0.6568661015624999 0.059014675 0.6698746375 0.061284110937500004 0.6779345015625 0.07530991718749999 0.6987377203125 0.088088475 0.726611065625 0.11724411406249999 0.7500125109375 0.1335257125 0.7553857515625 0.1428762484375 0.76346301875 0.1416562828125 0.7855183984375 0.000798096875 0.7853787140625 0 0.5476073078125 0
9 0.494924653125 0.6662699359375 0.5483007359375 0.6002842359375 0.579583878125 0.550846109375 0.5859816625 0.52735383125 0.59667455625 0.5143911375 0.608551378125 0.4861758515625 0.6079326218750001 0.4779702640625 0.43532068593749995 0.3710869796875 0.40769511875 0.36069379218750003 0.394403996875 0.37015344687499996 0.3590025296875 0.41140644374999996 0.3434493515625 0.43729773125 0.29666661875 0.544290915625 0.28321749218750003 0.613561425 0.30589438125 0.635710978125 0.35520710312500003 0.6706049953125001 0.43241057656250004 0.719408878125 0.44183115468749995 0.7205265468750001 0.4603535359375 0.687581434375 0.494924653125 0.6662699359375
2 0.059002510937499995 0.20926283906249998 0.061944670312500005 0.24828004843749998 0.0779561875 0.25942009062500004 0.1346042203125 0.31420786562499997 0.1589954 0.328138190625 0.1845357 0.35730746875 0.19780941875 0.3630935859375 0.22842159374999998 0.3511871828125 0.24054619375000003 0.3417343484375 0.264812796875 0.3075829109375 0.27354362499999996 0.2840769953125 0.3037312359375 0.251063684375 0.3051803421875 0.23932777343749997 0.1905409671875 0.127414590625 0.1701797203125 0.1204971671875 0.1550323265625 0.10534005312500001 0.1479447953125 0.10420874375 0.13141928593750002 0.1172055390625 0.1000477484375 0.16547143749999998 0.059002510937499995 0.20926283906249998
2 0.28623890625000004 0.5607702921875 0.293414828125 0.5630738265625 0.32545733125 0.4772762046875 0.3696954234375 0.398443746875 0.3460462015625 0.36339969375000003 0.2740739859375 0.29111035625000004 0.23506715625000002 0.34645735625 0.1897321546875 0.3643135515625 0.155232028125 0.4020430484375 0.159527140625 0.4125726328125 0.22540155624999997 0.4813793921875 0.28623890625000004 0.5607702921875
9 0.524153203125 0.3729131265625 0.455132790625 0.308815734375 0.4381117234375 0.2842876265625 0.41085713593750006 0.2633375765625 0.39461421093750004 0.26460528125 0.355342196875 0.3164356015625 0.3564913171875 0.33167455156250003 0.3488560203125 0.3387556515625 0.3371907953125 0.3388238484375 0.33072201875 0.34589813125 0.35042970625000003 0.37510150625 0.37292980937500003 0.39490660625 0.3808302890625 0.3913421875 0.393237471875 0.370160265625 0.41011655625000004 0.3618523796875 0.43415416249999994 0.3710937984375 0.4589873125 0.3908852609375 0.49037762812499996 0.40477467031250003 0.5116576234375 0.3929228234375 0.524153203125 0.3729131265625
9 0.6683119765625001 0.644146878125 0.674498165625 0.6488016875 0.6834419625 0.674549759375 0.689362971875 0.6756878890625 0.7269742859375 0.6637405656250001 0.7513118765625 0.646007125 0.7099344359375 0.57705715 0.689271821875 0.51971350625 0.67055386875 0.48815885625 0.6711016375 0.4799464484375 0.6947320796875001 0.4528351921875 0.7180799375 0.43745302343750003 0.7188044921875 0.43158507031250004 0.7138732203125 0.42809567031249995 0.706874084375 0.42813658749999994 0.6790369234375 0.4458904875 0.5977526859375 0.5132120890625 0.5849035328125 0.5285328765624999 0.574723596875 0.5637747046875 0.5638539125 0.5743929453125001 0.576191484375 0.614194103125 0.601820178125 0.6445356078125 0.6140157703125 0.651500771875 0.628014040625 0.6514189328125 0.6683119765625001 0.644146878125
9 0.789666521875 0.6903471531250001 0.779892375 0.6845405796875 0.7327011015625 0.6777800078125 0.68863841875 0.68155584375 0.763705790625 0.8722742046875 0.7735683343749999 0.8792530062499999 0.832071259375 0.8812564703125 0.8364895718750001 0.8624667421875 0.8384676656250001 0.7803631171875 0.789666521875 0.6903471531250001
9 0.6759298671875 0.6523115484375 0.6694784984375 0.6441400578125 0.6624793609374999 0.644180978125 0.5857366390625 0.6633935359375001 0.5710138109375 0.669343328125 0.569387915625 0.6787347828125 0.6195671765624999 0.7405968390625 0.6496851718750001 0.7685666078125 0.6617039765625 0.7731873218749999 0.6765687812500001 0.8000735203125 0.72066765 0.8432072234374999 0.71301495 0.865534096875 0.692547903125 0.8726902125 0.680688484375 0.885659728125 0.678797409375 0.891534503125 0.685796546875 0.8914935843749999 0.7590397 0.8723014843750001 0.7619205109375 0.8640754375 0.6759298671875 0.6523115484375
9 0.72066765 0.8432072234374999 0.6641080125000001 0.7895916781250001 0.6545280515624999 0.7708837859375001 0.6204685171875 0.7370733390625 0.5703776515625 0.6763835078125 0.5365832968750001 0.64608974375 0.46912054843749995 0.710985053125 0.46982769687500003 0.720362871875 0.4858764328125 0.73199648125 0.4933885296875 0.7542346953125 0.47101300156250003 0.7825113578125 0.4608678734375 0.78726164375 0.46014332187500007 0.7931296 0.5329284796875 0.8607232109374999 0.540899946875 0.873576790625 0.5944193890625 0.9178281609375001 0.612341796875 0.9388327703125 0.619340934375 0.9387918515625 0.69496934375 0.8738488 0.72066765 0.8432072234374999
2 0.44899105156249997 0.8154769296875 0.46231697968749996 0.7755257375 0.48046838437500006 0.7531374859375 0.4838085671875 0.7355268046875 0.4552990640625 0.713411346875 0.441742759375 0.7193543203125 0.4286458265625 0.7159126546875 0.31208056875 0.6403657875000001 0.280972840625 0.614747290625 0.2738853078125 0.6136159828125 0.25456738125 0.63601105 0.23523204999999997 0.673651890625 0.204867653125 0.7043207453125 0.1821921390625 0.7595722687500001 0.18010687187500002 0.7783483578125 0.23633033750000002 0.812029228125 0.2944274765625 0.85508109375 0.39467882187500003 0.91547766875 0.40537171406250005 0.9025149765625 0.44899105156249997 0.8154769296875
9 0.17924033749999999 0.7513803171875 0.18804215625 0.7442923968749999 0.18680464218749998 0.7278812218749999 0.19500510625 0.697341940625 0.1894175171875 0.5613363375 0.1826125703125 0.5484759375 0.1522655765625 0.5638990234375 0.0868134609375 0.5780753765625 0.09611585781250001 0.7014383078125 0.10847083125000001 0.72599369375 0.11248335937500001 0.7482523671875 0.1222575109375 0.7540589421874999 0.1409218734375 0.7539498265625 0.17924033749999999 0.7513803171875
9 0.1795174125 0.4300469171875 0.1582722234375 0.41140722500000004 0.1551436359375 0.400870821875 0.1668262640625 0.38555685156249997 0.1460056421875 0.3880240640625 0.1488168421875 0.440781096875 0.16426559999999998 0.506364428125 0.16672322343749998 0.5544325515625 0.182700965625 0.5496481656250001 0.194967546875 0.5730313265625 0.205908221875 0.578831084375 0.22708241718750002 0.5810527796875 0.284789796875 0.5725062015625 0.2900036546875 0.5642665140625 0.24592219062499998 0.5058870390625 0.1990483109375 0.456905840625 0.1795174125 0.4300469171875
9 0.7022495765625 1 0.7104542828125 0.9863416703125001 0.73003739375 0.96746328125 0.7702107484375 0.9121094609375 0.7715714609375001 0.8992013265625 0.74315035 0.8782580937500001 0.707430115625 0.8843306453125 0.67430810625 0.8939062359375001 0.6390124359375 0.9210856890624999 0.6294860625 0.9340415640625 0.6134199265625 0.9376537234375 0.567977746875 0.892182384375 0.5408115546875 0.8724045640625 0.5228007531250001 0.850227728125 0.4802219859375 0.811776115625 0.473134453125 0.81064480625 0.42647492031249995 0.8883186750000001 0.5672901703125001 1 0.7022495765625 1
9 0.318907053125 0.8701836484375001 0.21193915625 0.7980989 0.19516586875 0.79233324375 0.1711296421875 0.8604929015625 0.32940713593750004 0.947523346875 0.392823928125 0.9682619812500001 0.42681247187500004 0.9856544312500001 0.5082748734375 0.9980783609375001 0.5135235375 0.959347134375 0.4375923828125 0.8964628843750001 0.426651709375 0.890663128125 0.410231996875 0.8895863796875 0.399981071875 0.9084102093749999 0.3920805921875 0.9119746281250001 0.318907053125 0.8701836484375001