5 0 0.5254030249999999 0.0044146828125 0.5281622015625 0.025496031250000002 0.48723958281249996 0.024255953125 0.4673983125 0.031696428124999995 0.44755704218750003 0.037896825 0.4277157734375 0.0540178578125 0.399193946875 0.0734375 0.3957669515625 0.0734375 0.3746877734375 0.019295634375000002 0.3843129953125 0 0.380936259375 0 0.5254030249999999
5 0 0.31064539375 0.026860118750000002 0.29970238125000004 0.0442212296875 0.28358135 0.07274305625000001 0.2860615078125 0.0839037703125 0.2587797625 0.1062251984375 0.25009920625 0.11118551562500001 0.233978175 0.11986607187500001 0.22157738125 0.12606646875 0.19677579375 0.114905753125 0.18933531718750002 0.0963045640625 0.2017361109375 0.0814236109375 0.2017361109375 0.09506448437500001 0.1856150796875 0.0975446421875 0.17197420624999998 0.0851438484375 0.16081349218750002 0.0628224203125 0.165773809375 0.054141865624999994 0.1546130953125 0.0281001984375 0.165773809375 0.026860118750000002 0.2091765875 0.0107390875 0.2240575390625 0 0.227474521875 0 0.31064539375
2 0 0.378834821875 0.007576884375 0.38004712343749997 0.014068698437499999 0.384375 0.015592307812500001 0.384375 0.0274181546875 0.3713665671875 0.046019346875 0.349045140625 0.06462053749999999 0.32176339375 0.065625 0.30770092187500003 0.065625 0.303989953125 0.055939979687499995 0.287041171875 0.044779265624999995 0.2858010921875 0.021217757812499998 0.3056423625 0 0.3130685765625 0 0.378834821875
2 0.0501612109375 0.4509548625 0.0278397828125 0.452194940625 0.022879465625 0.469556053125 0.022879465625 0.4906374015625 0.088445396875 0.5359375 0.0921875 0.5359375 0.0921875 0.5288783453125 0.0836433546875 0.4968377984375 0.06628224375 0.4583953375 0.0501612109375 0.4509548625
6 0.08965773906249999 0.433048115625 0.06857638906249999 0.39956597031249996 0.054935515625 0.4008060515625 0.0462549609375 0.4181671609375 0.0338541671875 0.4305679546875 0.036334325 0.44420882968750003 0.06237599218749999 0.460329859375 0.0822172625 0.4900917640625 0.08965773906249999 0.523573909375 0.0859375 0.5372147796875 0.1119791671875 0.5632564484375 0.1464533796875 0.571875 0.1513361859375 0.571875 0.15042162812499998 0.5682167640625 0.1671875 0.5466606453125 0.1671875 0.5448671968750001 0.154141865625 0.5223338296875 0.1305803578125 0.5062127984375 0.0995783734375 0.460329859375 0.08965773906249999 0.433048115625
1 0.41875 0.4549557484375 0.4366686875 0.46612046874999996 0.4842702984375 0.4928506046875 0.490495125 0.497610765625 0.49633547499999997 0.5 0.5057898890625 0.5 0.507338771875 0.4987092640625 0.511000434375 0.4840626140625 0.5139297640625 0.48113328437499997 0.5216192546875 0.4782039546875 0.5417583984375 0.47637312343750005 0.5944863375 0.476739290625 0.6138931484375 0.4789362875 0.682366234375 0.48113328437499997 0.7134903640625 0.48442878125 0.7786679546874999 0.48772427656249995 0.8042995921875 0.49138593906250005 0.8248049015625 0.4895551078125 0.8368883874999999 0.48516111406249995 0.8390853843750001 0.48186561718750004 0.8412823843750001 0.47271146093749994 0.8416485484375 0.42913767968750005 0.8533658687500001 0.3159923109375 0.8540981999999999 0.26033504218750003 0.85625 0.235589353125 0.85625 0.193698621875 0.8515350375 0.1204595390625 0.84970420625 0.0585774453125 0.847873375 0.05235261875 0.8456763765625 0.0512541203125 0.8233402359374999 0.050521787500000005 0.496353784375 0.0677316 0.46669431875 0.0699285984375 0.460835659375 0.072857928125 0.4586386625 0.076519590625 0.45351233437499994 0.09885573125 0.44911833906250004 0.12668436562500002 0.43630252187499996 0.18014463593750002 0.41875 0.266009675 0.41875 0.4549557484375
7 0.7423461640625 0.61875 0.7243131515625001 0.586414946875 0.7052725093750001 0.5596848109375 0.6957521859375 0.5486998234375 0.6865980296874999 0.541742665625 0.66462805625 0.53112384375 0.6477844078125 0.5164771953125 0.6415595828124999 0.506956871875 0.6327715921875 0.4857192296875 0.627645265625 0.47839590625 0.5990842984375 0.4743680765625 0.542694696875 0.47363574374999995 0.5368360375 0.47473424375000006 0.5335405421875 0.4780297390625 0.5317097109375 0.4857192296875 0.5324420421875 0.4923102234375 0.5441593625000001 0.504393709375 0.55331351875 0.5113508671875 0.555510515625 0.5146463640625 0.5566090156250001 0.52489901875 0.5763819906250001 0.5465028265625 0.58150831875 0.555290815625 0.587366978125 0.5735991281249999 0.589563975 0.6098495859375 0.592608853125 0.61875 0.7423461640625 0.61875
8 0.5933809359375 0.61875 0.5928122703125001 0.6177390375 0.5928122703125001 0.6159082078125 0.5953125 0.6144795046875 0.5953125 0.61137175 0.5924461046875 0.608218715625 0.589516775 0.5683065968750001 0.5858551125 0.558786275 0.5777994546875 0.5459704546874999 0.556195646875 0.5240004796875 0.5554633140625 0.5144801593749999 0.5539986499999999 0.5115508296875 0.5323948421875 0.4928763515625 0.5323948421875 0.48335602812499995 0.5349580046875 0.47530037187499996 0.5294655109375 0.47420187187499996 0.5126218640625 0.47603270468750003 0.5089602015625 0.4807928640625 0.5063970390625 0.49800267812500004 0.496876715625 0.5261974796875 0.4782022375 0.5943044000000001 0.4749067421875 0.6085848828125 0.4749067421875 0.616640540625 0.476016984375 0.61875 0.5933809359375 0.61875
6 0 1 0.209375 1 0.209375 0.8569633156249999 0.1981770828125 0.8447916671875 0.17265625 0.8239583328125001 0.15703125 0.8151041671874999 0.1184895828125 0.7854166671875 0.10078125 0.775 0.06692708281250001 0.7625 0.0278645828125 0.7395833328125 0 0.7286491296875 0 1
1 1 1 1 0.61875 0.784209028125 0.61875 0.7815221140624999 0.6196963796875 0.7296515453125 0.6241829203125 0.7027004 0.62966646875 0.616409821875 0.6381410453124999 0.6094133562499999 0.641132071875 0.6048891125 0.6476126296875 0.6022051765625 0.6805139265625 0.6040918875 0.6989585921875 0.6075720515625 0.8719396515625 0.6069343390624999 0.8958678656250001 0.6023172890625 0.9183005671875 0.60772543125 0.9312616828125 0.6060298046875 0.9656584921875 0.6064272546875 1 1 1
1 0.48542806250000003 0.61875 0.41875 0.622096875 0.41875 0.9633555984375001 0.41981295 0.9632859234375001 0.5385353234375 0.9498263015624999 0.5619911359375 0.9453397625000001 0.6023758015625 0.944342753125 0.6079260546875 0.93287715 0.6031875281250001 0.89050426875 0.6066918937500001 0.8022689749999999 0.6050197984375 0.7469349765625 0.605602740625 0.646735575 0.6106254890625 0.640255015625 0.6201144765625 0.6372639890625 0.675468775 0.6337744578125 0.705405146875 0.6292879171875 0.7125 0.62598595 0.7125 0.6240774359375 0.711252409375 0.61875 0.48542806250000003 0.61875