10 1 0.084210771875 0.9998334812499999 0.0840905109375 0.979830384375 0.06360696875 0.897967884375 0.0220845 0.88419994375 0.029821356249999997 0.8834536312499999 0.0577161921875 0.8740695671875001 0.07403636875 0.8765383312499999 0.12023539375 0.9585319953125001 0.22739862500000002 0.9633383578124999 0.2541559140625 0.9734699015625001 0.2699896734375 0.9777562781250001 0.274379003125 1 0.2718906890625 1 0.084210771875
10 0.6793672859375001 0.03842374375 0.654299 0.0400477078125 0.5949408578125001 0.0666058046875 0.5909144734375 0.0734004515625 0.57279515625 0.073951984375 0.5395392203125 0.0880122109375 0.5404343 0.241863434375 0.5409222359375 0.2628526875 0.5678634671875 0.2817978 0.59309425 0.2871638203125 0.6228389 0.30670515468750004 0.6395619234375001 0.306088509375 0.6754430671875 0.28960747656249997 0.8215327328124999 0.2140275875 0.8311117921875001 0.2060953921875 0.841599659375 0.1772583515625 0.8757920171875 0.148130228125 0.8754670265625 0.1341502546875 0.8442935828125 0.113145809375 0.82282919375 0.0898011609375 0.6793672859375001 0.03842374375
10 0.612600575 0.30039534843750004 0.5918374421875 0.2895695921875 0.5720103578125 0.28371624375 0.5408834734375 0.2611852890625 0.5422943671875 0.3218770140625 0.55004490625 0.3270507734375 0.6172425984375 0.3236126953125 0.6710693 0.3096935765625 0.715784690625 0.29206373124999996 0.757252921875 0.2759253859375 0.821985878125 0.23704959374999998 0.850961815625 0.2129355625 0.8484588468750001 0.17585314531250001 0.8364444843750001 0.18843624375 0.8278875718750001 0.20857371093750002 0.8076597171875001 0.22077379375 0.7647017265625 0.2434143453125 0.7111808984375 0.27049108906249997 0.6666375625 0.2955220953125 0.6324658890625 0.30789339843749997 0.612600575 0.30039534843750004
10 0.5390625 0 0.5390625 0.0060709796875 0.53953975 0.0881031921875 0.573668053125 0.072678353125 0.5875927546875 0.071684778125 0.5931701453125 0.064551728125 0.6167598625 0.055794257812500005 0.6500146015625 0.0392728953125 0.6664033500000001 0.0383942265625 0.6919034078124999 0.041226276562500004 0.70107138125 0.0120812484375 0.7060615046875001 0 0.5390625 0
10 1 0.270495440625 0.962437265625 0.27892198281249997 0.943183696875 0.29773917656250004 0.9311700203125 0.3456450796875 0.9214299078125 0.4207651859375 0.9551434578125001 0.42398025468749995 0.9609495640624999 0.3913926125 0.9790943421874999 0.324879040625 0.9905925406249999 0.290092453125 1 0.2764679625 1 0.270495440625
8 0.8988981953125 0.27209812968749997 0.8514729656250001 0.271981290625 0.7986575531250001 0.2799919859375 0.7688809859375001 0.2890770421875 0.7814157125 0.3182894453125 0.79315479375 0.34327530156249997 0.81638863125 0.3527376453125 0.8740098218749999 0.34145985156249997 0.89417483125 0.33890899375 0.9044845359375 0.33240735312499997 0.902552009375 0.309275284375 0.9035583109375 0.292564428125 0.8988981953125 0.27209812968749997
8 0.60881155 0.3332824171875 0.602788221875 0.3441733890625 0.62280756875 0.3653559296875 0.641316875 0.381580365625 0.680867496875 0.3729511015625 0.7425313203125 0.35557765625000004 0.75905935 0.346573028125 0.7546104765624999 0.3351937125 0.75282419375 0.31835263125 0.7484890671875 0.311866303125 0.7497228671875 0.30494143125 0.74736843125 0.2936597828125 0.7388119265624999 0.2855801203125 0.722868296875 0.2897243140625 0.6668708953125 0.31085320156249996 0.6301778578125 0.32240868906250003 0.60881155 0.3332824171875
2 0.4864987546875 1 0.485826509375 0.98169775 0.4766953390625 0.905519828125 0.46571548125 0.8306540578125 0.45305359375 0.7932903140625001 0.4443635375 0.7757678703125 0.42556525624999997 0.751257240625 0.41828207656250005 0.7378863250000001 0.414150425 0.7361837875 0.39868161875 0.7448456234374999 0.3904628015625 0.74681656875 0.3903625296875 0.750750309375 0.3924487171875 0.7567372203125 0.411146728125 0.7851815890625 0.415423140625 0.788326409375 0.423931478125 0.789240025 0.4315599609375 0.796185740625 0.4319422234375 0.8049270859375 0.4295032 0.8151558968749999 0.43984516406249996 0.8343384078125 0.44183107968749996 0.8442590593749999 0.43876476562500005 0.8482379874999999 0.41084898281250004 0.8562067093749999 0.40043617343750004 0.8659150078125 0.400075809375 0.891921253125 0.4065831703125 0.9024952640624999 0.41168742031249994 0.9040224875 0.415759525 0.9199300499999999 0.4132760140625 0.924782840625 0.39961140781250004 0.9267565015624999 0.395041709375 0.92562238125 0.3919271421875 0.92912055 0.392350125 0.9481331765625001 0.3873831046875 0.9578387578124999 0.3817217125 0.985290003125 0.3766326984375 1 0.4864987546875 1
2 0.24611014843749998 0.6108262359375 0.1858116671875 0.6184323109375 0.1530700921875 0.6210711015625 0.11837328124999999 0.63711455625 0.154492590625 0.668128990625 0.170343190625 0.710954603125 0.22075486249999998 0.703499153125 0.27407427968750003 0.708571784375 0.24611014843749998 0.6108262359375
6 0 1 0.3755468515625 1 0.4068577609375 0.8641048703124999 0.41144925624999995 0.7947530687500001 0.328803646875 0.777019840625 0.22540679687499998 0.766290190625 0.1030531015625 0.7475569249999999 0 0.731303303125 0 1
1 0.5390625 0.8274496125 0.5442845593750001 0.8184398984375001 0.5821224968750001 0.6718820375 0.6168278515625 0.5780762187499999 0.621512028125 0.5269514875000001 0.5935833453125 0.497659903125 0.5779915109375 0.5389928562499999 0.5390625 0.5299928625 0.5390625 0.8274496125
1 0.632005990625 0.715959 0.6437677421875 0.7513689796875 0.664775453125 0.74373494375 0.697667315625 0.7123054390625001 0.7915657203124999 0.6723404453125 0.8241785828125 0.650507296875 0.8450467968750001 0.647671440625 0.8936870906250001 0.624518075 0.8725692781250001 0.5809436265625 0.9213955734375 0.551392690625 0.9249637578125001 0.5386533828125 0.917205790625 0.5305168328125001 0.8867025171874999 0.534784578125 0.8632426171875001 0.5167724953125 0.8504113703125 0.5181485484375 0.8548336515624999 0.5310274421875001 0.8493418734375 0.5549345796875 0.7773346765625 0.5568770781250001 0.72855488125 0.5848286218750001 0.629769196875 0.6279086484375 0.6018111140625 0.6546237265625 0.5872422765625 0.660770040625 0.592983653125 0.6832732078125 0.631337890625 0.683943228125 0.619593240625 0.7029405203125 0.632005990625 0.715959
6 0.823625390625 0.834521209375 0.8226317921875002 0.8137011859375001 0.78486495 0.7378317937500001 0.731087775 0.7176898859375 0.7282170859375 0.7064383015625 0.68803225625 0.7137373281249999 0.6566919875 0.7467941421875001 0.612892471875 0.7684318687499999 0.6080687921875 0.8243547765624999 0.6309706984375 0.8615595718750001 0.7208824203125 0.8487284171875 0.7373283515625 0.8330136640625 0.753402284375 0.8300940546875001 0.7708124125 0.8912059875 0.7898500328125 0.8963391765625002 0.8064819609375 0.8742268531249999 0.823625390625 0.834521209375