1 0.3796875 0.20770069375000003 0.3849973140625 0.21250911874999998 0.41461808125 0.2444971609375 0.44838505 0.2724651171875 0.4773235609375 0.3025300703125 0.50071834375 0.3377898078125 0.5196226453125 0.3841353890625 0.628552590625 0.4099121859375 0.634003571875 0.4037254109375 0.648654021875 0.37233006562500004 0.65471339375 0.31891056875 0.658488603125 0.310922509375 0.6670458953124999 0.300341453125 0.66914533125 0.29055210625 0.6737938171875 0.2327904421875 0.6685071390624999 0.1762467921875 0.6637250546875 0.1788397859375 0.6562076515624999 0.1897950390625 0.648849028125 0.19170054375 0.5886218140625 0.18704380781250002 0.5250430546875 0.1787845015625 0.5091931640625 0.1812293234375 0.50602711875 0.179610740625 0.5021654578125 0.170552203125 0.49153467500000003 0.1643302640625 0.4750088265625 0.1487973953125 0.4633845296875 0.1426972578125 0.4456403578125 0.146377675 0.4257833875 0.1543305734375 0.3796875 0.15941469218749998 0.3796875 0.20770069375000003
5 0.3796875 0.5045463953125 0.38208895625 0.5038413875 0.426015128125 0.47387376562499994 0.5080855734374999 0.432707925 0.535102309375 0.41534866875 0.5385198828125001 0.40890949687499994 0.535433225 0.402766040625 0.5225701812500001 0.388790853125 0.497307065625 0.328174371875 0.48664956562499995 0.3109187015625 0.47310426406249995 0.29502042500000003 0.44928581874999995 0.27135132031250003 0.41162417187500006 0.23934569843750003 0.38476544218750003 0.21002913437499998 0.3796875 0.2054414015625 0.3796875 0.5045463953125
1 0.49500170624999995 0.30889139375 0.4895373640624999 0.309561303125 0.48688143749999996 0.31339868593750003 0.48843144531250005 0.319228846875 0.50847468125 0.3508860125 0.5925596515625 0.358136378125 0.6019980593750001 0.3569792625 0.6219281203125 0.360556096875 0.6280479984375 0.350775540625 0.6301938078125 0.34148219062499996 0.619841275 0.3382362359375 0.6031236328125 0.3367739828125 0.5371734859374999 0.3192734359375 0.5178329296874999 0.3166276953125 0.5109113296875 0.3124594375 0.49500170624999995 0.30889139375
1 0.6451383078124999 0.11439471406249999 0.6335603859375001 0.10879057343750001 0.6019266375 0.10363847500000001 0.5818244359375 0.103594521875 0.5451767296875 0.098555434375 0.5173386140625 0.112503615625 0.5108941171875 0.118812190625 0.47718765156250004 0.134483175 0.473087821875 0.1389992578125 0.475551959375 0.1492324921875 0.502225190625 0.1765650671875 0.5069876203125 0.184509809375 0.5278050921874999 0.18145598125 0.6520614484375 0.19381512343750001 0.6558036421875 0.1908479328125 0.6755607984375 0.1603315703125 0.6705790859375 0.11779763593749999 0.66682353125 0.1152479578125 0.6451383078124999 0.11439471406249999
1 0.5955300265625001 0 0.61560875 0.0081465140625 0.6220005765625001 0.017396546875 0.613642140625 0.03547845625 0.60443560625 0.03911555625 0.5812797625 0.0279072734375 0.5797831921875 0.044144581249999995 0.6016413234375 0.07909102343749999 0.6141931093749999 0.0951110984375 0.63948846875 0.113080634375 0.6447342984375 0.1154476078125 0.6487083640625 0.11496040156250001 0.6803484078125 0.10405789531250001 0.6826467015625 0.101769403125 0.6823684562500001 0.098793421875 0.6390749921875 0 0.5955300265625001 0
6 0.3796875 0 0.3796875 0.1615532890625 0.4249753671875 0.15643636249999998 0.5142323015625 0.116897896875 0.54513035625 0.0980594390625 0.56819268125 0.07064965 0.5774385265624999 0.0459370765625 0.578994828125 0.0357126328125 0.582101140625 0.0313183515625 0.5855320734375 0.0303960515625 0.592639171875 0.0365482984375 0.6019981890625 0.03991605625 0.6098071984375 0.037453653125 0.616748453125 0.031084175000000002 0.6216429421875 0.018945435937499998 0.619317928125 0.0102001953125 0.60064345625 0 0.3796875 0
0 0.3796875 0.6296875 0.21044364375 0.6296875 0.20937186406250002 0.6499542328125 0.2176037078125 0.6927937156249999 0.22250572656249998 0.7077259109375 0.2304070109375 0.7216432859374999 0.2452901265625 0.7360187484375 0.26421386562500004 0.7418929796875 0.3689994171875 0.7387901515624999 0.3796875 0.7377492078125 0.3796875 0.6296875
0 0.3796875 1 0.3796875 0.73649490625 0.36800450156250003 0.738297246875 0.3260873765625 0.7400370859375001 0.3175972046875 0.7415825296875 0.3150823375 0.7450879859375 0.3104466890625 0.8558241578124999 0.31360235937500003 0.9136538625 0.310202540625 0.98349025625 0.3079538375 1 0.3796875 1
0 0.31311579375 1 0.31612560156249997 0.99442699375 0.320221371875 0.9764503296875 0.3224579234375 0.9350460390625 0.318652409375 0.9031520015625001 0.31329501875 0.8807421 0.30540244375 0.8653286046875 0.2984293171875 0.8633743968750001 0.2420670328125 0.86120871875 0.2300902984375 0.8617770578125 0.222075815625 0.8673092593749999 0.2165849046875 0.8678398812499999 0.1981571734375 0.8624614546875 0.1697251265625 0.8616294203124999 0.1064071328125 0.854517290625 0.0909322234375 0.8561033578125 0.077885103125 0.8691451765625 0.06680169531249999 0.8876611656250001 0.0566464453125 0.9181403218749999 0.0519908109375 0.9465927359374999 0.053841320312499996 0.9715164812499999 0.05871721875 0.9909370421875 0.0654940203125 1 0.31311579375 1
0 0.172706975 0.8636068390625 0.2026328484375 0.864928878125 0.21558418437500002 0.868344390625 0.22557689062500003 0.8657928281249999 0.2305950140625 0.8607767453124999 0.239175165625 0.8437713812500001 0.24630793281250002 0.8182967031249999 0.2494233 0.7973336 0.24912466718749998 0.762925715625 0.242786871875 0.737529375 0.23336273593749998 0.72810906875 0.2234019578125 0.7251748546875 0.13311961875 0.7222090578125 0.1191617578125 0.7202954671875 0.10369555625 0.7203854109375001 0.0921858015625 0.7264366296875 0.0796085671875 0.744462615625 0.072522240625 0.7619579812499999 0.067884021875 0.7874181531250001 0.067750503125 0.810358675 0.0711325734375 0.8292892328124999 0.0785291421875 0.8442069218749999 0.08646815937499999 0.85164110625 0.0954282171875 0.8550798281249999 0.139314853125 0.8578167499999999 0.172706975 0.8636068390625
0 0.055010834375 0.6296875 0.05377879375 0.63938920625 0.054628584375 0.6648174609375 0.060481981250000004 0.6877231687500001 0.0703527796875 0.7061173000000001 0.0812765484375 0.7150301953125 0.092229340625 0.718956021875 0.23137870781249997 0.7261258453125 0.23140482968749998 0.721637484375 0.2161360046875 0.687815346875 0.209838846875 0.655437109375 0.2095593515625 0.6296875 0.055010834375 0.6296875