4 0 0.8319106875 0.05967128125 0.8160612640625 0.2719710875 0.8570436781249999 0.306557903125 0.8575643109375001 0.3432930359375 0.8701089468750001 0.3337790640625 0.8946392265625001 0.356944725 0.9145714437500001 0.3792664 0.9103350890625 0.4125488828125 0.9230002953125 0.47624210937499994 0.9155907828124998 0.49081449375 0.8874269968749999 0.48609586250000003 0.8512947078125 0.41392992812499996 0.81406086875 0.33337349843749997 0.7840337578125001 0.2524772890625 0.7937724421875 0.253841909375 0.7833542 0.24675574843749998 0.7784163578125 0.1875783703125 0.7666554234375 0.061715459375000004 0.7261114296875 0.007415634375000001 0.705538009375 0.00014862187499999999 0.6954211875 0 0.695356678125 0 0.8319106875
4 0 0.5642518296875 0.048419979687499996 0.5433619546875 0.13110280000000002 0.5352893125 0.209209484375 0.544660790625 0.25048239843750003 0.5881587312500001 0.266320759375 0.5962478015625 0.2920348015625 0.5901645531249999 0.2942817625 0.555517453125 0.3070675375 0.525687625 0.323366246875 0.49746355312499996 0.3518095265625 0.47054381562500003 0.3350066125 0.4348335203125 0.29196901875000003 0.43979329062500006 0.2238202265625 0.468099575 0.0652393234375 0.48055106875 0 0.4997603171874999 0 0.5642518296875
4 0 0.6108523437500001 0.0414763171875 0.592000521875 0.0545032296875 0.569076 0.050206590625000005 0.5450279968749999 0.032883040625 0.5439045171875 0 0.556848296875 0 0.6108523437500001
4 0 0.6856956000000001 0.01901764375 0.691305403125 0.0794390734375 0.689195440625 0.086103240625 0.6820489953125 0.15830753125000002 0.6708854078125001 0.203192021875 0.6693180078125 0.232961565625 0.680377453125 0.2637943046875 0.672387025 0.283025034375 0.6786291984374999 0.2845705078125 0.673389934375 0.2562039375 0.6035148171875 0.24333595156249999 0.5814945640625 0.231131096875 0.5784639046875 0.12036670468749999 0.6238142421875 0.049587315625 0.6262859125 0 0.615713015625 0 0.6856956000000001
4 0.1596081921875 0.26875 0.19332726718749998 0.43632420937500005 0.22369965781249998 0.464646921875 0.2613171328125 0.45296270156249996 0.26541098750000003 0.4217079703125 0.25784255 0.402959515625 0.2301610421875 0.40219774375000006 0.224680640625 0.393746965625 0.214783028125 0.35779553124999997 0.214580246875 0.302492796875 0.2053869015625 0.26875 0.1596081921875 0.26875
4 0.5296875 0.386755515625 0.50828046875 0.3976708953125 0.42937365312500003 0.46437835468749994 0.39544996875 0.4828473125 0.296852075 0.5796257390624999 0.2672853125 0.6238690265625 0.27527574375 0.654701765625 0.3166089390625 0.6999260359374999 0.358764190625 0.7191951234375 0.3760274578125 0.7185922765625 0.3945950546875 0.7058448578125 0.41850055937499997 0.6479718140624999 0.42698969531250003 0.5940939843749999 0.4740992171875 0.5077557296874999 0.5156296953124999 0.4596377953125 0.5296875 0.44966931250000003 0.5296875 0.386755515625
4 0.5296875 0.7796790953125 0.49637160937499997 0.7990829203125001 0.46953408437500005 0.82248971875 0.481399159375 0.8652861734374999 0.46576358124999995 0.9124998375000001 0.43850406406250003 0.9238223515625 0.4479796828125 0.9476894999999999 0.4329250203125 0.9620426734375 0.4260002515625 1 0.5296875 1 0.5296875 0.976600284375 0.517334165625 0.9539097453124998 0.5108892078125 0.91783774375 0.5296875 0.8633594296875 0.5296875 0.7796790953125
4 0.5296875 0.7011937296874999 0.428178959375 0.7271416953125 0.38734997031249996 0.74585179375 0.3910437625 0.7526365296875 0.380926940625 0.7599035421875 0.3533057171875 0.7608680984375 0.329498853125 0.77207004375 0.33152660312500004 0.780641390625 0.3632033265625 0.7968195312499999 0.43797793125 0.80976423125 0.4486373125 0.8180341546874998 0.4709589875 0.8137978015625 0.5150597765625 0.78978815625 0.5296875 0.7794230171875001 0.5296875 0.7011937296874999
4 0 0.26875 0 0.3510782875 0.012802825 0.364848834375 0.0303675125 0.372877621875 0.0838836359375 0.3710087984375 0.10923597031250001 0.3545675890625 0.10708765312499999 0.34254358749999997 0.11375181875 0.3353971421875 0.16672538125 0.31799137968749996 0.1675474375 0.292036196875 0.16059628125 0.26875 0 0.26875
4 0.5296875 0.26875 0.20807972812500003 0.26875 0.2074338015625 0.2958286296875 0.2168491359375 0.3179694515625 0.23274778125 0.3277848484375 0.2898371265625 0.3292481078125 0.344076665625 0.3480952015625 0.36818495156250003 0.345524890625 0.427882965625 0.322699009375 0.5260424375 0.312357478125 0.5296875 0.308448628125 0.5296875 0.26875
4 0 0.498195390625 0.0823217359375 0.47476924218749994 0.08689786875 0.45732512343750004 0.063069075 0.4184033140625 0.0687084046875 0.38190931875 0 0.355499553125 0 0.498195390625
4 0.4714850484375 0.383399934375 0.4998680453125 0.3547538703125 0.51765194375 0.3195642078125 0.4278226796875 0.3209726828125 0.330266053125 0.34857747968749997 0.32326210624999996 0.3954897203125 0.346548334375 0.41887459062500004 0.35405648749999996 0.4358967171875 0.380252809375 0.44362407968749995 0.4228081265625 0.4248536984375 0.4714850484375 0.383399934375
4 0.5296875 0.6343531453125 0.473984146875 0.6529480109375 0.46053524531249995 0.663788246875 0.41725651093750005 0.6618427109375 0.3978668546875 0.700545309375 0.382872478125 0.7166248109375 0.3623976984375 0.7242535328125 0.3220893421875 0.7083768140625 0.2970767859375 0.685052228125 0.24873964218750003 0.6867402 0.22047721406249998 0.718838915625 0.2219843296875 0.7619970781250001 0.2276455890625 0.7756268375 0.253841909375 0.7833542 0.25420361874999997 0.7937121578124999 0.2765855765625 0.79120213125 0.284855503125 0.7805427500000001 0.3291974296875 0.763438409375 0.3652694328125 0.7569934515625001 0.373539359375 0.74633406875 0.45543847656249997 0.7158191828125 0.5296875 0.7000262562499999 0.5296875 0.6343531453125
4 0.15935429843749999 0.7503567140625 0.15893230625000002 0.7382724281249999 0.17832196250000001 0.699569828125 0.19837475 0.6798568203124999 0.1928340625 0.6696797140624999 0.170271246875 0.6670107625 0.0895558921875 0.6819284265625 0.091643928125 0.692226103125 0.059567139062499996 0.714087428125 0.1002372046875 0.7403221062500001 0.142211603125 0.7544122125 0.15935429843749999 0.7503567140625
4 0.1822130359375 0.6130123624999999 0.240184721875 0.5902467671875 0.24321538281250002 0.5780419109375 0.22486699375 0.5475708796875 0.1897979015625 0.533239634375 0.0826450859375 0.5335246296875 0.051752064062500006 0.5397887328125 0.046693653125 0.5434222390625 0.050990292187499994 0.5674702421875001 0.0450495390625 0.5953326046875 0.0773893953125 0.6305003375 0.1822130359375 0.6130123624999999
4 0.5296875 0.52107500625 0.4692819453125 0.5182945421875 0.452983234375 0.5465186125 0.4512185515625 0.594976325 0.42462216562500005 0.62528843125 0.4289188046875 0.64933643125 0.4554165484375 0.665695428125 0.527319415625 0.64590020625 0.5296875 0.644538646875 0.5296875 0.52107500625
4 0.5296875 0.3137250109375 0.5278290484375 0.31402351875 0.48160187031249996 0.37613291875 0.32497200312499996 0.4939506156249999 0.3008856453125 0.5466446828125 0.4092002953125 0.4806387093750001 0.5296875 0.3845939375 0.5296875 0.3137250109375
4 0.1946316 0.42417964062499997 0.1871015203125 0.35703375937500004 0.1666048125 0.31453872656250004 0.1275624328125 0.334914865625 0.06258679843750001 0.4045927015625 0.060038415624999994 0.43060816874999996 0.0823217359375 0.47476924218749994 0.1997119390625 0.4706698859375 0.2131005609375 0.458103325 0.1946316 0.42417964062499997
4 0.32723539218750003 0.3607823359375 0.3369905046875 0.3431573625 0.28275096718750004 0.3243102671875 0.237745909375 0.32242501562500003 0.2095218359375 0.30612630625000004 0.22658781874999998 0.3988656609375 0.2445745015625 0.41897873125 0.268743071875 0.418134746875 0.2744426859375 0.3833670765625 0.32723539218750003 0.3607823359375
7 0.5296875 0.8833212765624999 0.6251571234375 0.90381730625 0.6332613578124999 0.89955886875 0.6396671296875 0.8893314765625 0.646394746875 0.872193915625 0.6625464265625001 0.8542874671875001 0.668044809375 0.8529330875 0.702102065625 0.8537257796875 0.720307859375 0.8447612734375 0.7301917031249999 0.8341207140625 0.743116828125 0.8324450765625 0.7529195296875001 0.8341555921874999 0.7567302625 0.8372089984375 0.7543881046875001 0.8450603796875 0.7544908734375 0.8534627875 0.7568208578125001 0.8564817281250001 0.7621583203125001 0.8585824343749999 0.7808685109375 0.8600061546875001 0.7885819328125001 0.8641386359375 0.7887414953125 0.8819306140624998 0.7827481656249999 0.9045205687500001 0.7835284328125001 0.9089857968749999 0.7863749875 0.9115226437499999 0.7963386124999999 0.909778075 0.80198710625 0.8945918718750001 0.804571328125 0.8709343328125 0.8095315124999999 0.8493085687499999 0.8107850953125 0.8117847406250001 0.8078127796875 0.8013390703125001 0.7917774062499999 0.795530540625 0.764768253125 0.7919371843749999 0.7585923734375 0.7972287421875001 0.757856725 0.8130234109375 0.738606971875 0.8125753687499999 0.7311234375 0.8035070546874999 0.7295629078125 0.7945766 0.7257751640625 0.7910296109375 0.7146066578125 0.7868167109375 0.7090514796875 0.7787815171875 0.6742599375 0.7725364328125 0.6721368546875001 0.7650752390625 0.671483709375 0.747271771875 0.66868313125 0.7437477593749999 0.60812248125 0.7285028765625 0.59954765 0.7322562421875001 0.5760152078125 0.749496784375 0.5296875 0.7858333828124999 0.5296875 0.8833212765624999
0 0.62980105 0.4434069625 0.607773709375 0.43894132343750003 0.58558544375 0.437930765625 0.5721667359375 0.43959491718749993 0.566036834375 0.4438993078125 0.5549467484374999 0.4698294640625 0.552144809375 0.4875525140625 0.549396940625 0.5571592625 0.5454225640625 0.6000550671875 0.5498864421875 0.6209119421875 0.557232040625 0.6329417562499999 0.5750348468750001 0.643238490625 0.59851995 0.648232178125 0.63518305625 0.6461208109375 0.6467423765625 0.6419427921875 0.6584396296875 0.6348032703125 0.6698042234375 0.6241971765625 0.678746878125 0.6125464765624999 0.6827077203125 0.6017680578125 0.6832364671875 0.590415640625 0.673861103125 0.5477032359375 0.662650703125 0.4807363140625 0.653228 0.460258140625 0.6471102734375 0.4536922078125 0.62980105 0.4434069625