7 0.715714746875 0.35267746718750004 0.7097154921875 0.43180883281250004 0.7241906609375001 0.4451339765625 0.7336971562500001 0.443377240625 0.73752085 0.4370975953125 0.7483501125 0.44210768125 0.7580705484375 0.4324012703125 0.7691801140625 0.347112053125 0.760565534375 0.3237151171875 0.745017690625 0.3023185046875 0.737548090625 0.3002830953125 0.7288280265625 0.3047709171875 0.715714746875 0.35267746718750004
7 0.7478410156249999 0.301257446875 0.7458041203125 0.30504959375 0.7673210078125 0.336309496875 0.7702527890625 0.355183521875 0.8160737359375 0.4099972421875 0.836659584375 0.41194594687499997 0.8427702671875 0.4005695078125 0.8540635609375 0.3963252734375 0.856064303125 0.3858880984375 0.839157540625 0.3510796359375 0.8257550484375 0.3458259609375 0.81767680625 0.32646475937499997 0.7906578796875 0.3239070859375 0.7635304953125 0.3014143265625 0.7478410156249999 0.301257446875
7 0.8309226890625 0 0.792818584375 0.0119561515625 0.7635126703124999 0.014495268750000002 0.7517553421875001 0.0279938265625 0.7488265328125 0.056939643750000005 0.764838409375 0.069081934375 0.8350297781249999 0.0650998421875 0.864049446875 0.057220342187499995 0.875698321875 0.023786701562500002 0.8706934937499999 0.00205979375 0.859618203125 0 0.8309226890625 0
7 0.684176328125 0.08668437812499999 0.682675771875 0.0945122578125 0.6914681390624999 0.103314490625 0.6897536421875 0.11909204531249999 0.7103756421874999 0.12768577812499998 0.7713467625 0.130800803125 0.786463753125 0.12027692187500001 0.8193794203125 0.1194078328125 0.8264904734374999 0.10281280625 0.8230946593749999 0.0931931015625 0.8032590875000001 0.08733045625 0.777704565625 0.070299875 0.698970921875 0.0641750859375 0.6962199 0.0785262015625 0.684176328125 0.08668437812499999
7 0.82909985625 0.10970142187500001 0.8757042625 0.11942638750000001 0.899185740625 0.13360408906250001 0.939857253125 0.14011078906250002 0.9771691062500001 0.143642815625 0.9874258796875001 0.1379721421875 0.98992680625 0.124925671875 0.9846718859375001 0.10450341249999999 0.9694102906250001 0.0884471828125 0.9153362812499999 0.07668680624999999 0.8657307640624999 0.0826176015625 0.8389619281249999 0.07875528125 0.8248814624999999 0.0907056015625 0.82909985625 0.10970142187500001
7 0.9087675078125 0.19295725156250002 0.9213474203124999 0.18883481093750001 0.9228479765625 0.18100693125 0.9020090640625 0.1325430296875 0.8759543546874999 0.118121740625 0.8242396390625 0.11455462812499999 0.8213108312499999 0.14350044374999998 0.825206828125 0.1505108546875 0.8706330734375 0.1800491109375 0.8899323078125001 0.1818760203125 0.9087675078125 0.19295725156250002
7 0.8258545937499999 0.22230151562499997 0.8585201671875 0.222737071875 0.8742457984375 0.2295389828125 0.8878622328125001 0.22684298281249998 0.895223378125 0.208943309375 0.8779248859375001 0.1966792234375 0.8561579078125 0.1667239671875 0.8069441171875 0.15011038593749998 0.7836072484375001 0.162512796875 0.7778551140625 0.19251967187500002 0.7874339125 0.2040529921875 0.8193853624999999 0.21504751875 0.8258545937499999 0.22230151562499997
7 0.65 0.34899049843749996 0.6629996609375 0.354328940625 0.6977021296875 0.3509723515625 0.7096733984375 0.32952411875 0.706241434375 0.3132593875 0.69591235625 0.3056400078125 0.65 0.2965799953125 0.65 0.34899049843749996
7 0.7606621078125 0.1523708296875 0.7546237296875 0.1770373234375 0.7274631656249999 0.19571938125 0.716853784375 0.27839930625 0.719785565625 0.29727333125 0.727541409375 0.3046491234375 0.7372979984375 0.301587740625 0.7532737218750001 0.307085003125 0.7683907140625 0.296561121875 0.7719281640625 0.2849410953125 0.7843966484375 0.2130637265625 0.772886440625 0.17743779375 0.774492484375 0.1417251546875 0.7664865453124999 0.1356540078125 0.750296878125 0.1381064203125 0.7606621078125 0.1523708296875
7 0.6726317984375 0 0.6883556000000001 0.051215325 0.7017942453125 0.063114028125 0.744252559375 0.06713322968749999 0.750827275 0.04650246875 0.7483595281250001 0.018374121875 0.7408537749999999 0.0096936828125 0.73865826875 0 0.6726317984375 0
7 0.655950228125 0 0.65 0.0129785546875 0.65 0.1049613375 0.6565155765624999 0.10797572656250001 0.673741765625 0.10694975468750001 0.6816754015625001 0.09973084531250001 0.6859631281249999 0.0841968765625 0.694933284375 0.0784044078125 0.69539731875 0.069150084375 0.6839955671875 0.0534592375 0.6896060640625 0.044692090625 0.673699671875 0.0046650421875 0.67459393125 0 0.655950228125 0
7 0.9658432375 0 0.973803503125 0.04502845625 0.971302575 0.0580749234375 0.9824903859375 0.081715446875 0.9946815375 0.14795722656250002 1 0.14846068437499998 1 0.019818628125 0.9926718843749999 0.014934871875 0.9883713140625 0 0.9658432375 0
7 0.7952259109375 0.21807381406249998 0.781395534375 0.2287194890625 0.7758211921875 0.24413166249999999 0.7774663546875 0.26288389375 0.7872952468750001 0.2731125671875 0.8065944796875 0.27493947812499997 0.8194244843749999 0.2695123890625 0.8390099640625 0.27667968125 0.872389665625 0.26655626875 0.8797508109375001 0.2486565953125 0.8472268703125 0.226981309375 0.8369339468750001 0.2260069578125 0.8307871125 0.2307383671875 0.8186350843750001 0.2189614578125 0.7952259109375 0.21807381406249998
7 0.7702136656249999 0.30071865 0.8004144656250001 0.320845703125 0.8305429625 0.3276827 0.854024440625 0.3418604015625 0.8756106609375 0.33859051875 0.88122115625 0.32982337500000003 0.8729289734375 0.3184118453125 0.8595264796875 0.313158171875 0.8382596859374999 0.2805936203125 0.8235344234375 0.26857312499999997 0.8053078640625 0.274817684375 0.7911550937499999 0.27347795 0.7699274203125 0.29537827031249997 0.7702136656249999 0.30071865
7 0.6974520359375 0.3522769984375 0.6743291078125 0.3567297328125 0.6782612578125 0.37038517187500003 0.67261758125 0.42032713125 0.679873240625 0.43031221718749996 0.696563090625 0.4252505125 0.7157870515625 0.3659675234375 0.728327840625 0.3073802109375 0.7205719937499999 0.30000441875 0.7163174484375 0.274363571875 0.684474453125 0.28330413125 0.6860834671875 0.295411334375 0.7031318640625 0.308980065625 0.7091370625 0.3254883859375 0.6974520359375 0.3522769984375
7 0.820485278125 0.0863044859375 0.8484684234375 0.0769985453125 0.8937500609375 0.0799566875 0.93484945625 0.070564040625 0.9402098609374999 0.0631015421875 0.9363831953125 0.0215613453125 0.890637521875 0.027857521875000003 0.8620125546875 0.061012489062499994 0.7856743515625 0.069725990625 0.7988629046875 0.082929340625 0.820485278125 0.0863044859375
7 0.741829878125 0.1891094390625 0.7561604390625 0.175854471875 0.7601257703125001 0.14833509375 0.74357755625 0.13215707031249999 0.7196681984375 0.1338787171875 0.672316484375 0.1758875359375 0.667136840625 0.21657517343750002 0.6964427546875 0.21403605625000002 0.741829878125 0.1891094390625
7 0.65 0.290374034375 0.684474453125 0.28330413125 0.7203550828124999 0.26013425 0.7249983890625 0.21541087656250002 0.721352484375 0.2070958203125 0.6966928453125 0.21273140937499999 0.6770018828125 0.23344887656250002 0.6591700234375 0.26496890156249997 0.65 0.2737603921875 0.65 0.290374034375
4 0.1014204390625 0.5390625 0.09820828125 0.63131545 0.0442555265625 0.7232360921875001 0.059837329687499996 0.77271228125 0.1152155015625 0.8032916390625001 0.15518641093750002 0.7993948078124999 0.1900118703125 0.78317258125 0.2144300671875 0.7322995609375 0.21402280624999998 0.6972995609375 0.1934991828125 0.6529979765625 0.1778632375 0.5390625 0.1014204390625 0.5390625
4 0.1928088265625 0.5390625 0.23742459999999999 0.77401384375 0.22745369062499998 0.7768630515625 0.222250059375 0.75953765625 0.20972096875 0.7574741656249999 0.19007005 0.78817258125 0.1903609515625 0.8131725812500001 0.22137910624999999 0.8996249578125 0.269460909375 0.9479662203124999 0.34908273749999996 0.9126725593749999 0.36111729531250003 0.87223605 0.3382682140625 0.8430217671874999 0.3423664203125 0.7653471640625 0.31361554375 0.658807484375 0.31033011093749996 0.5913947859375 0.2713691453125 0.5390625 0.1928088265625 0.5390625
4 0.489794309375 0.5390625 0.4898064875 0.5401090484375 0.5008828234375 0.632259840625 0.51652280625 0.686736028125 0.5624536906250001 0.76516459375 0.584953690625 0.7643788765625 0.6048082390625 0.7511804609375 0.6067555265625 0.703593159375 0.571290084375 0.6648153859375 0.54291738125 0.5907757078125 0.5379183734375 0.5390625 0.489794309375 0.5390625
4 0.47649966875 0.5390625 0.4330046515625 0.6021169921875 0.42114463437499994 0.6575535015625 0.3738773546875 0.6792122390625 0.3517846171875 0.7149979562500001 0.34972096874999997 0.7525852578125 0.3628609515625 0.8071487484375 0.38568094375 0.8338630312499999 0.4431227625 0.8268550859375001 0.4630354921875 0.8186566703124999 0.47036095156249996 0.803394765625 0.5254773125 0.8114741234375 0.5651573203125 0.7825772921875 0.5034410031250001 0.6371725390625 0.49181897656249995 0.5390625 0.47649966875 0.5390625
4 0.65 0.6689732484375 0.641290084375 0.6623709328125 0.6288482656250001 0.6678074421875 0.6247500593749999 0.7454820453125001 0.587599140625 0.7767915750000001 0.5491700078124999 0.91318840625 0.55199 0.9406011031249999 0.5896936296875 0.9567915750000001 0.6371645406249999 0.9526328375 0.65 0.9379965015625 0.65 0.6689732484375
7 1 1 1 0.8899282203125001 0.98408105625 0.8728330203125001 0.9639442812500001 0.8526459734374999 0.95615305 0.8477905234375 0.8936351218749999 0.854782478125 0.89023823125 0.8578931515624999 0.886399121875 0.8754093328125 0.882964603125 0.8825033375 0.8474995062499999 0.8840354390625 0.84057399375 0.89123899375 0.8287930749999999 0.8939141453125 0.824417578125 0.89691580625 0.821274765625 0.9055376265625 0.81226030625 0.913505359375 0.7931774593750001 0.9113795671875 0.795285190625 0.8956642765625 0.7901380796875 0.8896080546875 0.762831175 0.8895567625 0.7459596171875 0.8931601468749999 0.7411512921875 0.9030917546874999 0.735656125 0.9403610624999998 0.736672425 0.96240565 0.7349787375 0.986142109375 0.737484321875 1 0.7516519828125 1 0.7521890828125001 0.998526553125 0.750325909375 0.975390746875 0.7536757140625 0.9578200578124999 0.7620315078125 0.9547633546875 0.78075678125 0.9558524343750001 0.7864025906250001 0.9544876046875 0.789244309375 0.951813525 0.7908533453125 0.943519284375 0.7899499953125 0.9354436078124999 0.794259625 0.9329330515625 0.8042432999999999 0.932549890625 0.81670173125 0.9359314968750001 0.8245494375 0.9477714015625001 0.84091290625 0.9590646265625 0.8746748656250001 0.9628256421875001 0.8798596062499999 0.9648985312499999 0.8925909578125001 0.9847590687500001 0.8956372437500001 1 1 1
0 1 0.5620837421875 0.9859057921875 0.56300644375 0.966973525 0.5708662312499999 0.9597563093750001 0.5765419703125 0.9467803984375 0.5955325328125001 0.9236985984375 0.6602507015625 0.9067800828125 0.7012318750000001 0.90526515 0.712527240625 0.907241209375 0.72371305625 0.913978575 0.7364261531249999 0.9232941921875 0.7484295796875 0.933560178125 0.75704979375 0.9442213640624999 0.7627233921875 0.98003464375 0.7697035624999999 1 0.7682081390625 1 0.5620837421875