8 0.359375 0.3578494609375 0.33707853593750003 0.3272680484375 0.26983029531249997 0.2783791875 0.1828000078125 0.2416396484375 0.126053240625 0.22759205 0.134806025 0.3506856359375 0.1387723078125 0.4296875 0.3497952296875 0.4296875 0.359375 0.41097787031250005 0.359375 0.3578494609375
8 0.2031287578125 0.06225245 0.169634596875 0.08504227343750001 0.12834545 0.11571032187500001 0.112908296875 0.132720225 0.120440178125 0.17398196562499998 0.1268582625 0.22662691562499998 0.15286306562500002 0.21422222343750003 0.205767484375 0.20701222656249998 0.2653089703125 0.22346457968750003 0.309907190625 0.2640625 0.3103648546875 0.2640625 0.3140625 0.2230071953125 0.3140625 0.20647528125 0.306489421875 0.1713857109375 0.297821684375 0.15158586406250002 0.2904426140625 0.1115775765625 0.2681068828125 0.0822608609375 0.2410985703125 0.055655343749999996 0.2031287578125 0.06225245
8 0.556281521875 0.15920774375 0.553125 0.1595616234375 0.553125 0.1679121 0.5532514265625 0.169778265625 0.567188825 0.2487833875 0.5941377125 0.3493491078125 0.6145822859375001 0.4161150359375 0.6255808421875 0.421875 0.630163575 0.421875 0.6685291859375 0.380653403125 0.6668428828125 0.37189049375 0.69497003125 0.3469966484375 0.7275349953125 0.37148049375 0.75625 0.3532376296875 0.75625 0.3523822484375 0.7302225859375 0.332813634375 0.70368299375 0.2935869109375 0.6706362265625 0.2665993765625 0.6289838328125 0.2277881125 0.5917372921874999 0.1987137171875 0.556281521875 0.15920774375
7 0.359375 0.9203937890624999 0.3554558625 0.927038565625 0.34302123125 0.9341993359374999 0.33480385468749996 0.948131640625 0.3321720359375 0.9648777203125001 0.3288446921875 0.9688812765625 0.3307141265625 0.97963346875 0.327823059375 1 0.34503827187499997 1 0.359375 0.9852888937500002 0.359375 0.9203937890624999
7 0.3047173453125 0.624473265625 0.303737821875 0.6244961609375 0.3039322125 0.6225287265625 0.3019731671875 0.6225745203125 0.30118802968749997 0.620629984375 0.2992289859375 0.6206757749999999 0.2993261796875 0.6196920578125 0.2944285625 0.6198065406250001 0.29433136875 0.6207902578125 0.292372325 0.62083605 0.291004025 0.6247938125 0.288947784375 0.6258233203125 0.28885059062499996 0.6268070375 0.2791525578125 0.6260522843749999 0.2769019296875 0.6290492249999999 0.27592240625 0.6290721203125 0.27572801875 0.6310395546875001 0.2747484953125 0.631062453125 0.27435971875 0.63499731875 0.2733801953125 0.635020215625 0.2731858078125 0.636987646875 0.27416533125 0.6369647515625 0.27397094375000003 0.638932184375 0.2749504671875 0.6389092890625 0.27485327187499997 0.6398930046875 0.2786741703125 0.6407851375 0.2812239640625 0.644651315625 0.2822034859375 0.64462841875 0.2821062921875 0.6456121343750001 0.283085815625 0.6455892375 0.2829886203125 0.6465729546875 0.28494766718750003 0.6465271625 0.28491330000000004 0.646875 0.297617690625 0.646875 0.2976814671875 0.6462295109375 0.2996405125 0.64618371875 0.2997377078125 0.6452000015625 0.30169675156250003 0.645154209375 0.303947378125 0.6421572671875 0.30894218906250004 0.64105906875 0.3090393828125 0.6400753531250001 0.3109375 0.640030984375 0.3109375 0.6317374375 0.3099141265625 0.6312219046875001 0.3101085140625 0.6292544687499999 0.30736433281250003 0.6273557249999999 0.3074615265625 0.6263720078125 0.30550248125 0.6264178015625 0.3047173453125 0.624473265625
7 0.31451091249999996 0.6375 0.32839802812499996 0.6375 0.3549567421875 0.6336727703125 0.356025875 0.6228518875 0.3499467671875 0.615142428125 0.3344687875 0.6135413359374999 0.3151850765625 0.6306766515625 0.31451091249999996 0.6375
7 0.359375 0.691629965625 0.352559265625 0.6935634343749999 0.341597709375 0.7055969953125001 0.3452223890625 0.7453125 0.359375 0.7453125 0.359375 0.691629965625
7 0.1400369765625 1 0.16577955625000002 0.9855394437499999 0.1649868375 0.9737806359375 0.1496060515625 0.9711958265625 0.1108290765625 0.9878053484375 0.0851670921875 0.9903680859375001 0.0670243546875 1 0.1400369765625 1
7 0 1 0.0376483453125 1 0.0395258734375 0.9973236140624999 0.044602707812499996 0.9756131609375001 0.0334315953125 0.9699856171875 0.0332296234375 0.9621387796875001 0.0254906359375 0.9613382328124999 0.00786680625 0.9715646343749998 0.00875671875 0.9823397249999999 0 0.9953071703124999 0 1
7 0.0679223765625 1 0.08418756875 0.9903909828125 0.11278812187500001 0.9877595578125 0.13628908906249998 0.9773957796874999 0.14235303125 0.9654766968749999 0.137739415625 0.9528257578125 0.12607474999999999 0.9423025296875001 0.1192180875 0.942462803125 0.10276816875000001 0.9506988749999999 0.09396004531249999 0.9607192109374999 0.08514434062500001 0.9609252765625002 0.0707582453125 0.9779461109375 0.057246896874999995 0.9861134937500001 0.05128014843749999 0.997048859375 0.047328668750000004 1 0.0679223765625 1
7 0.11576321249999999 0.90819299375 0.0981393828125 0.918419396875 0.07022677187500001 0.9239790765624999 0.06494038125 0.9280284218750001 0.0646563828125 0.9407938437500001 0.0673033703125 0.9436763046875001 0.100704346875 0.9419141140625001 0.108248946875 0.94468209375 0.127054271875 0.9422796328124999 0.1297984515625 0.9441783781249999 0.150368434375 0.9436975546875 0.1584962 0.9405632359375 0.1711328046875 0.9412493015625 0.18513770624999998 0.937977603125 0.18836785625000002 0.9349577640625 0.189324628125 0.9054920593750001 0.18383626718749999 0.901694571875 0.159348190625 0.902266978125 0.1523943375 0.9034109687499999 0.150143709375 0.9064079093749999 0.11576321249999999 0.90819299375
8 0.7551268859375 0.5270521796875001 0.74952459375 0.583895584375 0.7443587328125 0.5908777296875 0.733272275 0.5985137984375 0.7268876125 0.6120421406250001 0.718922284375 0.6232790734375 0.7063833171875 0.6680654625 0.697027465625 0.6937587359374999 0.6952943453125 0.7017129578125 0.6977469609375 0.7078148203125 0.7284104656249999 0.7218572249999999 0.7287080703125 0.721875 0.7482649453125 0.721875 0.755546525 0.718860075 0.7629983671875 0.707186659375 0.8015182656250002 0.61908841875 0.80752095625 0.5962314921875 0.82310985 0.5654109984375 0.8296875 0.5436232859375 0.8296875 0.5169598171875001 0.8207979125 0.5089485140625001 0.79043099375 0.4935609625 0.760687290625 0.49339373281250004 0.7543135203125 0.4950841078125 0.7594374968750001 0.5112869203125 0.7551268859375 0.5270521796875001
2 0.6202763015625 0.8506495468749999 0.6260854874999999 0.8593787031249999 0.6363091031250001 0.8625 0.642435684375 0.8625 0.6489419296875 0.8607998218749999 0.663339853125 0.8625 0.6770927296875 0.8625 0.6915939984375 0.8615141281250001 0.6930138375 0.8598777125 0.6968109609375001 0.8436759687500001 0.696875 0.8429551406249999 0.696875 0.8300321859374999 0.6961877453125 0.8284556453124999 0.6787786171875 0.8269260781250001 0.6551071281249999 0.8177038031249999 0.6346572890625 0.81453728125 0.6255753562499999 0.8106083859375 0.6263208765625 0.8046076624999999 0.6240879749999999 0.803125 0.6226267625 0.803125 0.6168862890625 0.80417010625 0.6150132765625 0.8068429703125 0.61653195625 0.8318283624999999 0.61364118125 0.8459572046874999 0.6147485703125 0.8487940859374999 0.6202763015625 0.8506495468749999
8 0.5631727921875 0.707445228125 0.5796043671875 0.7214127343750001 0.6280002734375 0.8018840062500001 0.6326216546875 0.8058123687500001 0.6346264296874999 0.80625 0.6442157359375 0.80625 0.6602913046875 0.803742678125 0.6810443828125 0.7901069578125 0.6843573359375 0.7862886546875 0.6859375 0.7781866515625 0.6859375 0.7654177859375 0.6827800265625 0.735663415625 0.671928959375 0.68852844375 0.6774893656250001 0.654869996875 0.6729995000000001 0.6420495359375 0.6599411906249999 0.6257366656250001 0.6503658765625 0.6218622625 0.6203541765624999 0.615625 0.618747296875 0.615625 0.5963860999999999 0.6228922875 0.56565395625 0.6470009593749999 0.55906825625 0.655619521875 0.553156871875 0.668602390625 0.55540096875 0.687096078125 0.5631727921875 0.707445228125
5 0.7145342546875 0.6365672375 0.7128530671875 0.6318209375 0.7045970718750001 0.6238552296875 0.695937321875 0.6302368734374999 0.68952334375 0.6309452906249999 0.6758183531249999 0.64725495 0.6767339171875 0.6575109984375 0.6724434109375 0.673767234375 0.67282538125 0.6830958203125 0.6814013593749999 0.72308409375 0.6991321484374999 0.7324693124999999 0.7134801328125 0.74375 0.7171404265625 0.74375 0.7200351656249999 0.7345993828124999 0.7265625 0.7229900625 0.7265625 0.7209689906250001 0.7127165156249999 0.7132137843749999 0.7018930875 0.703065653125 0.6991045109374999 0.695482471875 0.699809825 0.688499790625 0.7087527078125 0.664824925 0.7145342546875 0.6365672375
1 0.684213390625 0.4959866875 0.676721340625 0.5066781484375 0.6757638921875 0.5196070609375 0.678572571875 0.5276812203125 0.687499525 0.588345071875 0.6947285453125 0.5954378078125 0.7028036078125 0.5989847140625 0.7093218390625 0.6 0.7243803343749999 0.6 0.740280603125 0.5943522203125 0.7451139125 0.5913523921875 0.749806496875 0.5849157203125 0.753585196875 0.544056084375 0.75725080625 0.5367464390625 0.7578125 0.53270425625 0.7578125 0.503399784375 0.754655734375 0.4975771765625 0.748513996875 0.49283034062500003 0.7364516671875 0.488737428125 0.7139880875 0.4848069265625 0.698733425 0.48747818593750003 0.684213390625 0.4959866875
1 0.7476092968750001 0.7223574109374999 0.727853875 0.7240461781249999 0.7208552109374999 0.7346831437500001 0.7205829687499999 0.7401383984375001 0.7472348578125001 0.7495246874999999 0.7679661515625 0.759564903125 0.7801217015625 0.7703125 0.795585359375 0.7703125 0.8088566203124999 0.7535689984375 0.8148283140625001 0.7420590609375 0.815625 0.7318001796875 0.815625 0.7203640421874999 0.78496735 0.6906121328125 0.777325359375 0.6855378 0.772925121875 0.6870101984375 0.762854746875 0.70735720625 0.7534092671874999 0.7187576203124999 0.7476092968750001 0.7223574109374999
6 0.831083534375 0.659446028125 0.8137211953125 0.6677048046875 0.7908350703125 0.67939195625 0.7878278625 0.692406346875 0.8166087265625 0.7209331546875 0.8147945859375 0.745793453125 0.7945973562499999 0.7712750046875 0.7818816484375 0.7719748734375 0.773898728125 0.7672200234375 0.7724603421875 0.766674321875 0.765900253125 0.7793765546875 0.7799813484375 0.7947309796875001 0.779649871875 0.8039269921875001 0.7912199531249999 0.8125 0.7927571734375001 0.8125 0.8036716234375 0.8026829531249999 0.8499895437500001 0.7926352015625 0.8898203718750001 0.779781096875 0.8926839828125 0.7632597171875 0.9025097593750001 0.743855665625 0.8861992875 0.7259291953125 0.89913159375 0.7132277281249999 0.9078125 0.6960845812500001 0.9078125 0.6920308921875 0.8938268078124999 0.670130334375 0.8970063328125001 0.661324325 0.8889815343749999 0.6382552953125 0.86938981875 0.6439420265625 0.8554942015624999 0.6504087703125 0.831083534375 0.659446028125