3 0.9221434546875 0.5409116953125 0.895022909375 0.5160824093749999 0.8672872999999999 0.5039142531249999 0.8280034140625 0.505810390625 0.7936185953125 0.5306693921875001 0.672575103125 0.70190870625 0.66173694375 0.7253185078125 0.661335284375 0.7615438578125 0.66973648125 0.76832951875 0.7197951046875 0.7886421609375 0.795071103125 0.7789812546875 0.92349378125 0.6209498625000001 0.9315632265625 0.60261371875 0.9349703078125 0.5644298796875 0.9221434546875 0.5409116953125
3 0.9832929125 0.7548249046875 0.996881021875 0.7357804984375 0.9986078656249999 0.6962395265625 0.9680084890625 0.66713839375 0.9291495671875 0.61236013125 0.8526422390624999 0.705536084375 0.853234003125 0.7133240046875 0.8976536609375 0.7375058984375 0.9250865812500001 0.7622950953125 0.9832929125 0.7548249046875
3 1 0.1373820140625 0.981014378125 0.1118528046875 0.92032729375 0.061448737499999996 0.7740585578125 0.0802208375 0.815669584375 0.2604678078125 0.8805139703125 0.3874042484375 0.89679635625 0.4356433359375 0.9473703562500001 0.5408196281250001 0.9702786484375 0.57248060625 0.9940620156250001 0.5741465765625 1 0.5720017359375 1 0.1373820140625
3 0.831241853125 0.2993613890625 0.775686771875 0.080011871875 0.6276678234374999 0.0990085953125 0.7193544375 0.3420309265625 0.7371269593750001 0.3476138734375 0.831241853125 0.2993613890625
3 0.501775015625 0.1560577734375 0.5031020421875 0.25654499375 0.4932107046875 0.292415471875 0.5009502375 0.352760365625 0.528757596875 0.407384209375 0.5436467375 0.6240889109375 0.5407130671875 0.6685030875 0.56556160625 0.68418731875 0.618902478125 0.680487109375 0.635609825 0.672051796875 0.6397037234375 0.663662515625 0.6374783234375 0.613619359375 0.6670321390625 0.4006474984375 0.6948376515625 0.3514685015625 0.703190403125 0.295349425 0.6318842265625 0.0984674625 0.5103004343750001 0.11407150156250001 0.501775015625 0.1560577734375
3 0.39207193125 0.601077096875 0.41874052187500005 0.4954241515625 0.5077877046875 0.25594363750000004 0.51251996875 0.214444178125 0.50343195625 0.17786395625 0.5081642203125 0.1363644984375 0.5036202125 0.11807438750000002 0.41634463125 0.17331298906249998 0.31709396875 0.1954874421875 0.30351039375 0.2035218484375 0.2753265203125 0.2684771453125 0.26650035625 0.318365884375 0.223337821875 0.45601836406249996 0.1655498390625 0.5672379390625 0.16467476718750002 0.5972329515625 0.189878365625 0.617589934375 0.299873984375 0.653801884375 0.3583739265625 0.6557306578125 0.370277259375 0.646339115625 0.39207193125 0.601077096875
3 0 0.2217808109375 0.0193652765625 0.24156174843749997 0.07533320624999999 0.2516793515625 0.0804922796875 0.257308334375 0.096111153125 0.255303809375 0.41189567499999996 0.1770295125 0.49292370625000004 0.12259272343750001 0.5143167156249999 0.11355605312499999 0 0.17956335625 0 0.2217808109375
3 0 0.567864440625 0.0132686046875 0.7424862984375 0.019516154687500002 0.7416844890625 0.06421911875 0.7280834515625 0.068928084375 0.70703304375 0.0659692640625 0.6680934296875 0.09566842187499999 0.6438357859375 0.1219120484375 0.5948572390625 0.13206339375 0.5416528765625 0.13610884375 0.47035886250000003 0.1239902625 0.3523833390625 0.0977680921875 0.27710999375 0.08361605625 0.2569074296875 0.02272575625 0.2442760140625 0 0.2464791953125 0 0.567864440625
3 0.09867384375 0.6418772953125 0.07822765781249999 0.6633746421875 0.135899128125 0.6544003234375 0.2061607515625 0.665829021875 0.2432909859375 0.6563454125 0.2451128796875 0.638811078125 0.1785900984375 0.614320346875 0.155421796875 0.5999932484375 0.15459332812499998 0.589090159375 0.1681769015625 0.581055746875 0.171205625 0.5586482078125 0.206110459375 0.499121440625 0.23852988593750002 0.4068854 0.24134520468749998 0.36091363906249996 0.256892328125 0.3164534296875 0.25703398125 0.2975619640625 0.2537201046875 0.2539495953125 0.2323736984375 0.22208816250000002 0.100560109375 0.251587284375 0.088656775 0.26097882499999997 0.11345871249999999 0.31756115937499996 0.1293627375 0.38157654218750003 0.1345236546875 0.49100836406250004 0.123118878125 0.589984034375 0.09867384375 0.6418772953125
3 0.35170141250000003 0.713206865625 0.29478665937500004 0.690628590625 0.156558721875 0.656467196875 0.0952900609375 0.6596120812499999 0.0831500234375 0.6658884546875 0.068477971875 0.6803536546875 0.06421911875 0.7280834515625 0.0318929 0.7385232890625 0.022734978125 0.7632902234375 0.0242269609375 0.8244369234375 0.0411244125 0.8600148796875 0.0534642765625 0.8741589265625 0.40216674843750005 0.8294065203125 0.40901967343749995 0.8033626343750001 0.40509073281249997 0.7724113953125 0.35170141250000003 0.713206865625
3 0.5026304765625 0.354117496875 0.4975180078125 0.3075904140625 0.492358934375 0.30196143124999997 0.47719017187499996 0.33064534375 0.4109077859375 0.5168754640625 0.3893032140625 0.6061507546875 0.36438476875000003 0.651813678125 0.31296084375 0.6599861890625001 0.3149728421875 0.6864651265624999 0.327089578125 0.7006378046874999 0.4245900984375 0.7384533734375001 0.46399233593749994 0.73811481875 0.4850302875 0.7244053953125 0.5167880453125 0.6857285859375 0.543765090625 0.625646496875 0.5284025375 0.40271145468749997 0.5026304765625 0.354117496875
3 0.8054035765625001 0.5197202671875 0.843148875 0.49757552968749996 0.8670021468750001 0.43789434531250004 0.8890102234375 0.4161965453125 0.8328037390624999 0.2991609359375 0.7892843015625 0.3283378203125 0.7653359796875 0.3660123703125 0.7126819249999999 0.3995071375 0.675646740625 0.43099738125 0.6585610328125 0.4552089921875 0.635798084375 0.6122622265625 0.638023484375 0.6623053859375 0.6309241640625001 0.6726531546875 0.59547416875 0.6834938937499999 0.6155186953125 0.698221896875 0.659724946875 0.69883956875 0.6884539843749999 0.6825703 0.7043328625 0.663231896875 0.8054035765625001 0.5197202671875
3 0.5335671421875 0.719748959375 0.4922479609375 0.7156152109375 0.47168341874999997 0.7355549734375 0.44524968906250006 0.7405202453124999 0.35506189374999997 0.71592113125 0.36945063437500003 0.7392388640625 0.39609776874999997 0.7578378109374999 0.40520908593750005 0.7739689796875 0.40781284375000004 0.808235840625 0.4009907390625 0.8295574484375001 0.7123575453125001 0.7895966953125 0.683533459375 0.78385933125 0.663133875 0.7644585734375 0.5743896125 0.7381014218749999 0.5335671421875 0.719748959375