10 0.27473390625 0.3272586 0.20661401562499998 0.35314415781249997 0.1698292734375 0.344969771875 0.1275949421875 0.25777631093750003 0.12078295312500001 0.2564139125 0.028139901562500003 0.3790297171875 0.022690309375000002 0.41853925312499995 0.028139901562500003 0.430800834375 0.040401481249999996 0.4417000171875 0.07173663125 0.45259919843749996 0.089447803125 0.4839343484375 0.16846687656249998 0.54524225 0.1780036609375 0.5384302609375 0.21887559531249998 0.5343430687499999 0.28563308906249996 0.539792659375 0.30198186250000003 0.5248062828125 0.3632897640625 0.44033761875 0.3734375 0.4149682796875 0.3734375 0.40970815156249996 0.36873935625 0.3885665015625 0.3523905828125 0.3708553296875 0.2910826796875 0.3272586 0.27473390625 0.3272586
10 0.396496821875 0.5890625 0.39521031875 0.5742677109375001 0.38022394375 0.55383174375 0.36796236250000003 0.548382153125 0.28621849374999997 0.54974455 0.260332934375 0.5415701640624999 0.25352094531249997 0.5333957765624999 0.2344473765625 0.5333957765624999 0.182676259375 0.5374829703125 0.14589151875 0.5592813359375 0.08322121875 0.566093325 0.06414765 0.575630109375 0.057431453125 0.5890625 0.396496821875 0.5890625
10 0.0544576015625 0.5890625 0.054919534375 0.589017796875 0.094429071875 0.5590450453125 0.103125 0.5404109109374999 0.103125 0.5201102484375 0.10260345781249999 0.508636325 0.078080296875 0.45822760625000003 0.059006728125 0.445966025 0.0323016 0.440625 0.031433075 0.440625 0.003148415625 0.45005321875000004 0 0.45261859531250004 0 0.588348040625 0.0019052265624999998 0.5890625 0.0544576015625 0.5890625
10 0 0.20476448593750002 0.023012503125 0.2078125 0.0330246546875 0.2078125 0.069473775 0.204285165625 0.098084128125 0.1511516515625 0.0953593328125 0.138890071875 0.0830977515625 0.1293532859375 0 0.1293532859375 0 0.20476448593750002
10 0 0.2905466625 0.0070163484375 0.2961597421875 0.022377378125 0.3 0.02632835 0.3 0.05606267031249999 0.2975221375 0.07922343281250001 0.2852605578125 0.0928474109375 0.27027418281250004 0.0953125 0.238228021875 0.0953125 0.23435240624999998 0.077861034375 0.2007918921875 0.0574250671875 0.20760388281250003 0.027452315625 0.20760388281250003 0 0.20408435468750002 0 0.2905466625
10 0.3324250671875 0.2904483140625 0.3623978203125 0.2918107125 0.42370572187500005 0.26320035625 0.4373297 0.24685158437500002 0.4373297 0.22096602656250003 0.38692098124999996 0.129685371875 0.1008174390625 0.129685371875 0.095367846875 0.16238292031249998 0.08174386875 0.19099327187499998 0.10354223437500001 0.2127916375 0.1253406 0.2127916375 0.122615803125 0.2454891859375 0.126702996875 0.257750765625 0.162125340625 0.33268264687500004 0.181198909375 0.35039381875000003 0.1946387453125 0.3515625 0.2158191890625 0.3515625 0.2643051765625 0.3285954515625 0.30653950937499996 0.32314586093750003 0.33106267031250003 0.305434690625 0.3324250671875 0.2904483140625
10 0.5414607515625 0.5890625 0.4906313875 0.353642284375 0.47428261093749996 0.32503193124999996 0.44567225937500005 0.3195823390625 0.3421300234375 0.3604542734375 0.36937797968749997 0.3877022296875 0.374827571875 0.4190373796875 0.3625659921875 0.44492293906249997 0.3067076796875 0.5198548187500001 0.3067076796875 0.5266668078125 0.33259323749999997 0.529391603125 0.34485482031250003 0.5457403765625 0.36801558125 0.5498275703125 0.3898139484375 0.5661763453125 0.39526303125 0.5890625 0.5414607515625 0.5890625
10 0.4388411109375 0.22629215 0.4361163140625 0.2494529125 0.42521713281249995 0.26171449375 0.369358821875 0.2876000515625 0.3829828 0.30803601875000003 0.39652304374999997 0.3109375 0.403996625 0.3109375 0.5001490125 0.25217770625 0.509375 0.2310897359375 0.509375 0.22988489374999999 0.4797130453125 0.1826954203125 0.4347539171875 0.1295619046875 0.3857075953125 0.1295619046875 0.4388411109375 0.22629215
8 1 0 0.9133107859375 0 0.9104900718750001 0.008042859375 0.8928682109375 0.058758971874999996 0.8745866921874998 0.11508089218749999 0.8716309156250001 0.1245365359375 0.9380523296875 0.1515625 0.9385176937499999 0.1515625 0.9424930687499999 0.14411014375 0.9451936796875 0.14392650625 0.9656663296874999 0.1047840125 0.9625774046875 0.09447674843750001 0.9630674718750001 0.0880584328125 0.9652406124999999 0.0765181109375 0.9712412328125 0.06392182187499999 0.9747102328124999 0.059051434375 0.9790035046875001 0.054297179687499995 0.983345546875 0.050960085937499996 0.9882561265625001 0.0458697109375 0.9939267640625001 0.0430018671875 0.999755584375 0.0391690953125 1 0.0389788796875 1 0
8 0.8127630734375 0.06159715 0.810002965625 0.0632097828125 0.777804309375 0.09520075312500001 0.7644713281250001 0.094323053125 0.7573068078125 0.0893106640625 0.7963153953125 0.0492723828125 0.7949251859375 0.0455738953125 0.7749957421875 0.039263465625 0.7522327796875 0.038057946875 0.73655415 0.042353896875000005 0.7271377078125 0.048032484375000004 0.7131971078125 0.06608341875 0.7023847468750001 0.101587825 0.6984952921875001 0.1070443453125 0.6984557312499999 0.1255526375 0.7106875109375 0.178814540625 0.7177187453125 0.1968178953125 0.72199160625 0.2015625 0.7252217734374999 0.2015625 0.7346339875 0.200201790625 0.773282278125 0.1806281125 0.791494003125 0.1821931671875 0.8216281875 0.17192782812500002 0.8359900187499999 0.16044111249999998 0.8431941000000001 0.146945209375 0.846875 0.1293831328125 0.846875 0.11992605781250001 0.8439079234375001 0.1030127984375 0.828074634375 0.0747626 0.8165858859374999 0.0626361109375 0.8127630734375 0.06159715
8 0.93483788125 0.29338461875 0.9312937671875 0.29288529531249996 0.9287067312499999 0.29286732031249996 0.9252502765624999 0.293939615625 0.9213963843750002 0.293223396875 0.91838195625 0.29054643125 0.916775384375 0.2887608171875 0.9055147453125001 0.2826697921875 0.8890223015625001 0.2758416734375 0.804474540625 0.22954526406250003 0.8031753500000001 0.22726351562499997 0.8026473031249999 0.2245307515625 0.8016431125000001 0.22215064999999998 0.7998005109375 0.22063182656250002 0.7962085218749999 0.2187266203125 0.7925752453125 0.2187743953125 0.7847085859374999 0.2250815203125 0.7742629859375001 0.2360622140625 0.7665656625 0.24729018125 0.7570675828125 0.266099628125 0.753131 0.273100378125 0.7518929078125 0.2791260484375 0.7515625 0.2818407796875 0.7515625 0.2869063125 0.752988228125 0.29651992968749996 0.755045396875 0.30379876875 0.7543419578125 0.3109216375 0.7531443624999999 0.31681005 0.7531964062500001 0.3235734296875 0.75421295 0.33125 0.771992728125 0.33125 0.778231240625 0.3252367890625 0.8096144109375001 0.32499894375 0.871961259375 0.32283338125 0.9151422171875 0.3228598984375 0.9299933765624999 0.31866212968749996 0.9423108812500001 0.31434036249999997 0.9453125 0.30014109375000003 0.9453125 0.2974146953125 0.9426311296875 0.29534884687499996 0.9414497640625001 0.2951824078125 0.9376236328124999 0.29429685 0.93483788125 0.29338461875
10 0.55 0.5890625 0.2936672921875 0.5890625 0.2952394828125 0.5901969359375 0.325865096875 0.6088420078125 0.3637599234375 0.6400277328125 0.38894175625 0.65802124375 0.40992549062499994 0.6842764156250001 0.41514856250000004 0.6942916984374999 0.419005775 0.7082125671874999 0.417706446875 0.731353540625 0.405677540625 0.75862080625 0.4008709625 0.7629194375 0.3909940125 0.7793996765625 0.38882769375000004 0.7896931203124999 0.40485214999999997 0.7980500328125 0.459163753125 0.815625 0.48762597812499997 0.815625 0.503798621875 0.8088197296875 0.5138766375 0.7992496593749999 0.5208351734375001 0.7841639984375 0.55 0.6844145796875 0.55 0.5890625
10 0.19624039843750002 0.5890625 0.1743338890625 0.6123372781249999 0.1380997484375 0.6551747046874999 0.063201359375 0.759025971875 0.0486040015625 0.78276634375 0.047353040624999995 0.7906205921874999 0.048162584375 0.8014937890624999 0.054895128125000005 0.812539328125 0.1501590421875 0.9001356953125 0.19863454687499998 0.9390267703124999 0.22117612343749998 0.9510254703125 0.22936333593749997 0.9527431906249999 0.24248527343749998 0.953125 0.24749554062499998 0.953125 0.2586741 0.9516233828124999 0.275676646875 0.9427479625 0.3014540796875 0.9134149109375 0.3345974609375 0.8660490624999999 0.338009459375 0.8646688453125 0.3599138328125 0.87171735 0.366651659375 0.865995415625 0.38079851875 0.84372143125 0.3755323625 0.8322253953125 0.3678844609375 0.8236190484374999 0.3686849234375 0.8172311875 0.4004337265625 0.77278375625 0.4149736359375 0.74706905 0.41856325781250003 0.7348443609374999 0.41875 0.7311843109375 0.41875 0.7183610093749999 0.41783080625 0.70967160625 0.4134369234375 0.694255625 0.40406412031250005 0.6772152765625 0.3893049859375 0.6614976984375 0.3534993859375 0.6343180890625 0.3090012703125 0.5965290765625 0.29846860625 0.5890625 0.19624039843750002 0.5890625
10 0.0099311921875 0.5890625 0.010419509375 0.5931423625 0.0269897171875 0.6202554453125 0.032083531250000005 0.6258284796875 0.0547543625 0.6422694296875 0.07058683593750001 0.660977234375 0.07435787968749999 0.6719366 0.0738877375 0.6896768796874999 0.0871723953125 0.7125 0.0927519578125 0.7125 0.10479150781249999 0.7009325640624999 0.13513136718750002 0.6589099640625 0.164670765625 0.623275221875 0.1690752125 0.6051562546875 0.17107076875 0.5890625 0.0099311921875 0.5890625