9 0.3188930578125 0.65 0.3265035640625 0.6445088859375 0.3479793671875 0.6341985171875 0.3660699234375 0.6217639203124999 0.396569540625 0.6059728046874999 0.40421816718750003 0.59698620625 0.40434695156249995 0.5925668953125001 0.40109049218750004 0.58602335625 0.36671236875 0.54902221875 0.3563510359375 0.532805971875 0.3235770484375 0.49145413437499996 0.31037044375 0.488381465625 0.3014324859375 0.4909160078125 0.2896296859375 0.49036712031249996 0.24697331562499997 0.4839580953125 0.1878214828125 0.5028420437500001 0.1427400796875 0.5120546375 0.11881966875000001 0.5217596203125 0.114770925 0.5255049328125 0.11497652031250001 0.5353484921875 0.1335693859375 0.5563728421875 0.158589315625 0.5934304781249999 0.1707889953125 0.614157515625 0.177664915625 0.631686775 0.19091654062500002 0.65 0.3188930578125 0.65
2 0.23010538593750002 0.147206015625 0.1888189390625 0.12758480156250002 0.18242575625 0.12728748750000002 0.175832240625 0.1338646578125 0.16754873125 0.147738728125 0.14021593593749998 0.206946703125 0.13305004375 0.23316524843750003 0.1261665546875 0.2834902171875 0.1105115578125 0.3137392765625 0.0975783125 0.35198210625000004 0.0941124734375 0.3695221203125 0.093811975 0.37983384375 0.0971023171875 0.40211335468750004 0.0945251390625 0.43985438906249996 0.095714303125 0.4497436890625 0.1013724421875 0.45836571875 0.11921068906250001 0.4714877796875 0.182235771875 0.4886780421875 0.20086630312499998 0.491511253125 0.23737274687499998 0.489275378125 0.2512714671875 0.4854964375 0.2982680265625 0.49505750156249995 0.305673396875 0.49441848750000006 0.35658022031250003 0.3360000484375 0.3835643265625 0.271858859375 0.384375 0.2680536140625 0.384375 0.2576521078125 0.3807800765625 0.2491111859375 0.3552826734375 0.21153964374999998 0.31881389375 0.1955843765625 0.23010538593750002 0.147206015625
6 0.379321965625 0.34973767499999997 0.361971715625 0.37056560156249996 0.36510465625 0.39824648749999997 0.3874357109375 0.4203125 0.389064990625 0.4203125 0.41217276406250003 0.405352378125 0.42049919999999996 0.390005203125 0.425 0.37481687343750003 0.425 0.3693085109375 0.4204314359375 0.3585332625 0.41296356718749994 0.34441837343750004 0.3941613234375 0.3474775765625 0.379321965625 0.34973767499999997
10 1 0 0.9817293249999999 0 0.96157480625 0.009074115625 0.9119823890625 0.0647539421875 0.8815518640625001 0.056953584375 0.8640385437500001 0.1096182265625 0.8842850859375 0.1427428578125 0.977442815625 0.2265054421875 0.9912443 0.23125 0.9964866609375 0.23125 1 0.22994424218749998 1 0
1 0.45 0.10632706249999999 0.46488716874999997 0.12656879375000002 0.552542596875 0.184197078125 0.5946557312499999 0.21907377499999997 0.6637131890625 0.2327618890625 0.6648157671874999 0.2566445796875 0.6582964546875 0.2682986671875 0.6704215640625 0.27172782500000003 0.6961883343749999 0.258264628125 0.7248382718749999 0.26737455312499997 0.733741209375 0.2608267171875 0.7325351359375001 0.24799507968749998 0.6906575109374999 0.2115733046875 0.7186473687499999 0.1731533625 0.675827703125 0.142911896875 0.65621271875 0.136760109375 0.628608315625 0.11041882343750001 0.5451170984375 0.0565872234375 0.5189257578124999 0.020975475 0.500017303125 0.0101884546875 0.4824754609375 0.042296075 0.468230759375 0.0527726109375 0.47622017968749997 0.072962109375 0.45 0.06896546718749999 0.45 0.10632706249999999
6 0.48873766874999997 0 0.511671390625 0.016707768749999997 0.5360821453125 0.053629084375000004 0.5735315265625001 0.0672422265625 0.578270253125 0.05689770625 0.6336290015625 0.046364125 0.6681573578125001 0 0.48873766874999997 0
0 0.3617805609375 0.7247673171875 0.3330146703125 0.7235814171875 0.3202716671875 0.72817501875 0.313207259375 0.736978353125 0.294457059375 0.7388297921875 0.28870707812499996 0.74176285 0.24784539687499998 0.9037805421874999 0.2503807 0.9083803781249999 0.266721115625 0.9172911062499999 0.324767334375 0.9310133484375 0.341179140625 0.9327812890625001 0.34562577656250004 0.93111970625 0.3493770515625 0.9257396609375 0.3515677625 0.915955871875 0.3527406859375 0.8788723984375 0.357401490625 0.8557824468749999 0.36835995312500003 0.8273134890625 0.3815854203125 0.802367940625 0.39375 0.7655231765625 0.39375 0.7536153000000001 0.3894781609375 0.742097509375 0.382189778125 0.73142923125 0.37250269375 0.726924321875 0.3617805609375 0.7247673171875
1 0 0.65 0 0.9724538703124999 0.058323721875 0.71197824375 0.071875 0.6699385875 0.071875 0.6578899109374999 0.068324703125 0.653665609375 0.0597402375 0.65 0 0.65
1 0.13760195 0.6918066406250001 0.1278053296875 0.687790925 0.09732011093750001 0.6806356671875 0.08868405625 0.689634053125 0.0727866875 0.6992165546875 0.06404109687500001 0.708704128125 0.0578738625 0.7498951328125 0.0553483640625 0.7861952796875 0.0525976171875 0.8485225921874999 0.0551329203125 0.8531224265624999 0.0714351921875 0.85537955625 0.20067521875 0.859375 0.21659049375 0.859375 0.23179707187499998 0.8579890078125001 0.2548351453125 0.8529103734374999 0.26113280625 0.84753136875 0.2640625 0.8280770578125001 0.2640625 0.7296646796874999 0.26201781562500004 0.72757150625 0.20398268125 0.7092504640625 0.1410024578125 0.697091759375 0.13760195 0.6918066406250001
0 0.3455838875 1 0.343231365625 0.9694587359375 0.33658421562499996 0.9400041281250001 0.3324280375 0.9335445406249999 0.320791475 0.9286474484374999 0.25944320468750004 0.9137496984375 0.2373798703125 0.9190244249999999 0.2186075109375 0.9300734578125001 0.20997145625 0.9390718421875001 0.20396915937500001 0.9567796703125 0.20757765625000002 0.9656852046875001 0.2071444203125 0.9880919531250001 0.208950934375 1 0.3455838875 1
6 0 1 0.214427234375 1 0.2135757890625 0.99091990625 0.21598557187499998 0.9801577375000001 0.211095890625 0.9633260859374999 0.1906103796875 0.9433569734375 0.1781910828125 0.9260330140624999 0.1706233203125 0.9188871078125 0.15076177968749999 0.9097792468750001 0.14150175781250002 0.9079163781249999 0.1154410109375 0.9082971328125 0.0718349578125 0.9051482390625001 0.0620764859375 0.9077861234375 0.0486762703125 0.9153148625 0.027176598437499998 0.9339948343750001 0.0178833328125 0.9459283562499999 0.0027083859375 0.9704817203125 0 0.9818117171875 0 1
4 0.133496646875 1 0.13360283906249998 0.9932355968750001 0.137074734375 0.9913779250000001 0.138547925 0.9870732640625001 0.1473808875 0.98629409375 0.163924390625 0.9783752515625 0.16685968906249998 0.9743647281250001 0.16731999375 0.9632103765625001 0.15438008281249999 0.9595847640624999 0.1383190453125 0.9471516624999999 0.1312768 0.9467574015625001 0.119081478125 0.9489050546875 0.1148809765625 0.96084065625 0.10240627499999999 0.96651068125 0.0718878140625 0.9731518140625 0.059752799999999995 0.9727554749999999 0.051188135937500004 0.974611071875 0.050470614062499995 0.9800901984374999 0.056077815625000006 0.9914427218749999 0.056846871875 1 0.133496646875 1
7 0.5944875296875 0.65 0.5938342671875001 0.657898875 0.597407090625 0.6760485843749999 0.5954370265625 0.6937344234375 0.5974582328125 0.706105325 0.605083615625 0.7304691 0.6177517015625 0.7552096953125 0.6260405921875 0.7776857546875 0.6341457875 0.8146529703125 0.6376063515625 0.840295103125 0.635442365625 0.8664607484375001 0.6227642171875 0.8847869703125 0.6219986750000001 0.9001784546875001 0.616200659375 0.9212044671875 0.614281653125 0.9444079640625 0.61900794375 0.9547456625 0.62460189375 0.960727190625 0.649876696875 0.97414029375 0.6790611125 0.9832258390625 0.689886953125 0.984375 0.7033711953124999 0.984375 0.70810258125 0.9817697625000001 0.714584559375 0.970878734375 0.7214849843750001 0.936523053125 0.7286202453125 0.9177329593750001 0.7276096421875 0.9115475078124999 0.722597540625 0.9046656515624999 0.7233733093750001 0.8952855124999999 0.7331217640625 0.869438253125 0.749290996875 0.845710040625 0.7886014859375 0.80597736875 0.8190719187500001 0.7627030109375 0.8330873109375 0.74661270625 0.8421416578125 0.7291582 0.8566877578125001 0.682110825 0.8589158171874999 0.65 0.5944875296875 0.65