6 0.459375 0.2575155984375 0.45490555156249995 0.2578257 0.37621489375 0.308394921875 0.3404026328125 0.3185111671875 0.337813975 0.320572515625 0.3373097875 0.32991164687499996 0.33451795156249997 0.3337120171875 0.3125068421875 0.341250315625 0.28160851249999996 0.3595457140625 0.26256984375000003 0.3768091734375 0.2448706515625 0.407726840625 0.24048347812499998 0.42015799375 0.23566737031249999 0.45133174687500005 0.2376013328125 0.48501658281250004 0.23242401250000003 0.5343532640624999 0.235704984375 0.5464614625 0.2306781671875 0.6146050875 0.23198001875 0.6235575578125 0.23593825468750002 0.629869009375 0.23985886562499997 0.6314787265625 0.2570613953125 0.619883334375 0.26731819375 0.617499034375 0.2867030203125 0.6073203453125 0.29805096875000003 0.6056443953125 0.3192042046875 0.635591303125 0.3244320421875 0.65 0.4041061375 0.65 0.42448126249999996 0.633775296875 0.4430759484375 0.61528815 0.459375 0.5878720828125 0.459375 0.2575155984375
7 0.3533353015625 0.8742641499999999 0.3019196171875 0.89117923125 0.2725232234375 0.8945925578124999 0.2582410890625 0.8992911906250001 0.25029590156250003 0.906598325 0.2484375 0.9129545718750001 0.2484375 0.9147149906250001 0.2503519171875 0.92848184375 0.25561270625 0.9394620640625 0.2561087859375 0.9537697875 0.266198628125 0.95625 0.2868467171875 0.95625 0.323262825 0.9426279687499999 0.3452581125 0.9396939765625 0.3855721359375 0.9234979015625001 0.4067232984375 0.9198638499999999 0.4203933390625 0.9053933828125 0.4375 0.8984403343749999 0.4375 0.8866598890624999 0.4372558546875 0.8816594 0.4297747328125 0.8708229812500001 0.40619520624999994 0.873104846875 0.39352130937499996 0.8678878437499999 0.382315634375 0.867858853125 0.3533353015625 0.8742641499999999
7 0.459375 1 0.459375 0.9151378734375001 0.446860684375 0.9090893437500001 0.4216049078125 0.9046872109375 0.41058326406249995 0.9167219687499999 0.4036542328125 0.9420767906249999 0.3963331421875 0.9538718796874999 0.3933246984375 0.9751991390625001 0.38493689531249997 1 0.459375 1
7 0.11021014843750002 1 0.110043446875 0.9890722203125 0.1243375828125 0.9790897046874999 0.1675760484375 0.9785535375000001 0.1847146078125 0.972915178125 0.19859268125 0.9599406921875 0.21012240312500002 0.9569297796875 0.2152111625 0.950562371875 0.21777954375 0.9368109062500001 0.2256087140625 0.9340396578125001 0.2263608234375 0.92870784375 0.2209840171875 0.9222635125 0.22079998750000002 0.9101997640625001 0.2126827703125 0.9001592703125001 0.1968283984375 0.8989218984375 0.18762302343749998 0.9025370031250001 0.167768053125 0.8940114390625 0.1438764796875 0.8940493265624999 0.13467110468750002 0.897664434375 0.112847846875 0.9179460531250001 0.08778809843749999 0.9203237874999999 0.0694466921875 0.928052659375 0.070764225 0.9375272328124999 0.07481016874999999 0.9558818468750001 0.0734686359375 0.9569750375 0.07945168281250001 1 0.11021014843750002 1
7 0.22234534374999998 0.65 0.22202409531249997 0.650493665625 0.2111184671875 0.657992534375 0.1958161890625 0.6929464015625 0.19775648750000002 0.7230099046875 0.201225009375 0.7318420125 0.2233803265625 0.75153953125 0.234550003125 0.7674201640625 0.2499763109375 0.7709494484375 0.260129828125 0.76878239375 0.286069703125 0.7512530765625 0.3030242328125 0.73355096875 0.33371681875000003 0.7179780296875 0.3460106515625 0.70435141875 0.35253561875 0.6707207453125 0.3488861828125 0.65 0.22234534374999998 0.65
7 0.31753441250000003 0.7680834828125 0.3093691953125 0.7791785125 0.310837415625 0.7843665265624999 0.31769444375 0.7907149921875 0.32571964375 0.7947236109375 0.3293161828125 0.79373595 0.33610519375000003 0.7834847796875 0.3569443078125 0.77760675 0.37123844375 0.7676242375 0.40345925156250007 0.7308199046875 0.4084559953125 0.718420621875 0.42021775000000006 0.70633793125 0.419721671875 0.6920302078125 0.412136534375 0.6804457953125 0.39925460468749996 0.67373280625 0.3881529453125 0.6744518078125 0.34410236875 0.706739196875 0.323655315625 0.72617695625 0.31694631875 0.7477438828125 0.31753441250000003 0.7680834828125
7 0.29156256406250003 0.8927864046874999 0.3055206515625 0.8911276765625 0.34244616875 0.87741524375 0.3431982796875 0.872083428125 0.35889262187500004 0.85068929375 0.35935668593750003 0.8325457374999999 0.36784595000000003 0.8184108046875 0.3662737140625 0.8124747984375 0.35698832343750003 0.804774146875 0.343990378125 0.8025970484375 0.33370884375 0.8145838734374999 0.31190958750000003 0.82429773125 0.2869858703125 0.8598747343750001 0.2764723046875 0.8809333359375 0.26417846875 0.8945599468750001 0.27550016093749996 0.8900530484375 0.29156256406250003 0.8927864046874999
7 0.26730292968749997 0.8686968 0.27822454531249996 0.8076111265625 0.2778444828125 0.7887675125 0.2743759625 0.7799354046875 0.2647785234375 0.7699907765624999 0.22778499062500002 0.7671035734375 0.22111199374999999 0.77281885625 0.21903969375000001 0.8008780468750001 0.2113025375 0.8096811671875 0.2153951546875 0.8230012328124999 0.2165153265625 0.8417969109375001 0.222284196875 0.8618009750000001 0.2533768578125 0.9028068078124999 0.270435403125 0.8858526921875001 0.26730292968749997 0.8686968
7 0.163107315625 0.7584620515625 0.16914023125 0.8018456171875 0.1810740171875 0.807110553125 0.1978525296875 0.8203637390624999 0.21904770624999997 0.8438970890625 0.22054391406249998 0.7902144171875001 0.21543514218749998 0.7588466671875 0.21091446249999998 0.7478185140625 0.2064857984375 0.742822234375 0.20035688125 0.741709715625 0.1670519015625 0.743866725 0.163107315625 0.7584620515625
7 0.394697965625 0.81818118125 0.3722626140625 0.828690965625 0.3482750390625 0.8709999015625 0.3699462796875 0.8711058140624999 0.3896172203125 0.86756763125 0.4075759078125 0.8731970921875 0.422806184375 0.869946509375 0.4216179953125 0.83455119375 0.4275748828125 0.8183160828125 0.4171333171875 0.8076713984375001 0.4042393890625 0.806242290625 0.394697965625 0.81818118125
0 0.78485968125 0.65 0.7869915671875 0.6639756953125 0.7941840265625 0.677864584375 0.8028645828125001 0.6895213296875 0.807080853125 0.69324156875 0.820721725 0.7016741078125001 0.8346106140625 0.705890378125 0.8470114078125001 0.7073784734374999 0.862202353125 0.7078125 0.8645840640625 0.7078125 0.8787574390625 0.703658234375 0.88545386875 0.6996899812499999 0.8928943437499999 0.6897693453125 0.9057911703125001 0.665959821875 0.913943309375 0.65 0.78485968125 0.65
7 0.6658584015625 0.65 0.655084325 0.6677455375 0.64764385 0.706187996875 0.6563244046875 0.7483506953125 0.6674851187499999 0.7892733140625 0.6588045640625 0.7892733140625 0.6513640875 0.8215153781250001 0.6526041671875 0.8388764890625 0.686086309375 0.8525173625000001 0.6879092218749999 0.853125 0.68917410625 0.853125 0.68856646875 0.8525173625000001 0.7009672625000001 0.8239955375000001 0.7146081343749999 0.8029141875000001 0.7146081343749999 0.7917534734375 0.7493303578124999 0.780592759375 0.77041170625 0.7607514890625 0.7939732140625 0.7223090296875 0.801413690625 0.6851066484375 0.789012896875 0.668985615625 0.7874735234375001 0.65 0.6658584015625 0.65
0 0.769097221875 0.9757192453125001 0.784722221875 0.972991071875 0.79637896875 0.9690228171874999 0.82862103125 0.9494295640624999 0.847222221875 0.9340525796874999 0.8678075390625001 0.910987103125 0.88467261875 0.8844494046874999 0.888144840625 0.87725694375 0.8916170640625001 0.8648561515625 0.891369046875 0.851711309375 0.884424603125 0.83583829375 0.8663194437499999 0.810540675 0.8576388890625001 0.8003720234375 0.8333333328125001 0.7760664687500001 0.827380953125 0.7713541671875 0.8172123015625001 0.7673859125 0.80927579375 0.7661458328124999 0.7986111109375 0.7663938484375 0.78720238125 0.7688740078125 0.7601686515624999 0.780034721875 0.749255953125 0.785491071875 0.7356150796875001 0.7939236109375 0.722222221875 0.8035962296875001 0.7051091265625 0.8102926593750001 0.6989087296875001 0.8162450390625 0.6986607140625 0.8231894843750001 0.6897321421875 0.8318700390625 0.688244046875 0.8345982140625001 0.68427579375 0.8504712296875001 0.67782738125 0.860391865625 0.6763392859375 0.8690724203125001 0.6768353171875 0.87626488125 0.68427579375 0.8839533734374999 0.68799603125 0.8908978171874999 0.6941964281249999 0.89833829375 0.7048611109375 0.9149553578124999 0.7083333328125001 0.9256200390625 0.7100694437499999 0.942237103125 0.7202380953125 0.964806546875 0.7259424609374999 0.9712549609375 0.731646825 0.9749751984374999 0.7418154765625 0.9796875 0.7509920640625 0.9811755953125001 0.7584325390625001 0.9796875 0.769097221875 0.9757192453125001
8 0.846230159375 0.9372767859375 0.8474702375 0.93603670625 0.8487103171874999 0.9372767859375 0.849950396875 0.93603670625 0.8549107140625001 0.9372767859375 0.853670634375 0.933556546875 0.8983134921874999 0.9471974203125001 0.9417162703125002 0.942237103125 0.968998015625 0.933556546875 0.9578373015625001 0.8988343249999999 0.9615575390625001 0.8566716265625001 0.9764384921874999 0.841790675 0.9801587296874998 0.7959077375 0.9677579359374999 0.7686259921875 0.9429563484374999 0.7562251984375 0.8710317453125 0.748784721875 0.85987103125 0.80086805625 0.8859126984374999 0.82938988125 0.8921130953125 0.8690724203125001 0.846230159375 0.9372767859375
1 1 0.7374689984375 0.993799603125 0.7376240078125 0.96279761875 0.7425843249999999 0.96279761875 0.7438244046875 0.9603174609374999 0.7450644843750001 0.9603174609374999 0.7661458328124999 0.9764384921874999 0.78350694375 0.9801587296874998 0.810788690625 0.9727182546875 0.8380704359375001 1 0.8380704359375001 1 0.7374689984375