9 0.6607696046875 0.24326885156250003 0.7226917765625 0.25976198125 0.7850898468749999 0.2792987953125 0.804316221875 0.27950189999999997 0.8088828828124999 0.272903084375 0.813150125 0.2592742140625 0.8141661765624999 0.24735822500000001 0.8228664359375 0.219114675 0.8361226500000001 0.18727286406250002 0.8368071562499999 0.1773285 0.8555739031249999 0.12446423437500001 0.8561033468750001 0.11250512187499999 0.8421174312499999 0.0987593953125 0.83131053125 0.08079313125000001 0.815626840625 0.06539619062499999 0.7922188921875 0.0548174828125 0.7599504734375 0.026445007812499997 0.708950215625 0.01842355625 0.68356370625 0.01667403125 0.677465040625 0.020635825 0.6710855921875 0.0350780109375 0.6546824906250001 0.062138676562499995 0.6342500937500001 0.1043500546875 0.6291139359375 0.111398653125 0.6135797468749999 0.1450395921875 0.576123990625 0.20625264843750002 0.5716187984375 0.218359675 0.5845085578125 0.221002734375 0.6254236921875 0.23613445312499998 0.6607696046875 0.24326885156250003
9 0.49459813906249994 0 0.4378448171875 0.1034527265625 0.4488282 0.1174326171875 0.45575294218749995 0.1320533328125 0.47931317343749996 0.1681583515625 0.49203437968749997 0.19529878750000002 0.497769375 0.20231029375 0.544325909375 0.22794698593749999 0.5938128 0.25084185937500003 0.5974677140625 0.2496650078125 0.6004916687499999 0.2434297265625 0.6005452109375 0.22842693125000002 0.5953690015624999 0.2239662 0.5750250546875 0.218661540625 0.57332728125 0.21701032812499998 0.5736695359375 0.21203814531249998 0.5784955625 0.20096005468749997 0.6016497109375 0.1689949046875 0.6160956734375 0.1447623046875 0.656297378125 0.0642827953125 0.6681231109375 0.0468215046875 0.673871596875 0.027320887500000002 0.63652695 0 0.49459813906249994 0
9 0.4296875 0.35603153593750003 0.44034085 0.3588021015625 0.4535407375 0.3654746515625 0.48028276718749996 0.3738475734375 0.50258385625 0.3763241671875 0.5051211984374999 0.3700457625 0.5076105656250001 0.33174701875 0.50688600625 0.3301820546875 0.4987687328125 0.3314637 0.49609774062500006 0.329726240625 0.500212703125 0.29057105625 0.51079 0.2364807828125 0.512862153125 0.224158134375 0.5108435421874999 0.2214779875 0.5136402515625 0.21072030625 0.5031942421875 0.20529230781250002 0.43340345625000004 0.1886021046875 0.4296875 0.1898511453125 0.4296875 0.35603153593750003
9 0.4335586796875 0.459375 0.4296875 0.47138546249999996 0.4296875 0.5893503796874999 0.4751799296875 0.612046428125 0.54796291875 0.648979925 0.662033903125 0.7106935249999999 0.6716688234375 0.716520878125 0.6935277640624999 0.6644279328125 0.71405996875 0.6136394453125 0.7217042171875001 0.5922139921875 0.56773520625 0.507135571875 0.4709552375 0.459375 0.4335586796875 0.459375
9 0.4296875 0.740737740625 0.610766621875 0.8403844781250001 0.667562153125 0.7149947765625 0.59746425 0.676812228125 0.5425295171875 0.648758284375 0.47252645937500004 0.6146553453125 0.4296875 0.5900580843750001 0.4296875 0.740737740625
9 0.9789101578124999 0.7983415890625001 0.9652634203125 0.7950677453124999 0.7393639125 0.65135331875 0.688443271875 0.73758385 0.6819044468750001 0.7481857562500001 0.8002717921875 0.8195846765624999 0.910583884375 0.8947307406250001 0.940751009375 0.8497696093750001 0.9789101578124999 0.7983415890625001
9 0.6491470828125 0.798475546875 0.6283935656249999 0.8397449453125001 0.8485751234375 0.9709989 0.8631692078125 0.956649846875 0.90515048125 0.8945091 0.8500260515625001 0.8582959375 0.794964853125 0.8248025140624999 0.7219921687499999 0.7797097953125001 0.6832627953125 0.7482411671875 0.6491470828125 0.798475546875
9 0.4296875 0.876873225 0.494676759375 0.9253151781250001 0.565027590625 0.9743766843749999 0.5953211796875 0.9348550296875 0.632216825 0.8874512093749999 0.564487846875 0.8344209156249999 0.49281028125 0.7866638671875 0.4296875 0.7505147843750001 0.4296875 0.876873225
9 0.4296875 1 0.5385104640625 1 0.55700395 0.9794837015625 0.52787788125 0.9524825546875 0.48930658749999995 0.9278132750000001 0.44226903125000006 0.8892128343749999 0.4296875 0.88021166875 0.4296875 1
9 0.782414275 1 0.7840698390625 0.9982563343749999 0.6776431031250001 0.91511728125 0.6276065734375 0.981005175 0.6100721140625 1 0.782414275 1
9 1 0.459375 0.8101262734375 0.459375 0.7883243656250001 0.4808108625 0.7380032906249999 0.534459925 0.7866521265624999 0.5839947359375 0.8267714640625 0.61687864375 0.8487896218750001 0.6300040390625 0.8463574625 0.642132046875 0.8794637375000001 0.6652198140625 0.9178441984374999 0.623310884375 0.959983553125 0.567969484375 0.9744827875000001 0.549540821875 1 0.539236071875 1 0.459375
9 1 0.5394330593750001 0.982569659375 0.547153546875 0.9544869171875 0.5650281046875 0.9336385515625001 0.6022178921875 0.9047665468750001 0.6445146968750001 0.9353458140625002 0.6756508625000001 0.9472231953125 0.6611909875 0.9692729671875 0.6756762546875 0.9824454671874999 0.65855205 0.9984295171875001 0.6456182796875 1 0.632547009375 1 0.5394330593750001
9 0.58683333125 0.459375 0.6021986953125 0.471859759375 0.6394432546875001 0.49783349843749997 0.677003971875 0.5374059359375 0.690524246875 0.5352403015625 0.7005690375 0.5003269687499999 0.7273577984375 0.54353573125 0.7574300734375 0.4944949890625 0.771771228125 0.469266978125 0.7757254343750001 0.459375 0.6834931765625 0.459375 0.6634825609374999 0.481152578125 0.6387721390625 0.459375 0.58683333125 0.459375
9 1 0.79679224375 0.9847861859375 0.8176014078125 0.974551696875 0.844355521875 0.9842814656249999 0.8542624828125 1 0.832762971875 1 0.79679224375
9 0.916396678125 0.9112708218750001 0.9141226015624999 0.9301981781249999 0.932886584375 0.9200949656249999 0.9544305 0.9128223140625 0.974268290625 0.8905356843749999 0.9859559765625001 0.8679165906249999 0.977426478125 0.8512656906250001 0.9613159671875 0.858759984375 0.9404992156249999 0.8973096421874999 0.9326020390625 0.9078561374999999 0.916396678125 0.9112708218750001
9 0.9145019921875001 0.946516615625 0.9044876828125 0.9243708265624999 0.8768475625000001 0.9612835624999999 0.8695194734375 0.9963077140625 0.8961174 0.972938265625 0.9145019921875001 0.946516615625
9 1 0.9123873890624999 0.9878834125000001 0.8924496578125 0.9680772390625 0.9160961578125001 0.9531353812500001 0.9154866437500001 0.9248945593750001 0.9265618515625 0.9132384890624999 0.9505408140625 0.9070158234375001 0.9747414203125 0.9809979468750001 0.9465119874999999 0.99834035 0.9336336265625 1 0.9186190062499999 1 0.9123873890624999
9 1 0.9409312 0.99053801875 0.9482597312500001 0.9661825515625001 0.9513419531250001 0.9722482750000001 0.9787609906250001 0.9939186546875 0.9769278187499999 1 0.9715641625 1 0.9409312
9 0.9111224906250002 0.9762675203125 0.9169985171875 0.9955273390624999 0.9764497921874999 0.9843667015625 0.9705737656250001 0.96510688125 0.9408797437499998 0.9720470718750001 0.9111224906250002 0.9762675203125
9 0.9860426406249999 1 0.9844734328125 0.9792596843750001 0.9400904796875 0.9964693171875 0.9237902703125 0.9958043921874999 0.8908736937499999 0.9808758421875 0.871422965625 1 0.9860426406249999 1