7 0.49559053437499995 0.24905863125 0.496659665625 0.2382377484375 0.4892122578125 0.2344860546875 0.48548097031250004 0.22279593437499998 0.4583459078125 0.22048588125 0.446502025 0.231558621875 0.42889336250000004 0.261413565625 0.41645873125 0.2685743359375 0.4082413546875 0.28250664062499997 0.4056095359375 0.2992527203125 0.4022821921875 0.3032562765625 0.4041516265625 0.31400846875 0.40093664687499997 0.336656846875 0.4062003328125 0.3453125 0.4078166171875 0.3453125 0.436184303125 0.3162040421875 0.4483273546875 0.31199442187500004 0.45694108906249997 0.3039415171875 0.4642761359375 0.289048390625 0.47846784218750005 0.273994990625 0.49559053437499995 0.24905863125
7 0.41865988906249996 0.0796875 0.43365368593750003 0.0796875 0.46244867031250003 0.0447523765625 0.4625 0.0442328609375 0.4625 0.03758105 0.45284024531249994 0.033199637500000004 0.45087361562500006 0.023431159375 0.4410783859375 0.0236601234375 0.425996765625 0.027938434374999998 0.41503520937499994 0.0399719953125 0.41865988906249996 0.0796875
7 0.4866490609375 0.0313424953125 0.47490237031250004 0.0414315203125 0.4595443375 0.06828951875 0.4531888125 0.08315975 0.45427311562500006 0.09196740625 0.4764317203125 0.09375 0.492924821875 0.09375 0.5173286046875 0.05712437031249999 0.5203125 0.046416615625000004 0.5203125 0.046231850000000005 0.513888896875 0.0424831015625 0.510942746875 0.032737521874999995 0.5003623796875 0.031021948437500002 0.49693784374999994 0.0360092203125 0.4944852453125 0.031159324999999998 0.4866490609375 0.0313424953125
7 0.530117615625 0.018462428125 0.5170998203125 0.0315254984375 0.5153427453125 0.039418125 0.519560003125 0.0461896625 0.5178029296875 0.0540822890625 0.496875 0.0887501171875 0.496875 0.08927273125 0.49824280625000006 0.09379729375 0.5069218531249999 0.096875 0.5245567531249999 0.096875 0.5264545843749999 0.0951007359375 0.5303650906249999 0.08519488124999999 0.5417154234375 0.06922645468750001 0.55032915625 0.06117355 0.5640625 0.042486525000000004 0.5640625 0.0324536359375 0.5560787640625 0.022762809375 0.548339775 0.0219622640625 0.54422729375 0.0240212828125 0.5400100390625 0.017249746875 0.5331533765625001 0.017410021875 0.530117615625 0.018462428125
7 0.500357640625 0 0.49622371093749995 0.011417007812500001 0.49986538906250005 0.033905110937499996 0.5037226078125 0.034375 0.51385783125 0.034375 0.5237475468749999 0.0097921953125 0.5328125 0.00390084375 0.5328125 0 0.500357640625 0
7 0.5586710593750001 0.009196062500000001 0.5567120140624999 0.009241853125000001 0.5540650265625 0.00635939375 0.5501469359375 0.0064509781249999995 0.5502441296875 0.0054672625 0.52879181875 0.0049872625 0.5286946234375 0.0059709796875 0.5267355765625 0.006016771875 0.5224287109375 0.010043221875 0.5207688312500001 0.0169521359375 0.5197893078125 0.0169750296875 0.5193033375 0.021893615625 0.5183238140624999 0.0219165109375 0.5179350390625 0.025851378125 0.5188173671875 0.0268121984375 0.5228326546875001 0.025736896874999998 0.5303696734375001 0.01869060625 0.53830305 0.017523720312499998 0.5434026359375 0.025256075 0.5464384 0.0242036703125 0.54653559375 0.023219953125 0.5515304015625 0.022121754687500002 0.55143320625 0.0231054703125 0.553392253125 0.0230596796875 0.553295059375 0.0240433953125 0.556136434375 0.0249584234375 0.5559420453125 0.02692585625 0.558589034375 0.02980831875 0.5605480796875 0.029762525 0.561333215625 0.0317070625 0.564174590625 0.0326220890625 0.5648549468749999 0.0257360734375 0.565625 0.025016157812500002 0.565625 0.024517276562500002 0.5631874828125001 0.0228307171875 0.5626939296875 0.01793503125 0.56171440625 0.0179579265625 0.5620059890625 0.0150067765625 0.5584766703125 0.01116349375 0.5586710593750001 0.009196062500000001
7 0.43242153906249997 0 0.4310866546875 0.0073576203125 0.43913239375 0.024835556249999998 0.45372804375 0.025475828125 0.453832821875 0.034306381250000004 0.45412670781250003 0.034375 0.45811276718749994 0.034375 0.4659682890625 0.0202824921875 0.47673545781250004 0.0102163609375 0.478125 0.0010156125000000001 0.478125 0 0.43242153906249997 0
7 0 0.35769308125 0.000015525 0.357691903125 0.0195984 0.3474197078125 0.0260587 0.34138003281249996 0.034375 0.3205385609375 0.034375 0.31706012499999997 0.032698221875 0.3137443796875 0.024174096875000002 0.31099929843749996 0.0227982140625 0.305142790625 0.0200540328125 0.3032440453125 0 0.3104372390625 0 0.35769308125
7 0 0.404252521875 0.0734375 0.402535928125 0.0734375 0.4015479671875 0.053698495312500004 0.3823869875 0.0092160203125 0.367723646875 0 0.36188699375 0 0.404252521875
7 0.14375 0.4007520984375 0.14375 0.4004165125 0.119987125 0.38462299375 0.0989235890625 0.380208128125 0.0779496625 0.364995278125 0.0507935359375 0.35625 0.0491577765625 0.35625 0.042978418750000004 0.3628683921875 0.044264690625000006 0.37952288749999996 0.0564153265625 0.38512753437499997 0.07356732187500001 0.4015625 0.1090802359375 0.4015625 0.14375 0.4007520984375
7 0.025 0.34464063437500003 0.025 0.344861434375 0.027074770312500003 0.35 0.029043157812499998 0.35 0.0666692984375 0.337864171875 0.08125 0.31802414375 0.08125 0.307526025 0.07290487343749999 0.29453485 0.059288746875 0.2938716796875 0.0450894578125 0.2991108125 0.03843476875 0.30711792187500003 0.036588084375 0.3258085359375 0.025 0.34464063437500003
7 0.1038430875 0.3716137828125 0.1020860125 0.3795064125 0.11658446874999999 0.3811304015625 0.1266439828125 0.3890625 0.1284765390625 0.3890625 0.15458389374999998 0.37239061093750003 0.1850387140625 0.360882840625 0.2006959125 0.3408879609375 0.2375 0.32021374687500004 0.2375 0.3075085546875 0.2228058296875 0.30503913437499997 0.184028853125 0.32164865625 0.15836686875 0.32421139375 0.11195568281249998 0.348850925 0.099132275 0.3599465609375 0.1038430875 0.3716137828125
7 0.1815645640625 0.3712218171875 0.1788755796875 0.3984375 0.215446134375 0.3984375 0.21928757499999998 0.38506171562499997 0.233576475 0.369024596875 0.2359375 0.3543418328125 0.2359375 0.35299901093749997 0.2335613078125 0.34939606093750003 0.2199375953125 0.3389186203125 0.2052447515625 0.339262065625 0.193400865625 0.35033480625 0.1868509546875 0.3671724703125 0.1815645640625 0.3712218171875
7 0.07039470625000001 0.3337145625 0.055903834375 0.3419048421875 0.0577732703125 0.3526570359375 0.06757608281250001 0.36224234375000003 0.08863203593749999 0.3568429375 0.103511684375 0.34471779062499996 0.1126113875 0.33174630625 0.1171875 0.312177128125 0.1171875 0.3097836109375 0.106517109375 0.30440830937499996 0.10631513749999999 0.296561471875 0.09857615 0.295760925 0.0809523203125 0.3059873265625 0.0818422328125 0.3167624171875 0.07039470625000001 0.3337145625
7 0.158892034375 0.295331703125 0.1445059390625 0.31235253749999997 0.13099459062500002 0.3205199203125 0.12502784218750002 0.3314552859375 0.106035715625 0.3456394515625 0.1054525515625 0.35154175 0.12161088906249999 0.3462568265625 0.1579352625 0.324797409375 0.186535815625 0.322165984375 0.2100367828125 0.31180220625 0.215625 0.3008181921875 0.215625 0.29857864375 0.211487109375 0.287232184375 0.19982244375 0.27670895624999997 0.19296578125 0.2768692296875 0.1765158625 0.28510530156249997 0.1677077390625 0.2951256375 0.158892034375 0.295331703125
7 0.1720048890625 0.25254522968750004 0.144092278125 0.25810490937499997 0.1388058875 0.26215425468750003 0.13852188906250001 0.2749196765625 0.1411688765625 0.2778021375 0.174569853125 0.276039946875 0.18025302031249998 0.278125 0.187460078125 0.278125 0.200919778125 0.276405465625 0.2034049515625 0.278125 0.211330734375 0.278125 0.22423394062500002 0.2778233875 0.23236170625 0.27468906875 0.24499831093750002 0.275375134375 0.2590032125 0.27210343593749997 0.2622333625 0.269083596875 0.2625 0.2608719609375 0.2625 0.23914037656249998 0.2577017734375 0.2358204046875 0.233213696875 0.23639281093750003 0.22625984375 0.23753680156249998 0.22400921562499998 0.2405337421875 0.18962871875 0.24231882656249998 0.1720048890625 0.25254522968750004
3 0.9055369687500001 0.2876746359375 0.8970786046875 0.2817192609375 0.8826818843750001 0.26247346718750003 0.878494965625 0.261641253125 0.8620146375000001 0.2954081515625 0.8603791890625001 0.3064808078125 0.86522463125 0.34662359375 0.8710607703125 0.3606060546875 0.8803014828125001 0.3709910796875 0.8941517453125 0.4036630578125 0.91140658125 0.43273759843750004 0.925475046875 0.48824839999999997 0.93332011875 0.49835602031250004 0.94208513125 0.5022352703124999 0.9557184781250001 0.503125 0.9648496218750001 0.503125 0.9763136843750001 0.4990656984375 0.9840250812499999 0.4906254453125 0.9843002703125 0.46930940625 0.9793840703125 0.449098575 0.9784503593749999 0.431104040625 0.9806322640625 0.406605203125 0.9875 0.37843706093749996 0.9875 0.37619515937500003 0.9830539796875 0.3707563015625 0.9588170234375 0.36950063125 0.94547391875 0.36257434375 0.938242140625 0.34831447656250003 0.9313700765625 0.317029521875 0.9055369687500001 0.2876746359375
3 0.8322005984375 0.388742140625 0.8231112515625 0.3919220015625 0.8013766171875 0.38831427500000004 0.7883578484375 0.3743288734375 0.7855174218750001 0.35951713750000003 0.7874103671875 0.332111434375 0.773271146875 0.296532590625 0.7655282921875 0.285732928125 0.75625 0.3437433828125 0.75625 0.34606285937500003 0.7568045921875 0.354522390625 0.78720795 0.44533610156250003 0.7882792546874999 0.45267261562499994 0.784634871875 0.46762011562500005 0.7859597578125 0.48782947656250003 0.7928003625000001 0.4998745171875 0.8026543687500001 0.50610729375 0.8045971312500001 0.50625 0.82818576875 0.50625 0.8339894265625001 0.50307495625 0.8395051484374999 0.49491063593750007 0.842384871875 0.4705505 0.8390333671875 0.4591989703125 0.8412997984375 0.43899107812500004 0.8641843265624999 0.3715915765625 0.8671875 0.34719651875 0.8671875 0.339312528125 0.8596494515625 0.30016677187499996 0.8449736265624999 0.3314429109375 0.8435426093749999 0.341131484375 0.8474897171875 0.353313759375 0.8421076718750001 0.380025953125 0.8322005984375 0.388742140625
3 0.6891243734375 0.3604913078125 0.6794217328125 0.36782341406249996 0.6697367796875 0.37017253125 0.64830879375 0.3644886828125 0.6539012046875 0.419027096875 0.6522657546875 0.43009975312500004 0.6475500703125 0.4377107359375 0.6443636984375 0.46414699531250003 0.651595478125 0.47840686093749996 0.661756128125 0.482563515625 0.6808771421875 0.484375 0.68266950625 0.484375 0.6898910453125 0.4817445328125 0.6973980109375 0.4746883609375 0.7026424640625 0.45863418593749994 0.7074465953125 0.426108259375 0.7200781109375 0.4086729421875 0.7531056046875 0.350413084375 0.7625 0.286809190625 0.7625 0.28129802656249997 0.754752809375 0.25172274843750003 0.7500548109375 0.25435074062499996 0.7350055015625 0.2784290640625 0.7041422234375 0.3171730703125 0.69886239375 0.343193221875 0.6891243734375 0.3604913078125
3 0.7656343265625 0.1542725921875 0.76185626875 0.15067221718749998 0.7520867906250001 0.14873038593750001 0.7411752515625001 0.15938399375 0.7023823765625 0.183729434375 0.6932222734375 0.20684125 0.6824129484375 0.2168028203125 0.668541075 0.2183197265625 0.639641503125 0.20972607031249998 0.6379529875000001 0.2357476921875 0.6467769984375 0.3073126671875 0.6416524515625001 0.3176918140625 0.6367637953124999 0.3459267921875 0.6451867796874999 0.36184814374999996 0.6571824171875 0.36875 0.6792274968750001 0.36875 0.6929805578125 0.35923779218749996 0.70062511875 0.34152360000000004 0.704593834375 0.3195169890625 0.7540132109375 0.25240518125 0.7669945890625 0.16451597499999998 0.7656343265625 0.1542725921875
3 0.85983373125 0.229740134375 0.8589137906250001 0.23596850468750002 0.8507935296875001 0.247176921875 0.8419931390625 0.25326364687499997 0.833721515625 0.2509071828125 0.8358995046875 0.2556142375 0.8176539703125 0.252700021875 0.809893425 0.24688334687500002 0.8121067890625 0.2416244265625 0.80865306875 0.23096493593749998 0.8110885531250001 0.2193389421875 0.816297628125 0.21325074531250002 0.8150218921875 0.2072983109375 0.8086392984374999 0.20674203281249998 0.8023412296875 0.21047670156249998 0.7978122859375001 0.2216865890625 0.797780825 0.20244667343749997 0.768000609375 0.160909515625 0.756108225 0.2511522484375 0.760531034375 0.2698402953125 0.786546965625 0.33199998124999996 0.7849606640625 0.3573295640625 0.787103271875 0.3720025953125 0.7922592796875 0.3808633671875 0.8032022781249999 0.389449671875 0.8091154312500001 0.390625 0.8266126500000001 0.390625 0.8289370890625 0.39029070312499997 0.8383330828125001 0.385034721875 0.8439510203125 0.3761783609375 0.847528565625 0.351956925 0.8445013953125 0.333546284375 0.8707551203125 0.2725153234375 0.8734375 0.25125485937500003 0.8734375 0.2329826203125 0.8686694984375001 0.213687428125 0.8650958703124999 0.20870297031249999 0.8607713593749999 0.2185287765625 0.8532820828125001 0.220601959375 0.8530599625 0.22696903124999998 0.85983373125 0.229740134375
3 1 0.2352076421875 0.9993631281249999 0.22823032968749998 0.9913136250000001 0.21950679218750002 0.975383671875 0.2106416125 0.9683386359374999 0.199980653125 0.9590487765625 0.1753387015625 0.9172503390625 0.1470846140625 0.8990578718750001 0.12922143125000002 0.894751046875 0.1340642484375 0.8871733265625 0.161052378125 0.8795464562499999 0.17378358124999999 0.8762087187500001 0.186654953125 0.87494675625 0.20492542343750003 0.880250209375 0.25655697499999996 0.9115105921875 0.302662484375 0.9256183531250001 0.31900141406250004 0.9288322656249999 0.3410109625 0.9347706203125 0.3543013828125 0.9440113312499999 0.3646864078125 0.9561632281250001 0.36995120937500003 0.9586028234375 0.3703125 0.9780095578125 0.3703125 0.98210246875 0.36940816249999997 0.9951074671875 0.3591706578125 0.9983252984375 0.3519743125 0.999076184375 0.3371640484375 0.9924753875000001 0.31376894843750003 1 0.2586697578125 1 0.2352076421875
3 1 0.0584012828125 0.8832865249999999 0.035202728125 0.8840355046875 0.0681200609375 0.8906716781250001 0.081549184375 0.8925744765625 0.107572278125 0.8992774890625 0.1302753375 0.9157676671875 0.1499372390625 0.9514901578125 0.175558925 0.9702251593749999 0.20920181875 0.9770834546875001 0.2162638703125 0.987141890625 0.2211125671875 1 0.2231247109375 1 0.0584012828125
3 0.8927588390625001 0.052353667187499994 0.8857138015625001 0.041692709375 0.8752465031250001 0.039612176562500004 0.8676022921875 0.0316815515625 0.8437565859374999 0.0269418609375 0.8393687312499999 0.029631498437499997 0.8281996953125 0.056618156249999996 0.818088190625 0.06671842812499999 0.8046920203125 0.07474110625 0.7760637156250001 0.07403730625 0.7678235515624999 0.090920753125 0.7619441968749999 0.1453160578125 0.7720340921875 0.1694046703125 0.7932714171875 0.20069550625 0.7936940515625001 0.2221502453125 0.7994279734375 0.23682474999999997 0.8047884140624999 0.24430143906250001 0.815833625 0.252195703125 0.8311681046875 0.2546875 0.8372045109374999 0.2546875 0.86144941875 0.24487829374999998 0.8666761812499999 0.233807109375 0.8710046124999999 0.1947754078125 0.8938183875 0.14730786406250002 0.8967826390625 0.127238675 0.8927588390625001 0.052353667187499994
3 0.7612067687499999 0.130219471875 0.7749842609375 0.0709828203125 0.7635832515625001 0.050907753124999996 0.7608627296874999 0.030420987500000003 0.746177053125 0.008268326562500001 0.744325371875 0.007187918749999999 0.719777971875 0.0023087546875 0.6941432875 0.024995432812500003 0.67169314375 0.026231993749999998 0.65077231875 0.046293834374999995 0.6376297265625 0.06718935625 0.6320078703124999 0.105251609375 0.6427248296875 0.149410878125 0.63438245 0.16698637031250002 0.631809371875 0.189270384375 0.63883671875 0.20491433125 0.6550556296875001 0.2166863765625 0.6590982671875001 0.2171875 0.6786695859374999 0.2171875 0.6893863984374999 0.21282476562500002 0.7004178421875 0.196496125 0.7031599734375 0.182794009375 0.741850634375 0.1591406109375 0.7521665687500001 0.147656259375 0.7612067687499999 0.130219471875
3 0.61875 0 0.61875 0.038153345312499996 0.627461853125 0.0390625 0.6367225171875 0.0390625 0.6568123078125 0.03138720625 0.661919165625 0.025991053125000003 0.677066775 0.03042658125 0.6844538359375 0.0290454375 0.714139675 0.0128628515625 0.7203125 0.0040033015625000005 0.7203125 0.002692065625 0.7067685375 0 0.61875 0
3 0.7850466593750001 0.07696763906250001 0.7977537421875 0.078125 0.8060807203125 0.078125 0.8220841812499999 0.0693698875 0.8343068359375 0.05470273437499999 0.8375600437500001 0.037540410937500004 0.8464626484375 0.03076164375 0.846875 0.0300184140625 0.846875 0.0279941734375 0.7484375 0.00842824375 0.7484375 0.0085083125 0.7583820578125 0.028926178125 0.7653563390625 0.059519093749999995 0.7744948328125 0.070596159375 0.7850466593750001 0.07696763906250001
3 0.44376594843749995 0.8380298515625 0.43820711562500003 0.8564830640625001 0.42562039374999994 0.8807387609375 0.431732390625 0.8911665265625001 0.442845434375 0.8953125 0.44485308906250004 0.8953125 0.4551466046875 0.8877990718750001 0.4618117640625 0.8728435921875001 0.47669275312500003 0.8562861765625 0.5227141015625001 0.8305424625000001 0.5415397796875 0.8117784453125001 0.5723808796875 0.7638389984374999 0.5853394015625 0.7367556703125 0.6112473765625 0.6945696375 0.6140625 0.6840582109375 0.6140625 0.6711419609375 0.605851765625 0.660164265625 0.573623215625 0.64189158125 0.5496254890625 0.6359375 0.5269589609375 0.6359375 0.5204379484375 0.6360902703125 0.513945084375 0.6404707609375 0.5082230234375 0.6575183375 0.4573501703125 0.7439825015625 0.4464048 0.7703139390625 0.44376594843749995 0.8380298515625
3 0.3613660953125 0.744817653125 0.3541387015625 0.7428727828125 0.34711081093749996 0.7486752703125 0.33699065 0.7700542609375 0.3239233140625 0.8323766453125 0.323379221875 0.8457792640624999 0.3157256234375 0.8642815546874999 0.3211303015625 0.8867063 0.332783 0.9026421015625001 0.3291829109375 0.93796295 0.33550347812500003 0.94415744375 0.3452601140625 0.9453125 0.345477546875 0.9453125 0.35263339843749997 0.9409372171874999 0.35597050937499997 0.9274691624999999 0.3630437390625 0.9160277750000001 0.3876549609375 0.9048802468750001 0.40331582031249996 0.889009290625 0.423773778125 0.8300374140625 0.42769125781249995 0.809508465625 0.43645118125 0.794503909375 0.4375 0.7829042375 0.4375 0.7751707984375 0.4347100734375 0.7614223828125001 0.42531536875000003 0.7468431421874999 0.41006161875 0.7359375 0.40997679218750005 0.7359375 0.4011303546875 0.7375435140625 0.3939301703125 0.7539209875 0.3865304796875 0.7625511046875 0.3773715515625 0.7620609421875 0.3692010609375 0.7580239734375 0.3613660953125 0.744817653125
3 0.465646690625 0.51875 0.47469335625 0.5298472203125 0.5063506062500001 0.543200178125 0.5367655078125 0.5699721109375 0.556389196875 0.5821975234375 0.56894871875 0.593883696875 0.5730475671875 0.60506335625 0.5798745656250001 0.60625 0.5888287828125 0.60625 0.596875 0.59924190625 0.596875 0.58716628125 0.59684264375 0.586887646875 0.55055830625 0.5259557140625 0.543394840625 0.51875 0.465646690625 0.51875
3 0.44723623437500004 0.51875 0.44530822968750006 0.5200047031249999 0.44387323125 0.5267389765625 0.4431234 0.5298277031249999 0.4491535984375 0.5316407843750001 0.45745941874999996 0.5339589578125 0.4645127234375 0.5374232359375 0.4704282015625 0.540635 0.4806332453125 0.5473757875 0.4846141109375 0.5506328546875 0.4895857546875 0.5552627046875 0.494557396875 0.5598925328125001 0.4978061359375 0.5640043421875001 0.49946129843750003 0.5687118578125 0.496206396875 0.574092834375 0.493895325 0.5780556953125 0.4893848140625 0.5893291515625 0.48562411718750004 0.5975139015625001 0.48362177031250003 0.6017487328125 0.4830012703125 0.605951190625 0.4846241015625 0.61038028125 0.48813150624999996 0.6167195875 0.4882254125 0.622301278125 0.486025975 0.6296118749999999 0.48367950000000004 0.6380426859374999 0.480388053125 0.657427665625 0.47823555625 0.667529096875 0.476147746875 0.6781874140624999 0.474745084375 0.685200140625 0.4728220125 0.6925042515625 0.4721368453125 0.6961498359375 0.47140164375 0.701750953125 0.470684165625 0.7051180953125 0.47061640625 0.7093076 0.47367129375 0.7140625 0.47526048281250005 0.7140625 0.486558328125 0.6938576046875 0.5072286312500001 0.6570780515625 0.5125 0.6444684234375 0.5125 0.6308785703125 0.5118015078125 0.6248635375 0.5104258046875 0.6154031546875001 0.5093411031249999 0.6084487000000001 0.5086975078125 0.5981335624999999 0.5069661359375 0.585610365625 0.507792946875 0.5640930156249999 0.5095073859375 0.5526058734375 0.5095782203125 0.5436699703125 0.4963280390625 0.5369571 0.48165098281249996 0.53227543125 0.47380089999999997 0.5291090109375001 0.4669123328125 0.5222905250000001 0.464482934375 0.51875 0.44723623437500004 0.51875
3 0.42920377031249995 0.5324763484374999 0.414721784375 0.564528478125 0.40413914531249995 0.6000129078125 0.39225067812500003 0.624252246875 0.385413221875 0.649782715625 0.3808156265625 0.7006309953125001 0.3741867421875 0.721928196875 0.36579861406249997 0.7341051203125 0.3633683265625 0.743323546875 0.3644293125 0.7524601828125 0.37021485468750004 0.760076675 0.3750317296875 0.7625 0.38797966875 0.7625 0.3953973734375 0.753848871875 0.41415957187499997 0.7104207859375 0.428750378125 0.69739381875 0.45325277656249996 0.667221128125 0.4952568828125 0.5767363546875 0.4953125 0.5745739296875 0.4953125 0.5614035859375 0.49133033125000003 0.5549817109374999 0.47675765625000005 0.5440474265625 0.45302605468749996 0.5326229828125 0.44144590156249996 0.5293706265625 0.43306684375 0.5295669234375 0.42920377031249995 0.5324763484374999
3 0.340334090625 0.51875 0.3225586984375 0.608561690625 0.3288067265625 0.656336965625 0.3279180421875 0.6908895625 0.3260953265625 0.7113694359375 0.3240368375 0.717760234375 0.32124381562500004 0.717825665625 0.31769813281250003 0.7355269859375 0.3184326625 0.74185235 0.322332009375 0.7452846484375 0.323042603125 0.7453125 0.33410688906249997 0.7453125 0.339996953125 0.7406424250000001 0.34818557656250004 0.72071814375 0.36547871718749997 0.664639328125 0.3750547859375 0.65666295625 0.38467619218750004 0.6430476781250001 0.39259276718749997 0.6026925984375 0.4017244875 0.5848604125 0.4130507234375 0.5437207203125001 0.4171875 0.5356858859375 0.4171875 0.5271111046875 0.4159188453125 0.51875 0.340334090625 0.51875
3 0.1423653046875 0.51875 0.10106342187499999 0.6193640078125 0.0916052421875 0.6343849203125 0.08425089375 0.637376134375 0.0835072984375 0.6430313937500001 0.09249393125000001 0.6540965437499999 0.1035484609375 0.6609375 0.11607239218750001 0.6609375 0.1468127265625 0.6274537109375 0.20727071874999997 0.575296771875 0.22800072500000002 0.5367556953125 0.23901864375 0.5231077015625 0.240151859375 0.51875 0.1423653046875 0.51875
3 0.452948896875 0.666979190625 0.4499450453125 0.6719729531249999 0.44489483124999996 0.67682184375 0.44053011093750005 0.6830793609375 0.4365608484375 0.687481040625 0.432185371875 0.6918922265624999 0.4294404390625 0.697398528125 0.423685059375 0.701119090625 0.4179829046875 0.7063820640625 0.416568034375 0.7127985031249999 0.41333249843750003 0.7214081765625 0.4115694890625 0.72867045625 0.41410632031250005 0.73648845625 0.419819834375 0.7379957328125 0.4255505484375 0.7424566374999999 0.430420584375 0.7479223921875 0.4338941390625 0.7553902140625001 0.437713040625 0.7703125 0.4388165453125 0.7703125 0.4391406546875 0.769709253125 0.4439455234375 0.7577805421875 0.456306578125 0.7351715828125001 0.4659887109375 0.7175487734375 0.46815266875 0.71093355625 0.48528052343750006 0.6283736296875 0.4859375 0.6247908046874999 0.4859375 0.6142034062499999 0.48308227031250006 0.6071769953125 0.48183423437500006 0.6037708015625001 0.465448409375 0.6371460234375 0.4595131671875 0.6533681546875 0.456412478125 0.660333528125 0.452948896875 0.666979190625
3 0.240267653125 0.51875 0.242131909375 0.5398222359375 0.2512636390625 0.57625426875 0.256668321875 0.6529432359375 0.272401734375 0.70401994375 0.28093495625 0.7172099046875 0.2881714234375 0.761438371875 0.297366625 0.7682702546875 0.309318575 0.76869498125 0.3152764125 0.765736484375 0.319230165625 0.75154925625 0.3185047046875 0.73324326875 0.3265625 0.6782616125 0.3265625 0.629697134375 0.31948405625 0.5788844234375 0.3213158390625 0.546423925 0.318758265625 0.51875 0.240267653125 0.51875
3 0.126069359375 0.6507956515625001 0.12409248125000001 0.6578892671875 0.1253076296875 0.6804121609375 0.12104555937499999 0.722091090625 0.123820446875 0.74598690625 0.13107504375 0.7662541234375 0.13256224218749998 0.8092078203125 0.139581065625 0.8153859593749999 0.1417725421875 0.815625 0.1514412984375 0.815625 0.157944265625 0.8107273765624999 0.1648270609375 0.77955800625 0.18835008749999999 0.7409514953125 0.196875 0.6912509078125 0.196875 0.663629634375 0.19617597343749998 0.65761 0.182673353125 0.643831728125 0.16337612343750002 0.6344175890625 0.14793289999999998 0.634074653125 0.1352373546875 0.6393051875 0.126069359375 0.6507956515625001
3 0.2501768859375 0.6975369578125 0.2379347546875 0.7006426796875 0.22581050937499997 0.710792940625 0.22649063125 0.7347378328125 0.24038319062500002 0.77599144375 0.2429585734375 0.792139903125 0.272648021875 0.85487006875 0.2767378015625 0.8780303515625001 0.2833848296875 0.8870361203125 0.2930355609375 0.8875 0.293255846875 0.8875 0.30035151718750003 0.8824102546875 0.303125 0.8733645015625001 0.303125 0.8710697656249999 0.29820233749999997 0.8458146375 0.303125 0.8006921921875 0.303125 0.79737891875 0.30072329999999997 0.7710541828125 0.2884086203125 0.7614764624999999 0.2850170953125 0.738299821875 0.27083435312500004 0.700576659375 0.2649218578125 0.6978962531249999 0.2501768859375 0.6975369578125
3 0.24067815625 0.781233509375 0.22997762187499998 0.7554091812499999 0.217046303125 0.7465506328125 0.1960986546875 0.7470413812500001 0.1841013625 0.7522555578125 0.17477014062500001 0.7623403875 0.172874875 0.77013681875 0.17536864531250002 0.785582459375 0.19768560625 0.82100086875 0.2089121 0.8573838281249999 0.2151057109375 0.8685144109374999 0.24666321562500002 0.9051257984374999 0.25068045156249996 0.9156026374999999 0.25648255937500003 0.91875 0.2660715515625 0.91875 0.271546484375 0.914409071875 0.271875 0.91311683125 0.271875 0.9015302203125 0.26734788125 0.8722236234375 0.264228403125 0.8694777859375 0.2664954640625 0.8588537234375 0.26113612812500003 0.8307900734375 0.2456294234375 0.8057830703125 0.24067815625 0.781233509375
3 0.098050490625 0.8168784796875 0.090625 0.8286209625 0.090625 0.8357102812499999 0.0914488140625 0.8564980296875 0.0953844328125 0.8662720484375 0.1054411171875 0.874493209375 0.1159846234375 0.875 0.129435078125 0.875 0.1694357359375 0.87087979375 0.2090276984375 0.8741806390625 0.2171875 0.8713609531250001 0.2171875 0.8703245468749999 0.2094085625 0.85937238125 0.193421240625 0.8181678453125001 0.15813669218749998 0.8218133906249999 0.1343597515625 0.81602785 0.1095943703125 0.8137891187499999 0.098050490625 0.8168784796875
3 0.25046236875 0.6692757296874999 0.2500996375 0.6601227359374999 0.256229771875 0.64658925 0.2515596171875 0.576225646875 0.2494285765625 0.569933 0.23805699531250002 0.562447375 0.217399528125 0.5594076734375 0.195980334375 0.5859844843750001 0.188154440625 0.6150617609375 0.18381982187499998 0.6440572437500001 0.19740405625 0.658538334375 0.199979440625 0.6746867921875 0.1903217640625 0.7362245671875 0.1917092078125 0.7481724765625 0.1943354109375 0.7484375 0.1987918890625 0.7484375 0.20830409843750003 0.7463742421875 0.21332790625000003 0.7293430234375 0.226195746875 0.7135374999999999 0.227846165625 0.703632615625 0.2461821578125 0.6806516859375 0.25046236875 0.6692757296874999
3 0 0.51875 0 0.638351421875 0.0012143187499999999 0.6465964640624999 0.022570043749999998 0.703884028125 0.027602925 0.72913640625 0.037934618749999996 0.7359375 0.049580085937500004 0.7359375 0.054789528125 0.734137334375 0.05877955625 0.726291828125 0.06295094531249999 0.6958907078125 0.0666598578125 0.679595025 0.071429753125 0.6724359765625 0.0747305921875 0.652626203125 0.075 0.6493485203125 0.075 0.6373485515625 0.068210515625 0.584420128125 0.0724725859375 0.5427412031250001 0.0708403015625 0.5286848390625 0.0641725828125 0.51875 0 0.51875
3 0.06442596874999999 0.51875 0.0720524109375 0.5323932 0.0735577421875 0.55138564375 0.06708301875 0.58606910625 0.067430625 0.5890625 0.072777259375 0.5890625 0.093426271875 0.565719509375 0.121655721875 0.54955410625 0.1372803078125 0.527341428125 0.137136534375 0.51875 0.06442596874999999 0.51875
3 0.0773053375 0.6721067375 0.061463115624999995 0.71053330625 0.0579990484375 0.7289374453125 0.058488740625 0.7874185718750001 0.0551969703125 0.7952477218749999 0.055269515625 0.8079311640625001 0.0626964109375 0.8176233937500001 0.0696613890625 0.81875 0.075400665625 0.81875 0.083317603125 0.8143213734374999 0.0901913328125 0.795132628125 0.1153557109375 0.7586018546875 0.1232541515625 0.742208021875 0.121213796875 0.7246375671875 0.1234375 0.7006186546875 0.1234375 0.675323990625 0.1226102984375 0.67034063125 0.116208115625 0.663443315625 0.095142578125 0.656889525 0.0842244078125 0.6472790859375 0.0792096671875 0.6523296796875 0.0773053375 0.6721067375
3 0 0.7057114234374999 0.01185280625 0.7137509390625001 0.020304895312499998 0.715625 0.0238013984375 0.715625 0.025 0.7138260437499999 0.025 0.7093118484375001 0.02422189375 0.7057091343749999 0.002866165625 0.6484215703125 0 0.6270196953125 0 0.7057114234374999
5 0.8957590296875001 0.55729194375 0.8985943390625 0.562077221875 0.894642959375 0.56657535 0.8915399859375001 0.5736063140625001 0.8902676093749999 0.579794796875 0.8912053375 0.5850473515625 0.897969765625 0.5896484281250001 0.9029481984375 0.5931225859375 0.9093107390625 0.5954725578125 0.9150258499999999 0.5964152609375 0.9173253109375 0.5981990671874999 0.920919640625 0.6027974375 0.9265455359375 0.6076788671875 0.9394417046875001 0.6359375 0.9409774265624999 0.6359375 0.9868790640625 0.6274440671875 0.9831158562500001 0.602756784375 0.9857723406249999 0.5954441125 0.99220171875 0.5915107828125 0.9971800406250001 0.5883264671874999 0.9984375 0.5845932578124999 0.9984375 0.581319421875 0.9957510703124999 0.5781030703125001 0.9976039296874999 0.57294668125 0.9971796703125 0.568351028125 0.9906831671875 0.5652506875000001 0.9876692921875 0.561684421875 0.9809272109375 0.5594279125 0.9730018796875001 0.55276265625 0.9644292312499999 0.551348603125 0.9536241015625 0.5485259359375 0.9552759875 0.5422439953125 0.9336210906249999 0.538568009375 0.9251870703125 0.53125 0.9102912875 0.53125 0.8919857312499999 0.53393714375 0.8807564578125 0.53317730625 0.8818951281249999 0.53955540625 0.8827435046875 0.5420882312499999 0.89455323125 0.5438801734375 0.8957590296875001 0.55729194375
5 0.7593920546875 0.51875 0.75940601875 0.5202138765625001 0.760922696875 0.52117085625 0.76333425 0.5256327921875 0.7634860578125 0.532513803125 0.7616358234375 0.5372269234375 0.7612112546875001 0.5423872390625 0.7666258781249999 0.55010105625 0.7692496875 0.549721 0.772995934375 0.5541203343750001 0.7721537640625 0.559957078125 0.77488380625 0.5616796359375 0.78095051875 0.56550756875 0.7830739328125 0.571370884375 0.785440015625 0.5755779000000001 0.8151818296875 0.5823568124999999 0.8203081421875 0.58242490625 0.85594991875 0.598128525 0.85808838125 0.59653754375 0.8543876578124999 0.5923930890625 0.85472104375 0.577675884375 0.84891225625 0.578308034375 0.843679734375 0.5761373546875 0.8416473046874999 0.5707837984374999 0.8407372140625 0.5656860515625 0.8421628046875 0.5616096984375 0.8450747484375001 0.5598282453125 0.8520817 0.55836885625 0.85676824375 0.5620044484375 0.8606357843750001 0.5655756375000001 0.8636236328125 0.5672347 0.8729814453125 0.568389509375 0.8807922593749999 0.5699252859375 0.8804432484374999 0.560431875 0.88353713125 0.555146409375 0.8915449296875 0.54572385625 0.8815804343749999 0.5441862546875 0.8772273703125 0.53035700625 0.880291028125 0.5309330375 0.9045727156249999 0.52974325 0.9078125 0.520815190625 0.9078125 0.51875 0.7593920546875 0.51875
5 0.6984271234375 0.51875 0.6987345609375 0.5265330203125 0.70125595 0.53321160625 0.7054748359375 0.539472178125 0.708720103125 0.5427607359375 0.7100764296875 0.5437406390625 0.7168081421875 0.543396840625 0.7183143281250001 0.5476976078125 0.72005345 0.549167209375 0.723223778125 0.5495544296875 0.7258948125 0.5496266249999999 0.726440953125 0.55 0.7309203484375 0.55 0.7390253390625 0.5462471875 0.7427613890625 0.5415314328124999 0.7464474625 0.5340541828125 0.7478786015625 0.5304899843750001 0.7495760375 0.5275901640625 0.7517894234375 0.52675313125 0.7531623875 0.5269989859375 0.75767233125 0.5241365234375001 0.7598274453125 0.5221459234375 0.759120109375 0.519838278125 0.7592958015625 0.51875 0.6984271234375 0.51875
5 0.792985296875 0.630925403125 0.7896716343750001 0.6307670437499999 0.7832664796875 0.631694759375 0.7789717078125 0.633401940625 0.7714188171874999 0.63526186875 0.7685864796875 0.6359593421875 0.76743876875 0.6368915515625 0.7655876359375 0.6412448625 0.7626443093749999 0.6468414906250001 0.7590716093750001 0.6525931046875 0.755535871875 0.6567116765625001 0.749575053125 0.6601282765625001 0.7462614859375 0.6654912937499999 0.74315155625 0.6701545890625 0.7409487359375 0.6762184328125 0.74059714375 0.6834503578125 0.7415043453125 0.6903723 0.74302255625 0.7007164453125 0.7424673281249999 0.708648096875 0.7418380250000001 0.7143244671875 0.7440596140625 0.7212475203125 0.7480397812499999 0.7251392140625 0.7503724515625001 0.7326844921875 0.7507983515625 0.73875058125 0.7517425671875 0.7440394687499999 0.753473971875 0.7453125 0.7564881781249999 0.7453125 0.7587401109374999 0.744589828125 0.7660893875 0.7434296078125 0.7739384453125 0.7395480234375 0.778992015625 0.7292094812500001 0.7837680171875 0.7228367640625001 0.7883959468749999 0.717474875 0.789543565625 0.7110213109375 0.789821178125 0.7070554609374999 0.790765275 0.706822975 0.7936717124999999 0.7083807984374999 0.7945788171875 0.7097813625 0.79878105625 0.7093960984375001 0.8118503109375 0.6961093015625 0.81257215 0.6891110234375 0.8084253515625001 0.6842859765625 0.8031122937499999 0.6784489921875 0.799872609375 0.67502453125 0.8066663453125 0.6652318421875 0.8140625 0.6590538859375 0.8140625 0.6510743781249999 0.8119604703125001 0.64703915 0.8099610500000001 0.6413605328124999 0.8068324515625 0.6385582968750001 0.8017231 0.6375429734375 0.7975393203125 0.634351 0.792985296875 0.630925403125
5 0.6560794249999999 0.51875 0.6495789171874999 0.5249259015625001 0.649129240625 0.5336996843749999 0.6383378515625 0.5523013406249999 0.6353276890624999 0.5614133156250001 0.6365432421875 0.5637049234375 0.6625225015625 0.5859375 0.6649273703125 0.5859375 0.699141703125 0.559184834375 0.7090813921875 0.54490516875 0.7079475703125 0.5424407328124999 0.703001921875 0.5361135859374999 0.698779478125 0.5270361921875 0.6965118109375 0.5191921875000001 0.696687696875 0.51875 0.6560794249999999 0.51875
5 0.8717813218749999 0.881229359375 0.8466391328124999 0.8803691468749999 0.84077718125 0.8818126734374999 0.83594885 0.8890458734375001 0.8379594625 0.8945949593750001 0.8475842328125001 0.902802184375 0.8472089921875 0.9149830015625 0.84151811875 0.9259543921875 0.836891565625 0.9286047499999999 0.8364880124999999 0.9377704343750001 0.82915938125 0.9481377656250001 0.8179203968750001 0.9765932828124999 0.8184372078125 0.9794881203125 0.8293268796875001 0.9833543859375 0.8431770359375002 0.9809510984374998 0.85168205 0.982886178125 0.8591522515625 0.987594503125 0.872122440625 0.9890625 0.8794811093749999 0.9890625 0.9205870953125 0.977502778125 0.935213659375 0.9708788281250001 0.9375 0.9645926249999999 0.9375 0.9481861890625 0.928781846875 0.9377085015625 0.9216019421875 0.91177396875 0.9107429671875 0.8937969953125 0.9060597843749999 0.89041709375 0.8914344156249999 0.8884781234375 0.8717813218749999 0.881229359375
5 0.8605277359375 1 0.8625 0.9966907812500001 0.8625 0.9891588656250001 0.8545114250000001 0.9875468656249999 0.8440819328125 0.9805451749999999 0.8286801546875001 0.9828268703124999 0.8171580296875 0.9811310843750001 0.8139108281249999 0.9829380859375 0.8038053640625 1 0.8605277359375 1
6 0.7578488453125 0.5429334156250001 0.6987263859375 0.55812215 0.655297115625 0.5933713578125 0.6444490203125 0.6004499765625 0.629434253125 0.609184259375 0.6204165265625 0.626515425 0.6289637124999999 0.6351139296875 0.6266642953125 0.6400874 0.6367188453125 0.6571291828125 0.6375064296875 0.675823378125 0.6821818953125 0.7189678859375 0.6920225984374999 0.724099834375 0.696476884375 0.7204845296875 0.705957696875 0.7307419421875 0.7202880781250001 0.7360274953125 0.7347615203125 0.7456850578124999 0.74261225 0.7640625 0.7521757859375 0.7640625 0.7581774296875 0.762584571875 0.75232494375 0.7476560453125 0.7502069609375 0.7393631390625 0.7460786640625 0.7233804171875 0.737606734375 0.690208796875 0.7391539625 0.6703100375 0.7343058859375 0.6645782406249999 0.71756841875 0.6636630671875 0.7379342125 0.659907121875 0.7457999953125001 0.661118165625 0.75503156875 0.6556968328125 0.7646599171874999 0.6382153015625 0.7612853015625001 0.62645421875 0.7649505125 0.6148483625 0.7560788265625 0.6151442359375 0.7706983109375 0.6077665015625 0.7859375 0.575804075 0.7859375 0.5756235765625 0.7802573640625 0.5720434953125 0.7777440999999999 0.565107140625 0.771567115625 0.5590729890625 0.76894618125 0.5515335421875001 0.762984534375 0.546705571875 0.7578488453125 0.5429334156250001
6 1 0.6120598687500001 0.98744675625 0.596242328125 0.9811606125000001 0.60030873125 0.985215140625 0.630160925 0.9373360625 0.6369144890625 0.9249835843750001 0.6141425375 0.9211414109374999 0.606903828125 0.912306609375 0.6002649625 0.9041532125 0.6010135578125 0.9012431750000001 0.6061373984375 0.8897136734375 0.6058285578125 0.878971753125 0.6242139171875 0.85177998125 0.6397244609375 0.8337475093750001 0.6529794953125 0.82124600625 0.6686501296875 0.8137740156250001 0.6767861859375 0.8074155968750001 0.6840184140625001 0.8142032 0.6899021984375 0.8053654187499999 0.70467063125 0.822066003125 0.7125205390625 0.8314775203125 0.704536475 0.84271791875 0.7175086046875 0.8466323687500001 0.7215814953125 0.85912790625 0.74872545 0.8710173000000001 0.7439088296875 0.8777356062500001 0.7315511359375 0.8862842875 0.72944599375 0.8836234890625001 0.750248578125 0.8713373234375 0.7671253984374999 0.8813933640625 0.773463528125 0.8926706453125 0.7795009187499999 0.9083314234375 0.774385184375 0.9130733234375 0.7688102421874999 0.9073270140625 0.7651884546875 0.9181028343750001 0.7612756578125 0.9221279328125 0.744544340625 0.92317071875 0.736102690625 0.9299952062500001 0.7350517359375 0.950039484375 0.7187828734374999 0.96203654375 0.714569340625 0.9687164796874999 0.7198500359375 1 0.705971353125 1 0.6834826140625 0.9703743593749999 0.6791470687500001 0.971451046875 0.685177978125 0.9571221546875 0.6691887750000001 0.9257298125 0.67188241875 0.9331664109375 0.6599774500000001 0.9486133421874999 0.6429518859375 0.9805809140624999 0.636338959375 1 0.6315569359375 1 0.6120598687500001