10 0.28345587031249997 0 0.283297346875 0.0000928828125 0.3123753796875 0.090625 0.3157312875 0.090625 0.3554787890625 0.0754062796875 0.384375 0.056455257812500007 0.384375 0.054754803124999994 0.3434985046875 0 0.28345587031249997 0
10 0.466704675 0 0.4673692640625 0.040736121874999996 0.47445234843749995 0.0568085078125 0.4810532828125 0.059375 0.48279593125 0.059375 0.48685047968750006 0.0454566140625 0.540211003125 0.0532022625 0.5484375 0.0351935234375 0.5484375 0.0321289578125 0.5400500296875 0.009696225 0.5324466296875 0 0.466704675 0
10 0.5197088890625 0.1484375 0.5245527484375 0.1484375 0.5310779015625 0.117132840625 0.5444282703125001 0.0896617 0.5569573640625001 0.0815317828125 0.5578125 0.0747174953125 0.5578125 0.061417401562499994 0.536428425 0.051035490625 0.49438283125 0.044835221875 0.4831988671875 0.0465118171875 0.4818537328125 0.052965140625 0.4789615515625 0.13999595781250002 0.5197088890625 0.1484375
10 0.2671875 0.08793952187500001 0.2671875 0.08655054375 0.23323375624999998 0.0692882859375 0.18134933125 0.058311290625 0.1713440578125 0.0889856609375 0.165499678125 0.182479171875 0.2160389703125 0.1999094890625 0.2671875 0.08793952187500001
10 0.4072775625 0.46296040312500003 0.4177662640625 0.4640625 0.42228657031249994 0.4640625 0.44197813906250005 0.446644334375 0.44637642812499995 0.3966662328125 0.453125 0.3818928390625 0.453125 0.36496320781249997 0.4523817796875 0.34667875625 0.44125066718749995 0.3375 0.400450784375 0.3375 0.38701602031250004 0.3599509265625 0.389081465625 0.371218465625 0.3736656546875 0.3874220671875 0.3771717203125 0.43413133281249994 0.39698035 0.4469067640625 0.4072775625 0.46296040312500003
10 0.22267096562500002 0.375 0.24291428124999997 0.32548007343749996 0.2625 0.2982397421875 0.2625 0.279207340625 0.23681890781249998 0.2546153671875 0.1996763109375 0.25 0.19965280624999998 0.25 0.1821787359375 0.2549340296875 0.1731256984375 0.269489153125 0.1771556265625 0.32908631875 0.180893615625 0.341955475 0.2217627671875 0.375 0.22267096562500002 0.375
10 0.1421458828125 0.3084261015625 0.12407528281249999 0.29886327343749997 0.09990384218750001 0.2973928734375 0.0718934515625 0.3201154046875 0.026890190624999998 0.3993349671875 0.0258069921875 0.41223223906250006 0.041012146875 0.4359375 0.042099399999999995 0.4359375 0.06335880625 0.42651556093750004 0.0953691203125 0.42310613750000003 0.1347599234375 0.4035399734375 0.17175786875000001 0.364651334375 0.1691685625 0.34049589375 0.1421458828125 0.3084261015625
10 0.0480634765625 0.476749875 0.1151317875 0.5053633828125 0.1255645265625 0.50625 0.1335578734375 0.50625 0.1685277859375 0.474435953125 0.1796875 0.45649380156249997 0.1796875 0.451892715625 0.1731225234375 0.4292908140625 0.1631527265625 0.4212921109375 0.145409540625 0.4197842203125 0.058824537499999996 0.42512329531250004 0.0482299171875 0.441298778125 0.0480634765625 0.476749875
10 0.25305775 0.46823443593749997 0.21672010468749997 0.4442758171875 0.1957627890625 0.442786671875 0.166145334375 0.4655185734375 0.106220121875 0.5335455765625 0.102119240625 0.55129455625 0.11291035625000001 0.584375 0.1184024265625 0.584375 0.15150984843749998 0.5800111578125 0.1907696875 0.557223021875 0.2338984828125 0.550526015625 0.260039878125 0.5213689078125 0.26381334375 0.49556498906249996 0.25305775 0.46823443593749997
10 0.146491275 0.5855413078125 0.17296335937500001 0.6078125 0.1733341828125 0.6078125 0.1887987984375 0.598185521875 0.22871346718750002 0.5915072625 0.2703125 0.5707799453125 0.2703125 0.5688703171875 0.2523965203125 0.541416690625 0.24095062500000003 0.5366493343750001 0.20972610781249998 0.5593906093750001 0.180929921875 0.5627812875 0.14622934375000002 0.5790973578124999 0.146491275 0.5855413078125
10 0.27682360156249997 0.659375 0.30625 0.608408896875 0.30625 0.605613484375 0.291653590625 0.5828572734375 0.26708925 0.5717209484375 0.1924385296875 0.6333883499999999 0.20293219062499998 0.6542749546875 0.2117039234375 0.659375 0.27682360156249997 0.659375
10 0.42876199843749996 0.20511449843750001 0.4138400421875 0.1939219390625 0.396096859375 0.1924140484375 0.3382725640625 0.233035515625 0.33623712656250004 0.26205203906249996 0.346714309375 0.284375 0.347164571875 0.284375 0.3846454921875 0.266603828125 0.4072753546875 0.26969458749999997 0.40822758906249995 0.2535753390625 0.4332857859375 0.2373155046875 0.43577959999999993 0.21957589843749997 0.42876199843749996 0.20511449843750001
10 0.55 0.38693591562499996 0.55 0.335024715625 0.52198796875 0.336752015625 0.51805353125 0.3190498984375 0.4933451328125 0.3 0.4930634859375 0.3 0.4627885359375 0.34354274687499997 0.46337788281250003 0.35804163437500003 0.50781633125 0.383564378125 0.5458806890625 0.390625 0.5499396812499999 0.390625 0.55 0.38693591562499996
1 0.1666932734375 0.369212059375 0.1374032328125 0.3999988984375 0.13779613125 0.40966482343750005 0.1674435890625 0.4272169828125 0.1826929609375 0.44646448124999993 0.209947565625 0.4446941609375 0.3030563140625 0.48121264531249996 0.356255246875 0.49375 0.398483734375 0.49375 0.40617033437499994 0.487056759375 0.4078125 0.469263090625 0.4078125 0.461699421875 0.39790855937499997 0.44198659687499997 0.295353875 0.41035731093749994 0.246945509375 0.40580552187499996 0.198114240625 0.351303746875 0.1736808671875 0.34338939687500003 0.1666932734375 0.369212059375
10 0.1221626046875 0.659375 0.1265625 0.592135096875 0.1265625 0.584232515625 0.107770390625 0.54658775 0.083467984375 0.541895375 0.059951371875000006 0.55653485 0.0607371640625 0.5758667 0.052832809375 0.5791355375 0.0272152765625 0.62118054375 0.030262965625 0.6566128984375 0.0343899046875 0.659375 0.1221626046875 0.659375
10 0.0047300828125 0.49089898906249996 0.03778811875 0.5132653656249999 0.0393597078125 0.5519290640625 0.0643514671875 0.5640625 0.06617171093749999 0.5640625 0.0796875 0.54985601875 0.0796875 0.51112995625 0.050680109375000004 0.4745173125 0.0431386453125 0.44716801406249995 0.025199009374999998 0.4408271609375 0.012538945312499999 0.4457351015625 0.0050274906250000004 0.458669865625 0.0047300828125 0.49089898906249996
10 0 0.45824771875000003 0.0009705156249999999 0.459375 0.0025208328124999998 0.459375 0.0203278375 0.4486023140625 0.0453125 0.44688688125000003 0.0453125 0.44561609999999996 0.039023257812500003 0.43399095781249997 0.00012630937499999998 0.42616095937500004 0 0.426083503125 0 0.45824771875000003
6 0.014852603124999999 0 0.004727465625 0.0221650828125 0 0.0388343546875 0 0.149466571875 0.0285605546875 0.1734948140625 0.057946084375 0.184603021875 0.083121096875 0.1859375 0.1187725875 0.1859375 0.15089386093749999 0.1776154703125 0.1649645390625 0.1678651921875 0.1677857703125 0.158180521875 0.16875 0.1354725375 0.16875 0.09544509375 0.1426075484375 0.013304112500000001 0.1420667671875 0 0.014852603124999999 0
6 0.1371328890625 0 0.13839839062499998 0.0113042890625 0.168861653125 0.088472359375 0.17522442656249998 0.08682388125 0.1839500484375 0.064213821875 0.199889725 0.060898120312500005 0.256857271875 0.07829095 0.2668270703125 0.086289653125 0.27049927500000004 0.1015625 0.28123263125000003 0.1015625 0.2931294375 0.10063858125 0.3171875 0.088186175 0.3171875 0.08463194843750001 0.2895278796875 0.0120342671875 0.28903871406250004 0 0.1371328890625 0
6 0.56875 0.1704994859375 0.5593589234375 0.170145578125 0.5084267328125 0.1430493359375 0.458411303125 0.13850691875 0.4472928203125 0.141794503125 0.43830526562500005 0.15796061249999999 0.416068303125 0.164535775 0.41731247656250003 0.195144540625 0.43249636249999995 0.2127810515625 0.43997234374999994 0.23851936093749998 0.47824447187499997 0.2705235453125 0.48224439375 0.28983665 0.5138263328125 0.315434375 0.5176952890625001 0.3315255046875 0.5340933437500001 0.33948671875 0.5484914328125 0.33779137812500004 0.5619288515624999 0.3640625 0.5640971515625 0.3640625 0.56875 0.3611027390625 0.56875 0.1704994859375
6 0.56875 0.06263619687500001 0.561227815625 0.062680065625 0.5472526281250001 0.1143253921875 0.5525622046875001 0.16585825 0.5657461296874999 0.17383820781249998 0.56875 0.174374275 0.56875 0.06263619687500001
6 0.217489990625 0.19530246406250001 0.21552003593750002 0.225929971875 0.2359180109375 0.253204290625 0.25681074375 0.2671875 0.25841509375 0.2671875 0.2827193125 0.25776545156249997 0.30269438437499996 0.235089784375 0.361500921875 0.21863312812500002 0.4078125 0.188174740625 0.4078125 0.186385015625 0.36810108750000003 0.10418740625 0.35157206875 0.09300421875 0.3193653078125 0.0915806796875 0.2653144796875 0.10639823125 0.24996415156250001 0.12421281875000001 0.217489990625 0.19530246406250001
6 0.3775315703125 0 0.377887134375 0.00874749375 0.36683413593749997 0.0136460640625 0.36561996875 0.0233213640625 0.3861489109375 0.05381765625 0.36771542031250004 0.0748729640625 0.3637455046875 0.09584391875 0.3727630671875 0.11996187031250001 0.41188647187500005 0.1729088921875 0.41267226562500003 0.1922407421875 0.42379860625 0.196875 0.4243037078125 0.196875 0.46941335625 0.16451654531249998 0.467478878125 0.15647098125 0.4779425328125 0.13707352343749998 0.4796875 0.10218365781250001 0.4796875 0.0815816296875 0.47165071249999996 0.061375853125000004 0.424063615625 0.0374828421875 0.41947434843750003 0.00367085 0.4158878796875 0 0.3775315703125 0
6 0.56875 0.3856623890625 0.5615459140625 0.3869165328125 0.5013287625 0.408215521875 0.44032581562499995 0.41018266406250004 0.42910637500000004 0.4505323328125 0.4039826984375 0.46518117812500004 0.3921384375 0.5297050328124999 0.37045534375 0.5894521593750001 0.37124113593749997 0.608784009375 0.41548313906249995 0.629473790625 0.446086259375 0.634375 0.4638311609375 0.634375 0.5150556203125001 0.6272817125000001 0.5413686953125 0.634375 0.5490126203125001 0.634375 0.56875 0.631046796875 0.56875 0.3856623890625
6 0.2450360296875 0.3683420859375 0.2377865046875 0.3877208 0.24352445625 0.41024650625000003 0.32602891875 0.41875 0.3333451140625 0.41875 0.3401447390625 0.414517121875 0.33653771250000003 0.404869940625 0.3684170625 0.3982385421875 0.38396383749999996 0.3852569171875 0.40180798281249996 0.349702721875 0.4109375 0.302117703125 0.4109375 0.30077232187499997 0.405485959375 0.28200375625 0.38574281093749996 0.2708393109375 0.3603572046875 0.27904420937499996 0.321656703125 0.27604717343749996 0.3074550609375 0.282575475 0.2450360296875 0.3683420859375
8 0.906759375 0.659375 0.9182361562500001 0.64537175625 0.9365032671875 0.610650434375 0.9447634125000001 0.5863091703125 0.9495703750000001 0.54882490625 0.9499767921875 0.536218121875 0.9485112656249999 0.5196984078125 0.94517685625 0.505029590625 0.9347265265625 0.47890062499999997 0.9260230171874999 0.46673286562499994 0.9228447828125 0.4595538140625 0.9104630109375 0.440299884375 0.9015438265625001 0.4314303234375 0.8926152359374999 0.42531939375 0.8774894124999999 0.41810395624999996 0.8688451781250001 0.4151983453125 0.8389903140625 0.41096943125 0.8200641624999999 0.41247992812499995 0.773180025 0.41968482968750004 0.750287965625 0.42519012343749996 0.735496365625 0.433200784375 0.7155012453125 0.44844363749999994 0.6971936734375 0.4683855484375 0.6879492218750001 0.48163148125 0.6812049218749999 0.4944130140625 0.6749293749999999 0.509613734375 0.6686912281249999 0.53383004375 0.665475140625 0.5577356328125 0.6650717828125 0.5761062453125 0.674037546875 0.6112828703125001 0.6851941765625 0.6367793921875 0.70015419375 0.6593138046875 0.700215321875 0.659375 0.906759375 0.659375
8 1 0.3036801171875 0.9886581203125001 0.2868096296875 0.9829110515625 0.273591465625 0.9814391796875 0.265594209375 0.9795206546875 0.235374215625 0.969301528125 0.2147160734375 0.9653045671875 0.2011728296875 0.9632952625 0.1842528671875 0.9635610312499999 0.1729253375 0.9654675421875 0.1600399125 0.971152503125 0.1381819921875 0.9709431765625001 0.1329577296875 0.9677680015625001 0.13154250781250001 0.9611144843750001 0.1310240078125 0.9445478406250001 0.13334935781249999 0.9293187703125 0.1364287609375 0.9124708281250001 0.1413126203125 0.9026670703124999 0.1453892859375 0.87547465625 0.1597133921875 0.8525793125 0.179504971875 0.8449193875000001 0.1876946890625 0.8359000140624999 0.1948837953125 0.830218340625 0.2024554296875 0.8203395546875001 0.2085510390625 0.815389109375 0.22150061718749997 0.81390454375 0.23054827968749997 0.8133854734374999 0.25620853593750004 0.8109375 0.28813261875 0.8109375 0.29657230625 0.8114004234374999 0.3054493015625 0.8156786796875 0.3164340375 0.8251009546875 0.33097454531250003 0.8333232468749999 0.337717921875 0.8390891281249999 0.3454188234375 0.845114434375 0.350314653125 0.8486489921875 0.35291625 0.8578807515625 0.356715234375 0.866831215625 0.363072728125 0.881739059375 0.36875 0.9004037374999999 0.36875 0.907317971875 0.3668305390625 0.979528703125 0.3529162546875 0.9896793765624998 0.34702076875 0.999198778125 0.3397387859375 1 0.3393141921875 1 0.3036801171875
8 1 0.34994027031249997 0.9824788046874999 0.3497081515625 0.9350633578125 0.3595180015625 0.9089961234375 0.3636080734375 0.903061371875 0.36546232343749996 0.8825100078125001 0.3772997359375 0.8743500515625 0.385582334375 0.8569957359375 0.39908153125 0.8483014062500001 0.4042052515625 0.8384539015625 0.407788790625 0.8339348078125 0.414141975 0.8344691781249999 0.417300853125 0.85185455 0.42133969687499995 0.857814234375 0.425495840625 0.8667522328124999 0.4288481375 0.8730275531250001 0.433697528125 0.8823686796875 0.438729325 0.8903190828125 0.445272578125 0.8960819062500001 0.4472096546875 0.902335353125 0.4518124796875 0.910142046875 0.45387115937500006 0.9151360093750001 0.4614648203125 0.920867553125 0.4659139625 0.9289085078125 0.47920729531250006 0.9334555953125001 0.484628328125 0.9404870828125 0.5008660500000001 0.9433176265625001 0.5046875 0.9498031000000001 0.5046875 0.9543597703125 0.5025498609375 0.959550821875 0.49231247343750006 0.96438555 0.4866525390625 0.9692296859375 0.4782339734375 0.9750863484375 0.4726348390625 0.9803117406249999 0.465649209375 0.9852995828125 0.46171521249999997 0.9983410750000001 0.4540296328125 1 0.45240202187499995 1 0.34994027031249997
8 0.56875 0.400506684375 0.5767515750000001 0.3998658453125 0.6075472265624999 0.39464685 0.6488966859375 0.385211871875 0.6949620953125 0.371642775 0.7337020328125 0.3614393796875 0.7687448859375 0.34966708125 0.7838739968749999 0.34259623281249996 0.79009004375 0.338183475 0.79708741875 0.331119328125 0.8047567515624999 0.320170978125 0.8113792156249999 0.3031514359375 0.8140077781249999 0.278352471875 0.8155800640624999 0.25024095156250004 0.81540224375 0.22245450937500003 0.8129211281250001 0.197351534375 0.8082148078125 0.17867690625 0.8029115546875 0.161867540625 0.7946175234374999 0.14285682187499998 0.7903112734375 0.12009787031250001 0.786445553125 0.108034003125 0.7828110359375 0.1014409578125 0.7774920296875 0.09591268124999999 0.7713072640625 0.09781337031250001 0.7566062171875 0.11257410937500001 0.7393424546875 0.1328233859375 0.7160501 0.16246312031250001 0.694986009375 0.19143832968750002 0.6852509328125 0.202018509375 0.6784160796875 0.20804996562500003 0.654876996875 0.2234498515625 0.6415979546875 0.23418706875 0.6265125921875 0.24175104374999998 0.605076878125 0.246484571875 0.5914542078125 0.24475432187499999 0.571468721875 0.23718842968749998 0.56875 0.24054966718749998 0.56875 0.400506684375
8 1 0 0.8195128609375001 0 0.8174970859374999 0.01239759375 0.8129935203125 0.0275197984375 0.7994423640624999 0.058107003125 0.7994891703125 0.06436395624999999 0.8013204249999999 0.073547584375 0.8090330546875 0.1031925859375 0.812958046875 0.12451860156250001 0.82026754375 0.1524841015625 0.8235706734375 0.16966498593749998 0.82917709375 0.18416240625 0.8331272484374999 0.1914486984375 0.8383150140625 0.1954975984375 0.8443278515625 0.19738823125 0.8552784390625 0.20337420625 0.8640007624999999 0.2100247015625 0.870601125 0.2128087078125 0.8956306671875 0.21993892499999998 0.91322230625 0.223438203125 0.92399790625 0.2274516734375 0.927413690625 0.23157908906250002 0.928258190625 0.2359375 0.930935153125 0.2359375 0.975354103125 0.22768674687499998 0.9700663781250001 0.21964640468750002 0.963544328125 0.2005571671875 0.9613318156249999 0.1899406 0.9605443687499999 0.181064334375 0.9610601531249999 0.1696903640625 0.9652918296875 0.1543680375 0.9750301953125 0.1295015703125 0.985371609375 0.11429749687499999 1 0.0979431 1 0
8 0.56875 0 0.56875 0.008470117187499999 0.5701211875000001 0.0124903875 0.576646296875 0.037343451562500005 0.5809088 0.0596092765625 0.5855024656250001 0.09133737343750001 0.587677125 0.1330385796875 0.5890739703125 0.14305478124999998 0.5879953671875 0.1795958828125 0.5869576796875 0.19081616875000001 0.5786163875 0.20564872343750001 0.5771130078125 0.2202136484375 0.5733594890625 0.23519653125 0.5748283015625 0.2374299609375 0.5826255875 0.24224727499999998 0.5961951062499999 0.24624303281249998 0.6024944 0.246875 0.608984125 0.246875 0.6224592 0.2443720265625 0.6337849249999999 0.24026328437500002 0.6406103703125 0.23699046093749998 0.6592585109375 0.22375218593750001 0.676343996875 0.2158166921875 0.7073430859375 0.1842441953125 0.72479124375 0.1632087875 0.7361670640625 0.1510707140625 0.7631096890625 0.1167429359375 0.7742980515625 0.099627159375 0.78479258125 0.086149028125 0.8045066343749999 0.053414571875000004 0.814594975 0.0324931125 0.8182859328125 0.022534365625 0.821875 0.0011634640624999999 0.821875 0 0.56875 0
10 0.1550108140625 0.659375 0.09619661406249999 0.7020513265625 0.0678790484375 0.78325461875 0.07620774531249999 0.8597838093749999 0.1618187328125 0.9125 0.1665871484375 0.9125 0.25111036875 0.8985582484375 0.31607419999999997 0.9067811671874999 0.37104359531250003 0.866752359375 0.3843695125 0.8122244375 0.4015625 0.755814478125 0.4015625 0.7434768015625 0.392698209375 0.6757897640625 0.37692256875 0.659375 0.1550108140625 0.659375
0 0.56875 0.7219909203125 0.522856571875 0.767441871875 0.48047418124999997 0.801493740625 0.41208441406249996 0.8398176296875001 0.3552534859375 0.8757123578125 0.3436946515625 0.8924645890624999 0.33984170625 0.9330606187499999 0.3523637765625 0.9400573156250001 0.36873879062500003 0.9561112953125 0.383756971875 0.971875 0.3873896671875 0.971875 0.4053417625 0.969585271875 0.42845943125 0.952313621875 0.4612094578125 0.9175805859375 0.5247830437500001 0.895148925 0.56875 0.87938533125 0.56875 0.7219909203125
0 0.56875 0.659375 0.49609518281250004 0.659375 0.49572604218749994 0.660016728125 0.46779219375 0.6960452203124999 0.425409803125 0.7482396453125 0.39747595625 0.79286198125 0.39747595625 0.8110045390625 0.41362796093750004 0.8375 0.41384035468749997 0.8375 0.43793187343750006 0.8249419546875 0.4774245546875 0.8036719874999999 0.51113781875 0.7774099359375001 0.56875 0.7200888109375 0.56875 0.659375
3 0.388246728125 0.659375 0.38764870625 0.6683437203125 0.3953545953125 0.69123264375 0.40113401406250004 0.709592928125 0.40017077656250005 0.7326327 0.3992669984375 0.7515625 0.421156678125 0.7515625 0.42617815156249994 0.751277590625 0.44640610937499997 0.7152770859375 0.4781929015625 0.6835315203125 0.4925665796875 0.659375 0.388246728125 0.659375
4 0.5218528421874999 1 0.512451140625 0.9815826328125 0.5064544796875 0.9783853671875 0.504455590625 0.9746781984374999 0.4979592078125 0.975011525 0.497959209375 0.9725352 0.5024567046875 0.9679994437499999 0.509452809375 0.964630790625 0.5234375 0.953010990625 0.5234375 0.946495903125 0.5204466890624999 0.9439132328125 0.5114516953125 0.944565246875 0.5089530875 0.9399312875 0.49945837343750005 0.940151775 0.4904633828125 0.94674696875 0.45098536093749997 0.9646591390625 0.444488978125 0.971926171875 0.4364934296875 0.99275656875 0.43099648906250004 0.9979150656249999 0.4298767234375 1 0.5218528421874999 1
4 0.626351078125 0.659375 0.6203373828125 0.68223348125 0.607242903125 0.6926353359374999 0.609683434375 0.7102623515625 0.586575840625 0.733133478125 0.5776868687500001 0.756750196875 0.56875 0.7596585906250001 0.56875 0.764322321875 0.570562875 0.7759547625 0.56875 0.781533375 0.56875 0.8040294515624999 0.6006075640625 0.815300434375 0.637100690625 0.8134023734374999 0.6953503015625 0.74455485625 0.718748946875 0.7530586515625 0.752294225 0.8227347406250001 0.7881547046875 0.859375 0.79065206875 0.859375 0.8015961328125 0.8558133874999999 0.8086560468750001 0.8381647828125001 0.8249600656249999 0.826718421875 0.8265625 0.818286521875 0.8265625 0.815464853125 0.8210108875 0.8072797203125 0.7795085281249999 0.7770356734374999 0.761917484375 0.7428477421874999 0.7267701140625 0.712070646875 0.752283521875 0.6692277703125 0.7547625953125 0.659375 0.626351078125 0.659375
4 1 0.7908423 0.9488579828124999 0.770886546875 0.9371306203125 0.74809459375 0.9280787640625 0.7372244671875 0.901396709375 0.7443727109375 0.8890285078125 0.7371403546875 0.8850286078125 0.7573750312499999 0.8707770531250001 0.744615171875 0.8642493859375 0.72371295 0.8388721531249999 0.724807840625 0.8515625531250001 0.749844890625 0.8699653265624999 0.7643239984375001 0.8895020234375 0.776898975 0.8921348078125 0.78985810625 0.917682934375 0.7846139937500001 0.95181296875 0.801650375 1 0.8281571718749999 1 0.7908423
4 0.8010055859375 0.659375 0.8062503859374999 0.7017116531250001 0.821208646875 0.7229404500000001 0.8381882203125001 0.733533253125 0.889511440625 0.755975909375 0.9123626984375001 0.7393286203125 0.955082646875 0.7400094312500001 0.9700061906249999 0.7236394625 1 0.7273693484375 1 0.6869335000000001 0.9083788046875 0.68229115625 0.8903161109375001 0.659375 0.8010055859375 0.659375
4 0.7725244625000001 0.659375 0.7717603390625 0.6682865265625 0.781262565625 0.6938494296875 0.79461695 0.728392725 0.82389749375 0.7625 0.8288980453124999 0.7625 0.85 0.756846690625 0.85 0.7539550312500001 0.8366844890625 0.7321002109375 0.816227471875 0.7162428296875001 0.805634040625 0.69154675 0.8032867609375 0.659375 0.7725244625000001 0.659375
4 0.9277835265625001 0.659375 0.9340479625 0.665405109375 0.9365525796874999 0.6814761625 0.9628928546875001 0.6826263734375 0.9878904046875 0.6859375 0.9981623234375 0.6859375 1 0.6821916390625 1 0.659375 0.9502325875000001 0.659375 0.9489403546874999 0.66260536875 0.9480346281250001 0.659375 0.9277835265625001 0.659375
4 1 0.7272214890625001 0.9724392203125 0.7219973656249999 0.960393225 0.732569709375 0.9460366468749999 0.7479876109375 0.9667499984375001 0.75762115625 1 0.76805720625 1 0.7272214890625001