9 0.7390625 0 0.6977814109375 0 0.6902890703125 0.014698025 0.6285271421874999 0.1132569671875 0.618317946875 0.1410989734375 0.6033573484375 0.1513573359375 0.5834439062500001 0.1820640765625 0.5958526625 0.20213381406250003 0.607907321875 0.20697300937500002 0.6082361265625 0.22111565625 0.70669499375 0.2533905015625 0.7294782468750001 0.2796875 0.7311008609375 0.2796875 0.7390625 0.27363909375 0.7390625 0
9 0.038369739062500005 0 0.0210037453125 0.06676299999999999 0.095145084375 0.1037519109375 0.1679280734375 0.1406854078125 0.2819990578125 0.20239900937500002 0.2909497015625 0.2078125 0.291807640625 0.2078125 0.31349291875 0.1561334171875 0.3340251234375 0.105344928125 0.340625 0.0868466609375 0.340625 0.0833423875 0.1897977390625 0 0.038369739062500005 0
9 0.0078125 0.13686476875 0.0094182078125 0.20592965468750002 0.0098015859375 0.21074561093750002 0.228783459375 0.33125 0.2317026296875 0.33125 0.2875 0.208063971875 0.2875 0.20691974375000002 0.21781781093750002 0.1689636359375 0.1628830796875 0.1409096921875 0.0928800203125 0.10680675312500001 0.0241088546875 0.0673197453125 0.0078125 0.1251561671875 0.0078125 0.13686476875
9 0.5299757765625001 0.3859375 0.5312276296875 0.3859375 0.5610020609374999 0.3415616390625 0.5984375 0.2911089796875 0.5984375 0.2899600015625 0.5855144734375 0.28685977500000004 0.35961496406250004 0.1431453484375 0.30869432343750003 0.2293758796875 0.3021554984375 0.2399777859375 0.42052284375 0.31137670625 0.5299757765625001 0.3859375
9 0.24907183906250002 0.332177478125 0.46769089687500004 0.4625 0.4702007359375 0.4625 0.48384748125000004 0.44908237968750003 0.525 0.38816835625 0.525 0.3863971953125 0.470704325 0.3507284703125 0.41564312656249996 0.317235046875 0.3426704421875 0.272142328125 0.30394106875000004 0.24067370000000002 0.26982535625000004 0.29090808125 0.24907183906250002 0.332177478125
9 0.0122519828125 0.3407821671875 0.114445584375 0.4169556421875 0.1842341015625 0.465625 0.185097 0.465625 0.2150900046875 0.42649549374999995 0.2515625 0.37963534062500004 0.2515625 0.37876035625000004 0.184256671875 0.3260613796875 0.11257910625 0.27830433125 0.0231797484375 0.2271072078125 0.0099021515625 0.25138501562500004 0.0118687265625 0.3359715453125 0.0122519828125 0.3407821671875
9 0.11044415 0.5640625 0.11077508437500001 0.5640625 0.14468236875 0.50852289375 0.1765625 0.47315572499999997 0.1765625 0.4707254734375 0.148629821875 0.44483065312500003 0.1100585296875 0.4201613734375 0.0630209734375 0.3815609328125 0.013064375 0.345820640625 0.016966434375 0.513656521875 0.11044415 0.5640625
9 0.5991983640625 0.6296875 0.6 0.6289282796875 0.6 0.6264002750000001 0.513057934375 0.56006801875 0.418227446875 0.6254872375 0.42425033437500004 0.6296875 0.5991983640625 0.6296875
9 0.41843560156250004 0.621875 0.46178857500000003 0.595983765625 0.5125 0.5682871140625 0.5125 0.5680255296875 0.4092532484375 0.4960229515625 0.34661217031249997 0.545093715625 0.31890881718749997 0.579286709375 0.38189880781249996 0.6035935078125 0.41155686406249997 0.621875 0.41843560156250004 0.621875
9 0.320014096875 0.5796875 0.3212007421875 0.5796875 0.353654790625 0.5368066875 0.3842645390625 0.5108837328125 0.403125 0.4910196078125 0.403125 0.48916879843750005 0.297707209375 0.40681791875 0.24767067968749998 0.4727058125 0.2198724796875 0.5028191984375 0.2669416546875 0.5427795078125001 0.283368325 0.5488839140625 0.320014096875 0.5796875
9 0.383532771875 0 0.35875104687500003 0.026420665625 0.4073998828125 0.0759554765625 0.4475192203125 0.1088393859375 0.46953737812499996 0.1219647796875 0.46710521875 0.1340927875 0.49887714218749996 0.15625 0.5010637015625 0.15625 0.5385919546875 0.11527162656250001 0.5807313093750001 0.0599302265625 0.59523054375 0.0415015640625 0.6288415374999999 0.027928259374999997 0.6562709921875001 0 0.383532771875 0
9 0.6534979609375 0 0.6338741609375 0.026207128125 0.60297986875 0.0398912546875 0.5748971265625 0.0577658125 0.5540487609375 0.0949556 0.52517675625 0.1372524046875 0.554576434375 0.1671875 0.5567425874999999 0.1671875 0.5676334046875 0.1539286953125 0.5878162296875 0.1671875 0.5906266125 0.1671875 0.6028556765624999 0.1512897578125 0.6188397265625001 0.1383559875 0.624524921875 0.09103759375 0.6458159109375 0.072885984375 0.6625892234374999 0.035529965625 0.670233471875 0.014104509375 0.6756289953125 0 0.6534979609375 0
9 0.633294496875 0.306872065625 0.659375 0.26136059375 0.659375 0.2581691078125 0.6482668375 0.2504224578125 0.6048639812500001 0.3097880546875 0.5946294921875 0.33654216875 0.6032429609375 0.3453125 0.6051902640625 0.3453125 0.633294496875 0.306872065625
9 0.5356214390625 0.421875 0.5532383734375 0.4123894 0.5747822890625 0.4051167484375 0.5946200796875 0.38283011875 0.60625 0.36032281875 0.60625 0.3600982578125 0.5978755312499999 0.34375 0.5973700921875 0.34375 0.58166775625 0.35105441875 0.5608510046874999 0.3896040765625 0.5529538281249999 0.40015057187499997 0.5367484671875 0.40356525625 0.5345485953125 0.421875 0.5356214390625 0.421875
9 0.534375 0.4396062484375 0.534375 0.43579722500000007 0.525404665625 0.415960096875 0.4977645453125 0.4528728328125 0.49051951718750003 0.4875 0.490888284375 0.4875 0.5170343828124999 0.46452753593749996 0.534375 0.4396062484375
9 0.6776198453125 0.3390625 0.6780075203125 0.3390625 0.6921766453125 0.31553254375 0.68810045625 0.2569473203125 0.6706632078125 0.2657460734375 0.6659569734375 0.2968014375 0.6664628296874999 0.31855935468749996 0.6776198453125 0.3390625
9 0.6594564703125 0.3753510296875 0.675 0.336735015625 0.675 0.329954090625 0.66431965 0.2926760265625 0.6366163015625 0.326869021875 0.6093871859375 0.3814600640625 0.6251290984375 0.425 0.6257383296875 0.425 0.6594564703125 0.3753510296875
9 0.528002640625 0.466930709375 0.6019847640625 0.4387012765625 0.6193271671875 0.42582291562499996 0.6203125 0.4169087484375 0.6203125 0.40346709531249997 0.6088702296874999 0.384638946875 0.58906405625 0.408285446875 0.5741221984375 0.40767593281250003 0.5458813765625 0.41875114062499996 0.53422530625 0.442730103125 0.528002640625 0.466930709375
9 0.7390625 0.3048789234375 0.7197965328125 0.2820742515625 0.70242251875 0.29359274375 0.6934199171875 0.3149627875 0.68700755625 0.331004171875 0.6725399359375 0.3507927046875 0.654345040625 0.38537357499999997 0.6804251625 0.4 0.680499578125 0.4 0.700434121875 0.3831779203125 0.7135433875 0.363333978125 0.7390625 0.3345408984375 0.7390625 0.3048789234375
9 0.6079110140624999 0.4703125 0.6145455609375 0.46975126093749997 0.6557691875 0.43339263125 0.675 0.402212221875 0.675 0.4015120453125 0.657663875 0.3981468359375 0.637826084375 0.42043346562500006 0.611164925 0.4410831734375 0.5868094578124999 0.4441653953125 0.5925938000000001 0.4703125 0.6079110140624999 0.4703125
9 0.54600704375 0.4859375 0.5967984328125 0.47640256093750005 0.59092240625 0.457142740625 0.561228384375 0.46408293125 0.5314711328125 0.46830337968749997 0.5368511687499999 0.4859375 0.54600704375 0.4859375
9 0.5205145796874999 0.4989250828125 0.5804538984375001 0.5140625 0.5860069078125 0.5140625 0.60625 0.49788882343749996 0.60625 0.4828557015625 0.6053635125 0.4711389375 0.560980559375 0.4883485703125 0.5446803499999999 0.48768364531249997 0.5117637734375 0.47275509531250004 0.49186275156250003 0.4923219859375 0.5205145796874999 0.4989250828125
9 0.734375 0.3846489875 0.734375 0.38342996406249996 0.7271537203125 0.353125 0.726868909375 0.353125 0.6966736546875001 0.38695531562499996 0.6845117296875001 0.38917636093749997 0.6662536015625 0.42103749218750003 0.6783732640625 0.4359375 0.6794235859375 0.4359375 0.734375 0.3846489875
9 0.7390625 0.35209299375 0.730233340625 0.3572234921875 0.7385415234375 0.3643553046875 0.7349090953124999 0.3832272484375 0.7043309625 0.41051007500000003 0.7138318 0.4265625 0.716077946875 0.4265625 0.7384478125 0.41869468593750003 0.7390625 0.41809031875 0.7390625 0.35209299375
9 0.7390625 0.48679099218750005 0.7253885703125 0.49549439531250006 0.72468290625 0.521875 0.7271191453125 0.521875 0.7390625 0.5181733765625001 0.7390625 0.48679099218750005
9 0.6998626328124999 0.5796875 0.73125 0.5274406843749999 0.73125 0.5218710093750001 0.7246240859374999 0.4929876484375 0.6990999640625 0.5041736796875 0.684632346875 0.5239622125000001 0.6800209578125 0.5590971859375 0.6989749953125 0.5796875 0.6998626328124999 0.5796875
9 0.5859375 0.5807337609375 0.6626802078125 0.5828125 0.6853507015625 0.5828125 0.690625 0.5753936296875 0.690625 0.5701113796875 0.683990853125 0.5390625 0.68033323125 0.5390625 0.6622402921874999 0.5417323171875 0.6397174140625 0.5652679953125 0.617983803125 0.564381428125 0.6051895593750001 0.5394050781249999 0.5859375 0.5804249718750001 0.5859375 0.5807337609375
9 0.7390625 0.44733676874999995 0.7320397640625 0.4470502953125 0.720067534375 0.457430559375 0.6866778515624999 0.4805229546875 0.701928715625 0.5 0.702429175 0.5 0.7390625 0.48295889843750006 0.7390625 0.44733676874999995
9 0.644596178125 0.5 0.64636334375 0.5 0.6820723765625 0.45952402187499997 0.7099654234375 0.4334902453125 0.71875 0.4261643828125 0.71875 0.42492273437500006 0.7080379859375 0.408957178125 0.681566521875 0.437766103125 0.6720264484375 0.43601836406250005 0.66431896875 0.45472407812500004 0.6362362265625 0.472598634375 0.644596178125 0.5
9 0.6374649031249999 0.537837709375 0.646875 0.5184791843750001 0.646875 0.5149584546875 0.639359590625 0.5025919140624999 0.6205639921875 0.5113352578125 0.6065389953125 0.5501619671875 0.62053436875 0.565625 0.6226417125 0.565625 0.6374649031249999 0.537837709375
9 0.675 0.5166552578125 0.675 0.5163482546875 0.6588660796875 0.5143479937500001 0.6453458015625 0.5165136296874999 0.6207385453125001 0.5671358828125 0.6325145359375 0.5734375 0.635217071875 0.5734375 0.675 0.5166552578125
10 0.7390625 0.481162509375 0.8118207906249999 0.4684614515625 0.8304569453124999 0.46329355781250003 0.8701062546875 0.4420121453125 0.8814563328125 0.4312233328125 0.8883720953124999 0.4188587734375 0.8922794218749999 0.40694105625 0.8950520640624999 0.35604899687499997 0.9049936703125001 0.3427384875 0.9149590156249999 0.3144458875 0.9203125 0.24830432500000002 0.9203125 0.2371429734375 0.9168865796875 0.23057755000000002 0.9061457828125 0.223897421875 0.9045648187499999 0.1834170296875 0.8995861062499999 0.16884693281250002 0.8875064734375 0.1576486546875 0.8796696671875001 0.1535163625 0.866813 0.1502951734375 0.8313495484375 0.1516730703125 0.77616589375 0.160696996875 0.7463537390625 0.1716625734375 0.7390625 0.1703105921875 0.7390625 0.481162509375
7 1 0.6296875 1 0.2342778890625 0.968543634375 0.22821397187499998 0.9359841687499999 0.23213970156250002 0.9233300671875 0.237412140625 0.919150540625 0.2428326796875 0.9125053890625001 0.30464423281249997 0.9146434156250001 0.329153021875 0.9108231281249999 0.33857517656249997 0.8995600921874999 0.346868425 0.8948124296875001 0.35427670624999996 0.891941671875 0.3936804625 0.8881846843750001 0.41558914375 0.8741790796875 0.44530938593749997 0.8790280140625001 0.520806065625 0.884418190625 0.5378804374999999 0.9135783203125 0.60281481875 0.9341843140625 0.6296875 1 0.6296875
7 0.7390625 0.169740196875 0.7487267484375 0.1706281328125 0.7897671203125001 0.15236753125 0.8112439625000001 0.13726094687499998 0.8344537000000001 0.1296759 0.8370332609375 0.127223896875 0.8375 0.12460184375000001 0.8375 0.10569631093750001 0.8364667140625001 0.08626181875 0.8306302562500001 0.06768139375 0.8252859734375001 0.0635926609375 0.8016995874999999 0.067675209375 0.78533598125 0.06489215000000001 0.7390625 0.0661136015625 0.7390625 0.169740196875
4 0.7390625 0.395708425 0.7395341078125 0.395580875 0.7454813437500001 0.39668364375 0.752066353125 0.393802225 0.7645289640625 0.3940200265625 0.77474276875 0.38720669218750003 0.775 0.38640746406250004 0.775 0.38309588125 0.770998446875 0.3801494171875 0.7679789375 0.3666123953125 0.7615506015625 0.36500180000000004 0.7548152515625001 0.35789225468749997 0.74460145 0.36470559062499996 0.7390625 0.37215938125000003 0.7390625 0.395708425
4 0.7390625 0.20989935937499998 0.750293928125 0.22441857656250003 0.7535049265625 0.23246536093749998 0.755063740625 0.244978021875 0.7694206671875 0.2766921890625 0.7741968140625 0.2827686609375 0.7766719265625001 0.283311334375 0.7926937046875 0.28159366874999997 0.7973828109375 0.290165703125 0.797689825 0.2956646515625 0.7924721421875 0.316548971875 0.7779158046875 0.34775784062500004 0.7771735875 0.354736703125 0.7798686765625 0.36327389062500004 0.7866040234375 0.370383434375 0.78431406875 0.3788335 0.789843509375 0.391914971875 0.7921556187500001 0.4114326359375 0.802189009375 0.4240934015625 0.8106077562499999 0.4296875 0.8166396546874999 0.4296875 0.8262042640624999 0.42201601718750004 0.8347722125000001 0.40518558281250006 0.8360714921874999 0.382235115625 0.8311101890625 0.36716590625 0.838374115625 0.3448190953125 0.8400152265624999 0.3263693546875 0.8444384656249999 0.3139612375 0.8470243609375 0.29702625625 0.8613259062499999 0.25882110156250004 0.8620681250000001 0.2518422375 0.8533561671875001 0.2441987328125 0.8455431000000001 0.2250843515625 0.8388077515625 0.21797480624999999 0.8370400390625001 0.21145149375 0.8336549578125 0.208395834375 0.8253196468749999 0.204254828125 0.8173609828125 0.2036163234375 0.8061327609375001 0.210911346875 0.7917805796875 0.20766402187500002 0.786070725 0.21405665156250003 0.7780946546874999 0.21391726093750002 0.7746399390625001 0.21285805156249998 0.7760547437499999 0.2008967734375 0.77263484375 0.1988393390625 0.7634354562500001 0.2051709859375 0.75803895 0.202579590625 0.7533261015625 0.20898964687500002 0.7468170609375 0.1953916375 0.7390625 0.1919200484375 0.7390625 0.20989935937499998
4 0.7390625 0.3288446640625 0.74570943125 0.327201453125 0.75268849375 0.32732342187499996 0.7691550312500001 0.3421875 0.7711380203125 0.3421875 0.781699871875 0.339317021875 0.790625 0.32093336875 0.790625 0.3177212859375 0.7898104640625 0.306996671875 0.7864601999999999 0.30294278750000003 0.774084628125 0.300229425 0.7748442546875001 0.29275145 0.7698592093750001 0.2926643296875 0.772375471875 0.2777257984375 0.7542045921875 0.240950809375 0.7532139156250001 0.226450409375 0.7502577046875001 0.2253999125 0.7416960890625 0.22774736875 0.7390625 0.2307748 0.7390625 0.263857184375 0.7394282828125001 0.2641651640625 0.7463377125 0.266283584375 0.743723334375 0.2697338109375 0.740233803125 0.2696728265625 0.739561215625 0.274655240625 0.7390625 0.27517578593750003 0.7390625 0.3082830171875 0.7403366640625 0.3096279703125 0.7390625 0.31051107031249997 0.7390625 0.3288446640625
9 1 0.6296875 0.9667380031249999 0.6296875 0.9459258328125 0.75345300625 0.9736835656249999 0.752848884375 0.9778972671874999 0.754222809375 0.9925891046875 0.7520230531250001 1 0.7525033343749999 1 0.6296875