6 0.4796875 0 0.38055116093749997 0 0.3806180015625 0.0195251171875 0.3779291 0.042302104687499995 0.41365609687499993 0.114143946875 0.43437132187499994 0.134375 0.43693171875000003 0.134375 0.45567057968749997 0.12090056093749998 0.4362552828125 0.08334256718750001 0.4293301734375 0.0572535546875 0.47240146093749996 0.111229628125 0.4796875 0.10863225624999999 0.4796875 0
7 1 0.185789946875 0.9957566078125 0.1842876359375 0.9707632875 0.1807936515625 0.95193504375 0.1912087640625 0.703001915625 0.2346921640625 0.6814308 0.24070929687499998 0.6597956 0.247721103125 0.6306496218750001 0.261712 0.604566925 0.2751275 0.58048369375 0.28882251875 0.5566312234375 0.314593403125 0.5309074500000001 0.338095415625 0.5086314390625 0.35505398125 0.48761148906249996 0.3681736015625 0.4796875 0.3685627984375 0.4796875 0.46313459375 0.50483805625 0.4609088671875 0.5329587375 0.46283277968750003 0.551953659375 0.46548820781250005 0.563886371875 0.468159996875 0.5866879859375 0.47435849062499996 0.615359834375 0.483384890625 0.6352904078125 0.48717475312499997 0.644169928125 0.4875 0.6698819828125 0.4875 0.697043084375 0.48376396875000005 0.7506056531249999 0.4822191375 0.75524539375 0.4728314203125 1 0.3977777703125 1 0.185789946875
7 0.7265563109375 0 0.7259680015625 0.0017980765625 0.7250838234375 0.046837995312500005 0.721875 0.0966458859375 0.721875 0.099489834375 0.72582758125 0.1292399484375 0.7317363328125 0.14712774687500002 0.7437331281249999 0.1488048609375 0.75872911875 0.1509012515625 0.7754682531249999 0.1572558625 0.9995784750000001 0.1835675765625 1 0.183535290625 1 0.0212521125 0.88139149375 0 0.7265563109375 0
0 0.6450811562500001 0 0.6372752593750001 0.085574821875 0.635422859375 0.09083585 0.6286346921875 0.0944032390625 0.6273783984375 0.0982421484375 0.63221804375 0.1014278 0.6515572546875 0.10664044375 0.6571725859375 0.11344725156249999 0.6668518796875 0.1198185546875 0.7033001265625 0.157030184375 0.7177996890625 0.1590571765625 0.7047933671875001 0.141682609375 0.6963577046875 0.1394996984375 0.6861784249999999 0.1330584984375 0.67872335625 0.123485415625 0.67794766875 0.119864259375 0.68610763125 0.1184959109375 0.6971072984375001 0.120033628125 0.7065749703125 0.1218589953125 0.716254265625 0.1282302984375 0.721882259375 0.12700980625 0.7233486421875 0.0494331765625 0.72810723125 0 0.6450811562500001 0
0 0.4796875 0.7248452390625 0.4583022296875 0.728574975 0.3659313703125 0.7415794078125 0.34244487968750004 0.7481989640625 0.33643764531250003 0.7517247312500001 0.3253890671875 0.7642562359375 0.317763196875 0.7887364031249999 0.3155208390625 0.8311381046874999 0.3237526828125 0.8739775875 0.3286547015625 0.8889097843750001 0.33655598593749997 0.9028271578125 0.35143910156249997 0.917202621875 0.3664910953125 0.921875 0.410950546875 0.921875 0.4751483921875 0.9199740234375 0.4796875 0.9195319468750001 0.4796875 0.7248452390625
0 0.4796875 0.55 0.38117165625 0.55 0.375898053125 0.589487665625 0.369519290625 0.6568479328125 0.3618411734375 0.690304825 0.36177151093750004 0.7022737937500001 0.36618623125 0.7152140625 0.37311581875 0.724648878125 0.389991671875 0.7395114421875 0.43441785624999996 0.7352635609375 0.4796875 0.7274110421875 0.4796875 0.55
0 0.25634302343750004 0.55 0.2518465921875 0.559788984375 0.22991745468749997 0.641701696875 0.21904560156250003 0.709586784375 0.2174269640625 0.7305411828125 0.21884532499999998 0.74399756875 0.227802478125 0.747935 0.2457487140625 0.750324084375 0.2811190578125 0.7590948125000001 0.3205213140625 0.7608604296875 0.33001511093749997 0.75831176875 0.3420440921875 0.7487667015625 0.388004740625 0.738026925 0.3870272375 0.734541778125 0.37066190625 0.7176814859375 0.366740290625 0.705735728125 0.375639725 0.6338725937499999 0.37781822656249997 0.6024424453125 0.3763940609375 0.5899834734375 0.3644579609375 0.5835699156249999 0.26735352031250004 0.55 0.25634302343750004 0.55
0 0.3524310125 1 0.35255793281250003 0.9995467031249999 0.35567329999999997 0.9785836 0.3553746671875 0.944175715625 0.349036871875 0.9187793750000001 0.33961273593749997 0.90935906875 0.3296519578125 0.9064248546875 0.23936961874999999 0.9034590578125 0.22541175781249997 0.9015454671875001 0.20994555625000003 0.9016354109375 0.1984358015625 0.9076866296875 0.1858585671875 0.925712615625 0.178772240625 0.9432079812499999 0.174134021875 0.9686681531249999 0.17400050312499998 0.9916086749999999 0.17549966875 1 0.3524310125 1
0 0.3223860046875 0.869065346875 0.316088846875 0.8366871093749999 0.315764090625 0.8067675890625001 0.317858415625 0.7897999453125 0.32094475624999996 0.7738239109375 0.32649662031250004 0.762820440625 0.3160369328125 0.759889128125 0.2057865953125 0.7590342156250001 0.1978040375 0.7590806375 0.18730951875 0.762133809375 0.1757765453125 0.77217468125 0.16770981406250002 0.7866836078125 0.16212021875 0.8041702687499999 0.16002879375 0.8206392062500001 0.160878584375 0.8460674609375 0.16673198125 0.86897316875 0.1766027796875 0.8873673 0.1875265484375 0.8962801953125 0.198479340625 0.900206021875 0.3376287078125 0.9073758453125 0.3376548296875 0.902887484375 0.3223860046875 0.869065346875
10 0.7328125 1 0.7328125 0.9906665484375001 0.7138998671875 0.8962564390625 0.69766890625 0.8393687171875 0.569277434375 0.78918105 0.5404560265625 0.79241626875 0.5109328421875 0.7838197578124999 0.50403703125 0.7850052171874999 0.5000399 0.7880828359375001 0.4955915 0.7971513140625 0.49477408125 0.8047987640625 0.504929878125 0.8346742468749999 0.5063350453125001 0.84806258125 0.5496353203125001 0.9467642890625001 0.5593430796875001 0.9620803796875 0.6218774875 0.9919262249999999 0.6408849203125 1 0.7328125 1
8 0.5444771390625001 0.66520471875 0.531641028125 0.676679703125 0.522912846875 0.6964232562499999 0.5235295062499999 0.7125892484375 0.52791846875 0.7235354859375 0.539709103125 0.738116065625 0.54944254375 0.7691126078125 0.557152546875 0.7808299453125 0.5700416328125 0.79044074375 0.5807081359375 0.7943106546875001 0.5881649828125 0.7953125 0.604699471875 0.7953125 0.6072491375 0.7950741390625 0.6207597265625 0.79002555625 0.632694915625 0.7802571593750001 0.6382128578125 0.77108869375 0.640607290625 0.7578859343750001 0.637796959375 0.7311092625 0.640625 0.71978295 0.640625 0.6923016750000001 0.6371289359375 0.683582365625 0.6308257203125 0.6749782375 0.6132088140625 0.6614831296875 0.5898491375 0.6550143515625 0.5672763609375 0.6560430390625 0.5444771390625001 0.66520471875
8 0.63859984375 0.6612116625000001 0.64174903125 0.6809264125000001 0.647769603125 0.69712799375 0.6763340437500001 0.71717068125 0.685622675 0.7130575859375 0.7156292671875001 0.6902431984375 0.7182758234375 0.6845878984375 0.717798875 0.674898303125 0.7243012421875 0.6699641109375 0.7284396953125001 0.6630877625 0.726189815625 0.6519415484375 0.720140334375 0.640609759375 0.7151876875000001 0.6345833125 0.7041277390625 0.6269646671875 0.6977104921875 0.6275645984375 0.691320540625 0.6335698562500001 0.675897309375 0.6306854265624999 0.63859984375 0.6612116625000001
7 1 0.7136272640625 0.9938721609375001 0.7069533124999999 0.982895715625 0.705275528125 0.9737757015625 0.710995225 0.9680329359375002 0.7180215578125 0.937607215625 0.7214067578125001 0.9235618546875 0.7265053390625 0.9164958078125001 0.73635931875 0.9060525187499999 0.7449066640625001 0.8925965203124999 0.76076590625 0.8912732421874999 0.7635935546875 0.8931296765625 0.7709910343749999 0.886739725 0.7769962921875 0.8771957406249999 0.7941121734375 0.8608699734374999 0.80320945625 0.8328884359375 0.8350279265625 0.8116646156249999 0.8489094156250001 0.8043159203125001 0.8663608546875 0.8055251718750001 0.8727372609374999 0.8339755859375 0.9019840078125 0.84801933125 0.907160553125 0.855984684375 0.9058751062500001 0.8651609015625 0.9006909437499999 0.8994183640625 0.8720712734375 0.905387571875 0.8569119515625001 0.9134107468749999 0.845886915625 0.919322134375 0.840467184375 0.9351693375 0.8319554296874999 0.96875231875 0.7969093578124999 0.981278484375 0.7876265 0.98640298125 0.7747093015625 0.99234650625 0.7438695281250001 0.9983141015625 0.7389853296875 1 0.7365389859375 1 0.7136272640625
7 0.72659425625 0.9439292765625 0.7280845390625 0.9529833515625 0.7325586203125 0.959595328125 0.7596311625000001 0.980859065625 0.7679899625 0.9833223515625 0.780936871875 0.983193559375 0.79104130625 0.9817081359375 0.800583675 0.974867378125 0.8057354671875 0.9673555078125 0.8065528843750001 0.95970805625 0.8099590390625 0.9561448968749999 0.8082166328125 0.9395433609375001 0.8003091015624999 0.931089215625 0.796511115625 0.9206285187500001 0.7814829453125001 0.9112176999999999 0.744868034375 0.89679471875 0.7143026046875001 0.893703525 0.7137951296875 0.8991588500000001 0.7223450015624999 0.939459434375 0.72659425625 0.9439292765625