1 0.2796875 0.10675694531249999 0.2537574421875 0.0891245046875 0.22151537812500002 0.08044395 0.188033234375 0.086644346875 0.1706721234375 0.106485615625 0.1533110125 0.11392609218750001 0.130989584375 0.143687996875 0.1483506953125 0.1920510921875 0.1421502984375 0.23917410781249998 0.14091021875 0.2416542671875 0.16695188593750002 0.262735615625 0.20757137343749998 0.271875 0.2209652359375 0.271875 0.246316965625 0.2602554578125 0.26491815625 0.24041418750000002 0.274838790625 0.2205729171875 0.2796875 0.2114815875 0.2796875 0.10675694531249999
8 0.09121748125 0.2890625 0.1102554546875 0.2848834328125 0.13877728125 0.24892112968750002 0.1515625 0.2117277640625 0.1515625 0.20643827187500002 0.13877728125 0.16459573593750002 0.1164558515625 0.12491319375000001 0.08297370937500001 0.1050719234375 0.0346106140625 0.10135168593749999 0.0036086296875 0.12119295625 0.00732886875 0.1199528765625 0 0.1253971796875 0 0.2752497265625 0.0184895828125 0.2873635921875 0.0264987203125 0.2890625 0.09121748125 0.2890625
0 0.11390861875 0 0.10286458437499998 0.0269965265625 0.1053447421875 0.025756448437500003 0.1549479171875 0.055518353124999996 0.19091021875 0.0790798609375 0.2012400671875 0.0796875 0.2123981390625 0.0796875 0.234312996875 0.0455977171875 0.26003478593749996 0 0.11390861875 0
6 0 0 0 0.08860229375 0.006733631249999999 0.0798735125 0.019134425 0.11087549687500001 0.066257440625 0.100954859375 0.11338045468749999 0.1183159703125 0.1332217265625 0.133196925 0.169184028125 0.10839533750000001 0.1875 0.08664511875 0.1875 0.0832188109375 0.1679439484375 0.0625124015625 0.13818204375 0.045151290625 0.1009796609375 0.022829859375 0.11239459375000001 0 0 0
5 0 0.782345896875 0.0545693875 0.7944410093750001 0.06749505312500001 0.7765946703125 0.085441584375 0.771911453125 0.1050923640625 0.773174328125 0.1205462265625 0.781171365625 0.1395597515625 0.7940664234375 0.1442456953125 0.8048733921875 0.1553439265625 0.80625 0.16629219687500002 0.80625 0.1674250203125 0.8057793765625 0.173810796875 0.789263715625 0.18125 0.7829439781249999 0.18125 0.7782236734375 0.17913252500000001 0.7773489296875 0.18125 0.7638137984375 0.18125 0.756564846875 0.17462886093750002 0.7648027046875 0.1660216328125 0.7747553734375 0.1592668765625 0.761480825 0.12367173281249999 0.7235902046875 0.117314128125 0.7231816281250001 0.09310186718749999 0.7321314265625001 0.06353529687500001 0.736651528125 0.0341510046875 0.739432375 0.0118238046875 0.7414994390625 0 0.7355014328125 0 0.782345896875
8 0.0897005671875 0.772883528125 0.078932646875 0.77569345625 0.0650926265625 0.780056925 0.057063362500000006 0.790046740625 0.051984678124999996 0.7996425203124999 0.054176484375 0.8120401734375001 0.054481762499999996 0.8202309890624999 0.0444177421875 0.8551872796875 0.0493170859375 0.8695099031249999 0.05385039375 0.8762214671875 0.0671746828125 0.8823306734374998 0.07674861093749999 0.89375 0.0800387171875 0.89375 0.0884081890625 0.8906991484375 0.1217419359375 0.850234425 0.13424227500000002 0.8364463499999999 0.146875 0.820729021875 0.146875 0.806899759375 0.1412030734375 0.7977886859375001 0.138099853125 0.7940873109375 0.13049444375000002 0.7889292890624999 0.11567930625 0.7803896406249999 0.1029937390625 0.773737825 0.0897005671875 0.772883528125
8 0.182991871875 0.6627791890625 0.15929490156249998 0.6565870265625 0.1513861296875 0.6589970453125 0.15074740312499998 0.659539653125 0.141531096875 0.664200271875 0.133744875 0.6718710796874999 0.1276629015625 0.6854879765625 0.12407506718750001 0.6975141953125 0.1245937421875 0.709220665625 0.1291581640625 0.7211871390625 0.14138728750000001 0.7266423093750001 0.17470021875 0.758549690625 0.182699840625 0.754394540625 0.1819099484375 0.7619313171875 0.18951109375 0.765625 0.1917991921875 0.765625 0.206883925 0.7623689765624999 0.2109375 0.7558648125 0.2109375 0.7502564984375 0.20112657031249997 0.7007150125 0.20818218906250002 0.688911653125 0.2070247921875 0.6777477921875 0.2030086859375 0.671653125 0.18834618593750002 0.6672088875 0.182991871875 0.6627791890625
8 0 0.7346101953125 0.0058245515625 0.7374405640624999 0.01893544375 0.7400341171875 0.065625 0.734932575 0.065625 0.734356465625 0.0389760171875 0.698715096875 0.043750896875 0.692018075 0.0411648796875 0.6889335984375 0.031157207812499997 0.6900414203125 0.026563140625 0.6839096078125 0.015521062499999998 0.6837836359375 0.001248471875 0.68169908125 0 0.682638825 0 0.7346101953125
8 0.189301471875 1 0.189814546875 0.99968873125 0.2036234515625 0.9900703515625 0.20821605 0.9851125859375 0.21974274375 0.9695109687500001 0.2264026796875 0.9559312125 0.2265625 0.952781540625 0.2265625 0.9271123734375 0.22621598281250002 0.9244017453125 0.22177308125 0.91127576875 0.21450259218749998 0.9084738968749999 0.2044326875 0.8990718921875 0.19926065625 0.8929029390625001 0.1860397203125 0.8868003734375 0.1762324984375 0.8850027875 0.1744986046875 0.8848913578125 0.1624532359375 0.8887865062500001 0.1571003953125 0.8954463828125 0.1464851140625 0.9023517203125 0.0883256125 0.9132054671875001 0.081178115625 0.9203336671875 0.0725101265625 0.9308660875000001 0.071875 0.9412287296875 0.071875 0.9499266546874999 0.0722403828125 0.9611989078125 0.07832529687499999 0.96976115625 0.08827368125 0.980322665625 0.14540171875000002 0.990414275 0.15017806875 0.994806828125 0.1551031203125 1 0.189301471875 1
8 0 0.835357534375 0.037421834375000004 0.84375 0.0417032171875 0.84375 0.046921321875 0.842898109375 0.054037703125 0.8305150000000001 0.0546875 0.8243149375 0.0546875 0.8098032015625 0.0529381203125 0.7965922390625 0 0.7841849515625 0 0.835357534375
6 0.2796875 0.812893046875 0.26780002812500003 0.7946634296874999 0.251403634375 0.7901077640625 0.2438901015625 0.789624896875 0.222250521875 0.79173615 0.21812623437499998 0.7967240125 0.21773202500000002 0.8060371875000001 0.2234820203125 0.8122432828124999 0.2247312984375 0.828082303125 0.2230907546875 0.8437356062500001 0.2342884125 0.8701361343750001 0.22553001875 0.8870829718749998 0.21144842343749998 0.904855025 0.214673165625 0.9073968921875 0.2200585953125 0.9170815015624999 0.224258646875 0.9359375 0.22800968125 0.9359375 0.274874778125 0.9270245375 0.2796875 0.91721129375 0.2796875 0.8822954796874999 0.27654055 0.8722678500000001 0.2796875 0.8723483546875 0.2796875 0.812893046875
5 0.402219109375 0.2890625 0.4035326859375 0.306292825 0.4128411703125 0.33007612656249996 0.42569852656249996 0.3463830578125 0.461561628125 0.3801873484375 0.48691287031249997 0.398453128125 0.5030237 0.41267524218750007 0.520747659375 0.4394188625 0.53115469375 0.445572540625 0.5367509515625001 0.4644807703125 0.5542530140624999 0.47590633125000004 0.5708933843749999 0.49660335 0.6023459250000001 0.547155465625 0.6061044421874999 0.55844875625 0.6139999078124999 0.5717071921875 0.622434453125 0.6082135531249999 0.6296098015625 0.6297734703125 0.6288066499999999 0.642011540625 0.6222262031250001 0.6668907890625 0.6222602375 0.6767606078125 0.627197628125 0.6867123078125 0.651320996875 0.720126084375 0.683117934375 0.7514802406250001 0.7124060156249999 0.7697145296875 0.72447518125 0.7745833046875 0.7406967437499999 0.778125 0.7645741109374999 0.778125 0.78035734375 0.7722591484375 0.8076933265624999 0.75672064375 0.8259890046875 0.7391351125 0.8364817921875 0.721127575 0.8390625 0.7062475203125 0.8390625 0.6940994078125 0.8384787828124999 0.6838716890625001 0.8324455562499999 0.6713249875 0.7896317171875 0.6110542171875 0.7583425359375 0.57285354375 0.7097636515625 0.521772346875 0.6238011109375 0.43720178593750003 0.566584859375 0.36784221562499997 0.5040405328124999 0.3013106875 0.4898706265625 0.2890625 0.402219109375 0.2890625
5 0.513482340625 0.4203229796875 0.4844896546875 0.3966971390625 0.46959173437499996 0.39100325312499995 0.46107143906250003 0.37865810624999996 0.4382072671875 0.36019077187500004 0.4240635015625 0.356065225 0.41232376875 0.3556747140625 0.384187346875 0.36322666406250004 0.3728355828125 0.3702810328125 0.36776615625 0.37807232968750004 0.36691671718749996 0.383892184375 0.36867141875 0.3954437140625 0.36680646562499997 0.414956603125 0.3705649828125 0.42624989375 0.3788729171875 0.4400500046875 0.38680513437499997 0.4429536328125 0.3988280140625 0.44140419375000006 0.407856065625 0.4469028234375 0.4116268328125 0.45474451093749996 0.4369072875000001 0.47349527968749994 0.46139955468749994 0.4808078921875 0.4679772875 0.4761532671875 0.473917940625 0.47586353593749997 0.5124032453125 0.496875 0.5267758406249999 0.496875 0.540878253125 0.48519798593749996 0.5421875 0.48235829062499996 0.5421875 0.4798849875 0.5328412140625 0.47290952812500003 0.5299661734375001 0.4656662 0.5151757921875 0.4491325203125 0.511700421875 0.43589927968750003 0.5146489625 0.4224329921875 0.513482340625 0.4203229796875
0 0.4797738625 0.5836574062500001 0.40337984687499995 0.6052802984375 0.4015761453125 0.607535178125 0.40026523281250004 0.6266197640625 0.40428239687499995 0.6428763078124999 0.4101862984375 0.65294138125 0.42328051406250006 0.6608901453125 0.44779456875 0.681524178125 0.46086428125 0.6963761453124999 0.48455339531249997 0.7159268296875 0.5051306078125 0.7365923546875 0.5225019375000001 0.7453125 0.5456209140625 0.7453125 0.564183203125 0.736119971875 0.5918976218750001 0.7112533234375 0.6105594828124999 0.6877912484375 0.6227144 0.6684988109375001 0.6296875 0.63986949375 0.6296875 0.6363161921875 0.626410271875 0.6196032125000001 0.6186563796875 0.605374803125 0.579244409375 0.5790468828125 0.56075133125 0.574411153125 0.5423167937500001 0.5727420375 0.4797738625 0.5836574062500001