1 0.5 0.294611090625 0.493954825 0.2960965109375 0.46674675624999995 0.28725042031250003 0.459085084375 0.2918342015625 0.44388673437500004 0.3304587 0.442069584375 0.3615183328125 0.41500460781250004 0.4134131359375 0.3983804703125 0.4132211859375 0.37019228125 0.3895344640625 0.355635275 0.41719673593750006 0.3272514046875 0.42844805468749997 0.26884409374999996 0.41578832187500003 0.23839308906249998 0.399185415625 0.2370035046875 0.4229369 0.2115418921875 0.44742614375 0.165233090625 0.44912599374999995 0.1506579859375 0.44550429999999996 0.13984217031249999 0.40922026875000006 0.12622908593749999 0.38915524218750003 0.11165397968749999 0.3855335453125 0.10032181093749999 0.3896686671875 0.0852303515625 0.426466125 0.09355146875 0.442204084375 0.1648236265625 0.48771810625 0.1528998078125 0.515702246875 0.4974018375 0.5578125 0.5 0.5578125 0.5 0.294611090625
10 0 0.46880457187499996 0.0495017328125 0.5022567625 0.146083909375 0.5140625 0.156819746875 0.5140625 0.165625 0.490790340625 0.165625 0.48630344062499997 0.088592925 0.4371111640625 0.07865033906249999 0.41749479999999994 0.065589809375 0.41957855000000005 0.0457408390625 0.4429137515625 0.013472684374999998 0.45737048125 0 0.44931681250000005 0 0.46880457187499996
10 0.3544233671875 0 0.35340235781249996 0.002749853125 0.3622579328125 0.0093526234375 0.3765304640625 0.04973939375 0.34966116875000003 0.0666961578125 0.3413055625 0.17792109843749998 0.3589098171875 0.192953678125 0.3599968296875 0.20596726875 0.385708425 0.240391884375 0.42173815625 0.25 0.425048396875 0.25 0.441086584375 0.24164073125000002 0.459989921875 0.0765020015625 0.4928446015625 0 0.3544233671875 0
10 0.5 0 0.4782422546875 0 0.480733221875 0.004711235937500001 0.4581050828125 0.07554940624999999 0.4529562078125 0.131963228125 0.4432455046875 0.13997675468749998 0.43832851406250006 0.22402046874999998 0.44869866406250003 0.23632868437500001 0.5 0.2501451828125 0.5 0
10 0.5 0.2698667890625 0.49168994374999997 0.26421926875 0.486611759375 0.256238125 0.49092360468749996 0.2457245640625 0.474833925 0.236397428125 0.44764757031249996 0.23125 0.4473580390625 0.23125 0.42604852656250003 0.24883516874999997 0.40186960781250003 0.251399965625 0.37663988125 0.30351910000000004 0.3643818921875 0.3866654859375 0.4116733234375 0.4234375 0.4123726296875 0.4234375 0.43217923437500005 0.39679280625 0.45243766875 0.3348654890625 0.47153840156250004 0.3243195484375 0.4678498015625 0.2925869171875 0.5 0.29813327031250003 0.5 0.2698667890625
10 0.0693816671875 0 0.0702024890625 0.0414950078125 0.0870947109375 0.1318847796875 0.08365609375000001 0.15906600625 0.1003100921875 0.1625 0.178476084375 0.1625 0.240625 0.1078520078125 0.240625 0.096559559375 0.2303855515625 0.0205927375 0.2305008875 0 0.0693816671875 0
10 0.23172933125 0 0.2325952046875 0.046582075 0.24168265937500003 0.0808147390625 0.2399724015625 0.110047334375 0.242336090625 0.1109375 0.2500042328125 0.1109375 0.2779600875 0.092609525 0.3764929015625 0.0512907078125 0.3765625 0.050101098437500005 0.3765625 0.037614690625 0.347775784375 0 0.23172933125 0
10 0.15604062968750002 0.2191359390625 0.22957972187500003 0.228125 0.2632381546875 0.228125 0.29927888281250004 0.20352282968750002 0.3153323640625 0.1502820359375 0.345747165625 0.10431700937499999 0.3484375 0.0797256359375 0.3484375 0.0683210984375 0.29532219843749996 0.08159237968750001 0.2343495 0.11278153906249999 0.177813640625 0.162914065625 0.13722436875 0.1616328390625 0.1505167796875 0.187178978125 0.15604062968750002 0.2191359390625
10 0 0 0 0.198097171875 0.0039149390625 0.197389196875 0.019879628125 0.1772594046875 0.0368244390625 0.1719702453125 0.0698589296875 0.17600821875 0.0859375 0.1443386484375 0.0859375 0.13897184375 0.07183555781249999 0.047442615625000004 0.072144278125 0 0 0
10 0.158237653125 0.3372670921875 0.1428255203125 0.3795456609375 0.1309588953125 0.39281596875 0.1462115484375 0.44804336874999995 0.155280903125 0.4509920671875 0.1936080796875 0.453125 0.21096366562500002 0.453125 0.2212248953125 0.429611090625 0.234819878125 0.4183921546875 0.23394664999999998 0.4017244875 0.2453857109375 0.395762328125 0.2645045453125 0.416500353125 0.2826432578125 0.42239774687500004 0.32280496406250003 0.43098712343749995 0.3399635578125 0.4220438890625 0.35453866093749997 0.4256655828125 0.36747420000000003 0.3941249015625 0.36875 0.35330311718749996 0.36875 0.3252985515625 0.3609521296875 0.3160433453125 0.2418746921875 0.29780769375 0.128605578125 0.24347995937500003 0.11836041718750001 0.260628671875 0.1201068765625 0.2939640078125 0.158237653125 0.3372670921875
10 0.25717026718749997 0.2258934109375 0.14295723124999998 0.219292978125 0.13973239843750002 0.24282013125000002 0.17289188125 0.276315034375 0.25645823125 0.3012506046875 0.297368175 0.2970507203125 0.3460477171875 0.3046875 0.351926040625 0.3046875 0.3809164234375 0.2907023234375 0.3875 0.256521634375 0.3875 0.2448144015625 0.38423004843749997 0.23406416718749998 0.3481483046875 0.187331340625 0.323309940625 0.16957439375 0.30636512968749996 0.17486355468749998 0.29936290625 0.19976908124999998 0.25717026718749997 0.2258934109375
10 0 0.323950665625 0.0306775828125 0.334375 0.0346656171875 0.334375 0.056621246874999996 0.3179022875 0.073352278125 0.3162672 0.085218903125 0.3029968953125 0.103892071875 0.299759103125 0.1359375 0.21249079062499998 0.1359375 0.2096676890625 0.08418447968750001 0.19430436874999998 0.077484828125 0.18244481562499998 0.0483346203125 0.17520142968750002 0.024262590625 0.1759391890625 0.00430673125 0.201101428125 0 0.20163903125 0 0.323950665625
10 0 0.440820625 0.027924321875 0.45375145781250004 0.0380806875 0.4697137484375 0.0685445359375 0.4734375 0.0773681234375 0.4734375 0.090643478125 0.455897634375 0.0773510671875 0.4303514921875 0.0785268671875 0.41025408125 0.0926563078125 0.389899959375 0.0957742515625 0.36819984375 0.1216634265625 0.33640245156250004 0.12456758750000001 0.3183564125 0.0904460828125 0.30130484375 0.07469517656249999 0.317780559375 0.0561288984375 0.3191913140625 0.048146553125000005 0.3292562109375 0.012956140625000001 0.330475015625 0 0.3213367140625 0 0.440820625
1 0.72936046875 0 0.6972359546875 0.01700701875 0.664564665625 0.0388659765625 0.6059488421875 0.08490139218750001 0.5912568796875 0.10150432499999999 0.534633840625 0.152261140625 0.5 0.1902094421875 0.5 0.4583846828125 0.5093552890625 0.4635412203125 0.520703934375 0.4671875 0.5645696078125 0.4671875 0.620080203125 0.4522520984375 0.6941954640625 0.42453349218750003 0.7697588140625 0.392515578125 0.8065957578124999 0.37365482031249997 0.8477002062500001 0.347358546875 0.8883898531250001 0.315539571875 0.9208264249999999 0.281713296875 0.9436135015625 0.24968793749999998 0.9602170437499999 0.2149142828125 0.9667577734374999 0.1858703421875 0.9671875 0.1524688296875 0.9671875 0.1479119921875 0.9537308031249999 0.0967231515625 0.9431454109375 0.06955783125000001 0.9265063890625 0.04314221875 0.9150692796875 0.0288058140625 0.8869695406249999 0.0024766125 0.8834511968750001 0 0.72936046875 0
1 0.89744293125 0.43719446250000005 0.8821403484375001 0.464334509375 0.8873584921875001 0.46994900937499995 0.9009587 0.4734375 0.9075266765624999 0.4734375 0.9585401734375001 0.43225339687500003 0.9677660124999999 0.423436378125 0.9740174406250001 0.41922886562499995 0.984375 0.3052158390625 0.984375 0.303713896875 0.9738279125 0.31059824062499997 0.969763009375 0.30846090312499996 0.928264596875 0.3887443765625 0.9128316171874999 0.40923591562499995 0.9071854109374999 0.4234664375 0.89744293125 0.43719446250000005
9 0.728459609375 0.525 0.7322294515625 0.525 0.7396780265625 0.51072915 0.77192940625 0.4272784515625 0.7828125 0.38727108593750004 0.7828125 0.3850100828125 0.74893751875 0.4024285890625 0.7813471140624999 0.38508553437500004 0.7475330812500001 0.40225630468749995 0.7315360234374999 0.4393783625 0.7055666484375 0.5172040484375 0.728459609375 0.525
5 0 1 0.12772863437499998 1 0.17254698125 0.9485123124999999 0.1902820515625 0.9250644640625 0.2109375 0.8861212734375 0.2109375 0.88323991875 0.2094804234375 0.8787183125 0.1981019328125 0.8730045656250001 0.10723363749999999 0.8461226828124999 0.075065290625 0.8288550796875 0.062149932812499996 0.8281975171875 0.0532793890625 0.8342205593750001 0.044427346875 0.834789209375 0.0380957328125 0.8302384937499999 0.035759890625 0.8204736328125 0.029723434375000003 0.8079720234375 0.021424701562500002 0.8035476734374999 0.0110973203125 0.8042111000000001 0.0061179921875 0.809488425 0.0077899546875000005 0.8173129515625 0.0033884546874999996 0.8235446484375 0 0.8234675390625 0 1
6 0.3377677671875 1 0.3390625 0.9883164546875 0.3390625 0.9730651250000001 0.323502503125 0.9421998859375 0.23761598906249998 0.8741815828125 0.1854161859375 0.8238290859375 0.13215004218749998 0.8462544624999999 0.1420265140625 0.855534915625 0.2105680859375 0.8759191265625 0.1977199765625 0.9081417093749999 0.1634280125 0.959092934375 0.1251983734375 1 0.3377677671875 1
0 0.780622765625 1 0.7788623125 0.9923100874999999 0.76596475 0.981000671875 0.7416001953125 0.9748646484375 0.7195354 0.9760452828125 0.701514953125 0.98192931875 0.6847684484375 0.9954248921875 0.6840530609375 1 0.7258974921875 1 0.7299106765625 0.9981692390625 0.7445334406249999 0.9965468453125 0.7553142328125 0.9986098890624999 0.7578091203125 1 0.780622765625 1
2 0.6385060171875 1 0.640625 0.9960231374999999 0.640625 0.9761576562500001 0.63269054375 0.96997925625 0.6200411031249999 0.9665762578124999 0.616669778125 0.9600369125 0.6149189796875 0.9469311093750001 0.60776460625 0.9381942765625 0.6002768281249999 0.9382349421875 0.5834520078125001 0.947294878125 0.5686005109375001 0.9513294171875 0.5663658875 0.9538488921875 0.5571653265625 0.9982594765625 0.556975890625 1 0.6385060171875 1
6 0.857159428125 0.659375 0.83060840625 0.686925265625 0.8253288953125001 0.6952474468750001 0.8276937921874999 0.7124002296875 0.83574295 0.7380085234375 0.8466020546875 0.7445072015624999 0.8491305499999999 0.7494117124999999 0.8473006765625 0.7687088734375 0.8413938875 0.7783845656249999 0.8404851609375001 0.8037521999999999 0.8377605015625 0.8061779015624999 0.834820284375 0.8056152515624999 0.833088875 0.8028280078125001 0.8378395765625001 0.7737749359375 0.8339782140625001 0.7671418140624999 0.8285420718750001 0.766592721875 0.8236285343749999 0.77105546875 0.821047321875 0.787752934375 0.8232749765625 0.8063530078125 0.826737796875 0.811927496875 0.81945239375 0.8203570046875001 0.8089259375000001 0.8419194296875 0.8032478796875001 0.8491829765624999 0.8035417515625 0.8566069609374999 0.8075271734375 0.8671932890624999 0.82222128125 0.891126078125 0.8300618562500001 0.8926264734375 0.8476248328124999 0.8915667265625 0.8772425437500001 0.9001815578125001 0.9095980921875 0.9009701937500001 0.9189087749999999 0.9027519140625 0.9358662468750001 0.909375 0.9515495875 0.909375 0.9846588718749999 0.8986338140625 0.9913169984374999 0.8915578156249999 0.9946037999999999 0.8779424718750001 1 0.8757491999999999 1 0.6761071140625 0.9911711375 0.677373990625 0.9757249328125 0.6876801078125 0.9652969390624999 0.6871581250000001 0.95860624375 0.6893160578125 0.951745740625 0.6880032109374999 0.9413503140625 0.692399296875 0.9369857390625 0.691072896875 0.9321443031250001 0.684252225 0.9189722609375 0.6758373828125 0.8979922109375 0.670840215625 0.885100446875 0.659375 0.857159428125 0.659375