7 0.33711344374999996 0 0.32119140625 0.004443359375 0.312890625 0.008837890625 0.3021484375 0.018115234375 0.2845703125 0.042041015625 0.27431640625 0.068408203125 0.2734375 0.089208984375 0.2734375 0.10556640625 0.2748046875 0.111376953125 0.29091796875 0.137255859375 0.301171875 0.148486328125 0.31435546875 0.157275390625 0.33388671875 0.166064453125 0.36025390625 0.174365234375 0.3998046875 0.190966796875 0.459375 0.2133056640625 0.459375 0.0204678625 0.4115234375 0.011767578125 0.36904296875 0.000537109375 0.361657715625 0 0.33711344374999996 0
7 0.459375 0.251671425 0.4322265625 0.253759765625 0.35849609375 0.265966796875 0.34482421875 0.270361328125 0.331640625 0.280126953125 0.30234375 0.309423828125 0.3013671875 0.324072265625 0.3033203125 0.343603515625 0.31552734375 0.376318359375 0.323828125 0.387060546875 0.3375 0.397314453125 0.3658203125 0.406103515625 0.384375 0.409521484375 0.4244140625 0.413916015625 0.4291748046875 0.4140625 0.459375 0.4140625 0.459375 0.251671425
7 0 0 0 0.069521484375 0.007080078125 0.090478515625 0.030029296875 0.135888671875 0.081787109375 0.192529296875 0.101806640625 0.217431640625 0.127685546875 0.243310546875 0.175048828125 0.296044921875 0.186767578125 0.311181640625 0.202880859375 0.324853515625 0.213134765625 0.331689453125 0.226806640625 0.337060546875 0.232666015625 0.3375 0.25099875781250003 0.3375 0.270751953125 0.333154296875 0.293701171875 0.321435546875 0.326416015625 0.289208984375 0.340087890625 0.270166015625 0.344970703125 0.251611328125 0.3453125 0.2463134765625 0.3453125 0.23428178281249998 0.340576171875 0.217919921875 0.332763671875 0.203271484375 0.310302734375 0.171533203125 0.264404296875 0.099267578125 0.233642578125 0.048974609375 0.218505859375 0.018701171875 0.1993125515625 0 0 0
10 0.459375 0.4796875 0.5912649218749999 0.4796875 0.68461943125 0.4339015 0.6921875 0.42425169374999994 0.6921875 0.412785475 0.691848134375 0.40868882500000003 0.6816232328125 0.3977328953125 0.64694089375 0.3839712703125 0.6388883875 0.354249809375 0.59488000625 0.340382834375 0.5883631234375 0.306703896875 0.5594861421874999 0.29553727812499997 0.5560029875 0.2759851640625 0.543942840625 0.26536985625 0.52697619375 0.263010115625 0.4833797140625 0.2766102125 0.459375 0.29026519375 0.459375 0.4796875
10 0.6410782125 0.2436584859375 0.592088271875 0.2821306390625 0.594747321875 0.3367241609375 0.65010433125 0.33012251406250004 0.6672207859375 0.33429068125 0.65939284375 0.35226963906250003 0.6392051343749999 0.3560164234375 0.645272584375 0.3842700703125 0.6559938421875 0.3890625 0.65782786875 0.3890625 0.6802920734375 0.3796067796875 0.6916407 0.35913816249999997 0.7259111390624999 0.34543271875000003 0.72538695625 0.29411544375 0.737634440625 0.2844974046875 0.7515625 0.24659326250000002 0.7515625 0.2148883359375 0.6901432062499999 0.161102775 0.651415696875 0.1884890765625 0.6502919703125001 0.219913625 0.6410782125 0.2436584859375
10 1 0.182108884375 0.9872680781250001 0.1844718984375 0.980563859375 0.1710263078125 0.792544634375 0.24081063593750002 0.7755404609375001 0.26049267343750004 0.7765891296875 0.27315168437500004 0.7859387796874999 0.2875 0.7982167390624999 0.2875 0.8551675734374999 0.2769300765625 0.887153334375 0.2581399625 0.903970171875 0.2586912703125 0.9578290812500001 0.234005325 0.9962194437499999 0.2250439390625 1 0.21596822968749999 1 0.182108884375
9 0.459375 0.8846144828125 0.3977546828125 0.8400729796874999 0.35534970625 0.820339125 0.3187893234375 0.7912561421875 0.2855178953125 0.778419446875 0.2535635703125 0.7550265640625 0.18080946250000002 0.717781446875 0.16730556875 0.71864330625 0.13368607500000002 0.7716536062499999 0.12459731249999999 0.8530186359374999 0.16842415 0.868173690625 0.17466159375 0.8812397578125001 0.24151872968750002 0.9248453062500002 0.33535746875 0.9652327921874999 0.3415425296875 0.975310165625 0.3585807609375 0.98125 0.3617890765625 0.98125 0.38513365781250003 0.97701610625 0.39690140937499996 0.9628008921875001 0.43702024687499996 0.9378001250000001 0.459375 0.9067249453125001 0.459375 0.8846144828125
9 0 0.9069030343750001 0.0148836 0.9140625 0.01598074375 0.9140625 0.0259407109375 0.8958777203124999 0.0366870484375 0.8233830046874999 0.043979690625 0.8109494250000001 0.078411078125 0.8042638578125001 0.096875 0.7634118593749999 0.096875 0.743581678125 0.0968429109375 0.74175075625 0.0907887984375 0.7391451140624999 0.09334443125 0.7135497015625 0.08550179531249999 0.6946020125000001 0.06125915625 0.6826850906249999 0.03525418125 0.655920465625 0.0065626265625 0.6472795234375 0 0.64889185 0 0.9069030343750001
9 0.459375 0.7137831984374999 0.45245046875000006 0.6941972984375 0.4401065328125 0.67553689375 0.4158115140625 0.6606312796875 0.3957558921875 0.630494915625 0.3792773203125 0.63304264375 0.3094902953125 0.6793851546875 0.2737418046875 0.6966269046875 0.26384114687500004 0.731667203125 0.2643387609375 0.7600597812500001 0.2796049921875 0.7740456234374999 0.32351040000000003 0.7936837171875 0.37793609687499996 0.8296875 0.38564622656249997 0.8296875 0.459375 0.79272349375 0.459375 0.7137831984374999
7 0.714157021875 0.4796875 0.70662603125 0.494777928125 0.691049603125 0.533823709375 0.6892407781250001 0.5433397281250001 0.6913044968750001 0.5516393390625 0.70925040625 0.571875 0.7209307046875 0.571875 0.7457198765624999 0.565801340625 0.7932102453125001 0.5516402609375 0.79747211875 0.5489152734375 0.8388127578125001 0.482116615625 0.83992226875 0.4796875 0.714157021875 0.4796875
7 0.9189740531249999 0.5213197125 0.888668978125 0.5265539765625 0.7962998078125001 0.54977093125 0.6555927125000001 0.5891795546875 0.6489018859375 0.592541478125 0.634627865625 0.607737315625 0.6101798 0.6260029046875 0.639719953125 0.6381484484375 0.676929315625 0.6751066359375 0.6956408453125 0.6809495671875 0.7150933171875 0.690625 0.7210381453125001 0.690625 0.7264523328125 0.690049225 0.7437754359375 0.6830955375000001 0.79111764375 0.6738960140625 0.862863103125 0.6528723046875 0.8726822765625 0.6518044109375 0.8920450078125001 0.64572236875 0.9049339812500001 0.63902725625 0.9365103874999999 0.6307471046875 0.9430978609375 0.6259053375 0.9453125 0.6222426796875 0.9453125 0.60803379375 0.9440316625000001 0.5896946 0.9319249453125 0.543843190625 0.9237526984375 0.5259939640625 0.9189740531249999 0.5213197125
7 0.58268479375 0.4796875 0.5509078546875 0.5548471562499999 0.5462703906249999 0.5734433734375 0.5482996609375 0.581249703125 0.5928199796875 0.62372505625 0.6052748140624999 0.624979925 0.615517765625 0.6228967390625 0.63725090625 0.6082565093750001 0.6537127203125 0.5889707625 0.6775958265625001 0.54845 0.6859128609375 0.5400403328125 0.6957182984375001 0.5246097859375001 0.71619756875 0.4796875 0.58268479375 0.4796875
7 0.7342735656249999 0.7433170765625 0.732488834375 0.7602610656250001 0.7283199578125 0.7714005859374999 0.7145282609375 0.7935023765625 0.6898183140625 0.8221843609375 0.671282421875 0.840105184375 0.6722574265625 0.8469824078125001 0.6784107640625 0.8500906203125 0.7078923703125 0.8543149140625002 0.7431035406250001 0.8626627171875001 0.79497625 0.8829164921875 0.834621546875 0.8910057203124999 0.865937334375 0.89375 0.8759367906249999 0.89375 0.8920481812500001 0.8916192500000001 0.9016950953125 0.8880849468750001 0.9130819296875 0.87404805625 0.921875 0.8312691984375 0.921875 0.8303567812499999 0.9146808984374999 0.7694482984375 0.910484553125 0.75186250625 0.9039626078125 0.736393503125 0.9006620046875 0.7316330609375 0.890222703125 0.7238218640625 0.8621605906250001 0.7115901296875 0.8235006546875001 0.7034434390625 0.8025870234375001 0.703125 0.7873687890625 0.703125 0.742104903125 0.706704115625 0.7328817671875 0.7092231218749999 0.7305906171875 0.7118331859375 0.7342735656249999 0.7433170765625
8 0.459375 0.6887402671875 0.46067949375 0.689832425 0.4656063046875 0.6895451218749999 0.4707846390625 0.685776109375 0.4823092796875 0.67371235 0.504821075 0.6560549671875 0.5286627453125 0.6432729453125 0.5392605734375 0.6391878984374999 0.5957225578124999 0.62598951875 0.5911954296874999 0.617833559375 0.58153478125 0.607005209375 0.517717259375 0.5503011234375 0.483305459375 0.5250667953125 0.465968621875 0.5176578265625 0.459375 0.51962808125 0.459375 0.6887402671875
8 0.459375 0.8773307921875 0.4615574359375 0.8794778921875 0.4791354375 0.8903398375 0.507380165625 0.8981033 0.53116666875 0.8986973703124999 0.563935146875 0.8933194531249999 0.588717371875 0.886921375 0.6113566140625 0.878171809375 0.6462198906250001 0.8602894453125 0.6856758218750001 0.83025226875 0.7155296468750001 0.797307990625 0.7310509062499999 0.7716382984375001 0.7379450671875001 0.7499387343749999 0.73867553125 0.7320656421875 0.7335282750000001 0.715030596875 0.718320684375 0.6956104640625 0.703171640625 0.6841115859375 0.6751784328125 0.6728664140625 0.6479156890625 0.6437481500000001 0.6348751765625 0.634107478125 0.616621878125 0.6277425359375 0.5926975671875 0.6251753375 0.5642943171875 0.6293081140625001 0.5424337265625 0.635040525 0.502185409375 0.65373220625 0.49041960625 0.6623429875 0.4700163421875 0.6818585796875001 0.459375 0.694408696875 0.459375 0.8773307921875