10 0.777352428125 0 0.6390625 0.02886050625 0.6390625 0.15359375 0.6639583328125 0.1660416671875 0.685625 0.1877083328125 0.720625 0.18604166718749998 0.8789583328124999 0.1410416671875 0.8989583328125 0.12437499999999999 0.945625 0.1110416671875 0.9572916671874999 0.1010416671875 0.9556250000000001 0.0827083328125 0.9272916671875 0.039375 0.85611378125 0 0.777352428125 0
10 0.6390625 0.30765625 0.690625 0.294375 0.7772916671875001 0.24937499999999999 0.7789583328124999 0.21937500000000001 0.7472916671875 0.1827083328125 0.690625 0.184375 0.6390625 0.1494944859375 0.6390625 0.30765625
10 1 0.0884758765625 0.945625 0.0560416671875 0.9422916671875001 0.0627083328125 0.9522916671875 0.079375 0.9522916671875 0.1010416671875 0.945625 0.1077083328125 0.9106249999999999 0.1177083328125 0.8722916671875 0.1410416671875 0.7472916671875 0.174375 0.7439583328125 0.1810416671875 0.7872916671875 0.2227083328125 0.8306250000000001 0.2527083328125 0.905625 0.2260416671875 0.940625 0.23104166718750002 1 0.20753906249999998 1 0.0884758765625
10 0.85484375 0 0.860625 0.0077083328125000005 0.8972916671875 0.024375 0.9356249999999999 0.0577083328125 0.9472916671875 0.0577083328125 0.960625 0.044375 1 0.029609375 1 0.009791665625 0.9923065484375 0 0.85484375 0
10 0.6390625 0.359375 0.8547916671875001 0.359375 0.8722916671875 0.35104166718749996 0.880625 0.3310416671875 0.9189583328125 0.309375 0.9239583328125001 0.294375 0.9189583328125 0.2810416671875 0.8789583328124999 0.23937499999999998 0.8306250000000001 0.2477083328125 0.7972916671875 0.23104166718750002 0.780625 0.2527083328125 0.7322916671875 0.2677083328125 0.665625 0.3010416671875 0.6390625 0.3082859859375 0.6390625 0.359375
10 1 0.2080608984375 0.940625 0.22937500000000002 0.900625 0.22770833281249997 0.8789583328124999 0.2427083328125 0.8922916671875001 0.24937499999999999 0.9222916671875 0.2810416671875 0.9256249999999999 0.294375 0.975625 0.3377083328125 0.9956250000000001 0.3410416671875 1 0.34034166718750003 1 0.2080608984375
10 1 0.0607291671875 0.9572916671874999 0.039375 0.9372916671875 0.0477083328125 0.940625 0.0560416671875 0.960625 0.0627083328125 1 0.0896491234375 1 0.0607291671875
9 0 0.937011565625 0.004107189062500001 0.93933959375 0.014956795312500002 0.9374217796875 0.4415292296875 0.8282715625 0.44113792656250006 0.8204662546874999 0.3860208390625 0.7503392421875 0.31508162031250003 0.6796342328125 0.286964103125 0.667730503125 0.261740646875 0.6418161046874999 0.22030124843749999 0.6480161546875 0 0.6915435359375 0 0.937011565625
9 0 0.9991789734375001 0.0000501203125 0.9994374578125 0.29518368437500003 0.989131165625 0.5328537234375 0.9471197671875 0.50406063125 0.890338440625 0.47148383281250006 0.86122414375 0.45234835156250003 0.8319837640625 0.436104428125 0.8292304703125 0.0158308609375 0.9361423515624999 0 0.9462873984375001 0 0.9991789734375001
9 0 0.359375 0 0.4671045625 0.0244796359375 0.4598950515625 0.2836073171875 0.3668438578125 0.28416425156249997 0.359375 0 0.359375
9 0 0.6877094453125 0.18473892812499998 0.6498025765625 0.245979484375 0.629978075 0.148429496875 0.5493528484375 0.1229951453125 0.5223508015625 0.1248042484375 0.508531915625 0.10479469999999999 0.48057096406250005 0.1026857515625 0.46969449374999994 0.108141040625 0.463105571875 0.10190314375000001 0.45408387499999997 0.005130753125 0.47006478124999995 0 0.47122336718749996 0 0.6877094453125
9 0.6390625 0.5471226265625 0.620450946875 0.5342558796875 0.5631919187500001 0.49938017500000004 0.5324915625 0.464028334375 0.5162933671875 0.4528300140625 0.42892804218749997 0.5231131328125 0.2870479390625 0.6522479609375 0.323173096875 0.6866408953125 0.375194725 0.73791010625 0.43550285468750005 0.8102130750000001 0.480403646875 0.875396403125 0.5071116140624999 0.897392384375 0.5400733484375 0.9154706156250001 0.5701352765625 0.9185937031249999 0.6213723109375 0.8645398484375001 0.6390625 0.8412941796875 0.6390625 0.5471226265625
9 0.28245922968750004 0.359375 0.2820929453125 0.36626785 0.2087818890625 0.393288140625 0.111357815625 0.469567746875 0.0953089171875 0.48084154687499997 0.122807740625 0.50691620625 0.12246790781250001 0.5196316859375 0.192872896875 0.5789006437499999 0.264634084375 0.637929875 0.2969542578125 0.6744015484375 0.300384434375 0.6414536140625 0.34834372187499996 0.5921976156250001 0.3984500671875 0.5467805640625001 0.45887878125 0.4967265828125 0.5155025109375 0.4487513390625 0.4901507453125 0.42651563125 0.413300975 0.359375 0.28245922968750004 0.359375