8 0.21878594375 0.15765410468750002 0.2142715265625 0.145764921875 0.1773257046875 0.0954524484375 0.1601442015625 0.0754029171875 0.14376696875 0.0723822875 0.1240559421875 0.07752830000000001 0.09947614375 0.091695353125 0.098195734375 0.09855721875 0.100210228125 0.12267986093750001 0.098402096875 0.14245744062500001 0.1002931109375 0.1451267296875 0.11224810781250001 0.1462397140625 0.117127871875 0.14918725 0.11387526249999999 0.15536686093750002 0.10922975937499999 0.15892355625000001 0.109524915625 0.1639375125 0.11629569375 0.1695543359375 0.12379885937499999 0.181721765625 0.125558790625 0.199836934375 0.13160817656249998 0.2108717234375 0.1323608609375 0.2169255703125 0.1374139984375 0.2278676125 0.1440224 0.23745850000000002 0.1462491625 0.24414823125 0.146870765625 0.26564795625 0.1521877625 0.270132140625 0.1881339421875 0.2714840625 0.21560100468750001 0.2600790484375 0.24080070625 0.242977821875 0.2517078640625 0.23302300312500002 0.25659692968750003 0.2235052078125 0.2578125 0.21680809218750002 0.2578125 0.20492401562499998 0.255639578125 0.197985040625 0.2408472125 0.1806511703125 0.2277631859375 0.17045741718750002 0.21878594375 0.15765410468750002
6 0.21683822031250002 0.3890625 0.2143416890625 0.3812725015625 0.1993150578125 0.3574344015625 0.1878564921875 0.3319338890625 0.1731656109375 0.3121162296875 0.1704906171875 0.29192127968750003 0.166911559375 0.2816151203125 0.16304834375 0.278263575 0.1481045953125 0.27687234374999997 0.144780096875 0.2725736578125 0.1394005140625 0.2451458453125 0.12742352343750002 0.22009571874999997 0.12246087812499999 0.1947013140625 0.1158930703125 0.184116909375 0.1104838875 0.16965118437499999 0.105665015625 0.165213375 0.0988832421875 0.14762798125 0.09912511093750001 0.11723297968749999 0.096551603125 0.0945542375 0.0909081578125 0.073584284375 0.08901714375 0.07091499531249999 0.08602839375 0.07063675 0.073108440625 0.0809028296875 0.037743268749999996 0.10204415156249999 0.0322672796875 0.1136888890625 0.0210157953125 0.3890625 0.21683822031250002 0.3890625
2 0.036901168750000005 0 0.034539009375 0.0578125 0.035674675 0.0578125 0.0391174875 0.05589616562500001 0.052048435937500005 0.057598656250000005 0.0515596140625 0.0450869515625 0.0840485171875 0.033152165625 0.09375 0.0247239109375 0.09375 0.01929795 0.08427008750000001 0.0032539218750000003 0.08085413125 0 0.036901168750000005 0
2 0.4968328421875 0 0.5010415125 0.022563359375 0.5020301578125 0.059555340624999994 0.5066866531249999 0.0679672171875 0.5136527953125001 0.1055156890625 0.517048071875 0.109375 0.520396115625 0.109375 0.5386199296874999 0.10634413437500001 0.5508590875 0.1005025046875 0.571343096875 0.1009135796875 0.57949576875 0.09718474375 0.5796875 0.096992075 0.5796875 0.01850685 0.5586396312499999 0.007979710937499999 0.5482740078125 0 0.4968328421875 0
8 0.35365918125 0.3890625 0.3044208546875 0.34653204375 0.29252704218750003 0.33934632656249997 0.2547381140625 0.294798865625 0.23497768749999998 0.29371901562499997 0.2191041796875 0.29072161875 0.183949365625 0.27757133437500003 0.251830959375 0.365949753125 0.2612627296875 0.3774650796875 0.27685789375000003 0.38727479531250003 0.279304403125 0.3890625 0.35365918125 0.3890625
6 0.3335131484375 0.365625 0.35625 0.329699871875 0.35625 0.32904966406249997 0.3196626359375 0.29924623906250003 0.291177065625 0.2912756671875 0.282232703125 0.3018400203125 0.2730545734375 0.2875 0.2723880171875 0.2875 0.253582846875 0.29461395625 0.2937101125 0.33785950468750003 0.331601065625 0.365625 0.3335131484375 0.365625
6 0.26278856875 0 0.2959101984375 0.04067110625 0.3377572546875 0.0977532296875 0.358155021875 0.139162003125 0.36837654531249997 0.1499910515625 0.379061975 0.14946623750000002 0.3692756546875 0.165270828125 0.3810004796875 0.1952349203125 0.390898378125 0.2326269640625 0.4033820296875 0.262661703125 0.40637205625000006 0.282694959375 0.39530951718749996 0.3234375 0.40016485 0.3234375 0.4371294078125 0.3129113328125 0.4624324640625 0.290193478125 0.48579923750000004 0.258937515625 0.5048295390625 0.22195921406250002 0.5088545156250001 0.19802021875 0.5140625 0.15791620312500002 0.5140625 0.1496222296875 0.5116523109375 0.11090327656250001 0.5069877703125 0.057282768750000004 0.5047543453125 0.000089571875 0.5047222015624999 0 0.26278856875 0
8 0.5796875 0.3890625 0.754017440625 0.3890625 0.756014196875 0.38744918125 0.7609375 0.3523028265625 0.7609375 0.3264072234375 0.7568756125 0.2937392109375 0.685521375 0.2674567421875 0.6136074265625 0.2646277859375 0.5796875 0.262192484375 0.5796875 0.3890625
8 0.5796875 0 0.5796875 0.1703125 0.5875226890625 0.1703125 0.650256096875 0.15166698125 0.797074921875 0.04555131875 0.8244788296875001 0.039349284375 0.8557744703125 0.0259675359375 0.8849655875 0 0.5796875 0
5 0.769929415625 0.3890625 0.79296879375 0.36509826875 0.8447506859375 0.38459684375 0.8718659921875 0.37015383281249997 0.863024328125 0.3542963453125 0.828108065625 0.3431633140625 0.8410644625 0.3187731078125 0.8623334281249999 0.2951319296875 0.9234375 0.2159787609375 0.9234375 0.2129247625 0.9155845421875 0.1988405171875 0.8722114140624999 0.18283796875 0.863129246875 0.160112996875 0.8205563265624999 0.127524415625 0.8172899000000001 0.15255957656250002 0.7955399328125 0.16246579218749999 0.775967584375 0.155681896875 0.7695615359375 0.1699372484375 0.7530326109375001 0.1711861734375 0.7391317 0.20804192656249998 0.640294846875 0.225149965625 0.6360839140625 0.2626506703125 0.714355809375 0.24985078125000001 0.7150292125 0.26907973125 0.7499935765625001 0.281586253125 0.7649701859375 0.3148828859375 0.7845250375 0.2817313140625 0.7749968625 0.3251423109375 0.7827497156250001 0.34934485937500004 0.747017440625 0.3890625 0.769929415625 0.3890625
6 0.773978784375 0.0611503625 0.7484332874999999 0.08098328125000001 0.755753240625 0.09282436093749999 0.7363251953125001 0.09016095468749999 0.687892821875 0.1268716453125 0.6837299875 0.165745846875 0.715666865625 0.1734375 0.720413321875 0.1734375 0.7417255296875 0.1654950890625 0.772269059375 0.17007286875 0.7772496 0.1545481015625 0.8037571 0.16218510625 0.819949325 0.15132170625000002 0.8191316203125 0.1279722703125 0.851677865625 0.150301421875 0.8820770953124999 0.150758715625 0.8890625 0.11457074375000001 0.8890625 0.1143899265625 0.8703669125 0.09242692031250001 0.8138755859375 0.056758621875000005 0.792221821875 0.06941182968750001 0.773978784375 0.0611503625
3 0.4509003046875 1 0.43035900624999995 0.9721982562499999 0.41492555624999994 0.9277920859375002 0.40995274375 0.9055743578125 0.40022259687500006 0.89642024375 0.3616110203125 0.8464555749999999 0.3044287921875 0.7679147343749999 0.2984914421875 0.7638940015625 0.2825523828125 0.7601028390625 0.24495233125000002 0.7579689609375 0.218337340625 0.7741444953125 0.1976971546875 0.7903762390625 0.1910949265625 0.7986484609375 0.188744359375 0.808659915625 0.192237490625 0.8196973343749999 0.1913197484375 0.8264856328124999 0.204037296875 0.8356678515624999 0.213214915625 0.8452213484375001 0.3043449796875 0.963973078125 0.3307446765625 0.9899526796875 0.34018450625 0.9975666624999999 0.344413690625 1 0.4509003046875 1
3 0.0829640859375 1 0.08412302499999999 0.9965094531249999 0.09890075937500001 0.968327925 0.103405228125 0.9497596546875 0.13637886875 0.8865509078125001 0.1606712703125 0.832242153125 0.1735854140625 0.8141575750000001 0.2037590265625 0.7827224218750001 0.20978062656250002 0.771369934375 0.212374646875 0.74849515 0.2094621453125 0.74053799375 0.204920165625 0.7372586328125 0.1894961828125 0.7370326125 0.18453278125 0.733182871875 0.1774435140625 0.7155574375 0.1752239953125 0.6987869718749999 0.174324884375 0.6648747703125 0.17654428125 0.6300209109375 0.1850006296875 0.5674715906250001 0.19075060625 0.539690628125 0.1891960265625 0.53643936875 0.1730884125 0.5375824890625001 0.1656807890625 0.5407494328125 0.1607080390625 0.5443438656249999 0.148215315625 0.56299881875 0.104003934375 0.6798299734375 0.09079012656249999 0.7038185890624999 0.08440331250000001 0.72155999375 0.0812380078125 0.7339103421875001 0.074710803125 0.7858778359375 0.0680149765625 0.8169674499999999 0.0529844390625 0.8654564796875001 0.039311884375 0.944463565625 0.0360248203125 0.9503394984375 0.03386156875 0.9663404890624999 0.029853421875 0.9775500859375 0.0347981296875 0.9962881687500001 0.0370251109375 1 0.0829640859375 1
3 0.321349125 0.9825021281249999 0.3086034734375 0.9698402640625 0.2837770515625 0.9322235765624999 0.259943334375 0.905701703125 0.20966305937500002 0.8387967609375 0.1954564859375 0.825878403125 0.1873745765625 0.822970315625 0.18478049218749998 0.8200329406249999 0.1794237703125 0.8190924734374999 0.172990096875 0.8224304140625 0.1649362890625 0.823001971875 0.15826850625 0.8317590718750001 0.1288628984375 0.8980761874999998 0.0989515625 0.9533839875 0.098979665625 0.9568636343750001 0.10572241093750001 0.9659896453125001 0.11224039374999999 0.97309064375 0.12872263281250002 0.9839265984375001 0.16177135625 0.9902252828125 0.20343576406250002 0.9881088546874999 0.2722677484375 0.995229671875 0.290538890625 0.9984375 0.2994019546875 0.9984375 0.3181838203125 0.9948524765624999 0.32461749375000004 0.9915145375 0.32465494375000004 0.9875500109375001 0.321349125 0.9825021281249999
3 0.5796875 0.6759094187500001 0.5668504609375 0.6718790703125 0.550012353125 0.6599878640625001 0.5234627953125 0.6240542 0.5129553578125 0.61327445625 0.4660652734375 0.5876684953125 0.37272979687499996 0.5623468 0.1977490203125 0.5316257796875 0.1909901375 0.5388777234375001 0.185614721875 0.5528255984375 0.178113565625 0.6046220984375 0.1783102890625 0.6289796203125 0.1760814828125 0.645465490625 0.17743011875 0.6834277140625 0.175 0.7014026343750001 0.175 0.7021427484375 0.179490490625 0.7235004515625001 0.181981571875 0.7308872296875 0.1850626296875 0.7339101031249999 0.2110033921875 0.7374716937500001 0.2342658265625 0.7534691312499999 0.250560753125 0.7583155515625 0.367088153125 0.7703354390625 0.3830646609375 0.770162078125 0.4503103515625 0.7765625 0.4517968875 0.7765625 0.46459543593749997 0.775541296875 0.490938865625 0.768749446875 0.5157651640625 0.7547418140625 0.526712715625 0.7512035921875 0.538381353125 0.742331703125 0.5462103968750001 0.7397351343749999 0.57495125 0.7373352953125 0.5796875 0.73787948125 0.5796875 0.6759094187500001
3 0.401897709375 0.776556515625 0.3970467203125 0.7866253625 0.3953891984375 0.8136356671874999 0.38992012656249997 0.8245887734374999 0.38867461875 0.8338014640625001 0.391015896875 0.8570463421875001 0.39047277812500003 0.8758137109374999 0.3954549390625 0.89058726875 0.4129111265625 0.9015942156250001 0.42163016875 0.903125 0.426470925 0.903125 0.4344410140625 0.9009066875 0.445912990625 0.8934894374999999 0.45111985 0.8844758453124999 0.4544911625 0.8632266890625001 0.46032545 0.845884665625 0.46392152031249995 0.8266605203124999 0.4695310453125 0.8072934875 0.475 0.7956500015625 0.475 0.7787080625 0.47268694218749996 0.77657515 0.4536949296875 0.7732407609375 0.4077133046875 0.7741028359375 0.401897709375 0.776556515625
3 0.5485962703125 1 0.5553154578124999 0.9669052718749999 0.559375 0.9404781875000001 0.559375 0.9391952031249999 0.5547066015625 0.9087210390625 0.5544817765625 0.88088386875 0.5493684515624999 0.8412679078124998 0.5562609984375 0.83453581875 0.557665715625 0.8278330171875 0.5467554890625 0.7757823937499999 0.5506325296875 0.7655425546875 0.5517188296875 0.7538199734375001 0.5479353828125 0.741242421875 0.5427753203125001 0.73884731875 0.53143445 0.7452948125 0.5248977734375 0.7530821546875 0.5179490203125 0.7528549515625 0.51213343125 0.755308634375 0.49692486249999995 0.7645517953125001 0.47954363750000006 0.771427959375 0.472782196875 0.7771902921875 0.45230134531250005 0.8475562437499999 0.4404923796875 0.9164663781249999 0.43821671406249996 0.9185487828125 0.43214825625 0.91549780625 0.4263233171875 0.9253956578124999 0.423598128125 0.9234280390624999 0.42315794999999995 0.911933846875 0.419786578125 0.9073708421875001 0.4141395421875 0.9048902406250001 0.4112083453125 0.9118214281250001 0.4129408921875 0.9285063953125 0.4180260546875 0.9388305484374999 0.426595 0.96763629375 0.449701303125 1 0.5485962703125 1
3 0.5796875 1 0.5796875 0.9313258859375001 0.57450584375 0.9164065984375 0.567042015625 0.9126142515625 0.5638205046875 0.9180053062500001 0.5485528828125 1 0.5796875 1
6 1 0.5342263203125001 0.9903664531249999 0.5393836984375 0.969056325 0.5663530421875 0.9581456453125 0.587072934375 0.9476418609374999 0.5948181296875 0.9427343515625001 0.61517869375 0.92850555 0.626332721875 0.9208816234375 0.6356432828124999 0.9156158640625 0.653997925 0.9148611796875 0.671958425 0.922346221875 0.7360552312499999 0.925859153125 0.7571116546875001 0.932495396875 0.776243384375 0.9459556484375 0.7975319 0.9661146531250001 0.8084894828125 0.978107128125 0.8222528734375001 0.9933968125 0.8315986687500001 1 0.8430290062499999 1 0.5342263203125001
10 0.7898946296875 1 0.841923025 0.9044051265625 0.8843623375 0.8244938359375 0.8949843265625 0.8007708578125001 0.896875 0.7876318796875 0.896875 0.7865992937499999 0.8960067875 0.7718299843749999 0.8790333734375 0.6580719953124999 0.8736353156250001 0.6354734125 0.8663730453125 0.6253161281249999 0.8597229359374999 0.6206664390625 0.8364753984375 0.6111349734375 0.8216830796875 0.6018007828125 0.8185145328125 0.597232325 0.816330259375 0.5856953484374999 0.8108035390625 0.5720828171875001 0.8067098187500001 0.5664939906249999 0.80170138125 0.5668765265625 0.7919036359375 0.5716418437499999 0.746278271875 0.61152744375 0.71691981875 0.6253248140625 0.637805425 0.6882305734375 0.6160574890625 1 0.7898946296875 1
4 0.9351773984375 1 0.9430171968749999 0.9870488859375002 0.97049393125 0.9502355828125001 0.9720485406249999 0.9208077328125001 0.9670539671875 0.906708225 0.9747126734375 0.8968990796874999 0.984375 0.8653387453124999 0.984375 0.8487398265625 0.9782562406249999 0.8390625 0.978196975 0.8390625 0.9737038468750001 0.8399448656249999 0.9725804546875001 0.8489077078125 0.9703475359375 0.8523513515625 0.9521293500000001 0.8564208109375 0.9479417484375 0.8593194578125001 0.9480217640624999 0.865314028125 0.95254329375 0.8719116187499999 0.9492113046874999 0.8768277953125001 0.9412534499999999 0.8766421234374999 0.90357184375 0.859782390625 0.8941914499999999 0.8585647421874999 0.8816982015624999 0.8662635187500001 0.87762539375 0.8746581546875 0.8685336890625 0.8764435953125 0.8631426796875001 0.8823105140624999 0.8625862124999999 0.8902878000000001 0.8595776953125001 0.8977084828125002 0.8485069859374998 0.9064392359374999 0.8403056781250001 0.9097436250000002 0.8349494453125 0.9151119624999999 0.790242440625 0.99896548125 0.7905545515625001 1 0.9351773984375 1