9 0.4908449453125 0.4796875 0.4487255171875 0.41770085625000003 0.4175335765625 0.35702100312499996 0.387857771875 0.3245893703125 0.35216620781249997 0.27045655156250004 0.3372271109375 0.2585885625 0.313793840625 0.2848083171875 0.215309975 0.31363832187499996 0.2149810875 0.32776875625 0.20292336875 0.33218614375 0.1905114609375 0.3518209234375 0.2104299578125 0.383222509375 0.22539435624999998 0.3940035421875 0.23560614375000002 0.4222011765625 0.27086810156249996 0.4796875 0.4908449453125 0.4796875
9 0 0.3626403859375 0.1917285 0.24740548125 0.2046875 0.24475064687499998 0.2046875 0.243653609375 0.167209865625 0.19184914687500002 0.13703508125 0.14583530312499998 0.0266949828125 0.2171198484375 0 0.2322839890625 0 0.3626403859375
9 0 0.22406258281250002 0.021797759375 0.21135907812500002 0.0768729375 0.1797928921875 0.13125 0.14598271093749998 0.13125 0.1443560671875 0.09001943125 0.08190356875 0.07542164375 0.0670448671875 0 0.10935440156250001 0 0.22406258281250002
9 0.3914706390625 0.22257277968750003 0.400728515625 0.2333870125 0.44104665 0.25217161250000003 0.4515367265625 0.2684127234375 0.502525165625 0.3203125 0.503394325 0.3203125 0.5118925562500001 0.25511043906249997 0.5140625 0.161880809375 0.5140625 0.1388489984375 0.48806566093750003 0.1581607578125 0.46029089218749997 0.18413406875 0.4258175171875 0.2060708171875 0.3914706390625 0.22257277968750003
9 0.259762134375 0.4796875 0.2528653796875 0.46409121249999996 0.2315689859375 0.4451959484375 0.22588234687500003 0.3976811234375 0.2098942390625 0.3841890234375 0.19671839375 0.3666050265625 0.1746630234375 0.38031845625 0.162782628125 0.36544394687500004 0.1321955953125 0.3955091546875 0.16107493281250002 0.4388135125 0.181928590625 0.4767305171875 0.1863336828125 0.4796875 0.259762134375 0.4796875
9 0.211909203125 0.2252516484375 0.2540700921875 0.284375 0.257976465625 0.284375 0.2671875 0.278275371875 0.2671875 0.276923696875 0.24034693906250001 0.2291617359375 0.21140435625 0.1885747703125 0.2016721171875 0.198140971875 0.211909203125 0.2252516484375
9 0.18869240781250002 0.18340020937499998 0.2031419625 0.190625 0.2052413890625 0.190625 0.2125 0.17671315468749998 0.2125 0.17345384218749998 0.201648021875 0.1520790671875 0.1818051953125 0.129099809375 0.16025580781249998 0.1210741109375 0.1425726359375 0.1109375 0.1415615375 0.1109375 0.1437617171875 0.129321140625 0.1599711921875 0.133302371875 0.167870375 0.14412450937500002 0.18869240781250002 0.18340020937499998
9 0.1305484546875 0.115625 0.13101975625 0.115625 0.140625 0.094726109375 0.140625 0.09388898749999999 0.1224652484375 0.067163503125 0.0958605671875 0.0428650734375 0.10319051718750001 0.0781437328125 0.1305484546875 0.115625
9 0.27773803125 0.270426221875 0.2949074953125 0.2796875 0.2951899484375 0.2796875 0.2984375 0.233139665625 0.2984375 0.2200055875 0.284880509375 0.1970250375 0.273536584375 0.21746871093750003 0.2730306 0.239207840625 0.27773803125 0.270426221875
9 0.24367335156249997 0.20914222656249998 0.2709484421875 0.24375 0.27154362656250003 0.24375 0.2828125 0.20482374062500003 0.2828125 0.202497165625 0.2665193203125 0.16146140625 0.2323949484375 0.11003649062500001 0.216437325 0.1536017046875 0.24367335156249997 0.20914222656249998
9 0.13967620625 0.090108565625 0.1513352359375 0.11449394531249998 0.1795832265625 0.12655620781250002 0.1945288796875 0.1264692578125 0.2136830109375 0.15 0.214841446875 0.15 0.2265625 0.131128771875 0.2265625 0.12599583281249999 0.2247996734375 0.10999100625 0.20745286875 0.09650681093749999 0.133451959375 0.0656915671875 0.13967620625 0.090108565625
9 0.261421871875 0.1516240953125 0.27962138593749997 0.18683951875 0.294092678125 0.2071330015625 0.30050666875 0.223397825 0.30951155468749997 0.2450816234375 0.32551821875 0.25625 0.32772345468749997 0.25625 0.3578125 0.22169711718750001 0.3578125 0.2189667515625 0.320635246875 0.1757328125 0.30752265 0.155431425 0.287553328125 0.1378869515625 0.261421871875 0.1516240953125
9 0.2636012359375 0.1390625 0.26642120625 0.1390625 0.2796875 0.1369519078125 0.2796875 0.133357165625 0.26204668125 0.104146671875 0.2208125875 0.06634823906250001 0.2016898453125 0.0640625 0.1990686453125 0.0640625 0.1930694421875 0.09096285468750001 0.21743109062500002 0.0948966578125 0.24409902187500002 0.11647769375000001 0.2636012359375 0.1390625
9 0.19826045625 0.0765625 0.203125 0.0607929375 0.203125 0.05836670000000001 0.144489378125 0.0453125 0.144350015625 0.0453125 0.1384814546875 0.064336825 0.1682462609375 0.0695977046875 0.1941748453125 0.0765625 0.19826045625 0.0765625
9 0.117202621875 0.0586768734375 0.1501275578125 0.0449002046875 0.1664319046875 0.044805348437499996 0.20830307499999998 0.0625 0.210907034375 0.0625 0.2125 0.0415077796875 0.2125 0.037504946875 0.1901305875 0.018855753125 0.125955653125 0.032814228125 0.097296546875 0.0384150078125 0.117202621875 0.0586768734375
9 0.3327007328125 0.1859375 0.333603025 0.1859375 0.3390625 0.163223996875 0.3390625 0.1536580359375 0.2852459765625 0.1015625 0.2850315140625 0.1015625 0.272551409375 0.1164646390625 0.290814171875 0.14896266875 0.3029791859375 0.15160891875 0.3327007328125 0.1859375
9 0.3197596453125 0.11177680000000001 0.3098692890625 0.1281364796875 0.340455184375 0.15648728125 0.34408853437500003 0.1754853078125 0.3357782421875 0.1823262125 0.3746236859375 0.20625 0.37818869374999997 0.20625 0.39575059375 0.173826234375 0.3984375 0.1639796984375 0.3984375 0.1627783609375 0.37995222968750003 0.152181959375 0.36522794531249997 0.1427580421875 0.34399479843749997 0.12114538593749999 0.3197596453125 0.11177680000000001
9 0.4000846921875 0.2015625 0.4010969421875 0.2015625 0.43251095624999997 0.19099042500000002 0.4453125 0.16297229375 0.4453125 0.15522619531249998 0.43156450937499996 0.114919278125 0.4095723859375 0.125915315625 0.41917699218750004 0.1801999078125 0.4000846921875 0.2015625
9 0.367050371875 0.067916765625 0.3976626953125 0.09375 0.398383646875 0.09375 0.3612056140625 0.02719541875 0.33020860625 0.016507659375 0.330934821875 0.04367366875 0.367050371875 0.067916765625
9 0.28903699843749997 0 0.29093640781249996 0.014533940625 0.3054077 0.0348274234375 0.33087384062499997 0.046875 0.33094535625 0.046875 0.3375 0.018540173437499998 0.3375 0.0125739484375 0.3300993671875 0 0.28903699843749997 0
9 0.38487631875 0.1414393859375 0.373817009375 0.14965479843750001 0.4020017671875 0.1796875 0.403005246875 0.1796875 0.40434079375 0.12230698124999999 0.3844347171875 0.1020451171875 0.3745443625 0.1184047984375 0.38487631875 0.1414393859375
9 0.32638674375 0.0814155078125 0.33836201250000003 0.09221393125 0.34787288125 0.09215860000000001 0.337856028125 0.113953059375 0.36836979375 0.13125 0.36877115 0.13125 0.3796875 0.1048589234375 0.3796875 0.0909877921875 0.3755211546875 0.07162007031249999 0.308376971875 0.0380479109375 0.2929885828125 0.057156603125000004 0.32638674375 0.0814155078125
9 0.2433019125 0.0637174578125 0.2713917859375 0.0825732 0.2791012234375 0.1015475109375 0.2886437171875 0.10013348281250001 0.3149623265625 0.1296875 0.31524505625 0.1296875 0.325 0.115493875 0.325 0.11230822031250001 0.3170498296875 0.10540226718750001 0.2891497015625 0.07839435156249999 0.25211819062499996 0.0351374203125 0.2433019125 0.0637174578125
9 0.21890115468750002 0 0.227613 0.0244150640625 0.2444078375 0.0328125 0.24703619687499997 0.0328125 0.2546875 0.0204936875 0.2546875 0.0197745296875 0.245232990625 0 0.21890115468750002 0
9 0.24253352499999997 0 0.2524062609375 0.0206492671875 0.2586891578125 0.021875 0.28125 0.021875 0.28125 0.020348928125 0.267329825 0 0.24253352499999997 0
1 0.23659319218750002 0.4796875 0.22006419375 0.52097091875 0.2078187578125 0.55735595 0.2084543 0.5611320546874999 0.2101247828125 0.563510275 0.2194157140625 0.5687862124999999 0.23884231250000001 0.575939265625 0.25781636093750004 0.5815645609375 0.26984157343750004 0.5868311890625 0.27668220625 0.5909010234375 0.2919231 0.59669645625 0.2978586359375 0.597710775 0.3028385796875 0.5974014546874999 0.3067547265625 0.5994796640625 0.3130418203125 0.6054854953125 0.33541454531250003 0.61388794375 0.3449606046875 0.6189381140625001 0.351391971875 0.619995725 0.3556930921875 0.6173947671875 0.35803253281249997 0.6138784109375 0.39677984843749997 0.5465697875 0.410479359375 0.5199853125 0.41880939218749996 0.5070703578125 0.43409792343750003 0.4796875 0.23659319218750002 0.4796875
7 0.56875 0.4796875 0.43672544375 0.4796875 0.42796973281249995 0.4938818359375 0.41273223750000004 0.5220683140625 0.3931359109375 0.554835040625 0.351401840625 0.6308123640625001 0.3493923171875 0.6400624703125001 0.35124579375 0.644689034375 0.3557830546875 0.6510381703125 0.37597313125 0.6746285890625 0.38783242812499996 0.685585675 0.410681996875 0.703207271875 0.4187766328125 0.7068905140625 0.4259686171875 0.7078125 0.43625797187500004 0.7078125 0.43814286874999997 0.7075892296875 0.44422989062499996 0.7034079140625 0.5116677875 0.632403265625 0.5352189828125 0.608911315625 0.5458018906250001 0.5954489437499999 0.56875 0.57028436875 0.56875 0.4796875
7 0 0.6999389468749999 0.000999771875 0.7018310265625 0.0046247234375000005 0.7053720578125 0.013922867187499998 0.7104005828125001 0.026609821875000002 0.7100200453125 0.031276928125 0.71191578125 0.037226889062500004 0.7124352765624999 0.044219009375 0.711309478125 0.0500220484375 0.708343571875 0.055519462500000005 0.7073353109375 0.06379709375 0.713266896875 0.0726354734375 0.717015075 0.0851837953125 0.71875 0.0911893109375 0.71875 0.0934675625 0.7185859000000001 0.1028135453125 0.713448921875 0.11929592343749999 0.702237921875 0.17923484375 0.666792515625 0.196651171875 0.6576473859374999 0.2469817625 0.6278121343749999 0.25659730625 0.6219545671875 0.26448465468750004 0.6156980703125 0.26605149687499996 0.6131064234375 0.2671875 0.6079987765625 0.2671875 0.5893501156250001 0.266334734375 0.5863427265625 0.2619516109375 0.5832315796875001 0.25532282500000003 0.580420446875 0.2191678421875 0.567342084375 0.202270890625 0.5586736109375 0.188416496875 0.5564718078124999 0.178179840625 0.5580584484375 0.1505701359375 0.5673057484374999 0.141317925 0.5692263828125 0.129201590625 0.5756097234374999 0.11666877499999999 0.5792282531249999 0.03450405625 0.609756615625 0.0291102859375 0.6157347468750001 0.0262100921875 0.6214345124999999 0.0221306859375 0.6334803859375 0.0204943625 0.6469797703125 0.011396290625 0.6521383953125 0.0063009296875 0.6564062921875 0.000748459375 0.6678274703125 0 0.6686024125000001 0 0.6999389468749999
0 0.56875 0.5760847890624999 0.5634029953125 0.5748505015625 0.5585988328125 0.5776555796875 0.5511207484375 0.5869243 0.5126278156249999 0.628458871875 0.489579665625 0.6517466984375 0.46414158125 0.6802827640625 0.4387927125 0.71428351875 0.4228619671875 0.7406731843750001 0.38687247812500003 0.7901156031250001 0.385481415625 0.7952030062500001 0.3888007421875 0.8007016796875 0.395407890625 0.8042550484375 0.4085185375 0.8063919140625 0.41145745 0.8078887203124999 0.4150751875 0.8116771593750001 0.41668075 0.8162820796875 0.4205680421875 0.819349934375 0.4219833984375 0.82195391875 0.4263953734375 0.8240754203125 0.433192728125 0.8296297218750001 0.4377588421875 0.8349892140625 0.445367515625 0.8468153765625 0.44913939062499997 0.8538418078125 0.450730525 0.8589415515625 0.45234520156249997 0.8609375 0.4591588515625 0.8609375 0.4671867015625 0.8571538203125 0.4728933125 0.8489706359374999 0.48161096875 0.8398101421874999 0.49427819062499995 0.8230571781249999 0.49639135625 0.8187769406250001 0.5132416281250001 0.794947971875 0.5256104374999999 0.779905234375 0.545616028125 0.750150734375 0.5616359921875 0.7292257609374999 0.56875 0.7180406171875 0.56875 0.5760847890624999
1 0.34854439843749996 0.6639805796875 0.332677084375 0.63704696875 0.3204662265625 0.6210983703124999 0.3076198265625 0.6013736640625 0.3035062609375 0.5975419343749999 0.299568471875 0.5962059578125001 0.29177489687499997 0.5992461109375 0.280650225 0.6057160375 0.2520226578125 0.624300021875 0.19233886875 0.6595196640625 0.118329146875 0.700185603125 0.0818575125 0.7235416234375001 0.0183080703125 0.7549511765625001 0.011973132812499999 0.759110846875 0.0078694328125 0.7634653281249999 0.006995842187499999 0.7678537921874999 0.0104503203125 0.785766315625 0.0212701140625 0.806802321875 0.042587003125 0.8428931734375 0.070891446875 0.8865392625 0.080972059375 0.8988292921875001 0.1024043625 0.9309615671875001 0.1084666859375 0.9375 0.110813346875 0.9375 0.11193599531250001 0.9365065609375 0.11546907656250001 0.9261492718749998 0.1210891234375 0.920935021875 0.140402209375 0.9149319921875 0.1489611703125 0.9112145421874999 0.15734435 0.9050013359375001 0.16280304375000001 0.89679650625 0.16711859375 0.8937007250000001 0.1838587515625 0.890697584375 0.1887494796875 0.884923575 0.190438953125 0.8781259359375 0.196792875 0.86479040625 0.204234890625 0.856758740625 0.220033884375 0.8519371390625 0.24546549999999998 0.8491967718750001 0.2949783015625 0.8388853578125 0.31370634375 0.827374346875 0.3393589265625 0.8085306078125001 0.34769161406250004 0.804049284375 0.3596321671875 0.7951701828125 0.3684678984375 0.7904847359375 0.3811738390625 0.7809283390624999 0.395090503125 0.772469815625 0.4042534984375 0.7650844921875001 0.4078125 0.7600734171875001 0.4078125 0.7513673015625 0.3906580484375 0.7284276000000001 0.37732303125 0.7084121921875 0.36645274375 0.6891080640625 0.34854439843749996 0.6639805796875
7 0.4322197046875 0.8435386640625 0.4250203 0.8347247265625001 0.419936715625 0.8300641765625001 0.40893923125000003 0.8236470765625 0.4000214984375 0.8226204218750001 0.37534805625 0.8249309015625 0.33389838437499997 0.8314815781250001 0.309145590625 0.836513578125 0.21549933437500002 0.8516531 0.204964265625 0.8549499718749999 0.19991940156250002 0.8574859953124999 0.194554484375 0.8624744796874999 0.188689175 0.8761007124999999 0.1869275671875 0.8853724640625 0.18537515468750002 0.8874692890624999 0.170334334375 0.8918610062500001 0.165289465625 0.894397028125 0.16019410625 0.898664925 0.1570459984375 0.90434304375 0.15424679531250002 0.906579053125 0.1406501828125 0.9125851109374998 0.12612683281249998 0.9162778843750001 0.11904093593750001 0.9206200296875 0.1167231375 0.9233941531250001 0.11497595625000001 0.9321710828124999 0.1115150109375 0.94005425625 0.1110506875 0.9474549453125001 0.112189275 0.951026928125 0.117455853125 0.9579358250000001 0.120146853125 0.959410984375 0.128094565625 0.9596088218750001 0.1441054046875 0.9560459234375 0.1563181703125 0.954879859375 0.1615243875 0.9553344171875 0.16810267968749998 0.95987743125 0.1745051921875 0.961924684375 0.17971140937500002 0.9623792437500001 0.190203196875 0.9605668406250001 0.19591245625 0.9608172781250002 0.199551834375 0.9638634875000001 0.2069919421875 0.9729464828125 0.2174719546875 0.9800625249999999 0.22288280624999998 0.9820231953124999 0.234804371875 0.9823199562500001 0.262385225 0.9740622999999999 0.293814646875 0.9616759281250001 0.30956314375 0.9585862046875 0.3341690140625 0.9500688 0.357643509375 0.9377320015624999 0.36971656406250003 0.9328331249999999 0.3758035859375 0.9286518078124999 0.40741144062499995 0.92719481875 0.4249314125 0.9230195578124999 0.42874391718749993 0.9201279 0.43243834999999997 0.9127611921875001 0.4400777859375 0.90648305 0.443603653125 0.8963731750000001 0.44375 0.8941267671875 0.44375 0.87967443125 0.4391377828125 0.8620016390625 0.437895553125 0.8534597859374999 0.43722394375 0.8509207374999999 0.4322197046875 0.8435386640625
10 0.56875 0.4796875 0.56875 0.6428211546875 0.5742047593749999 0.640774559375 0.6497004875 0.63203943125 0.6826716312500001 0.6083666437499999 0.7055989515625 0.6027783546875 0.7045108953125 0.5956517906250001 0.721875 0.58027976875 0.721875 0.5786036296875 0.6954613249999999 0.4796875 0.56875 0.4796875
10 0.8936449390625001 0.537431046875 0.832969753125 0.5473869 0.748093765625 0.59053410625 0.7610968 0.615794615625 0.8221635375 0.62038470625 0.933528103125 0.6484375 0.9370562875000001 0.6484375 0.9796875 0.6084226375 0.9796875 0.6003254359375 0.961066834375 0.5117579734375 0.9476393062499999 0.49569848437499997 0.9026007046875 0.5122199875 0.8936449390625001 0.537431046875
10 0.75021068125 0.5923969437500001 0.73923128125 0.5923722203125 0.73015598125 0.6048189781250001 0.75446408125 0.69214408125 0.7739611359375 0.69375 0.785622621875 0.69375 0.807728996875 0.681577865625 0.840395184375 0.6798704 0.8940845921874999 0.6601031609375 0.903125 0.6536122843750001 0.903125 0.64742785625 0.9026158656250001 0.6440931234375 0.8600912765625001 0.6291554625 0.7575880109375 0.6167542734375 0.75021068125 0.5923969437500001
10 0.702903775 0.49624989687500004 0.7244587906250001 0.5895055609375 0.684621403125 0.616131265625 0.61719950625 0.6418043390625 0.6188315921875 0.65249418125 0.63132354375 0.650444446875 0.80382860625 0.5582194734375 0.896081921875 0.5394295921875 0.9049181515625 0.50145423125 0.9095753375000001 0.507995153125 0.9333187031250001 0.507751784375 0.946875 0.4851529140625 0.946875 0.4836121234375 0.8997169375 0.491350028125 0.7468213765625 0.496348796875 0.72226196875 0.49124724375 0.702903775 0.49624989687500004