7 0.38850578125 0.5375127953125001 0.391769678125 0.5375127953125001 0.39470474375000003 0.541945125 0.39681129375 0.5421875 0.3996735796875 0.5421875 0.4046875 0.52849656875 0.4046875 0.525073790625 0.398319434375 0.5225700671875 0.3949540234375 0.5224352390625 0.388193634375 0.509782575 0.3784084859375 0.4974834171875 0.34680524375 0.48371735625 0.295444946875 0.4640625 0.29480323125 0.4640625 0.29275217656249997 0.46475180624999995 0.28277775625 0.479399378125 0.2800347734375 0.48693910625000003 0.2858445015625 0.504951946875 0.3718458140625 0.54204143125 0.38850578125 0.5375127953125001
7 0.27670031875 0.41158004375 0.2657672734375 0.4265851828125 0.2625943375 0.4340880859375 0.2625352109375 0.44136467343749997 0.2669773671875 0.44695258437499996 0.272970009375 0.451568159375 0.2770731375 0.45431913125 0.27852359843749996 0.4546875 0.2934756234375 0.4546875 0.299234640625 0.4499415328125 0.3164136140625 0.4141943828125 0.32110150625 0.41054601562500004 0.33277732968749996 0.3965779453125 0.3374932515625 0.38831084374999997 0.338920246875 0.37931653593750003 0.33729028125 0.3702623828125 0.3390625 0.36771526718750003 0.3390625 0.359060828125 0.333909925 0.3548452359375 0.3288696828125 0.35405800468750004 0.32285911718750004 0.36012194218750004 0.31198755 0.3629196046875 0.30359422343750003 0.368017528125 0.27670031875 0.41158004375
7 0.331982421875 0.541650390625 0.328564453125 0.538232421875 0.277783203125 0.540185546875 0.254345703125 0.542626953125 0.248974609375 0.544580078125 0.247998046875 0.547021484375 0.247998046875 0.558251953125 0.253369140625 0.568505859375 0.261669921875 0.568017578125 0.286572265625 0.573876953125 0.296337890625 0.580224609375 0.30064453125 0.58125 0.3098828125 0.58125 0.310498046875 0.580224609375 0.311962890625 0.571435546875 0.320751953125 0.567529296875 0.322705078125 0.564599609375 0.344189453125 0.567041015625 0.359814453125 0.576806640625 0.363232421875 0.576318359375 0.377392578125 0.566552734375 0.3890625 0.5539851265625 0.3890625 0.550830078125 0.387158203125 0.547021484375 0.369091796875 0.548486328125 0.365185546875 0.544580078125 0.352978515625 0.539208984375 0.347607421875 0.542626953125 0.331982421875 0.541650390625
0 0.1978515625 0.426416015625 0.19052734375 0.438134765625 0.18466796875 0.460107421875 0.184375 0.464501953125 0.184375 0.468017578125 0.187109375 0.476220703125 0.1898297984375 0.478125 0.1989013671875 0.478125 0.2046875 0.474267578125 0.237890625 0.473779296875 0.2427734375 0.461083984375 0.24375 0.452783203125 0.24375 0.442431640625 0.23984375 0.434228515625 0.2359375 0.430322265625 0.2291015625 0.429345703125 0.22568359375 0.433251953125 0.21396484375 0.435693359375 0.1978515625 0.426416015625
7 0.195068359375 0.414697265625 0.201904296875 0.426904296875 0.222351075 0.428125 0.23595660624999998 0.428125 0.255126953125 0.417626953125 0.269287109375 0.413720703125 0.281982421875 0.403955078125 0.290771484375 0.390283203125 0.297119140625 0.384912109375 0.3 0.3750348765625 0.3 0.3725736171875 0.294189453125 0.365869140625 0.267333984375 0.363916015625 0.205810546875 0.392724609375 0.200439453125 0.396142578125 0.194580078125 0.403955078125 0.195068359375 0.414697265625
7 0.318798828125 0.420751953125 0.312451171875 0.413916015625 0.312939453125 0.409521484375 0.306591796875 0.400732421875 0.299267578125 0.400244140625 0.290478515625 0.406103515625 0.289990234375 0.415869140625 0.298291015625 0.426611328125 0.304638671875 0.460791015625 0.317333984375 0.479833984375 0.323193359375 0.492529296875 0.339794921875 0.512548828125 0.346142578125 0.527685546875 0.352978515625 0.531103515625 0.359326171875 0.538427734375 0.365341796875 0.5421875 0.36973941250000003 0.5421875 0.388623046875 0.534033203125 0.39375 0.5273287265625 0.39375 0.5202392578125 0.392041015625 0.512548828125 0.377392578125 0.493017578125 0.368115234375 0.473974609375 0.344189453125 0.436865234375 0.332470703125 0.427587890625 0.318798828125 0.420751953125
0 0.4 0.465087890625 0.405859375 0.482177734375 0.448681640625 0.525 0.4626746546875 0.525 0.47763671875 0.512451171875 0.48125 0.5040201828125 0.48125 0.49170079375000003 0.43662109375 0.449951171875 0.42197265625 0.443603515625 0.41806640625 0.443603515625 0.40732421875 0.450439453125 0.40146484375 0.457275390625 0.4 0.465087890625
7 0.35281995625 0.6296875 0.353662109375 0.610107421875 0.357568359375 0.594482421875 0.359375 0.572802734375 0.359375 0.5702026375 0.357568359375 0.559814453125 0.347314453125 0.545654296875 0.348291015625 0.533447265625 0.345361328125 0.529052734375 0.337548828125 0.526611328125 0.329248046875 0.528564453125 0.325341796875 0.543701171875 0.316552734375 0.551025390625 0.311669921875 0.559326171875 0.307275390625 0.584228515625 0.3023913671875 0.6296875 0.35281995625 0.6296875
0 0.178125 0.483154296875 0.171875 0.4849400109375 0.171875 0.504052734375 0.17275390625 0.516357421875 0.180304509375 0.5203125 0.2269880015625 0.5203125 0.27724609375 0.513916015625 0.278125 0.499267578125 0.278125 0.488330078125 0.27626953125 0.484619140625 0.27529296875 0.474853515625 0.27236328125 0.471435546875 0.22158203125 0.473876953125 0.1810546875 0.480224609375 0.178125 0.483154296875
7 0.3037480328125 0.6296875 0.3046875 0.6184097796875 0.3046875 0.5855232375 0.2776759203125 0.57288241875 0.2567181921875 0.5678927234375 0.2452654796875 0.57175498125 0.23762429375 0.58206691875 0.2351439015625 0.5965621015625 0.23729343906249997 0.607956540625 0.246472221875 0.6172558 0.2615694359375 0.62077644375 0.2896585109375 0.6296875 0.3037480328125 0.6296875
7 0.38939723593750003 0.6296875 0.43297078593749994 0.5902299906249999 0.4453125 0.5745489390625 0.4453125 0.5665580171875 0.44487242031249996 0.564519628125 0.41146818281249997 0.533037328125 0.4057325140625 0.5347683328125 0.35932818125 0.5838181296875 0.353664975 0.6189794046875 0.353346709375 0.6296875 0.38939723593750003 0.6296875
7 0.34454049375 0.3997620171875 0.3226242015625 0.4154636046875 0.3167375375 0.4183147171875 0.33214166093749997 0.428180725 0.34314938125 0.4365325109375 0.3565788328125 0.4565875640625 0.36920595624999997 0.47607032968749996 0.37728484375 0.494405125 0.3893326109375 0.5049062171875 0.4057337578125 0.5229587734375001 0.40524661562500003 0.526031778125 0.412337971875 0.5328125 0.414180690625 0.5328125 0.43125 0.5194131546875 0.43125 0.515934190625 0.42525108281249996 0.5072484937499999 0.42281798437500007 0.5091040625 0.40835025781249995 0.48803412812499997 0.39709206875 0.4604599203125 0.37693753750000003 0.43655672812499996 0.34454049375 0.3997620171875
7 0.4258625328125 0.44350384531250003 0.4296729453125 0.4384463625 0.42865828125 0.431697375 0.4190706140625 0.4173537328125 0.391212409375 0.3838055453125 0.3827383765625 0.3730762671875 0.369613803125 0.36606094375 0.3604791859375 0.363899371875 0.357888978125 0.3623469203125 0.35859575 0.36051810781250004 0.35331809999999997 0.355235128125 0.34728146249999997 0.35630209375 0.3422034359375 0.360131209375 0.3398681875 0.3648106453125 0.3431064296875 0.37055404531249997 0.3447400359375 0.369072428125 0.3471186859375 0.3722425265625 0.34483635156250003 0.3812917046875 0.3450150046875 0.392514490625 0.34728270625 0.397630821875 0.3639440484375 0.42005140937499996 0.390005109375 0.451239790625 0.3977706015625 0.4609375 0.39916885 0.4609375 0.40027064062499995 0.4588760515625 0.406135928125 0.4526981390625 0.4117806328125 0.4484532875 0.417919953125 0.444842975 0.42391763125 0.44484431406249997 0.4258625328125 0.44350384531250003
7 0.49364821562500005 0.5022743937499999 0.49361485624999996 0.4988996640625 0.49055593125 0.49466677499999995 0.486972253125 0.492608965625 0.481555446875 0.4908981953125 0.48251624218750006 0.4994152921875 0.48117814374999995 0.5039391765625 0.47972212968749994 0.5102634703125 0.47279806406249997 0.5174455828125 0.4623144234375 0.5251034812500001 0.458221603125 0.5258286156249999 0.44993631875 0.5266303359375 0.4259936296875 0.597944015625 0.42419034062499994 0.605380196875 0.42457115468750006 0.6087843546875 0.425767921875 0.611959690625 0.43306081250000006 0.6183860609375 0.4427338625 0.62373658125 0.450639959375 0.6262393515625 0.458647371875 0.6265625 0.4593923421875 0.6265625 0.46596856718749996 0.623929878125 0.47412723437500004 0.5984561687500001 0.48689566875 0.5589506578125001 0.49486877187499995 0.5403533390625 0.4953125 0.5363080250000001 0.4953125 0.5247051265625 0.494491103125 0.520638290625 0.4888822453125 0.51342484375 0.489086659375 0.5120614406249999 0.4908659484375 0.5113952109375 0.4908659484375 0.5094696562500001 0.49364821562500005 0.5022743937499999
0 0.5999700671875 0 0.5992724875000001 0.020229828124999998 0.6009259265625 0.0433779765625 0.6075396828125 0.0632192453125 0.621593915625 0.0838872359375 0.64391534375 0.1004216265625 0.66292989375 0.11116898125 0.6902116406250001 0.11530257968749999 0.715839946875 0.11943617656250001 0.7442928796875 0.121875 0.7448728359375 0.121875 0.7662698421874999 0.1128224203125 0.7836309531250001 0.1004216265625 0.7976851859374999 0.0838872359375 0.8051256625000001 0.059085648437500006 0.8109126984374999 0.0284970234375 0.8109375 0.0276537703125 0.8109375 0 0.5999700671875 0
10 1 0.42339202968749995 0.9831721234374999 0.41778273749999995 0.96663773125 0.38636739375 0.945143021875 0.3532986109375 0.9211681546874999 0.3466848546875 0.86743138125 0.33511078125 0.7789723875 0.3185763890625 0.7443659015625 0.3140625 0.7394179890625 0.3140625 0.707047784375 0.32353670625 0.6417369374999999 0.34255125625 0.5838665671875 0.35743220937500003 0.51875 0.3771186125 0.51875 0.5540583671875 0.526822915625 0.5599785046875 0.5631985765625 0.5856068125 0.6119750328125 0.617848875 0.6274563109375 0.6296875 0.779368734375 0.6296875 0.850896990625 0.583126653125 0.9501033390625 0.51781580625 0.9567170953125 0.5087218921875001 0.9724247671875 0.4756531078125 0.976971725 0.46531911406250004 0.9860656421874999 0.45663855781249996 1 0.4498262046875 1 0.42339202968749995
2 0.51875 0.3759407890625 0.5701264890625 0.3603546609375 0.65 0.3405410796875 0.65 0.3403459828125 0.6488715265625 0.33865327500000003 0.6370907734375 0.28036954375 0.6308903765625 0.2673487109375 0.6321304578125 0.23324652812500002 0.6296502984375 0.2121651796875 0.6222098203125 0.194184028125 0.6079489078125 0.1811631953125 0.5967881953124999 0.17372271875 0.52548363125 0.194184028125 0.51875 0.195929784375 0.51875 0.3759407890625
1 0.51875 0 0.51875 0.1809430453125 0.524889109375 0.18125 0.5358067375 0.18125 0.558619246875 0.1785342265625 0.57908055625 0.1748139890625 0.5952015875 0.1686135921875 0.61814305625 0.1469122015625 0.6421875 0.1334238546875 0.6421875 0.1239291296875 0.6379843265625 0.0973090265625 0.6268236109374999 0.08800843281250001 0.6150428578125 0.07374751874999999 0.6051222218750001 0.0526661703125 0.599541865625 0.032824900000000004 0.6001619046875 0.00926339375 0.6009792625 0 0.51875 0
4 0.815190971875 0.286656746875 0.8127108125 0.2754960328125 0.829451884375 0.2692956359375 0.843712796875 0.26123511875 0.8567336296875 0.2519345234375 0.8623139875 0.2444940484375 0.8511532734374999 0.2314732140625 0.8350322406250001 0.22899305625 0.8232514875 0.2258928578125 0.8170510906249999 0.22527281718749997 0.8071304546875 0.21287202343749997 0.8021701374999999 0.1967509921875 0.8071304546875 0.18000992031250002 0.8009300578125 0.1676091265625 0.7984498999999999 0.1558283734375 0.7854290671874999 0.1434275796875 0.7748883921875 0.1496279765625 0.7705481140625 0.15520833437499998 0.758767359375 0.1614087296875 0.7525669640625 0.169469246875 0.758767359375 0.1868303578125 0.763727678125 0.196130953125 0.7618675578125 0.214112103125 0.742646328125 0.214112103125 0.7376860109375001 0.2190724203125 0.7290054546875 0.2203125 0.7283854156249999 0.24139385 0.73830605 0.253174603125 0.75070684375 0.267435515625 0.7624875984375 0.27859622968750003 0.7668278765625001 0.2854166671875 0.7519469234375 0.28479662656250004 0.7451264875 0.2754960328125 0.7376860109375001 0.27239583437500003 0.7215649796875001 0.25565476249999997 0.7066840265625001 0.24511408750000002 0.698003471875 0.23705357187499998 0.6949032734375 0.21597222187499998 0.689322915625 0.191790675 0.6899429546875 0.1849702390625 0.6998635906249999 0.1781498015625 0.703583828125 0.1719494046875 0.6955233125 0.152728175 0.687462796875 0.1335069453125 0.6837425578125 0.123586309375 0.670721725 0.1167658734375 0.6639012890625 0.1211061515625 0.6558407734375 0.1285466265625 0.6446800578125 0.1372271828125 0.6464612640625 0.137672484375 0.6453000984375 0.15334821406250002 0.6515004953125001 0.16698908750000002 0.658940971875 0.181870040625 0.6682415671874999 0.18311011875 0.6744419640625 0.1849702390625 0.6781622015625001 0.1992311515625 0.6800223203125 0.2190724203125 0.685602678125 0.2444940484375 0.6880828359375 0.267435515625 0.6924231140625 0.29037698437500004 0.6967633921875 0.30587797656250004 0.712264384375 0.31393849218750003 0.7169022796875 0.315625 0.7247991109375 0.315625 0.7414062484375 0.313318453125 0.7562872015625001 0.31393849218750003 0.7779885906249999 0.31083829375 0.7854290671874999 0.294097221875 0.802790178125 0.28789682499999997 0.815190971875 0.286656746875
5 0.8912822421875 0.023673115624999998 0.8838417671875 0.037934029687499995 0.8745411718749999 0.044754465625 0.8671006953125 0.0230530765625 0.8478794656249999 0.02429315625 0.8342385921875 0.0230530765625 0.8199776796875 0.02429315625 0.812537203125 0.023673115624999998 0.8069568453125001 0.026773314062499998 0.8094370046874999 0.039794148437499996 0.80633680625 0.049094743749999996 0.8106770843750001 0.060875496875000004 0.812537203125 0.0683159734375 0.79765625 0.0658358140625 0.7951760921875 0.0763764890625 0.7939360125 0.0931175609375 0.7920758937500001 0.096217759375 0.7920758937500001 0.09497767968750001 0.7875 0.10641741406250001 0.7875 0.1100694375 0.789595734375 0.1247395828125 0.8001364093750001 0.14582093437500002 0.80633680625 0.13466021718750001 0.8230778781250001 0.1476810515625 0.8298983140624999 0.1439608140625 0.8416790687500001 0.15202133125 0.8329985125 0.17248264062500002 0.82741815625 0.19418402968749998 0.837338790625 0.1886036703125 0.8509796640625 0.1929439484375 0.8655807062499999 0.196875 0.867680434375 0.196875 0.8776413703125 0.1898437515625 0.894382440625 0.1898437515625 0.9092633937500001 0.1898437515625 0.9167038703125 0.1799231140625 0.9260044656249999 0.1619419640625 0.9303447421875 0.1365203390625 0.9303447421875 0.1179191484375 0.933444940625 0.104278275 0.9427455359374999 0.09125744218750001 0.95390625 0.0720362109375 0.9578125 0.06254960625 0.9578125 0.061088635937500003 0.9483258937500001 0.0521949421875 0.94460565625 0.0453745046875 0.9532862109375 0.028013393749999997 0.9408854171875 0.02429315625 0.9198040687500001 0.023673115624999998 0.8912822421875 0.023673115624999998
6 0.1585535578125 0.6296875 0.138454321875 0.643086990625 0.1555420796875 0.6784830609375 0.1299104421875 0.69190915625 0.11526379375 0.722423009375 0.1213665625 0.771245175 0.1213665625 0.8005384734375 0.10305824999999999 0.744392984375 0.087191046875 0.751716309375 0.0945143734375 0.7993179203125 0.08474993750000001 0.84325786875 0.06400051875 0.8615661812500001 0.07986772187499999 0.86522784375 0.08108827656249999 0.9079472375 0.0945143734375 0.8786539390625 0.11160213125 0.873771721875 0.1372337671875 0.884756709375 0.168968175 0.8896389265625 0.18849703906249998 0.8945211421874999 0.210467015625 0.9177116703125 0.21168756718749998 0.9201527796875 0.2507453 0.9225938875 0.2556275171875 0.9335788749999999 0.26295084375 0.9592105109375 0.2800386015625 0.9518871859375 0.2983469125 0.96531328125 0.282479709375 0.9897243640625 0.2865899640625 1 0.51875 1 0.51875 0.6309247359375 0.5160899421875 0.6296875 0.460481403125 0.6296875 0.45701894843749996 0.6308814500000001 0.4546973796875 0.6296875 0.1585535578125 0.6296875
1 0.51875 0.8551264578125 0.5488185734375 0.8640625 0.5560746171875 0.8640625 0.5571428578125001 0.86240079375 0.578472221875 0.7914682546874999 0.58368055625 0.7614583328125 0.584424603125 0.7460813500000001 0.5875 0.7364451078125 0.5875 0.72855016875 0.586656746875 0.7269841265625 0.5697916671875001 0.7180555562500001 0.5576388890625 0.7101190484375 0.5511904765625 0.7039186515625 0.5395337296875 0.696726190625 0.53680555625 0.693501984375 0.533829365625 0.6922619046875 0.527876984375 0.693005953125 0.52217261875 0.691269840625 0.521428571875 0.68779761875 0.51875 0.6872619046875 0.51875 0.8551264578125
5 0.6119323828125001 0.6296875 0.6112971234375 0.6321180562500001 0.605840775 0.648487103125 0.5944320453125 0.6621279765625 0.5884796640625 0.6839533734375001 0.5850074421875 0.6876736109375 0.5785590296875001 0.692137896875 0.5669022828125 0.698090278125 0.558965775 0.7070188500000001 0.558965775 0.7080109125 0.5654141874999999 0.714459325 0.5726066484375 0.719667659375 0.5788070453125 0.7221478171875 0.583519346875 0.725620040625 0.5874876 0.732068453125 0.5840153781249999 0.7471974203125 0.5827752984375 0.7648065484375 0.5788070453125 0.789608134375 0.5785590296875001 0.7972966265625 0.581287203125 0.8007688500000001 0.5852554578125 0.8030009921874999 0.608816965625 0.8059771828125 0.6435391875 0.8072172625 0.6663566484375 0.813665675 0.6829737109374999 0.8166418656250001 0.702566965625 0.8186259921874999 0.7236483140625 0.823834325 0.7355530765625 0.8280505953125001 0.7477058546875 0.82879464375 0.7643229171874999 0.8315228171874999 0.7737570609375 0.834375 0.7841641875 0.834375 0.7933407750000001 0.8340029765625001 0.7998883859375 0.834375 0.8652033765624999 0.834375 0.8672495046875 0.8342509921874999 0.8826264890625 0.8305307546874999 0.8873387906250001 0.8280505953125001 0.8903149812500001 0.8228422625 0.890625 0.8115782593749999 0.890625 0.7912512203125 0.8895709343749999 0.78018353125 0.8863467281249999 0.763814484375 0.8848586328125 0.7588541671875 0.881386409375 0.7556299609374999 0.8578249015624999 0.7409970234375 0.8474082359375 0.735788690625 0.8424479171874999 0.7347966265625 0.821614584375 0.73504464375 0.7883804578125 0.7459573421875 0.7653149812500001 0.7491815484375 0.7519221234375 0.74893353125 0.7348090296875001 0.7467013890625 0.714471728125 0.7400049609374999 0.7005828390625 0.733060515625 0.6911582359375 0.72686011875 0.6822296640625 0.719915675 0.6723090296875001 0.709995040625 0.6611483140625001 0.695858134375 0.6564360125 0.68816964375 0.647011409375 0.663616071875 0.6445312515625 0.6497271828125 0.644054115625 0.6296875 0.6119323828125001 0.6296875
5 0.643690690625 0.6296875 0.6432167640625 0.6442212296875 0.6456969234375001 0.6662946437499999 0.6551215265625 0.6915922625 0.66380208125 0.70498511875 0.6801711296875 0.7223462296875 0.7022445421875 0.7369791671875 0.7205977171875 0.7461557546875 0.738454859375 0.7501240078125 0.75166283125 0.7515625 0.7728546609375 0.7515625 0.7922743046875 0.7488839281249999 0.8113715265625 0.7421875 0.8292286687499999 0.7315228171875 0.8458457328125 0.71639385 0.8552703359375 0.705233134375 0.8607266859375 0.6968005953125 0.8632068437499999 0.6915922625 0.8666790656250001 0.678943453125 0.8708953359375 0.6707589281249999 0.875 0.6550243828125 0.875 0.6296875 0.643690690625 0.6296875