10 0.1324588734375 0.1506393828125 0.1196073140625 0.20577571562500002 0.1595043421875 0.24814061562499998 0.20213919218749998 0.2640625 0.20715290937500003 0.2640625 0.23716832812500002 0.2556599625 0.25433829375 0.237719346875 0.284375 0.1734863625 0.284375 0.12123567187499999 0.26401783125 0.090701409375 0.225741625 0.071158296875 0.13787750625 0.0852810515625 0.1324588734375 0.1506393828125
10 0.41875 0 0.2971243140625 0 0.2852854296875 0.0074329734375 0.27935755 0.0184026375 0.27887099531250004 0.10598830937499999 0.2883068703125 0.120803465625 0.32396645468749996 0.15072179375 0.3783358625 0.16077215 0.41875 0.1502748109375 0.41875 0
10 0.2227724984375 0.2613280734375 0.21588362968750002 0.282375728125 0.22586355937499997 0.3284605375 0.29383909375 0.3765625 0.29669617812500004 0.3765625 0.31931958437499997 0.3694649015625 0.33849249531250003 0.35611744375 0.34375 0.3447199484375 0.34375 0.3430049671875 0.3084134703125 0.31033906875 0.28364865156249996 0.26855940624999997 0.30739497656250003 0.20156173593750001 0.305172340625 0.19375 0.30503821875 0.19375 0.26423284687500004 0.207659440625 0.25461158125 0.23745218281249997 0.23909724531249998 0.2550955734375 0.2227724984375 0.2613280734375
10 0.41875 0.283049234375 0.363130496875 0.3132784671875 0.345694178125 0.3510778421875 0.3711535578125 0.36875 0.376000009375 0.36875 0.387050096875 0.36676625 0.41875 0.34499551875 0.41875 0.283049234375
10 0.41875 0.34304215 0.41442168749999997 0.34574788437500004 0.387317946875 0.365471846875 0.3787734453125 0.386816725 0.39161549375 0.4734375 0.3920036328125 0.4734375 0.41875 0.4571137625 0.41875 0.34304215
0 0.2609375 0.4402471125 0.2609375 0.4456310296875 0.26173967343750004 0.4569259546875 0.2694041453125 0.47040820781250003 0.2773390515625 0.471875 0.286631225 0.471875 0.3890625 0.44240309375000003 0.3890625 0.43885771562500003 0.379937825 0.397735646875 0.31394420312500004 0.41288487187499995 0.26993685625 0.4306906921875 0.2609375 0.4402471125
10 0.1794530078125 0.509375 0.2455361140625 0.4621897453125 0.273369296875 0.4291275375 0.2789498578125 0.4132674890625 0.3383557703125 0.3761881484375 0.340625 0.370519421875 0.340625 0.3691771203125 0.2965019515625 0.3770982421875 0.2715865484375 0.35680746406249997 0.19966505 0.382926353125 0.1306030640625 0.47291745 0.1292514359375 0.509375 0.1794530078125 0.509375
10 0.1182989015625 0.28211530625000003 0.10586427812500002 0.2959039953125 0.0933252296875 0.3790497234375 0.0943671859375 0.3937208734375 0.103108421875 0.398755265625 0.1293365296875 0.465625 0.1352511984375 0.465625 0.1363481234375 0.46542807656249996 0.1511678234375 0.4380039171875 0.1945153453125 0.38729831406250004 0.230128775 0.3693484890625 0.2319349859375 0.3475623765625 0.24375 0.34833603750000003 0.24375 0.347376990625 0.231356121875 0.3394117390625 0.21332959218749997 0.29807330625 0.1331995640625 0.2794402875 0.1182989015625 0.28211530625000003
7 0.26312673124999997 0.509375 0.2480640234375 0.4844494453125 0.2450886453125 0.465625 0.2425689609375 0.465625 0.235085346875 0.4669684828125 0.1785352234375 0.509375 0.26312673124999997 0.509375
0 0.554408978125 0 0.5506196109375 0.0087015078125 0.5493265078125 0.02055495625 0.5478178890625001 0.0227101296875 0.5452316796875 0.0196928875 0.5419989234375 0.0177532328125 0.5404903015625 0.0145204734375 0.5383351281250001 0.01258081875 0.5329471984375 0.013011853125 0.5284213375 0.0164601296875 0.524542025 0.015167025 0.5221713375 0.0132273703125 0.5219558203125001 0.00805495625 0.519585128125 0.005899784375 0.5049299578124999 0.005899784375 0.49393857656249995 0.0087015078125 0.48553340624999997 0.013873921875 0.47648167968750005 0.023787715625 0.47109375 0.036287715625 0.4693696125 0.04555495625 0.4693696125 0.056761853125 0.47066271562499995 0.06387392187499999 0.474326509375 0.07335668125 0.48143857656249994 0.08434805937499999 0.49156788906250004 0.09339978437499999 0.4967403015625 0.09684805937499999 0.5053609921875 0.1009428875 0.5169989234375001 0.10309805937500001 0.5284213375 0.10245150781250001 0.5426454749999999 0.0974946125 0.5538523718749999 0.08930495625 0.5581627140625 0.08305495625 0.5633351296875 0.08434805937499999 0.5665678890625 0.0882273703125 0.57367995625 0.0927532328125 0.5932920265625 0.0940463359375 0.602774784375 0.091675646875 0.6129040953125 0.0914601296875 0.6478178890625 0.0873653015625 0.6669989234375 0.08628771562500001 0.67475754375 0.0869342671875 0.6784213375 0.0841325421875 0.6842403015625 0.08283943906249999 0.7032058203125 0.07960668125 0.7264816812499999 0.0774515078125 0.7292834046875 0.075511853125 0.73273168125 0.07055495625 0.73617995625 0.0632273703125 0.7379040953125 0.0569773703125 0.7445851296875 0.043399784375 0.7484375 0.026889628125 0.7484375 0.010456178125 0.746309265625 0.0071928875 0.740048790625 0 0.554408978125 0
2 1 0 0.7685845890625 0 0.767699353125 0.000835128125 0.7642510781249999 0.00600754375 0.7595097 0.010533404687500001 0.755199353125 0.0163523703125 0.751751078125 0.024326507812500002 0.7472252171875 0.031007543749999998 0.7433459046875 0.043292025 0.7358028015625 0.0601023703125 0.726535559375 0.0846713375 0.7181303890625 0.09587823125 0.7123114234375001 0.10083512812499999 0.705414871875 0.103636853125 0.6985183203125 0.1042834046875 0.6948545265625 0.103636853125 0.6873114234375001 0.1006196109375 0.6758890078124999 0.0930765078125 0.667914871875 0.091136853125 0.655199353125 0.090059265625 0.6493803890625001 0.0926454734375 0.639035559375 0.1042834046875 0.6308459046875 0.1096713375 0.6060614234375 0.1189385765625 0.603690734375 0.123248921875 0.6069234921875 0.1284213375 0.6099407343750001 0.1368265078125 0.62524245625 0.1592403 0.633863146875 0.1678609921875 0.6558459046875 0.181223059375 0.6697842515625 0.1859375 0.69103986875 0.1859375 0.694207975 0.1842403 0.699164871875 0.1788523703125 0.7080010781249999 0.17130926562499998 0.7129579749999999 0.163335128125 0.723949353125 0.1415678890625 0.7278286625 0.137042025 0.730414871875 0.131223059375 0.7360183203125 0.1284213375 0.743776940625 0.13057650781250002 0.74765625 0.12820581874999998 0.7534752171875001 0.11936961093750001 0.762526940625 0.10105064687500001 0.778690734375 0.087042025 0.7845097 0.08359375 0.7918372859374999 0.08337823125 0.82265625 0.0887661625 0.8306303890625 0.0887661625 0.8342941812500001 0.0868265078125 0.8373114234374999 0.08380926562499999 0.8403286624999999 0.07734375 0.8433459046875 0.07367995625 0.8834321109375001 0.0667834046875 0.897440734375 0.0626885765625 0.9047683203125001 0.05859375 0.9097252171874999 0.0575161625 0.917699353125 0.059024782812499996 0.9319234921875001 0.06484375 0.9541217671875 0.07971444062500001 0.95649245625 0.07992995625 0.9592941796875 0.0788523703125 0.9623114218750001 0.0700161625 0.9694234921875001 0.0605334046875 0.9735183203125001 0.052128231250000004 0.9860183203125 0.03359375 1 0.0160659921875 1 0
5 0.8262839046875001 0 0.8160021546875 0.004391165625 0.8035021546875001 0.0110722 0.7940193953125 0.0123653015625 0.78970905 0.0138739234375 0.7793642234375 0.02055495625 0.7722521546875 0.02896013125 0.76557111875 0.0339170265625 0.7435883609375 0.0621497859375 0.738415946875 0.06990840468750001 0.73432111875 0.08197737187500001 0.728717671875 0.0899515078125 0.7269935328124999 0.0946928890625 0.7265625 0.10029631718750001 0.7265625 0.10029635156250001 0.72807111875 0.1138739234375 0.7325969812500001 0.12163254375000002 0.7313038781250001 0.1237877171875 0.7315193953125 0.125511853125 0.733028015625 0.125511853125 0.7345366375 0.1235722 0.7358297406250001 0.12335668281250001 0.7405711187499999 0.12723599218749998 0.742322196875 0.1296875 0.7484031953125 0.1296875 0.763415946875 0.1002963375 0.77634698125 0.090813578125 0.7838900843750001 0.08413254375 0.786260775 0.083270475 0.7981142234374999 0.0839170265625 0.824191809375 0.0888739234375 0.8360452578124999 0.08671875 0.8377693953125 0.08456357812500001 0.8403556015625 0.075727371875 0.8440193953125 0.0712015078125 0.8470366375000001 0.06538254375 0.8481142234375 0.0584859921875 0.8558728437500001 0.05805495625 0.8591056015625 0.056761853125 0.8623383609375 0.050296337499999996 0.86664870625 0.0474946140625 0.8705280156249999 0.0462015078125 0.8834590500000001 0.045770475 0.8925107749999999 0.0440463375 0.900053878125 0.03930495625 0.9319504296875 0.0252963375 0.9328125 0.023227368749999998 0.9328125 0.022171342187500002 0.9317349125 0.019477371875 0.9231142234374999 0.00805495625 0.9154832109375001 0 0.8262839046875001 0
6 0.4402750015625 0 0.4397090515625 0.0049906453125 0.43798491406249995 0.0116716796875 0.43755387968750004 0.0291285765625 0.4366918109375 0.033438921875 0.4349676734375 0.0366716796875 0.4334590515625 0.03796478125 0.4254849140625 0.036887196875 0.41875 0.034732025 0.41875 0.16133044375 0.41945043125000003 0.1614561625 0.4295797421875 0.166197540625 0.43798491406249995 0.1750337484375 0.4435883625 0.1750337484375 0.4657866390625 0.1795596109375 0.4703125 0.185163059375 0.48561422499999995 0.22524926562499997 0.4920797421875 0.23861133437499998 0.500269396875 0.24636995625 0.516433190625 0.25606823125 0.521605603125 0.26059409375000003 0.534105603125 0.267275128125 0.5435883625 0.2707234046875 0.5511314656249999 0.27524926562499996 0.5543640437499999 0.2765625 0.564691328125 0.2765625 0.5705280171875 0.2718009890625 0.571875 0.269588090625 0.571875 0.23396872656249998 0.571821121875 0.23365443749999998 0.5705280171875 0.23106823125 0.5640625 0.22546478125 0.5575969828125 0.217275128125 0.5496228453125 0.210163059375 0.53992456875 0.1970165078125 0.533243534375 0.190982025 0.5313038796875 0.18796478125 0.5291487078125 0.1812837484375 0.5272090515625 0.1791285765625 0.521605603125 0.177188921875 0.5088900859375001 0.17761995625 0.50522629375 0.1728785765625 0.502855603125 0.167275128125 0.5050107765625 0.162749265625 0.50867456875 0.14443029999999998 0.512769396875 0.132361334375 0.515355603125 0.128913059375 0.5198814656249999 0.1183527140625 0.5179418109375 0.10628374843749999 0.51600215625 0.1041285765625 0.49897629375 0.0987406453125 0.48884698281250005 0.0916285765625 0.4808728453125 0.083438921875 0.47699353437500003 0.0774044375 0.4728987078125 0.06856823125 0.47074353437500005 0.06016305937500001 0.4700969828125 0.047016507812500004 0.4709590515625 0.038826853125 0.472683190625 0.0319303 0.47677801718749996 0.0246027140625 0.4849676734375 0.015550989062500001 0.495743534375 0.0095165078125 0.504364225 0.0071458171875 0.5175107765625 0.00606823125 0.52117456875 0.0045596109375 0.5227528968749999 0 0.4402750015625 0