2 0.3890625 0.1026314921875 0.3804474625 0.10713045624999999 0.32712405 0.11395089218750001 0.2582996453125 0.141852678125 0.18761511875 0.170374503125 0.1621934921875 0.1697544640625 0.136151825 0.1945560515625 0 0.2725877296875 0 0.32165114375 0.12747127187500001 0.2553199390625 0.14855261875 0.2336185515625 0.16405361093749998 0.23485862968750001 0.16281353125 0.2453993046875 0.2192371453125 0.2267981140625 0.259539721875 0.2205977171875 0.3103829765625 0.2193576375 0.3240238515625 0.19517609062500002 0.3413849625 0.1858754953125 0.35812603125 0.18463541562500002 0.3674266265625 0.1716145828125 0.3890625 0.1731240625 0.3890625 0.1026314921875
2 0.1622615515625 0.509375 0.1628100203125 0.4997767859375 0.1572296640625 0.453273809375 0.1212673625 0.22199900781249998 0.1113467265625 0.1537946421875 0 0.1788622296875 0 0.3742569828125 0.0065600203125000004 0.399950396875 0.0251612109375 0.4712549609375 0.028973214062500002 0.509375 0.1622615515625 0.509375
2 0 0 0 0.1809191 0.0280106265625 0.173983134375 0.069553284375 0.1615823421875 0.09931519062500001 0.1442212296875 0.1414778890625 0.1181795640625 0.158839 0.10701885 0.187360825 0.1032986109375 0.20472193593750002 0.096478175 0.20906221406249997 0.0853174609375 0.222083046875 0.0716765875 0.23572392031249997 0.05865575468749999 0.2363439578125 0.0443948421875 0.24688463437500002 0.0357142859375 0.27664653906250003 0.0338541671875 0.3 0.0338541671875 0.3 0.029104506250000002 0.285209184375 0 0 0
2 0.3890625 0.324351021875 0.3857514859375 0.335019840625 0.38079116874999996 0.3796626984375 0.3696304546875 0.39454365 0.30824652812500003 0.320758928125 0.2828249015625 0.34990079375 0.2276413671875 0.39082341249999997 0.2208209328125 0.4019841265625 0.1743179546875 0.41748511875 0.173077875 0.4181051578125 0.2022197421875 0.4491071421875 0.2251612109375 0.48568948437500004 0.23446180625 0.4968501984375 0.2543287328125 0.509375 0.38569834062499997 0.509375 0.3890625 0.5064313609375 0.3890625 0.324351021875
6 0.3890625 0.174888390625 0.36845238125 0.174888390625 0.35667162812500003 0.1866691453125 0.34365079375 0.187289184375 0.32628968281250004 0.194109621875 0.3157490078125 0.2077504953125 0.31078869062500003 0.22635168437500003 0.2773065484375 0.2833953359375 0.3163690484375 0.33423858906250004 0.36062935 0.390625 0.363242428125 0.390625 0.3796130953125 0.37764136718749997 0.38271329375 0.3391989078125 0.38891369062500003 0.3199776765625 0.38891369062500003 0.29455605 0.3890625 0.294240925 0.3890625 0.174888390625
2 0.2913741546875 0 0.29968998125 0.0058903765625 0.32821180625 0.0387524796875 0.37223462343749997 0.080915178125 0.3890625 0.0841933359375 0.3890625 0.001868440625 0.3857601390625 0 0.2913741546875 0
4 0.41530340624999995 0 0.4186367390625 0.05 0.419387090625 0.05 0.42247023749999996 0.0417782734375 0.465873015625 0.04921875 0.49399804375 0.05 0.5110164125 0.05 0.5234375 0.038614004687499995 0.5234375 0.036001570312499995 0.4956349203125 0.0244171625 0.4547123015625 0.018216765625 0.4223269375 0 0.41530340624999995 0
5 0.3890625 0.149485003125 0.40140129062499996 0.1378720234375 0.42000248124999995 0.1167906734375 0.44356398906249994 0.0907490078125 0.4703125 0.0558596453125 0.4703125 0.05391995625 0.44852430468750004 0.05850694375 0.4162822421875 0.0634672609375 0.3890625 0.07979910625 0.3890625 0.149485003125
7 0.3890625 0.509375 0.2893092796875 0.509375 0.2884412234375 0.509765625 0.2679929390625 0.528266453125 0.2718396609375 0.587890625 0.2796521609375 0.6533203125 0.3235974734375 0.685546875 0.3683928078125 0.7546875 0.3687716265625 0.7546875 0.3890625 0.7389784374999999 0.3890625 0.509375
7 0.178255209375 0.6206705718750001 0.133333334375 0.6265299468750001 0.10598958437499999 0.6450846343750001 0.097200521875 0.6655924468750001 0.096223959375 0.6734049468750001 0.075716146875 0.7075846343750001 0.054231771875 0.801334634375 0.063997396875 0.849186196875 0.084505209375 0.871647134375 0.151888021875 0.9165690093750001 0.1987397734375 0.9296875 0.20713540625000001 0.9296875 0.257356771875 0.9253580718750001 0.249544271875 0.881412759375 0.255403646875 0.830631509375 0.276888021875 0.789615884375 0.308138021875 0.773014321875 0.342317709375 0.765201821875 0.359375 0.7580198046875 0.359375 0.753933790625 0.335481771875 0.6987955718750001 0.285677084375 0.6597330718750001 0.234895834375 0.6304361968750001 0.178255209375 0.6206705718750001
7 0.3890625 0.7411365328125 0.3666015625 0.75771484375 0.365625 0.75478515625 0.3578125 0.75966796875 0.3080078125 0.77431640625 0.273828125 0.79482421875 0.2494140625 0.84072265625 0.250390625 0.90810546875 0.269921875 0.95107421875 0.3109375 0.98427734375 0.35640625 0.99375 0.358614309375 0.99375 0.3890625 0.9826247 0.3890625 0.7411365328125
0 0.2984375 1 0.2984375 0.9837890625 0.29833984375 0.97861328125 0.27392578125 0.95126953125 0.25732421875 0.92587890625 0.22119140625 0.93369140625 0.16357421875 0.93466796875 0.15185546875 0.98447265625 0.1514672859375 1 0.2984375 1
2 0.971142578125 0.53662109375 0.963330078125 0.54443359375 0.961376953125 0.55859375 0.954541015625 0.56298828125 0.948681640625 0.56982421875 0.932080078125 0.5986328125 0.929150390625 0.61376953125 0.929638671875 0.6318359375 0.934033203125 0.640625 0.939404296875 0.63916015625 0.9594604499999999 0.6421875 0.9663818359375 0.6421875 0.970166015625 0.63916015625 0.972607421875 0.623046875 0.9796875 0.6106567375 0.9796875 0.5928083140625 0.977001953125 0.57861328125 0.977978515625 0.53955078125 0.974560546875 0.53662109375 0.971142578125 0.53662109375