7 0.7296875 0 0.6632886515624999 0 0.61317248125 0.023057453125 0.5658316078125 0.0524979203125 0.531638984375 0.0678810921875 0.5172316046875001 0.07955818906249999 0.5089117640625 0.091568115625 0.5076750734375 0.11337581562500001 0.502661003125 0.1280429328125 0.5040234265625 0.1409949671875 0.51375508125 0.16158628125000002 0.5268464171875 0.175757415625 0.5386327984375 0.18125 0.565706425 0.18125 0.6144883828125 0.1650300296875 0.6747648921875 0.1386907046875 0.6906140484375001 0.135925109375 0.71257769375 0.1289536546875 0.7291365203125 0.118549859375 0.7296875 0.11840320625 0.7296875 0
0 0.7296875 0.132422334375 0.7137159671875 0.13960071875 0.661759296875 0.1539301171875 0.65176111875 0.15957460625 0.6024290125 0.17008517812499999 0.5683157421875 0.18142781875 0.563303178125 0.1865194078125 0.557028475 0.20838185625 0.557392271875 0.23101999375 0.56106334375 0.24673979687499997 0.5679623421875 0.25958179375 0.5803455109375 0.271815596875 0.5889686375000001 0.275 0.6014454125 0.275 0.6510109484375 0.2579312359375 0.7249312625 0.236630384375 0.7296875 0.23590379687500002 0.7296875 0.132422334375
10 0.7296875 0.5890625 0.7296875 0.3496259703125 0.7279608750000001 0.3470994453125 0.7128752984375 0.33314947500000003 0.7075228796874999 0.330215290625 0.6981550203125 0.3322621140625 0.622813859375 0.378414890625 0.52524705 0.42904834375 0.42552728906250004 0.4879840234375 0.3516563640625 0.528934084375 0.30384388281249997 0.5538911546875 0.22195641250000003 0.5890625 0.7296875 0.5890625
8 0.7296875 0.29050242656249997 0.7172065015625 0.2793022203125 0.7067412359375 0.25173673281250003 0.6968239171875 0.2437651625 0.6678280171875 0.2510125265625 0.614296309375 0.269548328125 0.5939601031249999 0.2728115328125 0.583622071875 0.2704302515625 0.574412921875 0.264396015625 0.5657292828125 0.2537678015625 0.557860115625 0.23649769843750001 0.55521311875 0.21612862812500003 0.54999245625 0.2096520703125 0.5470010890625 0.209983809375 0.5252724953125 0.2239847265625 0.5058540578125 0.2311778859375 0.4873009875 0.24180284218749998 0.46633446406249995 0.2486637171875 0.32565333281250003 0.316173721875 0.2973655953125 0.325358415625 0.2729869921875 0.338141315625 0.24769062343749998 0.34699426718750004 0.225647625 0.35800625625000004 0.19476227968749998 0.3664710890625 0.179856340625 0.37820347656250003 0.1521450125 0.3928678765625 0.14739445 0.400450240625 0.1486520734375 0.4124059640625 0.19077665625 0.5155831625 0.201580271875 0.56074995 0.22385380625 0.5854940078124999 0.23137340156250003 0.5875 0.23757587500000002 0.5875 0.23867888750000002 0.5873776765625001 0.24899146718749998 0.58472211875 0.28357785 0.5682873484375001 0.3725373640625 0.5221362015625 0.48288561874999997 0.45395836875000006 0.62994475 0.37515775156250003 0.7263063390625 0.3130667296875 0.7296875 0.3098497078125 0.7296875 0.29050242656249997
5 0.7296875 0.3109445609375 0.74653005 0.3118439046875 0.797467946875 0.2921926875 0.800152225 0.286743234375 0.828981803125 0.26311510312499997 0.76170573125 0.2431438796875 0.7347149859375001 0.24010471249999998 0.7296875 0.21878694531249998 0.7296875 0.3109445609375
8 0.7296875 0.42273567968750003 0.73796996875 0.49275293906249995 0.78102411875 0.5190209953125 0.7874071984375 0.4322741375 0.7837295156249999 0.35897203437499997 0.7732460265625 0.298489521875 0.7296875 0.304357009375 0.7296875 0.42273567968750003
9 0 0.5890625 0 0.6456992578125 0.110033459375 0.70625 0.1129526296875 0.70625 0.16603295468749998 0.5890625 0 0.5890625
9 0.19928212343750001 0.5890625 0.190005771875 0.60477135 0.183466946875 0.6153732562500001 0.3018342921875 0.6867721765625 0.412146384375 0.761918240625 0.442313509375 0.716957109375 0.4804726578125 0.6655290890625001 0.46682592031250003 0.6622552453124999 0.3517768921875 0.5890625 0.19928212343750001 0.5890625
9 0.1507095828125 0.665663046875 0.129956065625 0.7069324453125 0.3501376234375 0.8381864 0.3647317078125 0.823837346875 0.40671298125 0.7616966 0.3515885515625 0.7254834375 0.296527353125 0.6919900140624999 0.22355466875 0.6468972953125001 0.1848252953125 0.6154286671875 0.1507095828125 0.665663046875
9 0 0.79512535625 0.066590090625 0.841564184375 0.0968836796875 0.8020425296875 0.133779325 0.754638709375 0.066050346875 0.701608415625 0 0.6576006484375 0 0.79512535625
9 0.47953095156250003 1 0.39445961406249996 0.9350950109374999 0.30037454375 1 0.47953095156250003 1
9 0.200847775 0.9543687125 0.263837765625 0.9786755109375 0.2968808078125 0.9990435390624999 0.3437275328125 0.97106576875 0.3946493109375 0.9432542296875 0.29119220625 0.8711049546874999 0.22855112812499997 0.92017571875 0.200847775 0.9543687125
9 0.20223774218749999 0.9557839921875001 0.23515318437500002 0.91229355 0.2657629328125 0.8863705953125001 0.2856323390625 0.8654438343749999 0.179205603125 0.78230478125 0.1291690734375 0.848192675 0.1013708734375 0.8783060609375 0.1484400484375 0.9182663703125 0.16486671875 0.9243707765625 0.20223774218749999 0.9557839921875001
9 0.7296875 0.6458331828125 0.7257334421875 0.649720853125 0.7152460281249999 0.6655960078125001 0.674938128125 0.682971871875 0.6656826015624999 0.69346295625 0.7000207625 0.71116665625 0.7296875 0.7310880265625 0.7296875 0.6458331828125
9 0.5297515421875 0.6254233109375 0.48634868593749997 0.6847889078125 0.47611419687499995 0.7115430218750001 0.485843965625 0.7214499828125 0.5147792015625 0.68187291875 0.54216639375 0.634081225 0.5297515421875 0.6254233109375
9 0.417959178125 0.778458321875 0.41568510156249994 0.7973856781249999 0.434449084375 0.7872824656249999 0.455993 0.7800098140625 0.475830790625 0.757723184375 0.48751847656249997 0.7351040906249999 0.478988978125 0.718453190625 0.4628784671875 0.725947484375 0.44206171562499996 0.7644971421875 0.43416453906249997 0.7750436374999999 0.417959178125 0.778458321875
9 0.41606449218749997 0.813704115625 0.4060501828125 0.7915583265625 0.37841006250000003 0.8284710625 0.3710819734375 0.8634952140625 0.39767990000000003 0.840125765625 0.41606449218749997 0.813704115625
9 0.5692701765625 0.63246969375 0.551832928125 0.6412684468750001 0.54712669375 0.6723238109375 0.54763255 0.694081728125 0.55897359375 0.714923059375 0.573346365625 0.6910549171875 0.5692701765625 0.63246969375
9 0.5408103140625 0.7508637953124999 0.5574887796875 0.7094281703125 0.5456734937500001 0.668188790625 0.5179701453125001 0.7023817875 0.49074103124999996 0.7569728296875 0.5066946015625 0.8010981796875001 0.5408103140625 0.7508637953124999
9 0.426457059375 0.7937493515625 0.41480098906249996 0.8177283140625 0.40857832343749995 0.8419289203125 0.482560446875 0.8136994874999999 0.49990284999999995 0.8008211265625 0.5021453109375 0.7805338984375 0.4894459125 0.7596371578125 0.4696397390625 0.7832836578125 0.45469788125 0.78267414375 0.426457059375 0.7937493515625
9 0.5682607375 0.7057918421875 0.5537931171875 0.7255803734375 0.5355982218750001 0.76016124375 0.5617230484375 0.774812740625 0.581687303125 0.7579655890625 0.59479656875 0.738121646875 0.6331454140624999 0.694852846875 0.601049715625 0.6568619203125 0.5836757 0.6683804125 0.5746730999999999 0.68975045625 0.5682607375 0.7057918421875
9 0.53670478125 0.8077566890625001 0.5563212609375 0.7759509671875 0.53859946875 0.77251089375 0.518761678125 0.7947975234375 0.49210051874999994 0.81544723125 0.4677450515625 0.8185294531249999 0.473810775 0.8459484906250001 0.4954811546875 0.8441153187499999 0.53670478125 0.8077566890625001
9 0.412684990625 0.8434550203125 0.4185610171875 0.8627148390624999 0.47801229218749997 0.8515542015625 0.472136265625 0.83229438125 0.44244224374999996 0.8392345718750001 0.412684990625 0.8434550203125
9 0.4253527703125 0.8629918921874999 0.39243619375 0.8480633421875 0.37253517187499996 0.8676302328125001 0.401187 0.8742333312499999 0.4653456484375 0.8904363203125 0.4879949859375 0.8723401203125001 0.4860359328125 0.8464471843750001 0.44165297968750006 0.8636568171875 0.4253527703125 0.8629918921874999
9 0.6156460703125 0.75935085 0.60812715 0.7277967921874999 0.577707096875 0.7618789671874999 0.565545171875 0.7641000124999999 0.54728704375 0.7959611437499999 0.5598599765625 0.8114184046874999 0.6156460703125 0.75935085
9 0.6109387 0.7319872234375 0.6192468828125001 0.7391190359375 0.6156144546875 0.7579909796875001 0.585036321875 0.78527380625 0.5949241703125 0.8019801171875001 0.6191531718750001 0.7934584171875001 0.640380928125 0.7725870671875 0.655101475 0.76367749375 0.6738654578125 0.75357428125 0.6708958265625 0.7425845015625 0.65244686875 0.7078674203124999 0.6109387 0.7319872234375
9 0.7071602921875 0.7264022765625 0.6743069453125 0.7141934671875 0.6938297109375 0.7367271296875 0.68422754375 0.790678640625 0.706214084375 0.802444165625 0.721470965625 0.7582333859375 0.7071602921875 0.7264022765625
9 0.6362765296874999 0.88789895 0.674087903125 0.8215123625 0.64211980625 0.8473799062499999 0.606013421875 0.87036148125 0.6052873921875 0.8975034656249999 0.6362765296874999 0.88789895
9 0.5808382125 0.9549250718750001 0.6135007265625 0.90055566875 0.605950190625 0.8676417421875 0.58042606875 0.8788277718749999 0.5659584515625 0.8986163046875 0.5613470625 0.933751278125 0.5808382125 0.9549250718750001
9 0.5659912031250001 0.9583951640624999 0.5725616453125 0.949153128125 0.5649478765625 0.9135194609375 0.5433091125 0.9167125046875 0.5207862343749999 0.9402481828125 0.4990526234375 0.939361615625 0.48625837968749996 0.9143852656250001 0.46686321406250003 0.955710071875 0.5659912031250001 0.9583951640624999
9 0.6788889890625 0.79453660625 0.6775295015625 0.7360622046875 0.6483729515625 0.7661201796875 0.6594294546875 0.77472268125 0.6491001187500001 0.7973971859375 0.658987965625 0.8141034984375001 0.6788889890625 0.79453660625
9 0.567663440625 0.855211290625 0.5830479234375 0.8748589828125001 0.6501750609375 0.8436327609375001 0.65630288125 0.8153525453124999 0.6433505578125 0.7835768453125 0.612519496875 0.7999807140625 0.6225338078125 0.822126503125 0.6130253531250001 0.82173863125 0.6010531234375 0.8321188953125 0.567663440625 0.855211290625
9 0.5453607421875 0.8298470671875 0.5172779984375 0.8477216249999999 0.5260920390625 0.8766113531249999 0.56311415 0.8346470125 0.5910071968749999 0.808613234375 0.6003259562500001 0.800841890625 0.5890797578125 0.7840801671875 0.5626082953125 0.81288909375 0.553068221875 0.8111413531250001 0.5453607421875 0.8298470671875
9 0.520690253125 0.87774958125 0.5018946546875 0.8864929234375 0.4878696578125 0.925319634375 0.503190909375 0.9422475859375 0.518795565625 0.912995375 0.5291565171875 0.8916807437500001 0.520690253125 0.87774958125
9 0.51557414375 0.9495456296875 0.556291915625 0.8914290828125001 0.5399600921875 0.8894042859375 0.5264398140625001 0.891569921875 0.5018325578125 0.942192175 0.51557414375 0.9495456296875