8 0.8532093625 0 0.8325953953124999 0.026267956250000002 0.8224053828125 0.068579084375 0.827132609375 0.1098694921875 0.8382407093750001 0.12767209531249998 0.8638212640624999 0.141289196875 0.8965068953124999 0.14422587656250002 0.9430719374999998 0.13875735 0.9715891734375 0.119688825 0.9885193171875001 0.0947184140625 0.9921972984374999 0.0673074203125 0.9895457171875 0.0407859890625 0.970939078125 0.0079007859375 0.9617904750000001 0 0.8532093625 0
10 0.15506497187499999 0.4796875 0.1202194 0.4808943796875 0.006417575 0.5040672093749999 0 0.509270140625 0 0.854736615625 0.0071002359375 0.8731393875 0.041625184375 0.9103141421875 0.04639818125 0.9264214 0.1363996921875 0.9201507703124999 0.22398774999999999 0.9103529578125 0.345792371875 0.8966017812499999 0.446447825 0.8851477828124998 0.5265829109375 0.8818908546875001 0.5323590546875 0.8596169093749999 0.561386425 0.816533946875 0.573947875 0.6954266875 0.5786341328125 0.5960161359375 0.5832634765625 0.5247475484375 0.567684296875 0.4796875 0.15506497187499999 0.4796875
4 0.329344515625 0.7040429921875 0.28678566875 0.6966345109375001 0.2743470890625 0.7041905906249999 0.285575934375 0.7139599999999999 0.3019969828125 0.7437699312499999 0.293912190625 0.7635000046875 0.27255040468749997 0.7829196312500001 0.25811757812499997 0.7908817859375 0.291594509375 0.8182233812499999 0.3132167953125 0.8108065859375 0.32738912343750004 0.790841596875 0.34003730781249997 0.78525215 0.3512691625 0.7759324765625 0.3538952296875 0.7623372125 0.36712133125 0.7526114625 0.3736310828125 0.7372207281250001 0.3750504234375 0.7218618734375 0.3505445828125 0.711782015625 0.329344515625 0.7040429921875
4 0.397505103125 0.7604897734375 0.40118219687499995 0.7376385890625 0.3740533015625 0.7220649109374999 0.37394548906249997 0.7401706765625 0.368118453125 0.7524084234374999 0.35678179375 0.76074478125 0.35242198281250003 0.7867489531249999 0.34113923125 0.7860324265624999 0.33835746875 0.788608175 0.32780531874999996 0.8138639453125001 0.32675127812500004 0.8422089484375 0.346744621875 0.8481843781249999 0.359967709375 0.8575477109375 0.3752389515625 0.8574520812499999 0.3891986640625 0.85460954375 0.4037362921875 0.8476307046875 0.42226240937500004 0.8398397093749999 0.40751818906250004 0.825762834375 0.398023090625 0.8035845187499999 0.4042723453125 0.776190953125 0.397505103125 0.7604897734375
4 0.487048553125 0.66389335 0.48615924374999997 0.6459906234374999 0.46789362656250005 0.66578445 0.44548081093749997 0.6944599968749999 0.41299196875 0.7241826109374999 0.39976586875 0.7339083625 0.400601271875 0.7608639734375 0.4046915515625 0.7801242187499999 0.40122406093749996 0.8049420359375 0.4096172359375 0.8263400750000001 0.42625089843749997 0.8390275562499999 0.4365874234375 0.8499833171875 0.446399940625 0.8560225015625 0.46534526249999997 0.852164771875 0.49158786093750007 0.8307466375000001 0.508278440625 0.8152921531249999 0.500148775 0.7868078625 0.5112758296875 0.7765048718750001 0.5039845781250001 0.7558871093749999 0.5006818187500001 0.73445719375 0.5058291484375 0.706283353125 0.504101425 0.680514096875 0.487048553125 0.66389335
3 0.79492149375 1 0.7993696953125 0.9836320687499999 0.7931333234375 0.9168829703124999 0.7951970328125 0.8931532390625 0.7837023953125 0.8846689578125 0.7539129765625 0.8865531062500001 0.74466659375 0.8906778093749999 0.7457286109375 0.9707718062499999 0.749317609375 1 0.79492149375 1
3 0.7296875 0.7654756546874999 0.7612483859375 0.770338859375 0.7838416968749999 0.78306938125 0.7929890890625 0.7778851671875 0.7983614250000001 0.7666592875 0.7920696625 0.756589846875 0.7604984203125 0.739402821875 0.733098196875 0.7324955015625 0.7296875 0.729825409375 0.7296875 0.7654756546874999
3 0.7296875 0.6567316468750001 0.7492286375 0.6645981703125 0.7776472796875 0.6938603203125 0.8028277671874999 0.6999183906249999 0.83479496875 0.7213434546874999 0.8429809781250001 0.71732388125 0.8520998531250001 0.70037993125 0.832192709375 0.6820364718749999 0.8099383234375 0.65002451875 0.779229475 0.6306133453125 0.7608491374999999 0.6057025656249999 0.7296875 0.5834329703125001 0.7296875 0.6567316468750001
3 0.7296875 0.7253092921875 0.730779471875 0.73058674375 0.7589430984375001 0.7342104046875 0.7821303484375 0.7532979828125 0.8227499921874999 0.7642412843749999 0.8336792046875001 0.778128240625 0.8431235671874999 0.77612255625 0.853599784375 0.7622520046875 0.8432359953124999 0.74296236875 0.8267364671875 0.7381822734375 0.8096429984375 0.7270451171875 0.75754215625 0.6733978390625 0.739883265625 0.6676633640625 0.73253113125 0.6576990515625 0.7296875 0.65623599375 0.7296875 0.7253092921875
3 0.932381759375 1 0.9319781296875 0.9941563609374999 0.914041396875 0.9690680437499999 0.8814799375 0.9797603296874999 0.8514579796875001 0.9886335171875 0.8390660515625001 1 0.932381759375 1
3 1 0.8429069859375 0.9970772046875 0.843196765625 0.9099437609375001 0.8956778875000001 0.8885953656250001 0.9191809515625 0.861916590625 0.9314499312500001 0.8173675093749999 0.9700851125 0.8135219796875 0.974743675 0.8145118796874999 0.9853387687499999 0.8261055046875001 0.9948825578125 0.8784312 0.9822094625 0.9632744375 0.9395793187500001 0.965366665625 0.9276093203125001 0.995692990625 0.9085627593750001 1 0.9077992187499999 1 0.8429069859375
3 0.7723840828124999 0.51152775625 0.7775164828125 0.5206428203125 0.7740669140625 0.5295394203125 0.7800197515625 0.55889029375 0.8108426703125 0.6253404078125 0.84138205625 0.654392296875 0.8752871046875 0.719467509375 0.8860183359375 0.7312354484375 0.8964240828125 0.728065121875 0.9062358875 0.7185377421875 0.890526634375 0.6420345921875 0.8834429531250001 0.6234890734375 0.8747619906249999 0.6222111 0.8699265609375001 0.616274565625 0.8718912812499999 0.5914853250000001 0.856225628125 0.5727213421874999 0.8381556968750001 0.5167693953125 0.8176546140625 0.492068878125 0.801749025 0.4936458375 0.7723840828124999 0.51152775625
3 1 0.8018727515625 0.9994798406250001 0.8001856 0.97500571875 0.7673244 0.9694068859375001 0.764671525 0.947436034375 0.7700577953125001 0.8943334984375 0.820234246875 0.82801154375 0.86637471875 0.8000324624999999 0.899089771875 0.79293534375 0.9147639515625 0.7949436609375 0.9477138765625 0.8050809531249999 0.9531247578125001 0.8427594125000001 0.9440425078124999 0.8845518546875001 0.9217204921875 0.908982378125 0.8968425281249999 0.991973321875 0.8458414375000001 1 0.8383374203124999 1 0.8018727515625
3 0.8370390265625 0.4796875 0.8406858375 0.4865774765625 0.84567729375 0.5170929906249999 0.87488785625 0.5548312156249999 0.8812081359375 0.57666039375 0.89028505625 0.5821764078125 0.9097392046875001 0.5727623578125 0.9066990296874999 0.5516772984375 0.8936205546875 0.5262408656249999 0.8929276250000001 0.5188243 0.9027394281250001 0.5092969187499999 0.9009576078125001 0.49022574687500003 0.89719329375 0.4796875 0.8370390265625 0.4796875
3 0.87218825 0.594663853125 0.8710859234375 0.61722894375 0.8823825796874999 0.6235942046874999 0.8961825015624999 0.6682069375 0.9296060374999999 0.6937649078125 0.94152515 0.7182469593749999 0.9603719203125 0.73669555 0.9731534265625001 0.7589534546875 0.9949263 0.7514481640625 0.9949967703125001 0.7407479390624999 0.9519997234375 0.6241772828125 0.9257722984375001 0.5840046437499999 0.90503128125 0.5796450703125 0.8859445765625 0.58153741875 0.8785924406250001 0.5715731078124999 0.874986846875 0.555890725 0.862262375 0.55715229375 0.857356471875 0.561915984375 0.856225628125 0.5727213421874999 0.87218825 0.594663853125
3 0.8891994531249999 0.7309200578125 0.8726294546875 0.736840184375 0.8578127562500001 0.7500717484375 0.8374542625 0.78416990625 0.7875748 0.8115710078125 0.7851436484375001 0.8428224343749999 0.7774525875 0.85213955625 0.7641626953125 0.858803803125 0.7538139875 0.8854935968750001 0.786021121875 0.8865777156250001 0.7985761296875 0.8949568656250001 0.8109046390625 0.8894572609375 0.8310936703125 0.8649998171875 0.888367225 0.8251030687500001 0.9404093843750001 0.7750317484375 0.956682415625 0.7659330921875 0.96407650625 0.7534374406250001 0.96375101875 0.7384991796875 0.9546740984375 0.7329831656250001 0.91630270625 0.7346488484375 0.9128950921874999 0.7210854859375 0.8991102484375 0.722452184375 0.8891994531249999 0.7309200578125