2 0.41875 0 0.237799896875 0 0.19646505625 0.030388912499999997 0.176072928125 0.05041922343750001 0.14880468593750001 0.0688246734375 0.14125060625000002 0.0774367078125 0.135246065625 0.08901418125 0.1303403390625 0.121610853125 0.1284290484375 0.173317990625 0.14518469375 0.2127661984375 0.15189038125 0.20852840781249998 0.1788035625 0.1779091046875 0.1963806625 0.161719 0.20686338750000002 0.1531751921875 0.2136542890625 0.15186872812500002 0.25201971875 0.1796147890625 0.2640079078125 0.2228577171875 0.2765036296875 0.2500011015625 0.2819580296875 0.2530575109375 0.29753486875 0.251955728125 0.3231773390625 0.2447415375 0.35471970937499997 0.2391294625 0.39710508906249997 0.220587965625 0.4118529609375 0.2077495125 0.41875 0.2047832375 0.41875 0
1 0 0 0 0.170509559375 0.0020270984375 0.17504085 0.008149015625 0.201059303125 0.01659785 0.22322617656250002 0.019995178125 0.239416690625 0.0311544 0.27092295 0.035584753125 0.289090421875 0.039186140625 0.2955212234375 0.0432965484375 0.2984375 0.046988475 0.2984375 0.10669225468750002 0.285376525 0.1456272515625 0.282377790625 0.19974141875 0.26459775625000004 0.2681811421875 0.2530101375 0.273450909375 0.24971534218749997 0.2746595890625 0.2409554828125 0.2605149109375 0.2074267796875 0.25335996875 0.17943136875000001 0.242768846875 0.1674672734375 0.22992181875 0.1617975265625 0.21790898125 0.15126498125 0.21008505624999999 0.1505944890625 0.190484509375 0.16429633593749998 0.185314159375 0.1710110125 0.1634151015625 0.1895415453125 0.1497712671875 0.20679972812499997 0.1463545140625 0.2067201296875 0.1418621265625 0.20319790937499999 0.12860845 0.166760625 0.13266202656249998 0.10485070625 0.134676490625 0.09025093906250001 0.1415720328125 0.075764884375 0.152959959375 0.06480105 0.18449335 0.042100953125 0.1996299125 0.0258539921875 0.21690353906249998 0.0160037203125 0.22537702343750002 0.0054602109375 0.2366536703125 0 0 0
10 0.898783378125 0 0.875804203125 0.025064318749999998 0.8817420546874999 0.036884984375 0.900999696875 0.04751255 0.9256012515624998 0.051691046875 0.9851973171874999 0 0.898783378125 0
10 0.738092553125 0 0.7411295812500001 0.0054227578125 0.8326515203125 0.055075874999999996 0.8475279812500001 0.0555962171875 0.8736699 0.033284648437499995 0.8569500937499999 0 0.738092553125 0
10 0.6050696734375001 0 0.6280720578125 0.0412841953125 0.6404291203125 0.056647384375 0.656669703125 0.062192429687499995 0.7266545140625 0.026483409375 0.7381125203125001 0.0003402375 0.7380146109375 0 0.6050696734375001 0
10 0.6486938203125 0.05693646249999999 0.6038392921875 0.002279671875 0.5588248218749999 0.0073411593750000005 0.544157209375 0.0317130703125 0.5430182375 0.07978413125 0.5597564859374999 0.10525454375000001 0.5586974859375 0.12346646406249999 0.57192100625 0.12392898906250001 0.6266442671875 0.09432214375 0.6682402828124999 0.062597140625 0.6486938203125 0.05693646249999999
10 0.729720484375 0.1161764625 0.8296996703125 0.1628074 0.8415101609375 0.073634690625 0.83274779375 0.053420246875 0.8055142703125 0.037536715625 0.7571776171875 0.0142790609375 0.742204884375 0.015414346875000002 0.6707759796875 0.07595780625000001 0.729720484375 0.1161764625
0 0.8315288531250001 0.1313504484375 0.9382960421875 0.14669788125 0.9518083781249999 0.142193521875 0.9592865953124999 0.1275241234375 0.9602493234375 0.1109678296875 0.950813046875 0.102342790625 0.9067613046874999 0.0908479875 0.8408362515625001 0.0852240953125 0.8315288531250001 0.1313504484375
10 1 0.0389007296875 0.9485335609375 0.027608215624999998 0.9239483109375 0.05163323125 0.8793189328125 0.0500722046875 0.8822397203125 0.056810349999999996 0.9418581343749999 0.0854396046875 0.9476034406250001 0.10057152968750001 0.9757197218750001 0.1297579109375 1 0.14358859531249998 1 0.0389007296875
7 1 0.14222575312500002 0.9854448140625 0.1334160640625 0.9755271750000001 0.13306916875000002 0.9727189640624999 0.15287890312500002 0.9560133203125 0.1838155125 0.9351190390624999 0.20133364375 0.9355204328125 0.2229146390625 0.95506689375 0.22857531562500003 0.9739231437499999 0.2176218859375 0.9990060609375 0.21352223750000002 1 0.2125404328125 1 0.14222575312500002
10 0.6765212843749999 0.09108973125 0.637235815625 0.083079634375 0.5947570437499999 0.10150178750000001 0.5669621859375 0.1237555421875 0.559789090625 0.161661565625 0.5453140265625 0.18272221718749998 0.544255025 0.2009341375 0.5562269984375 0.22291984375 0.58336425 0.24045900312500001 0.6375261765625 0.24898944374999998 0.67271928125 0.24192543125000002 0.7069333546875 0.2232141984375 0.728405271875 0.19576229375 0.736749940625 0.16619223125 0.7324650296874999 0.15442937968749998 0.679650921875 0.12272013281250001 0.6765212843749999 0.09108973125
2 0.5317113875 0.31875 0.5973624328125 0.405753725 0.6130906890625 0.4088833296875 0.644685 0.434375 0.649249896875 0.434375 0.6755356671875 0.42655920625 0.7340107671875 0.40564086875000005 0.775053784375 0.3886047328125 0.812857540625 0.37197416875 0.8434150531250001 0.3528516328125 0.87226874375 0.3407409046875 0.8734375 0.3243488921875 0.8734375 0.31875 0.5317113875 0.31875
2 1 0.32503988906250003 0.9585018671875 0.3302356671875 0.8835312468750001 0.337956865625 0.8171875 0.3732952359375 0.8171875 0.37510360781249996 0.8324432046875 0.45479454218750004 0.8551651265625001 0.48084318593750003 0.8833823796875 0.48750796718749995 0.8765670859375 0.5155552015625 0.8791699109375 0.533925134375 0.8931572390625 0.5797632187499999 0.8765399671874998 0.6158361890625 0.8331566875 0.658659640625 0.893298509375 0.6664261640625 0.9424867671874999 0.6772637484375 1 0.6794876546874999 1 0.32503988906250003
4 0.7681818296875 0.59368829375 0.7426986859375 0.627472078125 0.78450575625 0.6484375 0.785569378125 0.6484375 0.78263114375 0.643965 0.8184374812499999 0.6162895781250001 0.855557709375 0.5895468765625 0.856830584375 0.5519958593750001 0.8806099078125001 0.5252238828125 0.8875 0.48780321718749997 0.8875 0.48514427812500005 0.8363176421875 0.47808127031250003 0.7965945875 0.4864540375 0.7779367203125 0.55677490625 0.7681818296875 0.59368829375
4 0.734323415625 0.4349357453125 0.7067054984375 0.445192128125 0.7154500734375 0.48998700937499995 0.6973815562500001 0.5126447234375 0.6831516343749999 0.551818025 0.682730671875 0.5858631375 0.7144026609375 0.60739195 0.7396803171874999 0.6229228812500001 0.7429195796875 0.6225173109375 0.7659311828125 0.592442215625 0.7822016984375 0.5190210140625 0.8171029640625 0.4755599359375 0.8027788640625 0.45695794218749997 0.77187459375 0.43873224843749997 0.734323415625 0.4349357453125
2 0.41875 0.31875 0.41875 0.40311064218750003 0.42935476093749997 0.413632646875 0.5244178171875 0.5071067296875 0.5926677765624999 0.5784436421875 0.609631803125 0.579718903125 0.6066822234375 0.5240007359375 0.625771040625 0.48421907500000005 0.6365933140625 0.4590693874999999 0.62712810625 0.43985903749999994 0.628279684375 0.44481371249999996 0.5849235234375 0.3873561734375 0.5390958203125 0.333607325 0.527655228125 0.31875 0.41875 0.31875
2 0.6670052546875 0.8767674828124999 0.6881817515625 0.831625571875 0.71323395 0.76730258125 0.7365823234375 0.7099914 0.7385858125 0.7114401734375 0.7315921484375 0.68852113125 0.685249303125 0.6110420984375 0.6510586828125 0.564334325 0.6619180609375 0.50348796875 0.6806230171875 0.462054746875 0.6426037859375 0.46341570781249997 0.6056148390625 0.5122370359375 0.609931471875 0.588179484375 0.5766398515625 0.5668534578125 0.5191750640625 0.5060635296875 0.49317677812500005 0.516117128125 0.5131274890624999 0.53741388125 0.5188011921875 0.5689962890625 0.5262258046875 0.6224545390625 0.5437520640625 0.67634763125 0.5622144265625 0.7199257984375 0.577653003125 0.7791791390625 0.6016577859375 0.8322610890625001 0.635885509375 0.8432721859375001 0.6670052546875 0.8767674828124999