10 0.4390625 0.130806 0.43792125625 0.1302257859375 0.38603683125 0.119248790625 0.37603155781250003 0.1499231609375 0.370187178125 0.243416671875 0.42072647031250004 0.2608469890625 0.4390625 0.220707328125 0.4390625 0.130806
10 0.4390625 0.3152491859375 0.4043638109375 0.3109375 0.40434030625000006 0.3109375 0.3868662359375 0.3158715296875 0.3778131984375 0.330426653125 0.3818431265625 0.39002381875 0.385581115625 0.402892975 0.4264502671875 0.4359375 0.42735846562499996 0.4359375 0.4390625 0.4073066703125 0.4390625 0.3152491859375
10 0.3468333828125 0.36936360156250003 0.32876278281250004 0.3598007734375 0.3045913421875 0.35833037343749996 0.2765809515625 0.3810529046875 0.231577690625 0.46027246718750003 0.2304944921875 0.47316973906250004 0.24569964687499998 0.496875 0.24678689999999998 0.496875 0.26804630625 0.4874530609375 0.3000566203125 0.4840436375 0.3394474234375 0.4644774734375 0.37644536875 0.42558883437499995 0.3738560625 0.40143339375 0.3468333828125 0.36936360156250003
10 0.2527509765625 0.537687375 0.3198192875 0.5663008828125 0.3302520265625 0.5671875 0.3382453734375 0.5671875 0.37321528593750003 0.535373453125 0.384375 0.5174313015625 0.384375 0.512830215625 0.37781002343750003 0.4902283140625 0.3678402265625 0.48222961093750005 0.350097040625 0.4807217203125 0.2635120375 0.4860607953125 0.2529174171875 0.502236278125 0.2527509765625 0.537687375
10 0.4390625 0.609375 0.4390625 0.5168537765625 0.42140760468750005 0.5052133171875 0.4004502890625 0.503724171875 0.370832834375 0.5264560734375 0.310907621875 0.5944830765625 0.30746686093750003 0.609375 0.4390625 0.609375
10 0 0.1454665859375 0.0110779984375 0.146875 0.01645243125 0.146875 0.025111621875 0.132953090625 0.042527393749999996 0.1264060421875 0.0921499265625 0.1212825359375 0.0921875 0.12024090937500001 0.0921875 0.0988287296875 0.0806085390625 0.07462013125 0.044794753124999996 0.0635494125 0 0.0963027265625 0 0.1454665859375
10 0.04375 0.0660243125 0.0726377765625 0.070650803125 0.095356371875 0.096875 0.0972989 0.096875 0.1203125 0.0742485234375 0.1203125 0.0571537921875 0.12026034687500001 0.055870740625000005 0.1033384296875 0.035021628124999996 0.0611618703125 0.025599385937500004 0.047418609375 0.0434046015625 0.04375 0.06462261875 0.04375 0.0660243125
10 0.0633016046875 0 0.037005898437500004 0.014861801562499999 0.053665882812499996 0.0292669640625 0.0728196828125 0.025932520312500002 0.1004671828125 0.0338281265625 0.1154546203125 0.0466316734375 0.12253770625 0.062704059375 0.131555303125 0.065625 0.13249215 0.065625 0.1484375 0.044070573437499996 0.1484375 0.01191993125 0.13290586875 0.0014115546874999998 0.1210308671875 0 0.0633016046875 0
10 0.0505567640625 0.23399376093750002 0.0984412671875 0.22565765 0.1015625 0.20078556406249998 0.1015625 0.18853856093750002 0.09772642499999999 0.1289796515625 0.0830009171875 0.1226200546875 0.054073767187499996 0.12278876093749999 0.0255395140625 0.13262338906249999 0.01802805625 0.14555815 0.0505567640625 0.23399376093750002
10 0 0.2484375 0.0078293953125 0.2484375 0.0361559734375 0.2337757203125 0.05 0.2336949796875 0.05 0.22767825312499998 0.047964759375 0.20792494062500003 0.037340132812499996 0.1838163609375 0.009168770312500001 0.1630328546875 0 0.1625468359375 0 0.2484375
10 0 0.3427861171875 0.059912193749999995 0.3239241296875 0.0859375 0.30480683124999997 0.0859375 0.2720970171875 0.0745776875 0.24971560625000003 0.0628698609375 0.2385043 0.0384364859375 0.23058994843749997 0.017806587500000002 0.237155740625 0 0.25932226875 0 0.3427861171875
10 0.10507542343750001 0.3241814703125 0.130032659375 0.3449837203125 0.144352265625 0.3875 0.154362775 0.3875 0.15741822968750002 0.34643537812499997 0.1801790546875 0.3527481125 0.2234375 0.2546127734375 0.2234375 0.2462253703125 0.22206914531250002 0.23648520781250001 0.201373765625 0.2414400140625 0.18300575624999998 0.2641063078125 0.1419424046875 0.28207085468750004 0.1044205953125 0.3080715921875 0.10507542343750001 0.3241814703125
10 0 0.4579585546875 0.0049086546875 0.4564351125 0.0420375671875 0.42076844687500004 0.05625 0.42068556093750004 0.05625 0.420012403125 0.0528941171875 0.4110369171875 0.0112114140625 0.3742185140625 0 0.3713184015625 0 0.4579585546875
1 0.4390625 0.45271276875 0.402801740625 0.412241246875 0.3783683671875 0.40432689687499995 0.3713807734375 0.43014955937500005 0.3420907328125 0.4609363984375 0.34248363125000003 0.4706023234375 0.3721310890625 0.48815448281249996 0.3873804609375 0.5074019812499999 0.414635065625 0.5056316609375 0.4390625 0.515212425 0.4390625 0.45271276875
10 0.1015625 0.5321635203125 0.1015625 0.5464255046875001 0.1018230328125 0.5528350390625001 0.11726885000000001 0.5769154984375 0.13291299375 0.5875 0.1404741890625 0.5875 0.1722364375 0.584651775 0.20834762968749998 0.5634933703125 0.209375 0.5445830046875 0.209375 0.5285500078125 0.1863780671875 0.49755535 0.13866000625 0.47044036250000004 0.1242619140625 0.47213570312500003 0.11501242656249999 0.48185786249999996 0.11560177187500001 0.49635675 0.1015625 0.5321635203125
10 0.089385878125 0.4453125 0.09356741406249999 0.4453125 0.1449009671875 0.43278504062499995 0.1453125 0.42040130781249996 0.1453125 0.388535109375 0.09006981562500001 0.34931360625 0.0691125015625 0.347824459375 0.052024145312500006 0.362426446875 0.0496612921875 0.383388028125 0.077666215625 0.43962263281249997 0.089385878125 0.4453125
10 0.284375 0.609375 0.284375 0.57206745625 0.255367609375 0.5354548125 0.2478261453125 0.5081055140624999 0.229886509375 0.5017646609375 0.2172264453125 0.5066726015625 0.209714990625 0.519607365625 0.2094175828125 0.5518364890624999 0.24247561874999998 0.574202865625 0.24390528437499998 0.609375 0.284375 0.609375
10 0.1910050625 0.5032926875 0.205658015625 0.5203125 0.2072083328125 0.5203125 0.2250153375 0.5095398140625 0.25 0.5078243812500001 0.25 0.5065535999999999 0.2437107578125 0.4949284578125 0.204813809375 0.487098459375 0.1553577203125 0.45677086874999995 0.1415489703125 0.4729650953125 0.159881503125 0.488971875 0.1910050625 0.5032926875
6 0.1897318328125 0.152506259375 0.19330338125 0.2008265140625 0.23324805468749998 0.23443231406249998 0.262633584375 0.24554052187500003 0.287808596875 0.246875 0.3234600875 0.246875 0.3555813609375 0.2385529703125 0.3696520390625 0.2288026921875 0.3724732703125 0.219118021875 0.3734375 0.1964100375 0.3734375 0.15638259375000002 0.34729504843750003 0.0742416125 0.34631280625 0.050076801562499995 0.2521863390625 0.0280665765625 0.22269984843750001 0.0540204546875 0.209414965625 0.0831025828125 0.1897318328125 0.152506259375
6 0.25787231718750003 0 0.24906038125 0.01316948125 0.249453278125 0.022835406250000002 0.340562065625 0.0496973375 0.343085890625 0.07224178906249999 0.37354915312500003 0.149409859375 0.3799119265625 0.14776138125 0.3886375484375 0.125151321875 0.404577225 0.12183562031249999 0.4390625 0.13236436093749998 0.4390625 0.0013379515625 0.436836915625 0 0.25787231718750003 0
6 0 0.609375 0.0701109109375 0.609375 0.0717615140625 0.6076400468750001 0.0691722078125 0.5834846046875 0.07609431875 0.5560509546875 0.085278321875 0.54471780625 0.0914801234375 0.49956329374999997 0.0910872265625 0.4898973671875 0.0797068125 0.486741 0.05746985 0.4933161640625 0.0124365828125 0.5322516671875 0 0.5353465296875 0 0.609375
10 0.7656063812499999 0.609375 0.792719365625 0.5156726828125 0.796875 0.5053261890625 0.796875 0.49783470156250004 0.7747535890625 0.48898086718749995 0.759992490625 0.47385781250000003 0.7319663562500001 0.42085992031249997 0.70696884375 0.38436552968750004 0.6687427890625 0.3720033796875 0.6554455921875 0.3720258796875 0.6511283671875 0.373829178125 0.6478542875000001 0.376537778125 0.6314458984375 0.4048479109375 0.6132215015625 0.4278819796875 0.595179740625 0.43072441718750004 0.565882496875 0.46542397187500006 0.5551427578125 0.474603525 0.5422224921875001 0.480503184375 0.52056113125 0.48066682343749995 0.501589453125 0.476689684375 0.48631919375 0.46898730468750005 0.4688245828125 0.449641940625 0.460523240625 0.450762609375 0.44776003124999997 0.4591110859375 0.450380309375 0.46924766875 0.44762780468749996 0.4724089203125 0.4390625 0.47994607343749995 0.4390625 0.57039075 0.474031478125 0.584586653125 0.49107391875 0.589202003125 0.5468000859375 0.609375 0.7656063812499999 0.609375
10 0.4390625 0.41415330624999996 0.4808032765625 0.4660908265625 0.48810529843749995 0.47242794374999997 0.498744221875 0.4770359875 0.5267860359375 0.4828125 0.536235503125 0.4828125 0.5424124671875 0.4820961046875 0.5595243125 0.47243409375 0.568824978125 0.46385563750000003 0.5953068921875 0.4313378109375 0.6129841359375 0.4304915421875 0.63839149375 0.396578646875 0.65 0.376092828125 0.65 0.37535749375 0.6462910765625001 0.373834165625 0.6350801718750001 0.3756672703125 0.622712890625 0.38250934375 0.5608516609375 0.40097305937499994 0.5403590875 0.40400105625 0.5363121468750001 0.4023388984375 0.5343390859375 0.394614021875 0.51485241875 0.3749273421875 0.5074437484375001 0.35924760624999996 0.47297835624999995 0.2058482234375 0.47005638125000004 0.1986873328125 0.46253448124999996 0.18892186875 0.46700292968749996 0.1664371734375 0.466104425 0.1601073625 0.46235918125 0.15546951250000002 0.45785349062499997 0.15433423125 0.4390625 0.1632559765625 0.4390625 0.41415330624999996
10 0.7215295765625 0.25968199531249997 0.6968388421875 0.28172923125 0.6714066546874999 0.29989547499999997 0.6510711390624999 0.3053722859375 0.63585711875 0.313906321875 0.604518159375 0.31677125781250004 0.5929931453125 0.3137067265625 0.582228578125 0.30713963125 0.55967529375 0.28571657031250003 0.5447571390625 0.2681447 0.5283619140625 0.26594105468749996 0.52226009375 0.26295805625 0.504275321875 0.243649803125 0.48621531406249996 0.215488696875 0.479893615625 0.2090773546875 0.4769212328125 0.20881026406249997 0.475117640625 0.21140752968749998 0.47806444218750005 0.234315071875 0.5079554890625 0.362469434375 0.513548153125 0.372873109375 0.532544659375 0.3925968984375 0.5354980453125 0.4002475515625 0.5370132109375 0.4015625 0.5489372546875 0.4015625 0.5713426937499999 0.3985178984375 0.6344231234375 0.376024740625 0.6635501453125 0.369390146875 0.7103105875 0.35354619375 0.7379985359375001 0.3475127 0.7548086828125 0.34082638125 0.75625 0.33849158125 0.75625 0.33513977968750003 0.7380876875 0.28746467343750004 0.7373338234375 0.2757103515625 0.742826421875 0.2615145203125 0.7427511843750001 0.25266166874999996 0.7382140828124999 0.25103662187500003 0.7215295765625 0.25968199531249997
10 0.4408949796875 0 0.4390625 0.0025035609375 0.4390625 0.11971733437500001 0.46201172812499997 0.155090203125 0.46475765156250004 0.1671858390625 0.461634046875 0.18760014687499998 0.47591739843749997 0.2106336359375 0.4906156765625 0.2247771625 0.5021655171875 0.2435883453125 0.5222365828125 0.264707203125 0.5466314546875 0.268765871875 0.5584515796875 0.2841115984375 0.58625200625 0.3105509359375 0.6004477078125 0.3168582484375 0.6126438671875001 0.31875 0.6174319359375 0.31875 0.6343317109375001 0.3152770453125 0.64813806875 0.3078338703125 0.6660541828125 0.30303238125 0.6808408640625 0.295514984375 0.7765620171875 0.22133630937499998 0.78757204375 0.2086912984375 0.7921875 0.19920784375 0.7921875 0.183200596875 0.7851723921875 0.16359595625 0.7686778546874999 0.098405703125 0.75717841875 0.0727007203125 0.7540241562500001 0.0542381609375 0.740350778125 0.009996396875 0.73669795625 0 0.4408949796875 0
10 1 0.609375 1 0.413940928125 0.9768685546875 0.415909484375 0.9696103562499999 0.4179354578125 0.9664305109375 0.42211334999999994 0.9868032703124999 0.4402565140625 0.9896310109375002 0.4459481125 0.9893921390625 0.44990333125 0.9680887109375 0.46332769531249995 0.96028994375 0.4722845765625 0.9349834015624999 0.49240987187499996 0.9183807156250001 0.4946512078125 0.8445108890625 0.49483061875 0.8210459359375001 0.497591525 0.813881971875 0.5010867859375 0.8135736937499999 0.519319365625 0.8065287890625001 0.54003056875 0.7994268953125 0.5828924609375 0.80298950625 0.60772194375 0.803547984375 0.609375 1 0.609375
10 0.7728566406249999 0.48686042656249995 0.7775507984375001 0.49093428906250003 0.7861976640625 0.4952010171875 0.8057024703125 0.4984375 0.8334495437499999 0.4984375 0.9133819187500001 0.49689066718749997 0.9354392078124999 0.49522062499999997 0.9416542609375 0.49228934999999996 0.9687833921875001 0.4621832265625 0.985229025 0.4574930734375 0.9890625 0.4512832015625 0.9890625 0.4439595640625 0.9854430671875001 0.43779120312500003 0.941882221875 0.4036866 0.9295843484375 0.3962513125 0.9238156343749999 0.390782384375 0.921968215625 0.385016559375 0.9166392562500001 0.38640431875000003 0.9157655765625 0.395821159375 0.90900995625 0.40568334375 0.8693440734374999 0.43230939843750005 0.867439665625 0.44869426093750003 0.8586167515625001 0.449362278125 0.8525463406250001 0.4468690421875 0.8449930296874999 0.436613815625 0.8030655531249999 0.4279769078125 0.7958891749999999 0.4235988421875 0.7864570343749999 0.40708803125 0.763081234375 0.3498009078125 0.7573832359375 0.3421875 0.7561309953124999 0.3421875 0.70157210625 0.3583951328125 0.7093073000000001 0.3868458265625 0.7442585265625 0.4403036796875 0.7592519156249999 0.466728403125 0.7676913187500001 0.47544011406250003 0.7728566406249999 0.48686042656249995
10 1 0 0.8098563234375 0 0.7611745828125001 0.0511894609375 0.75549351875 0.0624467125 0.7556944 0.0732586171875 0.7576674624999999 0.080983496875 0.7744016234375 0.1038314265625 0.8586005906249999 0.203266846875 0.8986484828125001 0.244035271875 0.9342410953125 0.27677461718749996 0.9385707343749999 0.28284464374999996 0.955845465625 0.29876166249999997 0.9619158765625 0.3012548984375 0.97646368125 0.2976927203125 0.9943987968750001 0.28550766875 1 0.28099826562499997 1 0
10 0.8223058984375001 0.1596757703125 0.8082548359375 0.1479439484375 0.8043021296875 0.14775108125 0.79257548125 0.17226175 0.7946866015625 0.18981900625 0.7919465109375 0.20085358437499998 0.7779136953125001 0.22012530312499998 0.7568615578125 0.237467771875 0.75230545625 0.24322628750000003 0.7383164671875 0.270861096875 0.73788254375 0.28713462343749996 0.7528379421875 0.3283264734375 0.7859285828125 0.4065322796875 0.7953607218750001 0.42304309062499995 0.8045605703125001 0.4282522359375 0.8429940890625 0.4361694015625 0.8471038531249999 0.438811084375 0.8523244015625 0.446875 0.8677796875 0.446875 0.8697265406250001 0.445956784375 0.8695884812500001 0.4361244046875 0.872183934375 0.43051433437500003 0.9090344874999999 0.40607000624999995 0.915625 0.3974842828125 0.915625 0.36422923281249997 0.9156148078124999 0.362755465625 0.9077167265625 0.3087257390625 0.8951873109375 0.25160167968749997 0.889123484375 0.233851553125 0.8564090234374999 0.1999100125 0.8223058984375001 0.1596757703125
3 0.7188149953125 1 0.7098179609375 0.9612511578125 0.699769678125 0.9363483 0.68285300625 0.9164295890625 0.6567991609374999 0.8749578625 0.6296965125 0.8371223640625001 0.5416498140625 0.6972342874999999 0.5181314515625 0.6723093921875 0.49892705 0.6625 0.496728534375 0.6625 0.49157831874999997 0.6632525453125 0.47864101249999996 0.6716113203125 0.4556721625 0.6754650765625 0.448073146875 0.6785657109375001 0.44396414531249995 0.6816539546875 0.44076625625 0.68809204375 0.4399320484375 0.7056288187499999 0.4390625 0.70710400625 0.4390625 0.845474965625 0.4765644375 0.8938300921875 0.5031169453125 0.9312484078125 0.51080155 0.94505258125 0.5542861921875 1 0.7188149953125 1
2 0.7772336671875 1 0.7739913421875 0.9673924218749999 0.7791785140625 0.9284875953124999 0.76513865625 0.9089778031249999 0.70869185625 0.8691275203125001 0.7114415125 0.9184825468750001 0.7351941046875 0.9763785625000001 0.7441987796875 1 0.7772336671875 1