5 0.258110359375 0 0.258337903125 0.001237090625 0.266323159375 0.0178294265625 0.2590097859375 0.02761984375 0.257525034375 0.038913554687500004 0.25113580468749996 0.043818037500000004 0.25974936875 0.0475516984375 0.26969373124999996 0.0474283578125 0.27342136093749997 0.050237878125 0.27511614375 0.08763705625 0.2873284125 0.1353932890625 0.3004467234375 0.212532834375 0.30440248593749997 0.22976599375 0.306818 0.23125 0.30744316562499996 0.23125 0.311112128125 0.22687626249999998 0.318604028125 0.20369113906249997 0.3368536109375 0.1824405515625 0.403414003125 0.153993 0.423801671875 0.142366365625 0.4346516328125 0.1318920046875 0.43821279999999996 0.12525006249999998 0.44089898125 0.1115780703125 0.4468621125 0.02071089375 0.4361967125 0.006367467187500001 0.425682821875 0 0.258110359375 0
1 0.1754361109375 0.0950131765625 0.17290387812500002 0.1012484578125 0.15364390625 0.12837079375 0.11482812656250001 0.1746427234375 0.111316565625 0.20910301250000002 0.1847043515625 0.23886750937499998 0.199787359375 0.2481339625 0.203256809375 0.2484375 0.2145512375 0.2484375 0.28664269375 0.180734334375 0.2875 0.1741207359375 0.2875 0.1594248 0.280598003125 0.141961234375 0.2717683734375 0.10095776406250001 0.25861386406250003 0.0923567140625 0.23564436249999998 0.0824002828125 0.21925513125 0.0710328375 0.215446715625 0.0703125 0.214179971875 0.0703125 0.2105307421875 0.07424298124999999 0.2028352875 0.07704646875 0.1761321234375 0.07570360000000001 0.1754361109375 0.0950131765625
7 0.45 0.51875 0.445188228125 0.51875 0.417836971875 0.5544301359375 0.3942496390625 0.5884669484375 0.37401913124999997 0.623851775 0.371041165625 0.6328056046875 0.3720212984375 0.64121959375 0.3878113125 0.6649497999999999 0.391404790625 0.665625 0.4012893125 0.665625 0.4236946296875 0.664028578125 0.45 0.660833053125 0.45 0.51875
7 0.45 0.6593029015624999 0.3332183453125 0.6715000828125 0.3262206671875 0.6736583859375 0.3102794734375 0.6860657109374999 0.283955375 0.6997687578125 0.311444453125 0.71648580625 0.3433369140625 0.75860645625 0.36098274531249996 0.76739600625 0.37838008125 0.7796875 0.39781825312499997 0.7796875 0.4080018765625 0.7774765125 0.45 0.7765211453124999 0.45 0.6593029015624999
7 0.2955466015625 0.51875 0.234060884375 0.6211876953125 0.227158034375 0.6385021671875 0.22816657031249998 0.6464307234375 0.2665454546875 0.6951308609375 0.278623378125 0.6984195468750001 0.2889494796875 0.6980946890624999 0.3121487890625 0.6874664015625 0.3307555140625 0.67144500625 0.3593330734375 0.6360052421875 0.36856542812500004 0.6292081265625 0.380146071875 0.615830465625 0.4195797703125 0.5542301578125001 0.44762189531249996 0.51875 0.2955466015625 0.51875
7 0.45 0.8048385546875 0.4495850203125 0.8047620046875 0.402225053125 0.8005066890625001 0.3928458734375 0.8014247359375 0.3902655515625 0.8035825093750001 0.38991074062500003 0.8348118343750001 0.3860190671875 0.8509932765624999 0.38051758593749996 0.861134015625 0.36417875 0.8803373984375 0.3362828640625 0.9041267749999999 0.3158107015625 0.9184763609375001 0.3159007203125 0.925326296875 0.3215538375 0.9293708625000001 0.349985028125 0.9383748656249999 0.383524865625 0.9523404203125001 0.43193139062499997 0.9806513265625 0.45 0.9875352718750001 0.45 0.8048385546875
7 0.10456960156249999 0.51875 0.117239284375 0.537438178125 0.1305909890625 0.56089899375 0.13573285156249998 0.5736813484375001 0.1389476609375 0.5774565234375 0.15707634374999999 0.5779937171875 0.1709060921875 0.5848959421875 0.191425896875 0.6032858578125 0.2241468546875 0.639635196875 0.2280197453125 0.6405516546875 0.230027196875 0.6397963015625 0.2386486578125 0.6182745703125 0.2786836296875 0.5547864109375 0.2843271265625 0.5422185093749999 0.28426551093749997 0.5348831406250001 0.27369031875 0.51875 0.10456960156249999 0.51875
8 0 0.51875 0 0.64928039375 0.006508284374999999 0.66835554375 0.0178525390625 0.6925717109375 0.031336640625 0.6969928953125 0.10104382812499998 0.7051829015625 0.10253521562500001 0.7048591046875 0.1012710515625 0.7012994406249999 0.09053288125 0.6835016546875 0.0785921609375 0.669479571875 0.0739379609375 0.6567510953125 0.07336028125 0.6498472828125 0.1273150203125 0.6001112843749999 0.129980553125 0.5964972140625 0.133810609375 0.5729804015625 0.1261404203125 0.5530787203124999 0.1125614890625 0.53350136875 0.10730601718749999 0.52266074375 0.10422409531250001 0.51875 0 0.51875
8 0 0.8646812546875001 0.033639109375 0.8589641875 0.088744853125 0.8650524171875 0.092930175 0.860629115625 0.1003206875 0.843368521875 0.09995580312499999 0.807662546875 0.10249329375 0.7810715046875 0.1062145484375 0.7678026578124999 0.1171323 0.7489774812500001 0.12113758593749999 0.730854309375 0.11947097031250001 0.7257844703125 0.10394139375 0.705991603125 0.0221562828125 0.6945129125 0.0017881140625 0.6903083000000001 0 0.6893116171875 0 0.8646812546875001
8 0.13855138281249998 0.735221084375 0.15139618906250002 0.7254030874999999 0.1757412390625 0.711969959375 0.20077758281250002 0.703498915625 0.21170495625000002 0.7012862046875 0.268841746875 0.6978274156250001 0.2654233078125 0.6891440359375001 0.25729867031250003 0.6770092765625 0.20175680625 0.6112672359375 0.1711333171875 0.5810124812499999 0.1550356796875 0.57092826875 0.14663182187499998 0.571954071875 0.13952053125 0.5760541046875 0.1303213890625 0.590672021875 0.128948421875 0.597360321875 0.072929425 0.6488225390625 0.073421896875 0.6571826515625 0.07942546874999999 0.6720144921875 0.08680200625 0.6801580328125001 0.1188981 0.7271868890625 0.12811167031249998 0.7374876734375 0.1329882859375 0.738026453125 0.13855138281249998 0.735221084375
8 0.08809639375 0.8845236015625 0.09729118125 0.9119222859375 0.1050417671875 0.922061434375 0.120940584375 0.9355436765625 0.14770996875 0.9477840734375 0.17100410625 0.9523119546875 0.20387624531249998 0.9525237609375001 0.2290310109375 0.9504172203125 0.25237714375000003 0.9456680015625001 0.288885328125 0.9340672609375 0.3314394625 0.9114087953125001 0.3649268484375 0.8843286156250001 0.3834151515625 0.8619427156249999 0.392926728125 0.8419850390625001 0.3958998828125 0.824724975 0.3929926984375 0.80730380625 0.380502703125 0.785892478125 0.367070596875 0.7721941953125 0.3409876953125 0.7566096484375 0.31787795 0.7237650375 0.306282878125 0.7122239968749999 0.28915311093749996 0.70300289375 0.265972584375 0.6965332828124999 0.2375462046875 0.6958355125 0.2153458109375 0.697779890625 0.1734449484375 0.7092734046875 0.1607989625 0.7156933750000001 0.1382909453125 0.7312837453125001 0.123296671875 0.7442842609375 0.1127481578125 0.7567988124999999 0.10211924375 0.7790758953125 0.099638559375 0.804696071875 0.0995441859375 0.8398627375000001 0.0897201765625 0.8651601734375 0.08809639375 0.8845236015625