9 0.10628653437499999 0.1715149984375 0.07666454843750001 0.3922769890625 0.32344288906249996 0.4008051859375 0.32684650312499997 0.179459821875 0.3222541171875 0.18543212656250002 0.10628653437499999 0.1715149984375
9 0.532259090625 0.3852627140625 0.5426029296875 0.2575712671875 0.52806685 0.1734556109375 0.4017810453125 0.18094849375 0.324676859375 0.17804835624999998 0.32007104218750004 0.3980502390625 0.49859957499999996 0.38415645 0.5260384859375 0.37601256875 0.532259090625 0.3852627140625
9 0.5312557453125 0.5463445984375 0.47308870625 0.7008915640625 0.6812664171875 0.7167792984375 0.7098054328125001 0.566445378125 0.5312557453125 0.5463445984375
9 0.7065568296875 0.5649580953125 0.68516135 0.715793996875 0.875453303125 0.7342019046875 0.900018775 0.5495956765625001 0.7065568296875 0.5649580953125
9 0 0.8322696828125 0.1912281234375 0.8457073640624999 0.20100562656249998 0.7837514171875 0.14287136250000002 0.7695942765625 0.1153931484375 0.76010935 0 0.7584581625 0 0.8322696828125
9 0.58133896875 0.2335220875 0.56741486875 0.2623617484375 0.5449880484375 0.36614313906249996 0.7493704343750001 0.3616203703125 0.7584502515625 0.23304658749999999 0.74372671875 0.2180968390625 0.70653933125 0.22939878593750002 0.6682189546874999 0.23465749374999997 0.6293320875 0.23689458437500002 0.6073553171875 0.231374515625 0.58133896875 0.2335220875
9 0.5375918296875 0.49682310156250004 0.6100394687499999 0.4879989078125 0.735806321875 0.48689722656249995 0.7421224734375 0.43466239843750004 0.7443355265625 0.3622605015625 0.6651535015625 0.3626599703125 0.591572875 0.365440925 0.5466716468749999 0.3682493203125 0.5266484499999999 0.4831329234375 0.5375918296875 0.49682310156250004
9 0.95234453125 0.35302289062500003 0.9607254781250001 0.2860240984375 0.9618214249999999 0.214537640625 0.9454460578124999 0.2113990609375 0.9103552234375 0.22185439843750002 0.8681170437500001 0.2268377984375 0.8079575515625 0.22559217812500001 0.755067178125 0.22187554999999998 0.75699959375 0.27170819687500003 0.7558242421875 0.30840127812499996 0.7509004984375001 0.3577521375 0.75761900625 0.3592181890625 0.85833308125 0.353374225 0.95234453125 0.35302289062500003
9 0.7513293375 0.3617580234375 0.7432236984375 0.42678828593749996 0.7373522640625 0.489987671875 0.8933285765625 0.4850451984375 0.9484372796875 0.47997227656249997 0.95107916875 0.4115762625 0.9492685234374999 0.3538006734375 0.90113775625 0.35141244375 0.835959234375 0.3577656296875 0.7886702609375 0.35643048906249997 0.7513293375 0.3617580234375
9 0.0937573796875 0.5868949984375 0.13350192656249998 0.5926696734375 0.19898751406249998 0.5982653109375 0.23998682031250002 0.6021402859375 0.2745006109375 0.46143863906249993 0.24121514375 0.4660572171875 0.2192383734375 0.4605371515625 0.1838404703125 0.45904366406249997 0.1545945828125 0.45599460625 0.12270152812499999 0.457729215625 0.0819616484375 0.44492703593750005 0.073898375 0.46722098125 0.07561373437499999 0.48324451249999995 0.06531625156250001 0.5073693328125 0.0522339484375 0.537262084375 0.0393210609375 0.5800879234375 0.0653532890625 0.58489903125 0.0937573796875 0.5868949984375
9 0.2472559359375 0.5996692796875001 0.1988498625 0.599249575 0.12090671093750001 0.5907906656249999 0.0759896015625 0.586640384375 0.038908101562500005 0.5830407156249999 0.027662929687499997 0.6210140578125001 0.016126571875000002 0.65399725625 0.011123425000000001 0.6685547406250001 0.1327130453125 0.67610495625 0.188541775 0.6800280640625 0.22799513437500002 0.68081259375 0.239928571875 0.637917928125 0.2472559359375 0.5996692796875001
9 0.4534331390625 0.46208505781250003 0.42322368125 0.4659258484375 0.3398485453125 0.46801854218749994 0.27800545625 0.4646667390625 0.26731089375 0.498703028125 0.25998353125 0.536951678125 0.2433381328125 0.599393971875 0.2767771296875 0.6007498078125 0.3209900953125 0.6028627359375001 0.400738615625 0.605484884375 0.43388642656250004 0.6018505734375 0.4534331390625 0.46208505781250003
9 0.36702430937499997 0.6060975796875 0.24921483906250003 0.5998069312500001 0.24243808437499997 0.6341185265625 0.23093348906250002 0.6810190734375 0.251089009375 0.685417221875 0.270953340625 0.684825221875 0.3111108484375 0.6876471078125 0.3696026234375 0.6937452234375 0.41661629062500005 0.6970488921875 0.425320184375 0.6489575999999999 0.432906975 0.601781746875 0.36702430937499997 0.6060975796875