2 0.4 0.46875 0.4 0.3613084609375 0.37500971875 0.36467707968749996 0.352695325 0.3647962421875 0.3316346375 0.3615622125 0.24204811249999997 0.3312588828125 0.1677076484375 0.3245709484375 0.1573381546875 0.34720763906249996 0.15152353125 0.36758900781250003 0.1483219421875 0.40137255468750005 0.148541646875 0.4209076875 0.15138164062499998 0.43611757500000004 0.148182471875 0.46399198124999996 0.1560360890625 0.4687436734375 0.1561174296875 0.46875 0.4 0.46875
5 0.4 0.283183140625 0.39046556718750003 0.26467666562500003 0.365882803125 0.24376420625 0.352110153125 0.2363307484375 0.329912259375 0.2299673359375 0.325018765625 0.22507924375 0.30851174375 0.2225444640625 0.30315828749999996 0.2288138171875 0.29393687968750004 0.2279887515625 0.28766955156249996 0.24180013906250003 0.276506309375 0.256632575 0.2731954734375 0.279171275 0.2622591921875 0.2958114140625 0.2553073609375 0.3130634 0.2587201875 0.3194969796875 0.26224951875 0.3194479828125 0.2751107109375 0.3285143359375 0.2954856875 0.33814353124999996 0.3011777640625 0.3390175921875 0.30128943124999996 0.344353303125 0.3056137171875 0.3491539890625 0.328784846875 0.35625 0.343157046875 0.35625 0.352516915625 0.35517443125 0.3658404875 0.34717419375 0.37073881875 0.34024400312499997 0.3733615265625 0.330009615625 0.3788278546875 0.32612140156249997 0.3997865484375 0.3003831515625 0.4 0.2978100359375 0.4 0.283183140625
0 0.6453125 0.46875 0.6453125 0.45361860624999994 0.64406873125 0.4277327015625 0.6299220953125 0.28752774375 0.625099734375 0.27137515156249997 0.61105924375 0.2622198171875 0.5916443484375 0.25551052812499997 0.55105395 0.25125351406249996 0.52389399375 0.2511873734375 0.4761109890625 0.2560786984375 0.457064675 0.2651087484375 0.45134514843750007 0.273902984375 0.45110368125000005 0.2846778625 0.4757850421875 0.46875 0.6453125 0.46875
0 0.4 0.2643387390625 0.408417496875 0.265625 0.42420473281250004 0.265625 0.45635179375 0.2639349796875 0.483810803125 0.2556855125 0.5123862421875 0.25293827343749997 0.5280836859375 0.2485053546875 0.528221490625 0.23330378437500002 0.5311100484375 0.23013630312500002 0.5309948671875 0.2252177578125 0.5272659015625 0.213583690625 0.521661140625 0.206192646875 0.52251265 0.200382228125 0.5179782453125 0.196525996875 0.519186403125 0.1848592421875 0.5143985984375 0.170182215625 0.514501846875 0.1535050828125 0.49719145625000005 0.06797456562500001 0.4914019921875 0.03161003125 0.491067965625 0.017346253125 0.48652204374999997 0.012998167187500001 0.481055496875 0.0115093765625 0.4473931984375 0.00789519375 0.4 0.00775935 0.4 0.2643387390625
0 0.4 0.44513974999999995 0.421704940625 0.45161767187499996 0.44951025 0.444381909375 0.46880101874999996 0.42490444375 0.46151153125000005 0.32443499375 0.44482799531249995 0.31470723125 0.419860275 0.302574859375 0.4 0.3007321 0.4 0.44513974999999995
0 0.9728336578124999 0.46875 0.9294480578125001 0.2795116171875 0.9126109437500001 0.26322579375 0.8861476406250001 0.2574984609375 0.8613334984375001 0.25192414687500003 0.8085988624999999 0.2486670546875 0.7756925078125001 0.24888570312499997 0.7364582796875 0.25996887968750004 0.677587740625 0.27577388593749996 0.6637034843749999 0.30229680625 0.6849938703125 0.46875 0.9728336578124999 0.46875
0 0.6385785640625 0.08565581718750001 0.614558446875 0.10142255625 0.625079928125 0.1416616578125 0.6694919890625 0.1408746265625 0.6987580281250001 0.2662865296875 0.7118361046875 0.2625921390625 0.7478871984375 0.25612146875 0.7921456859375 0.248776378125 0.733730559375 0.0732172265625 0.7154746515625 0.06661547343749999 0.677812790625 0.07457264062499999 0.6385785640625 0.08565581718750001
0 0.66332123125 0.2989894359375 0.6711446875 0.28171986875 0.700445578125 0.26807906406250004 0.6695687765624999 0.14415365625 0.625079928125 0.1416616578125 0.515625334375 0.16422482968750002 0.5337271328125001 0.24606608749999997 0.5502570984374999 0.2492357921875 0.6031453078125001 0.25905094375000004 0.6230887671875001 0.2674452296875 0.631680096875 0.28296595625 0.6429205875 0.41161319531249996 0.6772073437499999 0.40007096249999996 0.66332123125 0.2989894359375
2 0.14232083281250002 1 0.1401315078125 0.9205382296875001 0.14375 0.895211675 0.14375 0.8895146859375 0.135448728125 0.8783376 0.1321550453125 0.8746620078125 0.12658762968749998 0.8563212796874999 0.1318844328125 0.84892130625 0.12324467812499999 0.8407587484375 0.10994715156249998 0.83597650625 0.10225380625 0.838631459375 0.09814902343750001 0.83700870625 0.1000661078125 0.82494973125 0.1057930984375 0.8224668109375 0.1173331125 0.8184843765625001 0.13152778125 0.8221971921875 0.11638670312499999 0.8076668625 0.10911104375 0.7924483984374999 0.0906887859375 0.79703295 0.081532809375 0.7829699296875 0.067411675 0.757450053125 0.05796081875 0.75134033125 0.041590953125 0.756736259375 0.043127121875 0.751647175 0.0483378890625 0.743263790625 0.037768546874999996 0.7243697359375 0.03792811875 0.703546084375 0.029067021874999998 0.6815297640625 0 0.6676432984375 0 0.9886520796875 0.0024749234375 0.9890650671875001 0.057582121875 0.9961350609374999 0.0701342421875 1 0.14232083281250002 1
5 0.4 0.46875 0.3947678703125 0.46875 0.369778996875 0.49794575312500006 0.3432457109375 0.52305868125 0.29649589062500004 0.554895015625 0.2914571984375 0.56524521875 0.27893400625 0.5693136703125 0.272654025 0.5767996609375 0.272494453125 0.5976233109375 0.2306480171875 0.6062390890625 0.21608493437499998 0.632286634375 0.217928484375 0.642034721875 0.23394243593750003 0.6891896265625 0.392436521875 0.746670703125 0.4 0.737680146875 0.4 0.46875
0 0.467165575 0.46875 0.45466479374999996 0.4828406828125 0.44519213750000003 0.5059722859375 0.43308370468749996 0.54452906875 0.43125 0.568259334375 0.43125 0.5745985921875001 0.43316873593749994 0.5916782625 0.44338111874999997 0.6242526015625 0.4653975484375 0.6503548703125 0.473267484375 0.6542320828125 0.480933359375 0.6631152484375 0.48830249375 0.666969146875 0.4896416421875 0.6710438546875 0.5403557765625 0.6824327546875001 0.5485123703125 0.6828125 0.5839880984375 0.6828125 0.587011659375 0.6825987234374999 0.6262873499999999 0.6668732 0.6573147453124999 0.6442435734374999 0.6599819859375 0.6403553921875 0.6624953296875 0.6279337796875 0.67302145 0.6158852140625 0.68187086875 0.59573386875 0.6875 0.5749619453125 0.6875 0.5542352828125 0.6837371640625 0.53764153125 0.6686392328125 0.5018304671875 0.65827465625 0.48529848124999997 0.6431007578125 0.46875 0.467165575 0.46875
3 0.4 0.883975925 0.44095204062500004 0.8858825218749999 0.45133120312499997 0.8828549265625 0.46421847187500004 0.8744271062500001 0.4773302078125 0.8604927406249999 0.518666903125 0.7942071171875 0.5289260406249999 0.7640905015625 0.5306010328124999 0.7476174984374999 0.523404496875 0.7272206499999999 0.5119975125 0.711643225 0.5028088375 0.7031907078125 0.488131784375 0.693981125 0.4198378328125 0.6707397734375 0.4 0.6672109390625 0.4 0.883975925
3 0.690785103125 0.6091255515625 0.6768239640625 0.606970928125 0.674299565625 0.6073549453125 0.666961890625 0.6150380484375 0.6578973546875 0.628157746875 0.6512960015625 0.6423952171874999 0.6227725984375001 0.6651414203125 0.5996857046875 0.677608284375 0.5844891515625 0.6934517687499999 0.5210892703125001 0.796326078125 0.4756645640625 0.8644275531249999 0.4657727359375 0.8855334593750002 0.4657115171875 0.8870352421875001 0.8554758171875001 0.90518143125 0.8664412718750001 0.8911471437500001 0.8736658625 0.8739294203124999 0.8755653203125 0.8519498703125 0.8746751046875 0.8368620734375 0.8681222078124999 0.8129843749999999 0.8739778921875001 0.8047307296875001 0.8980867875000001 0.7918099015625 0.9054244624999999 0.7841268015624999 0.9135894328124999 0.7684574937499999 0.9093160609375002 0.750202915625 0.8991461953125001 0.7412031750000001 0.8697512781250001 0.7237851984375 0.84066245 0.698858296875 0.8109299828125 0.677412246875 0.74516978125 0.6412486859375 0.7237468265625 0.62520495 0.7060853890625 0.6153548796875 0.690785103125 0.6091255515625
3 1 0.6429397078125 0.9829249171875001 0.6307513734375 0.9588143171875 0.6190964140624999 0.9283676390625001 0.6151711890625 0.9005992578124999 0.6193953765625 0.877093190625 0.62983654375 0.8557442125 0.6489044078124999 0.8407015578125 0.673281321875 0.8367470375 0.6841312015625001 0.8348365234374999 0.69407315625 0.8395180109375 0.70231583125 0.8579973921875 0.7167178890624999 0.9000457609375001 0.74375278125 0.908692828125 0.7531831718750001 0.9123931265625 0.7608786203125 0.9125470218749999 0.7694120515625 0.903942475 0.7835562578124999 0.8986896171875 0.7893302421875 0.8864459890624999 0.7942772124999999 0.878566703125 0.802938190625 0.8772386093750001 0.8109010781249999 0.8805809515625 0.81506905 0.89237565 0.8211351671875 0.9321946578125001 0.8290075546875 0.9777783734375 0.84316686875 1 0.8476029593749999 1 0.6429397078125
3 1 0.46875 0.857299471875 0.46875 0.8529332562499998 0.496303840625 0.853496978125 0.519401159375 0.8691662765625001 0.5411955640625 0.8870632359374999 0.5575766859375 0.9027418843749999 0.5668329 0.9215477625 0.5732254375 0.9425608921874999 0.5747052874999999 0.9612128703125 0.57256439375 0.9866813203125 0.563217678125 1 0.55334749375 1 0.46875
3 0.6886450609375 0.46875 0.6903165953125 0.4852221109375 0.696736 0.5000657828125 0.7336131390625 0.5308722796875001 0.8162448859375001 0.53471935 0.8207503687500001 0.5103534046875 0.8240612484375 0.502984371875 0.8361101703125 0.49050516093749996 0.8469534328125 0.48298526875 0.8537699015625 0.47577944531250005 0.8570603765625 0.468911009375 0.8570877046875001 0.46875 0.6886450609375 0.46875
3 0.8914420437499999 0.6224798609375 0.89102286875 0.620454165625 0.8826521374999998 0.6165536359375 0.8797901875 0.6129095765625 0.8502838890625 0.610532765625 0.8335832374999999 0.6017305171875 0.8196425046875 0.5990753015625 0.8171997296875 0.5974569375 0.8193049531250001 0.5950472234374999 0.818425790625 0.5919970234375 0.7970751109374999 0.5864890968750001 0.7848816453125 0.5778966890625 0.7813964609375 0.577232884375 0.7767872453125 0.57952601875 0.7719221015625 0.575788696875 0.7568981484374999 0.5750892296875 0.7197574375 0.5753662562499999 0.704570234375 0.5786715499999999 0.6972529671875 0.5858540546875 0.693205765625 0.586668721875 0.67894959375 0.604060621875 0.6783059515625001 0.6075414703125 0.6842543171875001 0.6093230421875 0.7165315875 0.6298844828125001 0.7214987609375 0.6311188265625 0.7240639718749999 0.6297336203125 0.7231644046875 0.6271840140625 0.7271095734374999 0.628872325 0.7470709453125 0.643844925 0.7803498140625 0.6644529953125 0.8245850328125 0.6870757921875 0.8281110281250001 0.6867384078125001 0.832883490625 0.6804405125 0.8392493250000002 0.6596719921875 0.8464441562499999 0.65549305625 0.8642467328125001 0.637263175 0.8914420437499999 0.6224798609375
3 1 0.5524671703124999 0.9913109421874999 0.5604239484375 0.9662820734374999 0.5712957640624999 0.9441040968750001 0.5737740437500001 0.9423253703124999 0.5681742359374999 0.9398825953125 0.5665558734375 0.9074327249999999 0.5625373859375 0.8881668625 0.5551203421875 0.880358146875 0.5497413421874999 0.8625836234375001 0.53035665 0.858382528125 0.522637884375 0.85574504375 0.51348728125 0.8550070203125 0.48235712656249996 0.850581459375 0.48014490624999995 0.835128978125 0.48995793593750003 0.8238980015624999 0.506989134375 0.8204646828125 0.517361734375 0.8185040078124999 0.5408430703125 0.8195166593749998 0.5529272984375 0.829432303125 0.5804723703125 0.8377528734374999 0.5979122828125 0.84441715 0.6067488140625 0.8532886796875001 0.610672659375 0.8802909859374999 0.6129328921875 0.8925864828125001 0.6190223265625 0.9243408453124999 0.6154852578125001 0.952845546875 0.6178154375 0.9696686359375001 0.62361411875 0.9873504796875 0.63296359375 1 0.625721265625 1 0.5524671703124999