10 0.0609375 0.22040745 0.072658375 0.27470800624999997 0.076980096875 0.340683534375 0.16104884531250002 0.3546875 0.167164234375 0.3546875 0.204709715625 0.3359589046875 0.22614724375 0.3048402390625 0.228125 0.267868453125 0.228125 0.25554432656250003 0.197527284375 0.1875674390625 0.1804727984375 0.1693648734375 0.147366096875 0.159883703125 0.10175599843750001 0.1764933078125 0.0609375 0.21868857656250001 0.0609375 0.22040745
10 0.3890625 0.2954727046875 0.362866678125 0.277438440625 0.321410246875 0.266409 0.2662187796875 0.27622855625 0.2296056453125 0.3062043734375 0.21979490625000003 0.3210965140625 0.21875 0.407917221875 0.21875 0.409505046875 0.22453449375 0.42057217187499996 0.2871786390625 0.4605973875 0.34724526875 0.475 0.34984015 0.475 0.3890625 0.46347030624999996 0.3890625 0.2954727046875
10 0.1652450875 0.1637838640625 0.1816523390625 0.170168490625 0.19703687812499998 0.188061403125 0.206242775 0.21817768124999998 0.24740700468750002 0.2324952015625 0.24980745468749999 0.22458465 0.2269702328125 0.1568469671875 0.25277035937500003 0.11483932187500001 0.2890625 0.08212811406250001 0.2890625 0.08019372500000001 0.284018621875 0.06882851718750001 0.2648558875 0.055248421874999995 0.24009890937499997 0.0473155234375 0.16956529375 0.0960685265625 0.15864857500000001 0.1425071015625 0.1652450875 0.1637838640625
10 0.3890625 0.096218515625 0.3347230078125 0.0582308515625 0.3196934984375 0.0554439640625 0.2925989015625 0.073815725 0.30957011875 0.1120564390625 0.3890625 0.1560205828125 0.3890625 0.096218515625
10 0.3890625 0 0.332721721875 0 0.3265625 0.037007803125 0.3265625 0.039436928125 0.3345471515625 0.060287459375 0.3616213078125 0.08034795156249999 0.3890625 0.0978048609375 0.3890625 0
0 0.23392982343750002 0 0.26067877500000003 0.011026378125 0.32659829687499997 0.0265625 0.3272175984375 0.0265625 0.3336044171875 0 0.23392982343750002 0
10 0.1132839640625 0 0.14425064062499998 0.041362978125 0.213987040625 0.0671875 0.21775785 0.0671875 0.24213017812499998 0.0478146375 0.2859375 0.055937734375000006 0.2859375 0.05282966875 0.284463215625 0.04897983125 0.22501285937499999 0.011217965625 0.2212596328125 0 0.1132839640625 0
10 0.057266564062500004 0 0.046970478125 0.024996646875 0.0380363453125 0.030024540625000002 0.036721434375 0.044820909375 0.047931871875 0.12878511875 0.060268725 0.1427706421875 0.073976803125 0.1453125 0.07638666250000001 0.1453125 0.15670768906250002 0.12723046093749998 0.17568193125 0.0856282390625 0.1890625 0.0772261828125 0.1890625 0.07665668125 0.1764124359375 0.077408034375 0.1749718640625 0.05541619062499999 0.139255775 0.037095509375 0.10826083281250001 0 0.057266564062500004 0
10 0.3890625 0 0.3890625 0.2015625 0.49908723750000006 0.2015625 0.5027927984375 0.198774603125 0.51936970625 0.090181765625 0.529136334375 0.047172003125 0.5422577765625001 0.0261902375 0.5645833671875 0 0.3890625 0
10 0.564074059375 0 0.5339067156249999 0.03402500625 0.5279577171875001 0.0451911859375 0.5205830859375 0.07645775625 0.5031823796875 0.17468335625 0.5002469875 0.2059245609375 0.491104334375 0.2638098828125 0.49278115 0.27905954843749997 0.497532378125 0.2864719625 0.5281770109374999 0.30926719375 0.537679465625 0.32409202656249997 0.55651613125 0.3358225359375 0.5610383125 0.353228075 0.5650498625 0.35923283125 0.5711390609375 0.3629992734375 0.6000912953124999 0.371875 0.6122987906249999 0.371875 0.61604328125 0.3656750953125 0.621194159375 0.36407086718750004 0.6293037421875 0.3680972859375 0.6389219015625001 0.3694542171875 0.6417111859375 0.365637046875 0.6419682718749999 0.3586304421875 0.646692640625 0.35458500000000004 0.6803007046875 0.34912555625 0.7073346203125 0.34842806249999997 0.7155879484375001 0.341973109375 0.725549675 0.3283403484375 0.763769946875 0.3068893625 0.7690353468750001 0.3002885703125 0.7717112890625 0.2929966296875 0.7734375 0.28146815625 0.7734375 0.259941665625 0.7733951921875001 0.257418303125 0.7683591421875 0.047727484375000004 0.7646654843749999 0.006803853125 0.7647017328125 0 0.564074059375 0
10 1 0.392417278125 0.9664629687499999 0.37780641875 0.9475421828125 0.3571163375 0.93243311875 0.3469393265625 0.7795721125 0.28873064375 0.7720023796875 0.29062020624999996 0.767106225 0.3021604953125 0.7629509296875 0.3066371140625 0.726637703125 0.32487330625 0.7165334125 0.340516103125 0.71123996875 0.3441303703125 0.6998853703125001 0.3469647171875 0.6701766953125 0.34648281875000003 0.6464999578125 0.352265646875 0.641206515625 0.3558799125 0.6422581796875 0.364725353125 0.6374485109375 0.36828255 0.62953756875 0.3682191453125 0.623448371875 0.3644526984375 0.6171593515625 0.3651945765625 0.6152523046875 0.3684093703125 0.6089060203125 0.37164952812499996 0.5999422359375 0.37121201406250004 0.5897269640625 0.36643738125 0.5672468125 0.3621129453125 0.564316146875 0.359468825 0.561158796875 0.34987516875 0.5584840359375 0.3486957765625 0.5512274703125 0.3495517875 0.5333840249999999 0.35763633125 0.5263261031249999 0.362455353125 0.521544475 0.36899907656250003 0.5155346734374999 0.408077534375 0.50753606875 0.424468546875 0.5048881671875 0.43474701250000003 0.514330996875 0.4690127859375 0.51316363125 0.473635240625 0.4987907015625 0.49027988906250003 0.5004889218749999 0.5 0.9576873499999999 0.5 0.9616940249999999 0.49746397968749995 0.9980645171875 0.47672950312499995 1 0.475045053125 1 0.392417278125
10 0.764530746875 0 0.7640625 0.008234624999999999 0.7640625 0.017027626562500002 0.7672688843750001 0.058721715625000004 0.772786340625 0.28529813125 0.7801842890625 0.29090341406250003 0.8122533765625001 0.3020695875 0.8850994312499999 0.323374725 0.9519988500000001 0.33890337812500004 0.982338865625 0.3484375 1 0.3484375 1 0.009509159375 0.9936045171875 0 0.764530746875 0