8 0 0.3890625 0.196753771875 0.3890625 0.196875 0.38671875 0.196875 0.3549682625 0.192333984375 0.3333984375 0.185498046875 0.31826171875 0.168896484375 0.29140625 0.151318359375 0.23525390625 0.141064453125 0.226953125 0.131298828125 0.22353515625 0.108837890625 0.23623046875 0.068798828125 0.2484375 0.041943359375 0.25380859375 0.033642578125 0.25771484375 0.010693359375 0.27724609375 0 0.2875154875 0 0.3890625
10 0.65177083125 0 0.6296875 0.0030219296875 0.6296875 0.11466889843750001 0.6340104156249999 0.11744791562500001 0.6496354234374999 0.11875 0.65622221875 0.11875 0.8056770828125 0.0941145828125 0.8373437484374999 0.060781251562500006 0.8609375 0.049770834375 0.8609375 0.03533854375 0.8423437484375 0.007447915625 0.8211458328125 0 0.65177083125 0
10 0.6296875 0.2212278359375 0.6573958328125 0.2173958328125 0.6707291671875 0.21239583281250002 0.7057291671875 0.1757291671875 0.7357291671875 0.16739583281249998 0.7340625000000001 0.1507291671875 0.6973958328125 0.1207291671875 0.6423958328125 0.1207291671875 0.6296875 0.1150104171875 0.6296875 0.2212278359375
10 0.8591666625000001 0 0.8423958328125 0.0023958328125 0.8623958328124999 0.0423958328125 0.8607291671875 0.057395832812500006 0.9273958328124999 0.0723958328125 0.9540625 0.049062499999999995 0.9357291671875 0.0190625 0.8844070515624999 0 0.8591666625000001 0
10 0.9607291671875 0.1207291671875 0.9507291671875 0.0740625 0.8873958328124999 0.057395832812500006 0.8557291671874999 0.057395832812500006 0.8357291671875 0.0640625 0.8040625 0.09572916718749999 0.7257291671875 0.10906249999999999 0.7057291671875 0.1190625 0.7140625 0.1390625 0.7323958328125 0.14906250000000001 0.7407291671875 0.1757291671875 0.7790625 0.17239583281249998 0.8923958328125 0.1457291671875 0.9257291671875001 0.1473958328125 0.9607291671875 0.1207291671875
10 1 0.19365913125 0.9223958328125 0.1507291671875 0.8857291671875 0.1473958328125 0.6940625 0.1873958328125 0.6773958328124999 0.2007291671875 0.6623958328125 0.2257291671875 0.6640625 0.24906250000000002 0.7107291671875 0.3073958328125 0.7373958328125 0.3207291671875 0.7590625 0.34239583281249997 0.7940625 0.3407291671875 0.9523958328125 0.29572916718750003 0.9723958328125001 0.2790625 1 0.2711755953125 1 0.19365913125
10 0.6296875 0.3890625 0.8515625 0.3890625 0.8523958328125 0.3740625 0.8207291671875 0.3373958328125 0.7640625 0.3390625 0.7073958328125001 0.3007291671875 0.6957291671875 0.2857291671875 0.6807291671875 0.2857291671875 0.6523958328125 0.29739583281250004 0.6296875 0.3015246203125 0.6296875 0.3890625
10 1 0.2678422609375 0.9840625 0.2723958328125 0.9457291671875 0.29572916718750003 0.8207291671875 0.3290625 0.8173958328125 0.3357291671875 0.8607291671875 0.3773958328125 0.8775810203125 0.3890625 0.9556250000000001 0.3890625 0.9790625000000001 0.3807291671875 1 0.38372023906249997 1 0.2678422609375
10 1 0.1167129625 0.9640625 0.10739583281250001 0.9557291671874999 0.1240625 0.9273958328124999 0.1407291671875 0.9240625 0.14906250000000001 0.9340624999999999 0.1623958328125 0.9707291671875 0.17906249999999999 1 0.20451539843750002 1 0.1167129625
7 0.5859375 1 0.5859375 0.9982699109375 0.5648712203125 0.8342425343750002 0.5342980578125001 0.8034901624999999 0.49808467343749996 0.75741440625 0.3954571921875 0.6517069125 0.36061692343749996 0.6091743656249999 0.3161285671875 0.563001446875 0.271343815625 0.5288171328125 0.2129618765625 0.49598477343749997 0.12329300937500001 0.46258350000000004 0.10201363906250001 0.43986107499999993 0.0731592515625 0.4224914953125 0.05774910625 0.424023709375 0.04066945 0.43400132031250005 0.0290554609375 0.45079495312500006 0.0234375 0.46787965781250007 0.0234375 0.4700193921875 0.029889367187499998 0.4930289796875 0.05847415 0.5297439703125 0.07345225 0.5963297953125 0.0979081953125 0.6509340437500001 0.168432140625 0.7497142875 0.1805836390625 0.7871432828125 0.1948444921875 0.8124034171875 0.21340442343750002 0.835396228125 0.24582165156250002 0.8662105624999998 0.351044240625 1 0.5859375 1
8 0.353727303125 1 0.2638412765625 0.885716984375 0.22946763906249998 0.8468177718749998 0.21867975624999997 0.8414508640625 0.16651701875 0.8355981406249999 0.1383357921875 0.8163217625 0.12301551250000001 0.8114055046875001 0.09912386875 0.8183806890625 0.0835339859375 0.8328098421875 0.07340976875 0.8540550171875001 0.07293363750000001 0.8789405625000001 0.08181869375 0.8909362015625 0.108303621875 0.9113011734375001 0.09543317812499999 0.925459934375 0.095953390625 0.9438068812499999 0.11217365937499998 1 0.353727303125 1
8 0 0.8882955156250001 0.0005682687500000001 0.888593103125 0.0091301375 0.9052205437499999 0.0236873875 0.91849206875 0.0418890359375 0.921875 0.072276790625 0.921875 0.1002084046875 0.9210029453124999 0.10766676718749998 0.9147417687499999 0.105710359375 0.906656890625 0.07945875 0.8881085859375 0.058026434375000005 0.8856399078125001 0.0739930828125 0.8812925625 0.0788581609375 0.8476912296875 0.0969073734375 0.8238182140625 0.10889812968749998 0.8171063859375 0.1250980984375 0.8145757109375001 0.1648570265625 0.83822053125 0.1861726828125 0.8397808765625001 0.1921875 0.837786428125 0.1921875 0.80887215 0.192060896875 0.8069977453125 0.1807528 0.7832838921875 0.1726938515625 0.749127709375 0.099890315625 0.64689439375 0.082533259375 0.6118228453125 0.0718447390625 0.571488584375 0.0660290984375 0.5619475578124999 0.046409740625 0.55929861875 0.0358283859375 0.5483915749999999 0.023344203124999997 0.5441132609375 0 0.5437847359375001 0 0.8882955156250001
1 1 0.3890625 0.9606024671875 0.3890625 0.9533272374999999 0.4079619046875 0.9303640312500001 0.455582025 0.9137523468750001 0.503017146875 0.8546343046875 0.6465710437500001 0.841442675 0.6885267171875 0.8424198328125 0.705615909375 0.8468170421875 0.7221164124999999 0.876620353125 0.7476584359375 0.906423665625 0.7766239921875 0.9201038734375 0.7869852015625 0.937692715625 0.796743490625 0.9572358671875 0.8157372984375 0.9640759734375 0.8199397515625 0.9758018640625 0.8244889734375 1 0.8273727187500001 1 0.511223046875 0.9933907062499999 0.5036320062499999 0.992902125 0.4821269 0.9885049171875 0.4661154734375 0.9836191265625001 0.4564762625 0.9836191265625001 0.45207458124999994 0.9880163375000001 0.43336162343750007 1 0.400273903125 1 0.3890625
1 0.7000443046875 0.3890625 0.7000443046875 0.5320443921875 0.781636978125 0.6015620203125 0.8226776046875 0.6429162421875001 0.8456408109375 0.6574087515625 0.851503759375 0.6538144515625 0.8646953875 0.621640296875 0.8730012281249999 0.606237025 0.9238134328125 0.47906455000000003 0.929676378125 0.459819825 0.9585025328124999 0.3968675859375 0.9615361218749999 0.3890625 0.7000443046875 0.3890625