8 0.3296875 0.1605416875 0.3252523375 0.155749459375 0.297757278125 0.13332422500000002 0.1878743625 0.054969159375 0.14805165625 0.0303431265625 0.1363048375 0.0257351640625 0.12443713906250001 0.024565459375 0.1074691640625 0.0273289984375 0.1008336140625 0.0325895640625 0.0938699734375 0.04718254375 0.0832486984375 0.0811302859375 0.070109459375 0.10201492812499999 0.058211934374999996 0.1299223015625 0.0518746453125 0.15492753125 0.051235734374999994 0.173101178125 0.0465718515625 0.19284964375 0.020824670312499998 0.2666256375 0.0309797765625 0.411850425 0.1267164375 0.4255028796875 0.21673205 0.434375 0.2575967984375 0.434375 0.2813936328125 0.42941189843750005 0.3296875 0.4102949578125 0.3296875 0.1605416875
8 0.3296875 0.0041044953124999995 0.3156042375 0.0015625 0.3124470171875 0.0015625 0.2979873609375 0.0017779453125 0.27146871250000004 0.008036082812500001 0.25632327187500004 0.015415189062500001 0.2435466625 0.025985059375 0.23344341875 0.045197409375000004 0.22888314531249998 0.061998796875 0.2295785671875 0.0704463265625 0.2233857 0.077229171875 0.2232475578125 0.081158609375 0.24839105625000002 0.0999018953125 0.27365543125 0.1152069265625 0.28323435468749997 0.1250229140625 0.29879893125 0.13395021406250002 0.3146853125 0.14783804843749998 0.3296875 0.15586586875 0.3296875 0.0041044953124999995
1 0.3296875 0 0.3296875 0.1304665359375 0.4227215484375 0.10190224375000001 0.6288802671875 0.0440599984375 0.6876337890625 0.03362725625 0.75758998125 0.1150639125 0.74784474375 0 0.3296875 0
9 0.3296875 0.30323846875 0.5599526109375 0.27168266406249997 0.58125 0.06956666875 0.58125 0.053475471875 0.3296875 0.1274164890625 0.3296875 0.30323846875
9 0.36022964062499996 0.30298955156249996 0.363703375 0.375 0.3664173671875 0.375 0.6421875 0.2540397 0.6421875 0.25163416562499996 0.6021801953125 0.049407878125 0.5863269171875001 0.0611543984375 0.562936565625 0.273374928125 0.36022964062499996 0.30298955156249996
9 0.6381351921875 0.259970121875 0.4648776859375 0.34815179218750003 0.466943503125 0.3560784921875 0.518720784375 0.338317571875 0.531551275 0.3629248828125 0.5492129703125 0.3542293359375 0.5561011421875 0.3921875 0.5571324765625001 0.3921875 0.6494015328125 0.3485603609375 0.69911299375 0.3228727421875 0.7984375 0.2655997 0.7984375 0.25941220625 0.7584273421875001 0.1046378125 0.6821176484375 0.0321540671875 0.6053464328125 0.04969005 0.6381351921875 0.259970121875
1 0.3296875 0.5796875 0.21278196562499999 0.5796875 0.18701050156250001 0.6471128281249999 0.175 0.6888133468750001 0.175 0.696465925 0.1759205234375 0.7077919203125 0.180810246875 0.724285546875 0.2119008125 0.7484520546875 0.2430727421875 0.7760948140625 0.2573114296875 0.78580365 0.275533625 0.7946682968750001 0.295974234375 0.812794696875 0.30307033125 0.8166558984375 0.3151719671875 0.8205792328125 0.3296875 0.8214518203125 0.3296875 0.5796875
1 0.7700809921875 0.70041158125 0.7712646078125001 0.6926238765624999 0.76603206875 0.6809994578125 0.7601844984375 0.67425901875 0.7532694375 0.6703556625 0.7499396375 0.6629583078125 0.7434770375 0.661101840625 0.7307492390625 0.6489728593749999 0.7095748140625 0.634225784375 0.7052704203125 0.625705021875 0.6997708031250001 0.6254670234375 0.69637133125 0.6210400375 0.688841234375 0.6220206593750001 0.6829239906250001 0.6182505875000001 0.6799073078125 0.6188408609375 0.6762988156249999 0.6233249859375001 0.6697897671874999 0.6234487671875 0.66716748125 0.6285612390625 0.66107605625 0.6322170921875 0.6567712453125 0.6450506265625 0.6521997703125 0.6479162828125 0.6558190406250001 0.6856456875 0.662153909375 0.6929478343750001 0.669788096875 0.7088659546875 0.6766102625 0.7167298015625 0.6983997203125 0.726592903125 0.7076454703125 0.728125 0.716628528125 0.728125 0.7335440390625 0.72185165 0.7523404546875 0.7099606015625 0.7648480375 0.7101414609375001 0.7700809921875 0.70041158125
1 0.6457419703125 0.6407102234375001 0.6416233734375 0.6242684734374999 0.6387112 0.6204031890625 0.61894060625 0.6098165343749999 0.597870271875 0.6119681984375 0.5766722046874999 0.6195655453125 0.5603819484375 0.6312947375 0.5546849187499999 0.639472790625 0.5620524437500001 0.6454230328125 0.599586384375 0.666824840625 0.604401296875 0.674917184375 0.621027475 0.6915397921875 0.6331170140625 0.7095428734375 0.640716365625 0.726946178125 0.6443360531250001 0.7433212874999999 0.6465665171875 0.74375 0.656779934375 0.74375 0.6734375 0.7387231765625 0.6734375 0.728405878125 0.6610679906250001 0.6914254515625 0.65570771875 0.6852467125 0.6520303875 0.649992615625 0.6457419703125 0.6407102234375001
1 0.502744734375 0.6056679484374999 0.49183839375 0.6012314609375 0.47884351406250003 0.6004889 0.46722924218749995 0.60489688125 0.4533754734375 0.6194345921875 0.44591463593749997 0.6387991390625001 0.44504413437499996 0.654574475 0.44915111718750006 0.6715112859375 0.45930307968750006 0.686772490625 0.47112595468750007 0.69480769375 0.4983003046875 0.6984375 0.5038495046875 0.6984375 0.512036971875 0.6789180187499999 0.522862446875 0.6654656421875 0.540080846875 0.6568401015625 0.557136678125 0.6551454265625 0.5578125 0.6545782906250001 0.5578125 0.6446296874999999 0.5506048187499999 0.634905034375 0.5357420375 0.628450228125 0.5110636296875001 0.613731721875 0.502744734375 0.6056679484374999
1 0.8579534296875 0.7632055281250001 0.8309658515624999 0.7615871234375 0.81858600625 0.7559605859375 0.7852751718750001 0.7465449734374999 0.7772693921875 0.7464688296875 0.7721525609375 0.751248090625 0.7664090828125001 0.7614063921875001 0.7661884484375 0.7708125640625 0.7702838203125 0.7882444390625001 0.7700051265625001 0.8001259203125001 0.7668142609374999 0.8081421203125 0.7510925875 0.8169675843749999 0.748493528125 0.8210899312500001 0.7469615453125 0.8437294890625001 0.749687921875 0.855515759375 0.7898209203125 0.87279521875 0.7950190375 0.8645505265625001 0.8061692359375 0.85859071875 0.8241532125 0.859999696875 0.836567896875 0.8641410468749999 0.8489245171875 0.87075770625 0.8597031234374999 0.880639875 0.8649937234374999 0.8897889843750001 0.867355715625 0.9 0.8691235234375 0.9 0.8831402718749999 0.8842670984375001 0.893107271875 0.8647406953125 0.898479575 0.8490700765625 0.9046875 0.8152237859374999 0.9046875 0.790634203125 0.9016716921875 0.7769909859374999 0.8908930859375002 0.76710881875 0.8818546484375 0.7683845781249999 0.8579534296875 0.7632055281250001
1 0.722793840625 0.72441296875 0.7076872 0.728354459375 0.7036030249999999 0.7317818203125 0.6940889015625 0.7320008125 0.652760259375 0.744358415625 0.64426718125 0.7437205671875 0.6387095015625001 0.7459578796875 0.6359375 0.7802456156249999 0.6359375 0.7812822359375 0.6367130265625001 0.7883999046875 0.640970971875 0.798900915625 0.6476421765625 0.813200565625 0.6587571203125 0.830080240625 0.672900359375 0.845874578125 0.6847116234375 0.8544048437499999 0.6896581328125 0.8546875 0.6981239984375 0.8546875 0.706953959375 0.8449605359374999 0.7348933234375 0.8273381750000001 0.7379912953125001 0.8232824671875001 0.7470761796875001 0.8200264656249999 0.7506614468749999 0.8165324640625 0.7492576171875001 0.8123720437499999 0.7527499843750001 0.8128385359375001 0.7521930109375 0.815247203125 0.762809465625 0.8107059375000001 0.76875 0.8027167296875 0.76875 0.78130013125 0.7605363828125 0.7582579640625 0.7430865703125 0.7340761453125 0.7287923734375 0.7247176093750001 0.722793840625 0.72441296875
1 0.83801348125 1 0.841768959375 0.9896569953124998 0.8468165359375 0.9664938062499999 0.865625 0.90399539375 0.865625 0.8900436718750001 0.8549633328125001 0.8752120250000001 0.8416669515624999 0.8659867718750001 0.8198194328125 0.8585989796875 0.8053046 0.8586466187500001 0.7931217453125 0.8659583265624999 0.784106115625 0.8875982578125001 0.769544415625 0.9109804406249999 0.7523367921874999 0.9618195109375 0.7499811734375 0.9768998578125 0.7458041 0.9842877125000001 0.7471034203125 0.9929036875000001 0.7523122171875001 1 0.83801348125 1
1 0.7083649031249999 1 0.7348934265625 0.9906739671875 0.7477609875 0.975507909375 0.751601725 0.96112255 0.75249545 0.9443570937500001 0.7498968078125 0.92712514375 0.7442466453125001 0.9119686515625001 0.736043875 0.8989542609375001 0.721355275 0.885073528125 0.711957275 0.8803419031249999 0.6471686796875 0.8687081109375001 0.6303102546874999 0.8619867359375 0.6203320609375 0.8606539015625 0.6107947125 0.8618630171875001 0.6016982140625 0.865614084375 0.5869046875 0.8775432015625 0.5806739140625 0.8871397984375001 0.5737119828124999 0.9065709875 0.5730965343750001 0.932809259375 0.578862403125 0.9643694296875001 0.5850114734374999 0.9795925640625001 0.59223965 0.9914835468749998 0.5996279734375 1 0.7083649031249999 1
1 0.4604134328125 0.87206926875 0.4606452609375 0.8835223296875 0.462118765625 0.8847123796874999 0.46565758281249997 0.883198625 0.47015896718750005 0.9046576328124999 0.4745214203125 0.9107030890625 0.479522128125 0.91087444375 0.4836179171875 0.906952021875 0.5662283374999999 0.9055713609375001 0.5712987203125 0.9027723468750001 0.576079215625 0.890995578125 0.5798855328125001 0.85674110625 0.5794451 0.8328448609375 0.575987984375 0.8095388859374999 0.54431323125 0.7943824578124999 0.5354605875 0.787737228125 0.5110372328125 0.7834816609375 0.5055492265625 0.7827486015625 0.5014998875 0.7846907765625 0.49452676249999994 0.7832627296875 0.48947960312500005 0.7850716234374999 0.4785732625 0.780635134375 0.4709967171875 0.783596003125 0.46851377968749996 0.7827677328125 0.46709833750000007 0.779102375 0.464093265625 0.7791975843750001 0.46179529218750004 0.813156921875 0.46258325468749995 0.8649099093749999 0.4604134328125 0.87206926875
1 0.5641396890625 1 0.57696670625 0.9954028218750001 0.58564558125 0.9881196828124998 0.573568071875 0.9482672437499999 0.57144553125 0.9107377624999999 0.567048240625 0.9061774921874999 0.5555500921875 0.9056348578125 0.5442953828125 0.9160502218750001 0.5321241390625 0.9228668703124999 0.516495365625 0.927731840625 0.4969101484375 0.9305784921875 0.49081872187500003 0.9342343484375 0.49211804375 0.9428503234375001 0.5083958515625 0.9743247828125 0.5120735984375 0.9882245843749999 0.52284059375 0.9986018140624999 0.5282523218749999 1 0.5641396890625 1
1 0.6566562609375 0.841171865625 0.6559255234375 0.8296521609375 0.6536167703125 0.8213979640625 0.644045003125 0.8027379703124999 0.638638284375 0.798539478125 0.6261074765625001 0.7993487453125001 0.6108731015625001 0.8087359140625001 0.589292246875 0.8113159968750001 0.5805785359375 0.8200843250000001 0.581169509375 0.8588990656250001 0.5868080593749999 0.8745506187500001 0.599536271875 0.8653253031249999 0.6126588859375 0.8606221828124999 0.629146134375 0.8618312390625 0.6460045546875 0.8685526124999999 0.6520146984374999 0.868362190625 0.6566562609375 0.841171865625
1 0.479393165625 0.7812412640625 0.4902995062500001 0.7856777546875 0.49535827968749996 0.7833738 0.5023197921875 0.7852969078125 0.506891265625 0.7824312515624999 0.51534950625 0.784554284375 0.5270102296875 0.77816605625 0.5174500734375 0.7590109984375 0.5092240765625 0.7469867296875 0.5055695531250001 0.7320968062500001 0.50358594375 0.7099808828125 0.4700428671875 0.7104665046875 0.4484387859375 0.7140367125 0.43872725625 0.7226717546875 0.4334826890625 0.7328966953125 0.43567531718749997 0.746101509375 0.4420450234375 0.75191846875 0.44282220937499994 0.7614579265625 0.45072347968750004 0.765989625 0.4565246015625 0.7747103125 0.46693203437499997 0.7790801625 0.4703198921875 0.7840022078125 0.479393165625 0.7812412640625
8 0.8856620828124999 0.7505877109375 0.9022350421875001 0.7196939171875 0.899876665625 0.67799449375 0.8812356343750001 0.6548123218749999 0.8598871625000001 0.6403730734375 0.814888515625 0.638500834375 0.7860557015625 0.6586524546875 0.777140571875 0.6831199484375 0.777952040625 0.7196466156250001 0.795007453125 0.7393062359375 0.8122176984374999 0.752365034375 0.827939090625 0.7577757671875001 0.8856620828124999 0.7505877109375
8 0.6472678109375 0.7435749140625 0.6345441609375 0.7170447140625 0.6218205140624999 0.6905145140625 0.6021737828125 0.6746472 0.5783307640625 0.65987474375 0.5633634703125 0.6578754906250001 0.5609076296875 0.655892078125 0.5299479890625 0.6600335328125 0.5129692953125 0.67266399375 0.5031645890625 0.6994957296875001 0.5087522609375 0.7457649453124999 0.5271029859375 0.7813236609375 0.5649076 0.8054102249999999 0.6056712531249999 0.8100275281249999 0.63270555625 0.795429490625 0.643496609375 0.762108003125 0.6472678109375 0.7435749140625