3 0.585047959375 0.12777232656249998 0.725866440625 0.1935273171875 0.7974974796875001 0.22252085937500002 0.8149179562499999 0.22361725781250003 0.843252215625 0.1951540265625 0.8596336359375 0.155547709375 0.8597984562499998 0.14475575624999998 0.8383148859375 0.10523541875 0.8191530828125 0.0876716171875 0.6885676078125 0.026058559375000002 0.6772167078125 0.029870851562500002 0.6131529125 0.0817023046875 0.574958278125 0.103372190625 0.568910196875 0.10792974687500001 0.5693043234374999 0.11474458437499999 0.585047959375 0.12777232656249998
3 0.9340171234374999 0.3890625 0.937339659375 0.3838358890625 0.9525601968749999 0.333251303125 0.9498872921875 0.32341242187499997 0.9199335375000001 0.3056838 0.8857733640625 0.269789440625 0.8552391671875 0.24657168437500002 0.7079999734375 0.188025659375 0.6801601749999999 0.1841130296875 0.6688092765625 0.18792532343749999 0.6450325734375 0.22243663281249998 0.644373290625 0.26560444375 0.6631839562499999 0.2952859015625 0.791533646875 0.3728074171875 0.8558268250000001 0.3890625 0.9340171234374999 0.3890625
3 0.9123089515625 0.282982003125 0.91303271875 0.2682129359375 0.906196384375 0.2591408125 0.8787077218749999 0.24311052812499997 0.8641464671874999 0.2505273046875 0.8986792734375001 0.2837702546875 0.9123089515625 0.282982003125
3 0.82242555 0.3890625 0.8231857359374999 0.38807094375 0.8227916093750001 0.38125610625 0.81274491875 0.3757884671875 0.7475560875 0.34905220937500003 0.7145997859375 0.3430686140625 0.69152535625 0.353344609375 0.6623754484375001 0.3890625 0.82242555 0.3890625
3 0.4 0.3890625 0.596155540625 0.3890625 0.5959957828125 0.3885868296875 0.48367638125 0.2835766546875 0.4351627609375 0.2632396140625 0.4 0.2535714953125 0.4 0.3890625
3 0.6416736296875 0.3890625 0.667354528125 0.38104108124999997 0.6878993796875 0.34066800625 0.6914608718749999 0.324945865625 0.6876485765625 0.3135949671875 0.6603462312499999 0.2962389765625 0.6212558703125 0.2569479453125 0.571581365625 0.2256326359375 0.53363039375 0.187853625 0.47753517656250005 0.16374728125 0.4379503546875 0.1568321078125 0.412969778125 0.161432653125 0.40522336093750005 0.168455303125 0.4011244171875 0.1976208046875 0.433564759375 0.22651401093749998 0.47476907968750004 0.27962103437499997 0.5956369578125 0.3890625 0.6416736296875 0.3890625
1 0 0.933783553125 0.2096064203125 0.9567995421875001 0.211308409375 0.9577258421875001 0.3008304 0.7730570906249999 0.29534624531250003 0.6592790875000001 0.10379225156250001 0.6443544140624999 0 0.7166474859375 0 0.933783553125
7 0 0.7536339671875 0.021155282812500002 0.7511881265625 0.0915941171875 0.707906975 0.1642358609375 0.6532229109375 0.20835812968749998 0.6172022390625 0.21153225312499999 0.5714991921875 0.171904734375 0.5259839453125 0.1495862359375 0.5206255796875 0.0350655328125 0.55532995 0 0.5566139437500001 0 0.7536339671875
1 0 0.3890625 0 0.5508143765625 0.0492781109375 0.5440671296875 0.17129895312500001 0.5137062578125 0.1841151859375 0.3890625 0 0.3890625
6 0.149988259375 0.3890625 0.14530404531250002 0.397766759375 0.147977121875 0.41583174375 0.1030604046875 0.45276150625 0.09076056406250001 0.461579025 0.0742679515625 0.4890044921875 0.046792951562500004 0.5343156265625 0.0391646265625 0.56309714375 0.04580101875 0.577433675 0.055978746875 0.5834939171875 0.0802495328125 0.623103346875 0.120846778125 0.614492471875 0.16471049375 0.5873958874999999 0.1766155625 0.5925372203125 0.1846146171875 0.5925372203125 0.1872566140625 0.5786683765625 0.2046147578125 0.5749123015625 0.21365799062500002 0.5586184375000001 0.2257673859375 0.5582121921875001 0.247062871875 0.52942095625 0.29477604375 0.48029845312499997 0.317061728125 0.45321317656249993 0.309028221875 0.4273933453125 0.3046465890625 0.4077927453125 0.29166780000000003 0.39374473125 0.284984165625 0.3890625 0.1688986015625 0.3890625 0.16905118125000002 0.3972653015625 0.16027194218750002 0.3890625 0.149988259375 0.3890625
10 0.4 0.509163490625 0.3126167578125 0.4602728390625 0.23723104374999998 0.55299255625 0.23635689843750002 0.5544588453125 0.24977779843749998 0.6025467921875001 0.2703047125 0.6805347187499999 0.3073613171875 0.7760003296875 0.331266728125 0.793536978125 0.4 0.8176948781250001 0.4 0.509163490625
8 0.8341270484375001 0.8073189328125 0.8466041000000001 0.8002649609375 0.8615308140625 0.78918015 0.8761615375 0.7755760640625 0.8983492656250001 0.7473601796875 0.9218070890625001 0.70528828125 0.9337066281249999 0.679591671875 0.9406848468749999 0.66069710625 0.9463238656249999 0.6372678453124999 0.9480979703125 0.62341183125 0.9474469546875 0.5861265546875 0.9455113718749999 0.5763013812500001 0.93942055625 0.559422234375 0.9151967781250001 0.51432720625 0.9011970578125 0.49190565625 0.8895709437499999 0.47553036562499995 0.8775916531250001 0.4533607421875 0.864983915625 0.43849701718749995 0.8325526906250001 0.41406004531249996 0.8252049750000001 0.4117926984375 0.8196036953124999 0.40851764062499996 0.8074722984375 0.40650221875000003 0.8018886140625 0.40423487187499996 0.793798084375 0.40272330624999997 0.7615107390625 0.40095981406250003 0.7444052375 0.40272330624999997 0.7120770296875 0.413052334375 0.704260496875 0.41280040781249994 0.6938799328125 0.41002920468750004 0.6845381796875 0.4090214953125 0.6671454828125001 0.4087695671875 0.6585949296875 0.409777278125 0.6322884312499999 0.418594740625 0.6073475281249999 0.43345846562499996 0.5887067312500001 0.448322190625 0.5780596906250001 0.45915507499999997 0.570255078125 0.47401879999999996 0.5626188937500001 0.4840959015625 0.5454668546875 0.5120598578125 0.53991601875 0.526106728125 0.5414141578125 0.6119089265625 0.5494038671875 0.6365120624999999 0.5556411171875 0.6473449453125 0.5648804265624999 0.6569181937499999 0.5677316515624999 0.6614528875 0.5728892265625001 0.6826148015625 0.5803104453125 0.7035247874999999 0.591198140625 0.7209077875000001 0.6007026468750001 0.731236815625 0.622139334375 0.746604396875 0.6778297390625 0.7753241359375 0.7436618984375001 0.8075708593750001 0.7550856687499999 0.8123574859375001 0.7614121671875 0.8138690484375001 0.7772752453124999 0.8131132671875001 0.8000392093750002 0.8178998890625 0.8058397078125001 0.8181518171875 0.8198815703125 0.8141209765624999 0.8341270484375001 0.8073189328125
7 1 0.65277380625 0.9941946140625 0.651123859375 0.9795695656250001 0.6506200046874999 0.9672477468749999 0.65213156875 0.9544615078125 0.655910484375 0.94546413125 0.6601932515625 0.9397780000000001 0.6664914390625001 0.9261232281249999 0.692691903125 0.9147364953124999 0.71889236875 0.90809385625 0.74257355625 0.9053865171875 0.7607123390625 0.9051332343750002 0.775072209375 0.9065999999999999 0.786912803125 0.927674009375 0.8536736000000001 0.930122396875 0.8640026296875 0.9335480125 0.8725681671875 0.9389795859374999 0.8949897171875 0.94238320625 0.9022956140625 0.9467640515625 0.9078380234375001 0.9569177281249999 0.9264806609375 0.9667226265625001 0.939580890625 0.974671121875 0.94739064375 1 0.96695800625 1 0.65277380625
7 0.916598884375 0.9554523249999999 0.923036628125 0.9489022109375 0.9281967578125 0.9413443843749999 0.9369038171875002 0.9204343984375001 0.9416052 0.9010359781249999 0.9409604312500001 0.8929742968750001 0.93877724375 0.8834010515624999 0.9369472312500001 0.8796221359375 0.9338835921875 0.8773547890625 0.8457474890625001 0.8378021671875 0.77923849375 0.8100901359375001 0.7721691765625 0.8093343531249999 0.7626370015624999 0.8118536296875 0.7588525374999999 0.8116017031249999 0.7456823296875 0.807822790625 0.7271496546874999 0.8000130343750002 0.7210795578125 0.798753396875 0.7185727109375 0.7995091796875 0.7151018328125 0.8027842374999998 0.710061746875 0.8027842374999998 0.7021836328125 0.7990053234375 0.6892874250000001 0.7964860484375 0.6694947265625 0.7886762953125 0.663689828125 0.788172440625 0.6612049750000001 0.7901878609375 0.6546251953125 0.8030361656250001 0.6473553843750001 0.8196633828125 0.6476689703125 0.8231903687500001 0.6596275421875 0.829740484375 0.674601365625 0.8357867453125 0.6766877796874999 0.8398175859375 0.6912059828125 0.8486350500000001 0.6928235796875001 0.8546813109375 0.6969084328124999 0.857704440625 0.7296765171875 0.872568165625 0.7384909937499999 0.8866761078125001 0.7538135953125 0.898264775 0.7581284609375001 0.9000282671875001 0.7629253390625 0.9005321234375 0.7786507796875 0.9063264562499999 0.8205262078125 0.9232056015625 0.838055265625 0.9312672828124999 0.9070623093750001 0.9577196749999999 0.9113463812500001 0.9577196734375001 0.916598884375 0.9554523249999999
7 0.8438191500000001 0.3890625 0.8525282875 0.40347908906249996 0.8617091359375 0.424137146875 0.873905240625 0.44429135 0.902297446875 0.49719613437500004 0.94459260625 0.5669800625 0.9651840281249999 0.5916689609375 0.979665765625 0.6128308734375001 1 0.6380928499999999 1 0.434393196875 0.9865801125000001 0.41708317656249994 0.9700119624999999 0.391890421875 0.9674481109374999 0.3890625 0.8438191500000001 0.3890625