6 0.46875 0.4296875 0.46875 0.1655950453125 0.4517456078125 0.1549561984375 0.4268771578125 0.1492712390625 0.4227886734375 0.1273435984375 0.3969394703125 0.121629903125 0.3517959203125 0.128237359375 0.3179455015625 0.1312106328125 0.33527834843750004 0.1188320109375 0.30743865625 0.12099012656250001 0.2947861203125 0.1275582796875 0.2695390171875 0.12483602499999999 0.24834113750000003 0.12124114687500001 0.21451970625 0.1162851390625 0.2029741359375 0.12189445624999999 0.174406128125 0.122048703125 0.12875770625 0.13260643125 0.103452634375 0.1457427359375 0.0906738796875 0.15329845625 0.0614065390625 0.14351955156250001 0.029546610937500002 0.1386210140625 0.0109123328125 0.138075040625 0 0.1410196921875 0 0.42775131875000005 0.0048227375 0.4296875 0.46875 0.4296875
4 0.46875 0.2596798453125 0.47252465624999995 0.260265609375 0.514236234375 0.306265046875 0.5303453593749999 0.315111090625 0.556727778125 0.3098034640625 0.5594393125 0.2744192828125 0.57287655625 0.244342728125 0.5898890328124999 0.21603538281249998 0.61875 0.1900041546875 0.61875 0.1882519125 0.6025448296875 0.152343853125 0.5584507484375 0.1558822734375 0.48838553124999995 0.18242040937499998 0.46875 0.1832760359375 0.46875 0.2596798453125
4 0.46875 0.3889736203125 0.49566944843750005 0.399966265625 0.5273118984375 0.39288942968749996 0.5469140046875001 0.3999662671875 0.548557671875 0.3946586390625 0.5203655921875 0.322121065625 0.507461546875 0.2991213484375 0.49500991250000004 0.2955829296875 0.46875 0.3053748765625 0.46875 0.3889736203125
4 0.46875 0 0.46875 0.15923513281249999 0.48876131562499997 0.1788151296875 0.5273897234375 0.1681998765625 0.5319505718750001 0.1363541125 0.5244299406249999 0.11689281250000001 0.49611595468749997 0.115123603125 0.4906091484375 0.10627755624999999 0.4809101796875 0.069124165625 0.4813611171875 0.012509475 0.478130490625 0 0.46875 0
4 0.66166088125 0.4296875 0.6858943125 0.3734281296875 0.6952216468750001 0.31858265 0.744450896875 0.23189140312499998 0.7875167671875 0.18412275625000002 0.8536365890625 0.1398925296875 0.8725395046875001 0.11689281250000001 0.9234139031249999 0.1009699296875 0.933687196875 0.08681625625 0.9366043749999999 0.060278121875 0.9013866875 0.06558574843750001 0.901797975 0.0832778390625 0.8895931140624999 0.0903546765625 0.8700732656250001 0.08681625625 0.8580740484374999 0.102739140625 0.8069528781249999 0.108046765625 0.7807349734375 0.1204312296875 0.6992052125 0.18589196562500002 0.6642754265625 0.20358405781250002 0.5622402078125 0.2991213484375 0.5314614578125 0.34335157656250004 0.5392699890625 0.37519733906249997 0.5810226968750001 0.42296598437500005 0.5946056046875 0.4296875 0.66166088125 0.4296875
4 1 0.3074931640625 0.9704707265625 0.30089055625 0.918651846875 0.352197621875 0.8078780125 0.4296875 0.9211672937500002 0.4296875 0.97092461875 0.3964278484375 1 0.3873050796875 1 0.3074931640625
4 0.474321275 0 0.4741283890625 0.0054326390624999995 0.48349832968750006 0.028432357812499996 0.49964858437500004 0.0390476125 0.5580436109375 0.0425860296875 0.6133158171875 0.0638165390625 0.638013440625 0.0620473296875 0.6993667734375 0.040816821875 0.7999243140625 0.0337399859375 0.8328388453125001 0 0.474321275 0
4 0.7432566890625 0.10450834843750001 0.77263854375 0.076201003125 0.7912535609375 0.0408168203125 0.69932564375 0.0390476109375 0.5991793859375 0.0638165390625 0.5914545921875 0.11158518437500001 0.615002090625 0.1363541125 0.622481590625 0.15404620156249998 0.6491930390625 0.1628922484375 0.6929580921875 0.1452001578125 0.7432566890625 0.10450834843750001
4 1 0.23340740000000001 0.8976910218749999 0.21066089531249999 0.838761321875 0.1841227578125 0.8243369921875001 0.17173829375 0.8222820375 0.1593538296875 0.7839004015625 0.1805843390625 0.73935538125 0.24073745 0.7430951312499999 0.24958349531250001 0.7765046359375 0.2425066578125 0.8993361656250001 0.2814292578125 1 0.305014590625 1 0.23340740000000001
4 0.8046606984375 0.4296875 0.81263010625 0.42827361093749994 0.8630932187500001 0.3946586390625 0.8925162 0.368120503125 0.8957624078125 0.3557360390625 0.877886228125 0.34688999374999996 0.8198202296874999 0.3575052484375 0.742604540625 0.3805049671875 0.728714884375 0.391120221875 0.6844562875 0.387581803125 0.6641564718749999 0.42650440312500004 0.6610512500000001 0.4296875 0.8046606984375 0.4296875
4 0.7393965093749999 0.2425066578125 0.7223840312500001 0.27081400312500004 0.720001525 0.32035185625 0.6924278546875 0.3504284125 0.6965377625 0.375197340625 0.723454853125 0.39288943125000003 0.79725981875 0.37519733906249997 0.8269295734375 0.3592744578125 0.89029673125 0.348659203125 0.8916524984375 0.3309671109375 0.9121990859375 0.30265976562499997 0.9102263875000001 0.293813721875 0.8747208015624999 0.2867368859375 0.858488290625 0.2725832125 0.848091609375 0.28142925625 0.8353109484375001 0.263737165625 0.8049008796875 0.24781428437500003 0.7393965093749999 0.2425066578125
4 1 0.067333834375 0.9985746390625 0.06558574843750001 0.9961906546874999 0.0390476125 0.9748626250000001 0.033739984375 0.964465946875 0.0425860296875 0.9705485515625 0.07620100156250001 0.95493296875 0.088585465625 0.95694679375 0.099200721875 0.9767134140625 0.11335439375 0.9881794359375 0.150507784375 1 0.1631476921875 1 0.067333834375
4 1 0.1410755421875 0.9659465781249998 0.10627755781249999 0.909565375 0.11335439375 0.90286731875 0.129277275 0.9060738734375 0.1911995921875 0.8886912375 0.20358405781250002 0.92082723125 0.2177377296875 0.9846468046875 0.22658377500000002 0.9989888796875 0.235429821875 1 0.23385635625 1 0.20748926406249998 0.99631699375 0.196507221875 1 0.190113359375 1 0.1410755421875
4 0.8581249921874999 0 0.8455386796875001 0.0195863125 0.8299230984375001 0.031970775 0.8017324968749999 0.0355091921875 0.7536944968749999 0.0974315125 0.5920318703125 0.212430103125 0.566759925 0.265506375 0.678370728125 0.20181485000000002 0.8329240109375 0.0850470484375 0.8766890640625 0.06735495625 0.9119067515625 0.062047331250000004 0.951973184375 0.0372784015625 0.9625755078125 0.0372784015625 0.9639724031250001 0.021355521875 0.9569586046874999 0 0.8581249921874999 0
4 0.59593318125 0.07620100156250001 0.606124215625 0.058508912499999996 0.5508520109375 0.037278403125 0.504826359375 0.033739984375 0.4761422140625 0.016047892187500003 0.4924995890625 0.11158518437500001 0.51066366875 0.13281569531249998 0.5354024203125001 0.13281569375 0.5416480625 0.0974315125 0.59593318125 0.07620100156250001
0 0.46875 0.6183610359375 0.4651086875 0.6176805937500001 0.37598146875 0.69801575625 0.35803845624999997 0.7100030687500001 0.34927213125 0.7123237078125 0.3249570828125 0.7072851703125 0.288711290625 0.7059553359375 0.23432563437499998 0.71014300625 0.2127134265625 0.7155064937500001 0.18074404375 0.71992425625 0.133636921875 0.7378432421875 0.0935429875 0.7595470015625001 0.05941874375 0.78137660625 0 0.82358946875 0 1 0.051189432812500005 1 0.060312954687499996 0.995812740625 0.0964470484375 0.9738638640625 0.11105470937499999 0.9686759953124999 0.11611790468750001 0.9720963796875001 0.1157587609375 0.9749983546875001 0.109746490625 0.9832769625000001 0.0902299109375 0.9999187015625001 0.0901917921875 1 0.384256275 1 0.3919727125 0.9919744218750001 0.4001830421875 0.9860859515625 0.4293551671875 0.9559082406249999 0.43975491875 0.9484495109375001 0.4462546859375 0.9402619999999999 0.46875 0.9385918140625 0.46875 0.6183610359375
1 0 0.8266132609374999 0.019291996875000002 0.8120636359375 0.0405703578125 0.793276878125 0.0711710375 0.7757373109375 0.072376825 0.770024459375 0.0751734578125 0.767577975 0.1324921203125 0.7396908515625 0.18051437812499999 0.7224377234375 0.21388639843749999 0.718776915625 0.230743340625 0.711535128125 0.247797134375 0.710763146875 0.25711081406249997 0.708049940625 0.2750198890625 0.7084274796875001 0.2765625 0.7070188500000001 0.2765625 0.70599219375 0.2688533453125 0.701831828125 0.25569089843750004 0.6993721953125001 0.2221818828125 0.6960795375 0.0855806015625 0.7076667750000001 0.0378403484375 0.7145808 0 0.72298693125 0 0.8266132609374999
5 0.8815531453125001 0.5921460375 0.8335703500000001 0.5619818515625 0.8055248921875 0.5490793046875 0.7961266281249999 0.5493498015625 0.7769870437499999 0.557203978125 0.74450880625 0.5756154453125 0.6844061859374999 0.6037397109375 0.6584257484375 0.620529128125 0.6244407828125 0.6289387015625 0.615864496875 0.6327475078125 0.611147871875 0.638520903125 0.610861315625 0.6551602078125001 0.6301232999999999 0.6973494296875 0.6653714749999999 0.7567858843749999 0.6909496531249999 0.7801634625 0.71434148125 0.7890625 0.7248543749999999 0.7890625 0.729604146875 0.78804554375 0.7488580812500001 0.7777536375 0.794194690625 0.7590233390625001 0.8235666296874999 0.743648225 0.9236852046875 0.6838520812500001 0.927636353125 0.6838664890625 0.9419557171874999 0.6945246453125 0.9497436578125 0.6969911953125 0.9573271171875 0.6827556953125 0.9728357390625 0.668061465625 0.9796875 0.6585982078124999 0.9796875 0.64833605625 0.9782842125 0.6466866031249999 0.9495311296875 0.6278080171875 0.905270775 0.6025337000000001 0.8815531453125001 0.5921460375
5 0.89234983125 0.5501515078125 0.8704483578125 0.5326388890625 0.8716591296875 0.5278889203125 0.8790138859375001 0.5185288781249999 0.863438009375 0.5135957828125 0.8593617531250001 0.5057178953125 0.8511971328125 0.5007508734374999 0.8425993281249999 0.4839572625 0.8367755265625 0.48174169375 0.8200346156249999 0.480583475 0.8023008765625 0.46899856093750003 0.79013936875 0.46499222187499994 0.7480018921875 0.45764602187500003 0.699789040625 0.45344725625000004 0.665165059375 0.4544181515625 0.6529457 0.462175659375 0.6380074812500001 0.48577120156250003 0.6357567875 0.502159528125 0.626415021875 0.5117561390625001 0.6257638953125 0.515106215625 0.6450622171875 0.5249291781250001 0.6473801671875 0.5281681765624999 0.6471972046875 0.532068540625 0.6398532046875001 0.551729790625 0.6299840703124999 0.5936299171874999 0.6454684671875001 0.6005131953125 0.649259521875 0.6039404265625 0.6496012203125 0.6177171984375 0.6518048203125 0.623393925 0.6623223734375 0.62032364375 0.672669078125 0.6103649765625 0.6975530953125 0.5958878000000001 0.776019065625 0.55539595625 0.79660888125 0.5482175578125 0.8035062343749999 0.548608434375 0.8175632687500001 0.5543283890625 0.8810075921875 0.5918633984375 0.9003287828125 0.6011988171875 0.9116225734375 0.6026419375 0.915625 0.595469109375 0.915625 0.5930910171875 0.9046808359374999 0.5821361921875 0.9095575515625001 0.572949975 0.90924948125 0.5689868625 0.89234983125 0.5501515078125