10 0.31980302968749996 0.040356084375000004 0.29779683281249997 0.0158020484375 0.2849182578125 0.016132264062500002 0.24170406875 0.053234560937499995 0.195815121875 0.0771989140625 0.0580939765625 0.10144629999999999 0.048303914062499995 0.10946586875 0.0472005671875 0.1239954421875 0.05533560625 0.13777023125 0.086580190625 0.1615694859375 0.08969585937499999 0.193081675 0.1299029953125 0.2197585421875 0.13092273125 0.254690840625 0.15698287187499999 0.2742208546875 0.1572858640625 0.29441129843749997 0.167240996875 0.30839837187499997 0.182920584375 0.315625 0.19972325156249998 0.315625 0.22730409218749997 0.3154037078125 0.3582965375 0.283042403125 0.360365315625 0.2557994546875 0.3702932953125 0.2459636921875 0.36604712500000003 0.20515823593750002 0.31980302968749996 0.040356084375000004
10 0.3021533640625 0 0.3 0.013945346875 0.3 0.0168780359375 0.330770146875 0.06573883281250001 0.3310731359375 0.0859292765625 0.34974213593750003 0.130249190625 0.34963137187500004 0.155888225 0.3647981046875 0.197967378125 0.37853134375 0.2105628203125 0.37759306875 0.2470990359375 0.39176721875 0.27806872656250003 0.395158721875 0.305948521875 0.40456218125000004 0.32720038125 0.4261550265625 0.34375 0.4337422984375 0.34375 0.499344978125 0.336422896875 0.5359375 0.30477886875000004 0.5359375 0.3027714125 0.5173265359375 0.26889341093749997 0.4838481 0.2503304609375 0.47290038437500004 0.22523392812499998 0.45034466249999994 0.087014290625 0.31434297187500004 0 0.3021533640625 0
10 0 0.35373586874999996 0.0085013390625 0.365625 0.015551815625000001 0.365625 0.051530346875 0.3523726390625 0.0575151484375 0.3219218625 0.0700907328125 0.3014012046875 0.12326005468750001 0.27828598125 0.128125 0.23396679062499998 0.128125 0.22381121718750002 0.0748907265625 0.2140114890625 0.05906155625 0.20483615624999998 0.0694032890625 0.1895518015625 0.089424321875 0.191886915625 0.08799083125 0.16240320625 0.077621940625 0.153864721875 0.05354696875 0.15655363125 0.039427125 0.17322961718750002 0.0042936703125 0.176461028125 0 0.205323728125 0 0.35373586874999996
10 0.56875 0.295467365625 0.5684526015625 0.2955459796875 0.5362697421875 0.3082829375 0.5010255203125 0.33715338125 0.46589206406250006 0.34038479375 0.461148528125 0.35448979999999997 0.4704412234375 0.4013806921875 0.56875 0.3793641125 0.56875 0.295467365625
10 1 0.1364963078125 0.9820725796875 0.1273899234375 0.958547175 0.1260998828125 0.9326665953125 0.14830665625 0.8935003359374999 0.22543025781249998 0.8931790749999999 0.2379509828125 0.90952054375 0.261229578125 0.9304057015625 0.2515980828125 0.9612575765625 0.24810874843750003 0.9983537312500002 0.22890031406250003 1 0.2270457796875 1 0.1364963078125
10 1 0.2450461234375 0.925576940625 0.250089821875 0.9162165546875001 0.265845290625 0.9180596796875001 0.30024545625 0.9847226640625 0.327630584375 1 0.3288345078125 1 0.2450461234375
10 0.6124638640625 0 0.6325346 0.0156875890625 0.6613525609375001 0.0231743453125 0.690967646875 0.007182471875000001 0.704990128125 0.00701880625 0.7038576437499999 0 0.6124638640625 0
10 0.56875 0 0.56875 0.059457765625000006 0.5753142203125 0.06798796406249999 0.6055356359374999 0.0738937171875 0.6395156828124999 0.054721654687499996 0.6505887218749999 0.0405108171875 0.6509099828125 0.0279900921875 0.64499903125 0.015542109374999998 0.6288000968749999 0.009472690625 0.6182969968750001 0 0.56875 0
10 0.7179183546875001 0.011561778125 0.69377455625 0.004020465625 0.674138253125 0.010508140624999999 0.6507433218750001 0.042073634375 0.6190943234375 0.06904160000000001 0.6168937453125001 0.094101234375 0.6360421234375 0.1142178234375 0.6503738046875001 0.11717979375000001 0.7198798890625 0.0944638390625 0.7445116140625 0.0754008859375 0.7431322859375 0.045689168749999995 0.7299069250000001 0.022374203125 0.7179183546875001 0.011561778125
10 0.8751151171875 0.02380863125 0.8720110734375 0.0081986421875 0.8522201718750001 0.0131235 0.8356879140625001 0.0352211640625 0.7968791078125 0.0528849671875 0.761959403125 0.078326484375 0.76350539375 0.0939546578125 0.7888859859374999 0.11399850781250001 0.8055245890625 0.15604909843749998 0.8148729109375001 0.1559399875 0.8155274968749999 0.11525218125 0.8379586453125001 0.121248859375 0.8751151171875 0.02380863125
10 0.56875 0.1281708140625 0.6104466140625 0.17084295 0.630249578125 0.15027173437500002 0.6618865125 0.1389501265625 0.6575336140625 0.1264839578125 0.6251478109375 0.09869876093749999 0.62221043125 0.0690052296875 0.609746 0.0691507109375 0.5743745625 0.07425741875 0.56875 0.0826470765625 0.56875 0.1281708140625
10 0.56875 0.19160431718749998 0.6102799515624999 0.18492649218749999 0.6143477796875 0.1629743078125 0.56875 0.11986480156249998 0.56875 0.19160431718749998
10 0.6325926921875 0.1424212765625 0.6145023796875 0.164537125 0.6124443390625001 0.206805934375 0.6236478484375 0.22545063281250002 0.658234228125 0.22817619687500001 0.67335096875 0.2233058953125 0.707343078125 0.18848747187499998 0.7213655609374999 0.18832380625 0.7173218609375 0.17898327187500002 0.6748147390625 0.1434930984375 0.6508255390625 0.1375146046875 0.6325926921875 0.1424212765625
10 0.56875 0.26657514843749996 0.5760849890624999 0.2807675328125 0.5877764234375 0.272807965625 0.5901315984375 0.24931114999999998 0.621780596875 0.22234318281249998 0.6171305625000001 0.1911050203125 0.5993735765625 0.1850537859375 0.56875 0.1891460046875 0.56875 0.26657514843749996
10 0.56875 0.3617644125 0.573526959375 0.365286965625 0.5891074953125 0.365105115625 0.6061035515625 0.347695903125 0.610480578125 0.3288693546875 0.581377546875 0.286964246875 0.5859091703125 0.26970051562499997 0.56875 0.2555319296875 0.56875 0.3617644125
10 1 0.5 1 0.47715123281249994 0.964823190625 0.473372671875 0.943628834375 0.47987853124999996 0.9336528828125001 0.5 1 0.5
10 0.8625278250000001 0.38538318125000004 0.8329248046875 0.3857286984375 0.797707965625 0.392398221875 0.7601359515625 0.4225645625 0.7633825296875 0.455383728125 0.7789510046875 0.4708482359375 0.80917241875 0.47675399062499996 0.8856837140625 0.4617793828125 0.8945923671875 0.425689103125 0.8932009750000001 0.41162374531249996 0.8866595625 0.40857085312499997 0.8897877328125 0.3928881234375 0.8625278250000001 0.38538318125000004
10 0.85187255625 0.2619024234375 0.804060815625 0.23586189531250001 0.79019293125 0.23758837656249998 0.781772203125 0.247074390625 0.78316359375 0.26113974687499997 0.7711388359375 0.297266396875 0.7729940234375 0.31602020625 0.789335490625 0.3392988015625 0.8059982218750001 0.3500566734375 0.8430823125 0.34649459843749997 0.8769077609375 0.325759715625 0.8767772890625001 0.29290418125 0.85187255625 0.2619024234375
10 0.7503984390625 0.11914158593749999 0.7299891421875 0.11781517500000001 0.7142419421875 0.1320805671875 0.713135621875 0.1524335609375 0.7434754484375 0.206841209375 0.7565582734375 0.212947 0.8082953078124999 0.19982616875 0.807237240625 0.15759372968750002 0.7503984390625 0.11914158593749999
10 1 0.402439709375 0.98095196875 0.3683547609375 0.9571173671875 0.363939084375 0.935137953125 0.3782772171875 0.9369931421875 0.397031025 0.9295120703125 0.400247584375 0.9070447312500001 0.4411899828125 0.9120039640625001 0.475553778125 0.9336500531249999 0.4893827296875 0.959209371875 0.4796966796875 1 0.4792205890625 1 0.402439709375
10 0.8824031703124999 0.2709338125 0.8758496953125 0.2835272765625 0.8773836203125001 0.314801809375 0.91070908125 0.336317553125 0.9144194562500001 0.3738251703125 0.940585109375 0.386036746875 0.95461965625 0.37022672343749996 0.95277653125 0.33582655625 0.9210211875000001 0.29864626875 0.9121607890625001 0.27215111406250003 0.8944038031249999 0.26609988125 0.8824031703124999 0.2709338125
10 0.8905026375 0.273968521875 0.9152768968749999 0.27211474375 0.9078078906249999 0.25968494531249997 0.8696416062499999 0.2523073 0.8199626140625 0.22315932031250002 0.807486121875 0.2389511578125 0.826170703125 0.254379296875 0.8571651140625001 0.26809913750000003 0.8728881859375001 0.28512646406250003 0.8905026375 0.273968521875
6 0.8940262484374999 0.5 0.8903337484375001 0.49301754531249997 0.8697698515625 0.4901283171875 0.8504668750000001 0.468448909375 0.8361231296875001 0.48113329687500006 0.8294271171875 0.4765175859375 0.799978696875 0.47842591875 0.7787964046875 0.46928541875 0.764940584375 0.45536554375 0.760921009375 0.41473229062500006 0.7450433390625 0.3961421484375 0.7414754984374999 0.3758437078125 0.747089315625 0.36951969687499997 0.7432122781249999 0.346095621875 0.7483743625 0.3194368015625 0.7566404921875 0.30838796875 0.7601019875 0.2645381578125 0.7591743937500001 0.2551612546875 0.74795881875 0.2521629140625 0.7267644640625 0.25866877499999996 0.6852912828125 0.29670375625 0.6092437859375 0.3163668171875 0.6059489515625 0.3461330859375 0.6158674171875 0.41486068125 0.6298778359374999 0.430343375 0.651214728125 0.441046690625 0.6730274796875 0.4407921015625 0.695767825 0.449914415625 0.7513015671875001 0.5 0.8321068671875 0.5 0.8372053234375001 0.49207301875000004 0.84096946875 0.5 0.8940262484374999 0.5
3 0.3256504265625 0.7162549625000001 0.3193524953125 0.71119874375 0.29252865 0.707585321875 0.26680155 0.7111326890624999 0.23461664531249998 0.725732309375 0.22619213437500002 0.7358183234375 0.225429984375 0.746235228125 0.22850459218750002 0.7592728937500001 0.25306429218750004 0.8039582921875 0.2652103 0.8322440531249999 0.294499025 0.8831769390625 0.3126195234375 0.9038518609375 0.35738169218750004 0.934427409375 0.37166543281250003 0.952481571875 0.3778890046875 0.96804734375 0.3877848015625 0.9765625 0.390925084375 0.9765625 0.400887246875 0.9739506406250001 0.40625 0.9656676921875 0.40625 0.9623382671874999 0.3953068546875 0.9388349765624999 0.39025438437500004 0.9199204390624999 0.38921714218750003 0.8524554562500001 0.37903784375 0.825135934375 0.330896221875 0.7337929328125 0.3256504265625 0.7162549625000001
3 0.4977562890625 1 0.4975054859375 0.9967478218749999 0.5093577984375 0.9822144296875 0.5140625 0.9647826578124998 0.5140625 0.9574861015625 0.5080863296875 0.9413674750000001 0.5078595484374999 0.9280121359375 0.496419928125 0.8647562953125 0.48693957499999996 0.8424400578125001 0.4801471765625 0.835914621875 0.47297927968750003 0.8370529515625 0.46495256874999996 0.8492964687500001 0.4568068921875 0.852407 0.44776894843750004 0.8518908109375 0.440675409375 0.8425195859375 0.4339573703125 0.82548459375 0.4252094140625 0.8229035546875 0.40990699218750004 0.83206305 0.400311371875 0.8454978343749999 0.39671255 0.8611430468750001 0.39783160156249997 0.8781251062500001 0.406118546875 0.8939688359375 0.40950544375 0.9147629187499999 0.42830628906249996 0.9755038640624999 0.44337448124999995 0.9929623953124999 0.45565532500000006 1 0.4977562890625 1
3 0.37043526875 0.5 0.34006006875 0.5259947546875 0.3178276859375 0.554558559375 0.3071910828125 0.5853857296875 0.2919964734375 0.5987675765625 0.24497386406250002 0.6541480125 0.24342726093749997 0.6651605468749999 0.2531854265625 0.675 0.26459940625 0.675 0.2680055640625 0.674783215625 0.27230332968750004 0.6641412890625 0.28495124843749997 0.6539229015625 0.304573740625 0.643942746875 0.3351674359375 0.6207131171875 0.3666756953125 0.6109314796875001 0.39068146718749996 0.5847104812499999 0.40392051406249996 0.575273028125 0.4493965203125 0.530905128125 0.4531143125 0.5243929031250001 0.453125 0.524145353125 0.453125 0.5016382546875 0.45179922031249997 0.5 0.37043526875 0.5
3 0.3514677921875 0.6959124140624999 0.35507089999999997 0.690007521875 0.3567725515625 0.6857913546875001 0.35625804687499996 0.6815544796874999 0.3543824 0.6771342515625001 0.35086500468750004 0.668603128125 0.34667994062499996 0.65692585625 0.3444937515625 0.6527416374999999 0.341410109375 0.6470473015625 0.34315005625 0.64255846875 0.3464468015625 0.63883500625 0.3514535265625 0.6347862281250001 0.3564602515625 0.6307374265625001 0.36045881562500004 0.6279420296875 0.370672084375 0.6223719109375 0.37657626718750004 0.6198331953125 0.3836076734375 0.617168515625 0.3918470421875 0.6157778921875 0.39783199375 0.6146392656249999 0.397164309375 0.61149309375 0.3959055265625 0.6046554375 0.39115436406250004 0.60095918125 0.3816562140625 0.595512128125 0.3789805140625 0.59876358125 0.374560721875 0.6045584671875 0.3676142265625 0.6105686515625 0.35980443125 0.6128506421875001 0.3452312921875 0.6158885890625 0.3320175171875 0.6210977265625 0.33188100625 0.6299701515625 0.3333054546875 0.641553378125 0.3336235078125 0.6629897109375 0.3316280015625 0.6752235875 0.33075553593749996 0.6853860640625 0.32952593124999996 0.692166365625 0.3279516703125 0.7014007687499999 0.3259986203125 0.7153073984375 0.3266704671875 0.720398978125 0.33171469375 0.7338590093749999 0.35123721093750004 0.7726077578125 0.3626036328125 0.795281071875 0.366592125 0.7896794484375 0.3666220734375 0.78551591875 0.365992703125 0.7820970890625001 0.365397446875 0.7764601499999999 0.36480635 0.7727686328125 0.36307970312500004 0.7653122640625 0.3618592171875 0.7582019109375 0.36004765625 0.7474000390625 0.3581594828125 0.7371435359375 0.3553631640625 0.7175528218749999 0.353245240625 0.7089323890625 0.3512463671875 0.7014393375 0.3514677921875 0.6959124140624999
3 0.3993424234375 0.613606403125 0.38785445625000003 0.615565390625 0.36420188124999997 0.62430135 0.3495872484375 0.6335534984375 0.34518166875 0.639973071875 0.3452151234375 0.6547049796875 0.384523278125 0.7490658578125 0.40797508281250006 0.781679834375 0.42205434375 0.796199928125 0.43954280937499995 0.841335378125 0.4478186046875 0.85226846875 0.45754433906249997 0.8528773125000001 0.464217771875 0.8502697625 0.4700955984375 0.8433472078124999 0.4713522109375 0.8343995234375001 0.46916987343749994 0.8249885796875001 0.4611840671875 0.8119906359375 0.45514266562500005 0.7901376625000001 0.45178551875000006 0.73919148125 0.44563630156249995 0.7131161515625 0.43447922656250004 0.6877688281250001 0.4248687515625 0.651408971875 0.411336009375 0.6180272703125 0.40759591406249995 0.6147182250000001 0.3993424234375 0.613606403125
3 0.4214595484375 0.6207936140625 0.42629638906249995 0.6312634484374999 0.43650914218750003 0.673314878125 0.44509722968750004 0.6920043921875 0.451967690625 0.732904278125 0.46113575312500005 0.7474640906250001 0.470389328125 0.7564249859375 0.48613786406250004 0.8139495359375001 0.4937481734375 0.83461125 0.49994944375 0.8403557515625 0.511050759375 0.8411498984375001 0.514973028125 0.8381717406250001 0.51584299375 0.8319771890625001 0.512757234375 0.8140288890624999 0.51000606875 0.8136582828125001 0.5081248703125001 0.8070931234375 0.5068013437500001 0.7865769953124999 0.5067232796875001 0.7522025484375 0.513984134375 0.7054919296875 0.4959640421875 0.5992713515625 0.48827937656250003 0.58911919375 0.45183761093749997 0.58911928125 0.4248538953125 0.6016143328125001 0.4214595484375 0.6207936140625
3 0.5555894625 0.57449514375 0.5525652140624999 0.5701939140625 0.551321459375 0.56613253125 0.550657959375 0.5616301359375 0.551301996875 0.5570442921875001 0.5544537703125 0.55305585 0.557498203125 0.5498317234375 0.5620329828124999 0.547067934375 0.56507741875 0.5438437984375 0.56597969375 0.5411098671875 0.563098565625 0.5357895562499999 0.562363503125 0.5317966984375 0.5585723609375 0.525575046875 0.5544591640625 0.5216462953125001 0.5466061578125 0.5185117203125 0.5415152203125 0.5160087890625 0.5361738390624999 0.5152892546875 0.530653540625 0.5158435640625 0.524405996875 0.5160403234375 0.5173238125 0.516643815625 0.50229296875 0.52032999375 0.4840986671875 0.5225516406249999 0.47197302656250006 0.525850403125 0.4647119625 0.5277277437500001 0.45690640312499997 0.5297913421875 0.45098865625 0.531330471875 0.44470920312500006 0.5335996328125 0.4381474234375 0.5397245859375001 0.4336165515625 0.5443060171875 0.42781780625000004 0.5505337984375 0.42190784218750005 0.5557081984375001 0.4175955359375 0.560578675 0.41353757968749993 0.5654834078125 0.4102784671875 0.5702361546875 0.4055329171875 0.576346196875 0.402997196875 0.5796388640625001 0.39905046875 0.585596928125 0.397607609375 0.5903347484375 0.40115251250000006 0.5966362125 0.4266433671875 0.595803675 0.43876511875 0.590687265625 0.4529971171875 0.5871530843749999 0.46193131562499995 0.58627989375 0.4702494578125 0.586102478125 0.4794776921875 0.5868264296875 0.48951252500000003 0.5910336890625001 0.4936218140625 0.593144790625 0.49726598906249997 0.598567878125 0.5223993359375 0.5967617953125 0.5427715578125001 0.593795171875 0.5539116796875 0.5882869421875 0.5596707515625 0.5804963078125 0.5555894625 0.57449514375
3 0.42358526249999995 0.8154536078125 0.4220154015625 0.8080562546875001 0.41902539218749996 0.7991610781249999 0.4177791078125 0.7926409249999999 0.4122808359375 0.7867958015625 0.40669449999999996 0.7824749703125 0.4041163484375 0.7767121265625001 0.3999059296875 0.7718572046875 0.396095634375 0.767056175 0.3919384390625 0.7603708171875001 0.387073134375 0.7550078328125001 0.3842279734375 0.7497251015625 0.3809678671875 0.7427533203125 0.378072790625 0.7355040984375 0.37259783281250003 0.718761659375 0.357219303125 0.6838590390625 0.3559106515625 0.6871014859375 0.35154000937499996 0.6968787625 0.35325474375 0.7078885640625 0.3682289609375 0.7916650625 0.3702089234375 0.7984643953124999 0.379344303125 0.8170064421875001 0.39100478125000004 0.8407881078124999 0.3954648265625 0.8531476296875 0.396474871875 0.855243478125 0.400966165625 0.83951695625 0.40456197187500004 0.8324888375 0.40948785625 0.8275996750000001 0.41523878593749997 0.8238015578125001 0.42090457031249995 0.8229316375 0.42358526249999995 0.8154536078125
3 0.56875 0.5999593375 0.5536195140625 0.59792111875 0.5343725203125 0.6002375015625 0.5252490625 0.60532023125 0.52036016875 0.6151812234375 0.516988125 0.6441817765625 0.51804396875 0.6765840265625 0.5083553937499999 0.73559109375 0.507035571875 0.7599589671875 0.515445190625 0.8298196875 0.5143075421875001 0.8479003593750001 0.5178766140625 0.8624072406250001 0.5236800828125 0.8659942421875 0.535469190625 0.8668810406249999 0.5446893078125 0.8611100281249999 0.5528424328125 0.8180261312500001 0.56155693125 0.805875265625 0.56875 0.7847740578125 0.56875 0.5999593375
3 0.56875 0.8005260812499999 0.5686170140625 0.8005145812500001 0.5627280375 0.8025265000000001 0.5478791765625 0.8383966781249999 0.5440015171875 0.861017375 0.531643584375 0.8691709140625001 0.5284648671875 0.8967949015624999 0.5324019921875001 0.943611384375 0.5266654374999999 0.969488196875 0.5294389046875 0.9796800749999999 0.5363279640624999 0.9855172281249999 0.5460537000000001 0.98612606875 0.5528126421875 0.9779196015625 0.5573780953125 0.9553915546875 0.56875 0.9335502921875001 0.56875 0.8005260812499999
1 1 1 1 0.6084307109375 0.9652272749999999 0.6498272046875 0.9200653656250001 0.7124549468750001 0.8771759687499999 0.72880624375 0.8260656796875001 0.6745003390625 0.7933402546874999 0.64099899375 0.7719824703125 0.6235983421875 0.7050036109375 0.6638918546875 0.6524742734375 0.7003794640625 0.62223685 0.7466311734375 0.630671525 0.8372588703125 0.6474934046875 0.8589431203125001 0.6794976453125 0.9023690515624999 0.7279852203124999 0.9815151359375001 0.7719901 0.994822740625 0.7845568515625001 1 1 1