4 0.6022233984375001 0.27587525625 0.5861819140625 0.297506928125 0.6025126140625 0.31441863125 0.601908515625 0.3224135828125 0.5764211796875001 0.3419434703125 0.5842963734375 0.3648321359375 0.5842231265625 0.4081724828125 0.607052425 0.4238203921875 0.6248329640625 0.42154420625 0.6364278999999999 0.47994586562499997 0.670562921875 0.515452059375 0.6890683765625 0.5035819265625 0.7119709203125 0.4758894921875 0.71107760625 0.4453410703125 0.726394171875 0.4333033390625 0.7236647734375 0.4058691 0.6995797015624999 0.3644697390625 0.648365275 0.3007751125 0.6149789609375 0.276545653125 0.6022233984375001 0.27587525625
4 0.5370927875 0.26924149375 0.5142397015625 0.23272290624999997 0.5024506984375 0.219260584375 0.46060887968750003 0.20100808906249998 0.449713190625 0.21809419062500002 0.46628552812499996 0.23180791093750003 0.47503024531250004 0.2643743203125 0.49749708750000005 0.2848192 0.5116530265625 0.330512734375 0.5089949921875 0.36569052812499997 0.5021339296875 0.3717512953125 0.5004424546874999 0.39413716249999997 0.4869857609375 0.42393138906249994 0.44953914531250005 0.4958089671875 0.4236893515625 0.5201358234375 0.4246797 0.5282145765624999 0.4521715125 0.5457128765625 0.474832415625 0.52121841875 0.5125206703125 0.446142859375 0.546318903125 0.40136432187500004 0.5542673406249999 0.38091264062499997 0.5572878375 0.340937875 0.5370927875 0.26924149375
4 0.26214709375 0.28529259218749997 0.23871369531250003 0.2776396359375 0.2241220484375 0.280083421875 0.1862654 0.315016615625 0.180925540625 0.36450152812500003 0.187592534375 0.4033801 0.237769040625 0.417254621875 0.2511524890625 0.4308007421875 0.28475665625 0.430961540625 0.3368424921875 0.39838153125 0.343438125 0.3746480734375 0.3404432984375 0.3295411359375 0.3170831453125 0.2785478328125 0.3033372390625 0.269798684375 0.2915720234375 0.277207040625 0.274033128125 0.2762852453125 0.26214709375 0.28529259218749997
4 0.358388465625 0.579312078125 0.41301151562499994 0.513153265625 0.410789184375 0.500193740625 0.3896751515625 0.4830306390625 0.3607810734375 0.5264615859374999 0.3365257234375 0.5508722421875001 0.3179232359375 0.5852120421875 0.3123417375 0.637894934375 0.32229465625 0.6544714359375 0.33345577187500003 0.655058034375 0.361769534375 0.6404927203125 0.358388465625 0.579312078125
4 0.332269478125 0.7978709984375 0.32514299062499996 0.7862590671875 0.30956099843749996 0.7806240984375 0.24264187656249997 0.8188458750000001 0.14873800937499998 0.8540440671875 0.1145477765625 0.8828250390625 0.1137480640625 0.8934088359375 0.11556766249999999 0.9116983281250001 0.12440941406249999 0.921795071875 0.143663575 0.921201675 0.319054425 0.8244672421875 0.332269478125 0.7978709984375
4 0.47154649375 0.5435204890625001 0.5262646953125001 0.5608443890625 0.55496470625 0.56235278125 0.5780118578125 0.55393203125 0.5847283109375 0.5285995796875 0.5763460515625 0.491236196875 0.6040319296875001 0.46379515781249997 0.6141789140625 0.43543232343750005 0.607294065625 0.4206224109375 0.57943979375 0.407921084375 0.5511498125000001 0.4433570765625 0.5165790859375 0.4559882015625 0.501141703125 0.4696249203125 0.4693241625 0.5305609640625 0.47154649375 0.5435204890625001
4 0.4972535640625 0.3939695640625 0.48606866093749995 0.3725122890625 0.45860063437500004 0.37588466875000004 0.4403130296875 0.3636861390625 0.4051144171875 0.3634415390625 0.380086575 0.35570478437499997 0.35583122500000003 0.38011544062499997 0.3518203859375 0.41201145625 0.3829111234375 0.46662173593749995 0.42895596718749995 0.5139912625 0.456762665625 0.4849512296875 0.49604536718750003 0.40995947031249996 0.4972535640625 0.3939695640625
4 0.7093842453125 0.57367931875 0.71474789375 0.5450650859375 0.7001324624999999 0.5266381921875001 0.6857824546875 0.525883996875 0.66445056875 0.5327895578125 0.659932659375 0.5502108546875 0.6296857765625 0.59036001875 0.6305553015625 0.6000377640625 0.6411123187500001 0.6086193140625 0.6633137312499999 0.6113914968749999 0.6863608828125 0.6029707453125 0.7093842453125 0.57367931875
4 0.6497105484375 0.7278664171875 0.631302125 0.717266878125 0.6077241203125 0.690342234375 0.6243697046875 0.6607156078124999 0.6242250984375 0.6414439203125 0.6378263953125 0.6309213828125 0.6315456515625 0.608116515625 0.578905171875 0.5844804531250001 0.5613424874999999 0.5626879796875001 0.525660596875 0.5688393421875 0.4792770796875 0.5471374703125 0.446904896875 0.5518574390625 0.43719361875 0.5320829546875 0.4136394015625 0.5260289890625 0.381532646875 0.548421659375 0.35679401875 0.579228278125 0.3555858203125 0.595218184375 0.368147315625 0.6408279171875 0.41431298125 0.6865984515625 0.44448661874999995 0.6897896328125 0.48671468593749995 0.7241158328124999 0.4946869109375 0.7245348296875 0.5025145296875 0.705682140625 0.533896365625 0.6928834171875 0.5623547375 0.6975897921875001 0.5575951906250001 0.7182090718749999 0.5756411546875 0.73360558125 0.58238139375 0.72914380625 0.5832271328124999 0.7179508718750001 0.6113468328125 0.748324896875 0.6428732765625 0.754797859375 0.6595426468750001 0.7460419109374999 0.6497105484375 0.7278664171875
4 0.27079101250000004 0.5522334328125 0.29067306249999997 0.5645157625 0.3214508 0.559711990625 0.3234314921875 0.5758694984375 0.390786315625 0.4895104015625 0.3916320546875 0.4783174671875 0.37443183125 0.451728021875 0.361048384375 0.438181903125 0.299589940625 0.425319775 0.254341378125 0.4309683421875 0.22892728906249998 0.40715787968750006 0.1910230671875 0.40034971874999997 0.1786775390625 0.43662370624999997 0.1818902171875 0.4576619828125 0.24622266406249999 0.5172300375 0.27079101250000004 0.5522334328125
4 0.361535428125 0.219881178125 0.3685410953125 0.2330921 0.36501353281250004 0.2585921515625 0.3401302984375 0.27012708281250003 0.33073202031250004 0.3097666515625 0.338775609375 0.372797684375 0.35227987656250004 0.3847448140625 0.379482475 0.3636997359375 0.4273158296875 0.36621372343749997 0.455290921875 0.377316059375 0.5052020015625 0.373517884375 0.510347796875 0.36897230937500003 0.5110251406249999 0.317637009375 0.49798036718749994 0.27842323750000003 0.4784607765625 0.2613439375 0.4655368203125 0.2205311765625 0.41620605624999996 0.195463721875 0.3813699015625 0.1904221484375 0.361535428125 0.219881178125
4 0.5048138718749999 0.4633965578125 0.552744259375 0.44344087656250003 0.581396696875 0.4032079109375 0.58465883125 0.360035165625 0.571130778125 0.3272173546875 0.5470694921875 0.3066886765625 0.55303535625 0.37603187031249996 0.544724459375 0.40128052187499996 0.5048138718749999 0.4633965578125