5 0.46875 0.481106321875 0.45520833281249995 0.47083333281250006 0.42395833281249995 0.4578125 0.4109375 0.44427083281250007 0.403125 0.4322916671875 0.3942708328125 0.42552083281249997 0.3864583328125 0.42395833281249995 0.37447916718749996 0.425 0.3697916671875 0.428125 0.3640625 0.4375 0.353125 0.440625 0.2890625 0.4171875 0.25729166718749996 0.41041666718750003 0.2416666671875 0.40989583281249997 0.23541666718749998 0.4140625 0.23020833281250003 0.42552083281249997 0.21510416718749997 0.44010416718749995 0.2088541671875 0.453125 0.2 0.46145833281250004 0.1932291671875 0.47552083281250007 0.1901041671875 0.47708333281250004 0.1848958328125 0.47395833281250005 0.1651041671875 0.44427083281250007 0.1578125 0.44010416718749995 0.10260416718750001 0.4380208328125 0.08854166718749999 0.4411458328125001 0.08333333281250001 0.44479166718749996 0.0802083328125 0.4515625 0.058333332812500006 0.47552083281250007 0.0395833328125 0.5020833328125001 0.0390625 0.5078125 0.0489583328125 0.5552083328125 0.0484375 0.5833333328125001 0.0442708328125 0.6041666671874999 0.0447916671875 0.6333333328125 0.0432291671875 0.6421875 0.0447916671875 0.6484375 0.0489583328125 0.6546875 0.05989583281250001 0.6640625 0.0994791671875 0.6911458328125 0.1244791671875 0.7026041671875001 0.1640625 0.7161458328125 0.196875 0.7244791671875 0.23020833281250003 0.7489583328125 0.240625 0.7536458328125 0.26614583281250004 0.7588541671875 0.2890625 0.7588541671875 0.3697916671875 0.7510416671875 0.44114583281249997 0.7057291671875 0.45 0.6958333328124999 0.4515625 0.6875 0.4578125 0.675 0.46875 0.6615384609375 0.46875 0.481106321875
7 0.8702764515624999 0.6630854484375 0.8178962656250001 0.6949533390625 0.8160502796875001 0.708080053125 0.8065486734375 0.71624843125 0.8007145515625 0.730820284375 0.775046634375 0.7500016515625 0.765331259375 0.763402440625 0.764743396875 0.7777915765625 0.77864718125 0.784375 0.788564090625 0.784375 0.8192122921875 0.75891335625 0.8431411093750001 0.7502424984375 0.875847828125 0.7190598046875001 0.9078125 0.6980899734375 0.9078125 0.6789802625 0.907670521875 0.6774579671875001 0.8960802078124999 0.6726366734375 0.8926264953124999 0.6610007859375 0.8702764515624999 0.6630854484375
7 1 0.5746917171874999 0.9996853125000001 0.5750038171874999 0.991815925 0.5752778968750001 0.98300906875 0.5664409359375 0.9672702921875 0.56698909375 0.9418161453125 0.58093804375 0.9286470546875 0.5827029484375 0.92064183125 0.5542444390625001 0.8970336671875 0.555066678125 0.817538159375 0.5774290234375 0.7842146234375 0.591652053125 0.7718761187500001 0.60514420625 0.75198888125 0.61106181875 0.7514010171875001 0.6254509546875 0.756745359375 0.634375 0.76428168125 0.634375 0.7984570171875001 0.627730784375 0.842996771875 0.6274857671875 0.901346921875 0.609778609375 0.9510794890625001 0.6106589796874999 0.9665510546875 0.616651334375 1 0.6132714921875 1 0.5746917171874999
7 0.85453701875 0.2697349328125 0.8306082031249999 0.27840579062500004 0.7715877953125 0.2804613890625 0.7614448859375 0.30432700625 0.761231115625 0.3095594203125 0.8132127203125 0.31950515 0.8349748984375001 0.331809621875 0.90780138125 0.3375 0.9341265671875 0.3375 0.936902840625 0.33740330625000003 0.9583154109375001 0.3262076015625 0.9576451546874999 0.31055604375 0.9640625 0.30302050468749997 0.9640625 0.299611259375 0.9613905687500001 0.2829945171875 0.9472305671874999 0.27695648125 0.8843823531249999 0.2765329125 0.85453701875 0.2697349328125
7 0.761156521875 0.2390625 0.7471782375 0.2508838375 0.721884415625 0.260908478125 0.6660260234375001 0.31379738125 0.6422864859375 0.3498927265625 0.6482030015625 0.3653615640625 0.6598467578125 0.3688747546875 0.6684932890625 0.381636025 0.694991790625 0.37418191093750003 0.761930565625 0.306538434375 0.7749103734375 0.2773490453125 0.8123947171874999 0.2390625 0.761156521875 0.2390625
7 0.5002634125000001 0.36398288437500004 0.6034494796875001 0.3708389921875 0.6458470843749999 0.3589124078125 0.64239336875 0.34727651875000004 0.6590941031249999 0.323182503125 0.63307658125 0.3188636890625 0.6190769078125 0.30890134375 0.583771546875 0.307518496875 0.5604840390625 0.3004921171875 0.5157305171875 0.305969546875 0.5033920125 0.31946169687500003 0.506525075 0.3389462046875 0.49959315625 0.3483313265625 0.5002634125000001 0.36398288437500004
7 0.46875 0.8112639328124999 0.4979676921875 0.8369223953125001 0.518952725 0.8361915171875001 0.5233683984375 0.8242815484375001 0.5340746828125 0.8186836953124998 0.534502221875 0.8082188703125001 0.5122301125 0.7763385296875 0.497963228125 0.7729167 0.48690733750000004 0.755014375 0.46875 0.7556467703124999 0.46875 0.8112639328124999
7 0.46875 0.2390625 0.46875 0.26068165 0.486900584375 0.2743176046875 0.48783805312500006 0.28342864843750004 0.501730840625 0.2960072 0.51835364375 0.30587818593750005 0.5392852359375 0.306455409375 0.55240088125 0.305998609375 0.5578609078125 0.30058347812499997 0.5469119015625 0.28006494531250004 0.541636690625 0.24889886875 0.5288951390625 0.240198946875 0.5282120359375 0.2390625 0.46875 0.2390625
7 0.46875 0.4954976875 0.49267016406249997 0.48572784062499996 0.49930591875 0.45153443906249996 0.49098004062499995 0.43092454843750005 0.46875 0.429766740625 0.46875 0.4954976875
7 0.46875 0.54177394375 0.5138199875 0.545078346875 0.5395702984375 0.5559376765625 0.5814334828125001 0.5570921249999999 0.6194688562499999 0.5557674046875001 0.62891701875 0.5489071296875 0.6294514390625 0.5358260984375001 0.6210721218749999 0.516524309375 0.6032980796875 0.50277469375 0.5471680140624999 0.4981984171875 0.49821258593750006 0.5103534015625 0.4707231703125 0.510004578125 0.46875 0.5121622390624999 0.46875 0.54177394375
7 0.46875 0.5823948734375 0.5179194703125 0.6050226921874999 0.5375929390625 0.6043374937499999 0.5582038781249999 0.6127633375 0.570221728125 0.607119803125 0.57054238125 0.5992711843749999 0.542246871875 0.5545382140624999 0.5138734312500001 0.5437702453125001 0.46875 0.5464641953125 0.46875 0.5823948734375
7 0.46875 0.6452326734375 0.47172300937499995 0.6458189078125 0.4793251859375 0.6520853437499999 0.512221184375 0.6483271375 0.5290577562500001 0.6529657109375 0.5423337296875 0.648584603125 0.5470166125 0.6301341171875 0.52777068125 0.620354490625 0.5013501109375 0.5938436046875 0.46875 0.58760616875 0.46875 0.6452326734375
7 0.7149124453125 0.463618790625 0.6844258062499999 0.47251805 0.6774404453124999 0.48321127500000005 0.6521466234375 0.49323591562499997 0.642591575 0.5027123984375 0.642270921875 0.5105610171875 0.653594025 0.5219228250000001 0.65394363125 0.545423003125 0.6603411265625 0.5491189125 0.6761867859375 0.545954546875 0.7205372609375 0.51828504375 0.7538073562500001 0.5053701171875 0.7757543484375 0.4810933796875 0.8320157890625 0.45039655156249997 0.8362176937499999 0.4437189953124999 0.8340221015625 0.4333455296875 0.8212805515625 0.4246456078125 0.805541775 0.4251937671875 0.7600400640625 0.448984640625 0.7310787578125 0.4526058046875 0.7149124453125 0.463618790625
7 0.8900742359375 0.4718868109375 0.8805191906250001 0.48136329218749996 0.9047196812500001 0.5301576140625001 0.9123218578125 0.5364240484374999 0.9269093937499999 0.531997259375 0.93333138125 0.5030362703125 0.9389762234374999 0.46103992812500005 0.9359210921875001 0.40759041875 0.9252927374999999 0.37922326875 0.8925570671875 0.3790571640625 0.8816904546875 0.3885793265625 0.8752150265624999 0.41884841875 0.8749478156249999 0.4253889359375 0.8877428078125 0.43278075468750005 0.8802230265625 0.45655501249999997 0.8900742359375 0.4718868109375
7 0.6345529359375 0.3788993953125 0.6349804734375 0.3684345703125 0.6233901609375 0.3636132765625 0.6099538609375 0.3719186953125 0.5835087999999999 0.378064709375 0.578879359375 0.3952070890625 0.601126978125 0.45974432968749995 0.60059255625 0.4728253609375 0.6154228140625 0.4945149546875 0.637723875 0.5577440906250001 0.6521510859374999 0.5572416109375 0.6655873859375 0.5489361921875 0.65394363125 0.545423003125 0.63964779375 0.5106523765625 0.639915003125 0.5041118625000001 0.65482319375 0.491836453125 0.6588358203125 0.4577344109375 0.6360827312499999 0.437627 0.6155252359375 0.4278930531249999 0.6070924734375 0.40989936875 0.608724690625 0.40200506874999997 0.6345529359375 0.3788993953125
7 0.46875 0.7055784171874999 0.4800243984375 0.6990856984375 0.5007956625000001 0.7035872328125 0.532807634375 0.6894098796875 0.53749051875 0.6709593968750001 0.5015149015625 0.653924990625 0.4910223828125 0.65429043125 0.4855623578125 0.6597055625 0.4715626828125 0.6497432171875 0.46875 0.649996453125 0.46875 0.7055784171874999
7 0.46875 0.75173358125 0.5000229828125 0.7545575765625 0.5257732953125 0.7654169046875 0.546972096875 0.7594536125 0.5512808859375 0.75015985 0.5412159078125 0.7400604640624999 0.5269490218749999 0.736638634375 0.5006353359375 0.7075115421875 0.48401253437499997 0.6976405546875 0.46875 0.705058284375 0.46875 0.75173358125
7 0.46875 0.5124168296875 0.4800110078125 0.5070686109375 0.5259692109375 0.504161709375 0.5658505703125 0.489710278125 0.5701059171875 0.48172461875000006 0.5599585421875 0.44158454062499997 0.514937809375 0.45360248593749997 0.4911982734375 0.48969783125 0.46875 0.4951464125 0.46875 0.5124168296875
7 0.732826784375 0.5701066906250001 0.6963456984375 0.5975021140625 0.682161209375 0.6241209781249999 0.685668365625 0.6344487625 0.696214325 0.6327752203125 0.7298585140625 0.6107035703125 0.7817577234374999 0.59060860625 0.8114672203125 0.5686739968750001 0.8294260765624999 0.545842403125 0.82776490625 0.52238790625 0.8109817765624999 0.5164412296875 0.7806020234375 0.5227242828125 0.782744171875 0.5344058515625 0.7716637921875 0.549160425 0.7540790296875001 0.562835296875 0.732826784375 0.5701066906250001
7 0.6487018359375 0.6096114187499999 0.6709984328124999 0.608834859375 0.7662037640625 0.5545755578125 0.7826372875000001 0.53702205625 0.7753023203125 0.5242151046875 0.777094865625 0.512396496875 0.760365178125 0.5051417171875 0.736543246875 0.51119636875 0.6802283640625 0.5432013 0.6608510609375 0.5686947796874999 0.6488332078125 0.5743383140625 0.6436159015625 0.6058698296875 0.6487018359375 0.6096114187499999
7 0.6792329890625 0.4713926671875 0.700271465625 0.46935368281249995 0.7256721734375 0.45671283437499993 0.7286693984375 0.44746475312499995 0.706504171875 0.41296820624999997 0.6974301046875 0.410671759375 0.6634607984375 0.3765863328125 0.6402267296875 0.3682518515625 0.628825696875 0.39085504374999996 0.6072528 0.40597505937499995 0.60703903125 0.41120747187499995 0.6168902421875 0.42653927031250005 0.6792329890625 0.4713926671875
7 0.7949379125 0.3641697171875 0.715306565625 0.3577994734375 0.6761489078125 0.386594359375 0.6781307296875 0.40220023749999995 0.6885698046875 0.4031429 0.7128482249999999 0.41797221874999996 0.7729129875 0.42241145781250006 0.7941117890625 0.41644816562500003 0.803851653125 0.3703904734375 0.7949379125 0.3641697171875