9 0 0.48778190468749993 0.00718261875 0.48631300624999996 0.0267878546875 0.48161855937500003 0.042405220312500005 0.476899934375 0.055350234374999994 0.4715787296875 0.0744672046875 0.46495113125 0.090757790625 0.4606030875 0.10354360625 0.4579440828125 0.11171464687499999 0.4568696890625 0.1223749828125 0.45463562656249995 0.125 0.43722800624999997 0.125 0.40701687968750005 0.12494103281249999 0.4055718078125 0.1228127609375 0.389635659375 0.1228426109375 0.37216380312499997 0.121915675 0.369871896875 0.082950715625 0.375361696875 0.0527136859375 0.3818295921875 0.006849625 0.3869186046875 0 0.387679703125 0 0.48778190468749993
9 0.2689810953125 0.2985602421875 0.249723259375 0.2804234234375 0.236474075 0.2876654421875 0.214574021875 0.29745160937500004 0.1980370703125 0.30503721875 0.1800253640625 0.3099654140625 0.161500253125 0.3130728984375 0.1457932296875 0.31588587343749996 0.155711678125 0.327266975 0.15899988125 0.3369980328125 0.166608246875 0.350260625 0.1828186046875 0.368950221875 0.191317084375 0.3800111359375 0.198854325 0.39023531562499997 0.2049004390625 0.3971009046875 0.2099242078125 0.4046875 0.2120157265625 0.4046875 0.2682474578125 0.3879034390625 0.29896205937500003 0.37251020156250003 0.3217631484375 0.3609897828125 0.325 0.3589285390625 0.325 0.356411690625 0.3192720875 0.34508374218750004 0.311647725 0.3411946375 0.292886940625 0.324177346875 0.2689810953125 0.2985602421875
9 0.46875 0.16693581875000002 0.43019511875000005 0.15430635937499998 0.3705427265625 0.1305164265625 0.3225676875 0.11126416562500001 0.31652804375 0.118064665625 0.30564709375 0.129895296875 0.290404271875 0.149584965625 0.2425089328125 0.20435623125000002 0.2567462609375 0.2123279515625 0.2771000015625 0.2167814609375 0.300895790625 0.2270445546875 0.3571254046875 0.24584544218749999 0.40571436875 0.2736705953125 0.42603642500000005 0.278125 0.4275099453125 0.278125 0.46875 0.2190134375 0.46875 0.16693581875000002
9 0.46875 0.48563712499999995 0.39626223125000004 0.4194521703125 0.33101406093749997 0.434162096875 0.289401990625 0.4424563609375 0.2861747203125 0.44315232499999996 0.323851340625 0.49768010625 0.3561345703125 0.5373481890625 0.361995746875 0.5413985390625 0.37597510624999997 0.5381441828125 0.3714604875 0.5454309390625001 0.3804938484375 0.55625 0.3836247765625 0.55625 0.4670170984375 0.5322164625 0.46875 0.5315233625 0.46875 0.48563712499999995
9 0.30403414687499997 0.4753222109375 0.29139245156250004 0.46744484374999995 0.27707256406249997 0.45654337656250005 0.26426276406250004 0.44148472187500004 0.2526462125 0.4259014375 0.23405615468750002 0.40424803750000005 0.1667299921875 0.442098425 0.168678725 0.44387517499999996 0.2059982140625 0.47596922812500003 0.21838847343749998 0.4902718390625 0.20539332031250002 0.5016283171875 0.16027334531249998 0.531139721875 0.189515546875 0.5671875 0.19323699375 0.5671875 0.254133240625 0.5409274953125001 0.2841696125 0.51939144375 0.31680659218749996 0.48878505 0.30403414687499997 0.4753222109375
9 0.09016326718749999 0.4612757421875 0.0227433984375 0.482319353125 0.0374275046875 0.5087802546875 0.0622920734375 0.54097613125 0.0915830265625 0.571875 0.0924345125 0.571875 0.10851404375 0.55854199375 0.1434822546875 0.5416897046875 0.2171875 0.4911711046875 0.2171875 0.49013673124999996 0.133669653125 0.4143358390625 0.1267283375 0.41869686875 0.12256816562499999 0.45508966093750003 0.09016326718749999 0.4612757421875
9 0 0.609375 0.0402080921875 0.609375 0.04463705625 0.6043209296875001 0.08125 0.5635623515625 0.08125 0.561316625 0.050800753125 0.5259476171874999 0.019343253125 0.5086322390625 0.00020967968750000001 0.515314315625 0 0.5155075359375 0 0.609375
9 0 0.386522646875 0.05625 0.3804102484375 0.05625 0.37797815625000003 0 0.3319196796875 0 0.386522646875
9 0.0326509921875 0.19250116718750002 0.0361733921875 0.226736096875 0.0397163390625 0.2489330375 0.036076632812499995 0.26134924375 0.034319403124999995 0.2671875 0.0362277375 0.2671875 0.0591310046875 0.2517184171875 0.06134705781250001 0.24306171718749997 0.0778430453125 0.22448758125 0.0779619546875 0.2166518859375 0.090625 0.1973824421875 0.090625 0.18805610625 0.07935299999999999 0.1273322890625 0.071241575 0.1281799921875 0.02669528125 0.1705563765625 0.0326509921875 0.19250116718750002
9 0.1146723671875 0.1362317375 0.11094765468750001 0.1677019875 0.10943437812500001 0.20701412656249998 0.107233775 0.23428863125000002 0.164281734375 0.2456836125 0.249840215625 0.2546875 0.25 0.2546875 0.25 0.25267623906250003 0.247016115625 0.2455139015625 0.24417385 0.22805039218749998 0.243938209375 0.21798378281250003 0.243730846875 0.20912515156249997 0.2435988859375 0.20348785937499997 0.24897093125 0.1904133015625 0.25 0.1842311546875 0.25 0.164318059375 0.2464092921875 0.156262840625 0.21110696562500003 0.14956528593750001 0.1581614671875 0.1401634453125 0.1146723671875 0.1362317375
7 0.46875 0.2181789234375 0.562307465625 0.207543803125 0.6211722500000001 0.19844715625 0.6745267078125 0.18208654375 0.6960350453124999 0.17297056718749998 0.7117363609374999 0.16412877812499999 0.7302325187500001 0.1521649390625 0.7616733609375 0.127977471875 0.7834460609375 0.116826628125 0.7935620999999999 0.11347849531250001 0.8087243984375 0.11045749375 0.832457703125 0.10929339375 0.8468577734375 0.1071238640625 0.8524239437500001 0.10488215000000001 0.85825448125 0.10060556875 0.859375 0.0975447046875 0.859375 0.07849357031250001 0.858921353125 0.07302176875000001 0.8592753640625 0.055727773437499996 0.857319171875 0.0449905796875 0.854816615625 0.04132491875 0.8447226234375 0.040920806250000004 0.8090888656249999 0.048420396875 0.7944435359375 0.0493728546875 0.782836840625 0.0486704828125 0.7619160171875 0.0437107375 0.731217 0.027556773437499998 0.7047638046875 0.01908529375 0.686103215625 0.016073834375000002 0.6654085453125 0.015583106250000001 0.639171215625 0.013331696874999998 0.6293254218750001 0.013644357812499999 0.6037988859375 0.019296715625 0.5237107015625 0.0319723703125 0.46875 0.04302811875 0.46875 0.2181789234375
8 0.46875 0.609375 0.58784819375 0.609375 0.6060289875 0.600596446875 0.627333215625 0.5832592062499999 0.6377577062500001 0.5703717187499999 0.6420917046875 0.5630452312500001 0.648959121875 0.5541312656249999 0.6681045187500001 0.51758541875 0.6786274750000001 0.4879379078125 0.68125 0.4710947734375 0.68125 0.451261965625 0.680416465625 0.4412080453125 0.679451596875 0.4335881 0.6757330328125001 0.42208602031250003 0.6695133828125 0.4066681328125 0.6607632531250001 0.39233742656250004 0.6419720390625 0.368597221875 0.6361929374999999 0.36411856875000004 0.6304285359375 0.35713841875 0.6243880125000001 0.3541943359375 0.6110351109375001 0.349975434375 0.5797750328125 0.3433945 0.55075461875 0.342263946875 0.46875 0.3429871078125 0.46875 0.609375
7 0.8218794468749999 0.10911674062500001 0.8160827109375 0.1076398828125 0.7946052375 0.1115027171875 0.776139940625 0.1182134171875 0.7647461718749999 0.12423140937499999 0.7510627734374999 0.13330410937499998 0.7368594625 0.14494565312500002 0.73354765 0.1501362484375 0.7351733453125 0.17416504531250002 0.7348516671875001 0.1859557484375 0.7338265406250001 0.1885919375 0.7375906624999999 0.19233938125 0.7453994359375 0.19504775000000002 0.7481472515625001 0.1999304828125 0.7496011703125001 0.21023472499999998 0.7511607328125001 0.2455202546875 0.7531507265625 0.2505040078125 0.7602075546875 0.2523127984375 0.7604395890625 0.2557812203125 0.7589004328125 0.259985653125 0.760314671875 0.2770439359375 0.76155713125 0.28037766249999996 0.7645693109374999 0.2832255265625 0.7718787484374999 0.28500064375 0.7738849078125 0.28723275312499996 0.7784669390625 0.323615096875 0.7797093984375 0.326948825 0.7906438140625001 0.33125 0.7961952562500001 0.33125 0.79634325 0.331230271875 0.7978765296875 0.32802643593749997 0.7993908703124999 0.2850824890625 0.8016849078125 0.2812773359375 0.8095407078125 0.2759809171875 0.8123443703125 0.27135796874999996 0.8139952171875 0.2481421671875 0.821339925 0.24391369375 0.832216725 0.23996424218749998 0.8345004750000001 0.2379101359375 0.8357826140625001 0.2344898234375 0.8363671890625 0.2209144 0.841732190625 0.20995112656249998 0.8421875 0.20784355 0.8421875 0.14313823750000002 0.8411964515625 0.12928750312499998 0.8410658218750001 0.1085587625 0.8390537859375 0.1073272515625 0.8218794468749999 0.10911674062500001
7 0.7697274468749999 0.3229238578125 0.765681325 0.32421308125000003 0.7618672375 0.328970725 0.7493586953125 0.35288403281249997 0.7022090249999999 0.4301560875 0.697860328125 0.43998407031250003 0.6987884578125 0.45385775468749995 0.69472323125 0.45839892187500003 0.6840108609375 0.4773236734375 0.6803861859375 0.4928040765625 0.677567828125 0.4999285203125 0.6747715171875 0.5033007234375 0.6678732359375 0.5174678328125 0.6663340812499999 0.521672265625 0.666452171875 0.5234375 0.67934288125 0.5234375 0.6822277484375 0.5230529374999999 0.705507275 0.5132009484375 0.7113407515625 0.50842406875 0.7204875093750001 0.498206440625 0.7276134125 0.488258203125 0.7334806875 0.47772787968749997 0.7421207640625 0.4678277515625 0.765566359375 0.4297088578125 0.7856633953125 0.40303430156250003 0.81244285 0.35597257031249996 0.8140625 0.35241436875 0.8140625 0.34624274375 0.8102546234375 0.3417669546875 0.7886156578125 0.3301541890625 0.7742655562499999 0.32381863437499997 0.7697274468749999 0.3229238578125
7 0.46875 0.3414074734375 0.541147128125 0.3442948796875 0.594381078125 0.348446528125 0.6180747015625 0.354036465625 0.6296207593750001 0.3546875 0.6304016125 0.3546875 0.6587150390625001 0.353618046875 0.6935703999999999 0.34972156875 0.7200970765625 0.3456855671875 0.7355237406249999 0.3406296953125 0.7426173125 0.33618474531250003 0.74644021875 0.3299262078125 0.7500737109375001 0.31294490625 0.750404209375 0.2996533046875 0.7530272734375 0.282806696875 0.753125 0.2786272109375 0.753125 0.251385659375 0.7509962984375 0.241835078125 0.7486847937500001 0.2056499703125 0.746956225 0.199131646875 0.7452056109375 0.19636556562500002 0.7426898296875001 0.19495125 0.7290887296874999 0.190015575 0.6980783203125001 0.183901265625 0.6735989531250001 0.183165190625 0.6586892609375 0.186152515625 0.6425003671875 0.19205985625 0.6268269734375 0.196148803125 0.5697230906249999 0.20626048125000002 0.5641598578125 0.20800189375000003 0.5540291234375 0.2138515203125 0.542874734375 0.22208718906249997 0.513185978125 0.248790584375 0.5048293703125 0.2534038984375 0.4929465515625 0.2567375953125 0.46875 0.2594536015625 0.46875 0.3414074734375
5 0.7559104265625 0.262039346875 0.7510594562499999 0.27143437656249997 0.7479664484375 0.2823447390625 0.7460967953125 0.29984077343750004 0.7452125859375001 0.32145465781250004 0.7439084015625 0.3286272125 0.742375125 0.3318310484375 0.7367869078125 0.3378250046875 0.72767395 0.3422891890625 0.7180690046875 0.344569378125 0.6556735984375 0.35313685 0.6397667046875 0.3540075234375 0.630433471875 0.35300209374999997 0.626644365625 0.35350719375 0.6225923671875 0.3557970125 0.624852603125 0.35774530000000004 0.6270893265625 0.3636959796875 0.6431724078125 0.375799409375 0.65270828125 0.38527625312499997 0.6599765671875 0.3940555609375 0.664472059375 0.40220467343750005 0.6741650109374999 0.4279075703125 0.678805828125 0.4542839296875 0.6799748046875 0.4701251359375 0.6809705390625 0.47249193749999996 0.6823988875 0.4734375 0.6863530359375 0.4734375 0.6882976109375 0.4712652609375 0.6967938312499999 0.442887734375 0.70139954375 0.43227563125 0.719740090625 0.4038355921875 0.7238303 0.39504188125 0.73070800625 0.38437686718749997 0.7358159921875 0.3741977140625 0.760784578125 0.33462603281250003 0.765359425 0.32926707187500004 0.77043066875 0.325341659375 0.7765343875 0.31752931093750003 0.7765625 0.31704964375 0.7765625 0.30592582031250004 0.772404665625 0.2900850046875 0.7676624484375 0.28096896562499996 0.7606306 0.27490763125 0.7559104265625 0.262039346875
5 0.9172717437500001 0.2887026359375 0.9218568796875001 0.2815926265625 0.924926371875 0.27468465468750003 0.9306042375000001 0.253431575 0.9267741515625 0.2179488109375 0.9248076718749999 0.20896266093750002 0.9136064234374999 0.18221105937499998 0.9058490859375 0.17074745625 0.8970754421875 0.16041914375 0.8838577484375 0.1331864796875 0.87444973125 0.101946621875 0.8663459015624999 0.0635342078125 0.864361784375 0.057549856249999996 0.8621030187500001 0.055351420312499997 0.85931993125 0.056472275 0.8583021546874999 0.057857718749999995 0.8559934218749999 0.06416436875 0.855103334375 0.08677884999999999 0.8537903328125 0.095452303125 0.848685284375 0.10513115625 0.8423274890625001 0.113227328125 0.8394973765625 0.1223529703125 0.8388935296875001 0.1821723953125 0.8400345843749999 0.20276644375 0.8389800703125001 0.21040562343749997 0.8351365859375001 0.220166259375 0.8338147656249999 0.2303406109375 0.8312519578125 0.23693108281250003 0.828963796875 0.2397356390625 0.8160455656250001 0.247456571875 0.8122388265625 0.25096346718749996 0.8104353062499999 0.2572027703125 0.8091031984375 0.26912816875 0.8001546703125 0.28856765625 0.7993042625 0.3044281 0.7974787 0.3144196453125 0.7971246875 0.3317136421875 0.8013763875000001 0.3383955328125 0.8076562921875 0.3435572890625 0.81040704375 0.347939725 0.809588971875 0.3582968765625 0.8075240265625 0.3660707515625 0.795792409375 0.3866310953125 0.7731619546875 0.41489313437500003 0.7634908765625 0.42843004999999995 0.741829696875 0.463561584375 0.7369713796875 0.47420735937499997 0.7356686640625 0.481129765625 0.7353543328125 0.491669721875 0.732535975 0.49879416875000004 0.7259461484375 0.5034219203125 0.708226915625 0.512032796875 0.6867200484375 0.520898621875 0.674590503125 0.52326539375 0.6660092125 0.5231595390625 0.657630559375 0.531525096875 0.6540632000000001 0.5372496671875 0.6535094890625001 0.54557195 0.6552776921875 0.546875 0.6562306031249999 0.546875 0.6724564859375001 0.542796296875 0.70781411875 0.5393327734375 0.7156508171875 0.5372882999999999 0.72526605 0.5332570671875 0.770089184375 0.5082855125 0.81568924375 0.4799609921875 0.8316343500000001 0.4725864265625 0.8420191609375 0.466452978125 0.8797222687499999 0.45042906406250005 0.9085958906249999 0.433582521875 0.943026865625 0.4159951640625 0.94961669375 0.41136741250000003 0.9524144765625 0.4077450609375 0.953125 0.40390340468749997 0.953125 0.396731453125 0.9373596265625 0.3495130875 0.9292851890625 0.3060976828125 0.9172585171875 0.29095398125 0.9172717437500001 0.2887026359375
3 0.4177605 1 0.4234375 0.9876644531250001 0.4234375 0.985581346875 0.42233785625 0.98325596875 0.414429521875 0.9776023390624999 0.40166919375 0.9588418296875 0.3867121296875 0.9487197796875 0.323588771875 0.9211892781250001 0.29503090468750004 0.9022318109375 0.274839834375 0.893060284375 0.2578866046875 0.89010314375 0.233311596875 0.89063794375 0.2134548109375 0.8790105 0.19713195156250002 0.8751724140625001 0.1846773078125 0.8766677734374999 0.1679724375 0.8868870921875001 0.1556324390625 0.9025412718750001 0.1478292203125 0.9186170609375001 0.14140139375 0.947089784375 0.1413441328125 0.9662618625 0.1441713 0.982993946875 0.1506756453125 0.9989624312500001 0.1514804421875 1 0.4177605 1
3 0.46875 0.8226642562500001 0.4598646796875 0.8141177125000001 0.38084826562499996 0.783341728125 0.3674766921875 0.7765724656249999 0.3555664328125 0.7665677609375 0.339873946875 0.7618487296875001 0.31207063125 0.7485985453125 0.2895013203125 0.734397840625 0.275728609375 0.730575678125 0.257399990625 0.7152216078125 0.2402557265625 0.7061674250000001 0.23088608124999999 0.7037492375000001 0.22445818750000002 0.7059704671875 0.2158048984375 0.7132904531250001 0.20810673125 0.72484416875 0.1988422 0.7441554 0.19165981875 0.7669208390625 0.186769753125 0.8103478296875 0.187543434375 0.8271654140625 0.191631346875 0.84213560625 0.1997020546875 0.8503465765625 0.21271068125 0.8560320484374999 0.22158367031249998 0.8583488156250001 0.23695140625 0.8579531687499999 0.2470660703125 0.8736492312499999 0.2626153109375 0.8869212234375 0.2923384015625 0.9010682765624999 0.3251656203125 0.9224120859375 0.3698171140625 0.94314148125 0.3955382796875 0.952937459375 0.40341464531250004 0.953125 0.43608466406249996 0.953125 0.4407818875 0.95056530625 0.46875 0.8922488749999999 0.46875 0.8226642562500001