4 0.395235796875 0.0913700515625 0.378920803125 0.128866115625 0.3827940859375 0.17393480625 0.3999629484375 0.211255425 0.4330191796875 0.2484375 0.43570742031250004 0.2484375 0.441534090625 0.24504197656249999 0.43081781093749993 0.21617420781250002 0.4604400578125 0.21723137656249997 0.467974659375 0.21182278906250002 0.47565985624999996 0.2241372484375 0.492631121875 0.2484375 0.4952553203125 0.2484375 0.5064518437500001 0.2280749078125 0.5392207515624999 0.12450453125000001 0.5515625 0.0605485265625 0.5515625 0.0509309234375 0.52995205625 0.04136074375 0.4542799984375 0.0442397265625 0.42126110156249996 0.06704382656249999 0.395235796875 0.0913700515625
10 0.7296875 0 0.6479099749999999 0 0.6448654140625 0.0106266359375 0.625845375 0.08277629843749999 0.6133973609375001 0.146875 0.6154367828125 0.146875 0.6489258140625 0.1354804859375 0.6972654078125 0.10578369375 0.7101837515625 0.0921488984375 0.729619053125 0.0111062765625 0.7296875 0.0110602421875 0.7296875 0
10 0.504470196875 0.275822490625 0.49429341875 0.3168658015625 0.49204166093749996 0.32784675 0.50750551875 0.3578125 0.508412734375 0.3578125 0.5366950890625 0.332866428125 0.548066453125 0.31046441874999997 0.5583192796875001 0.23986173593750001 0.5644838484375 0.182327990625 0.5734375 0.13793011093750002 0.5734375 0.11295372031249999 0.5480197640625 0.12525920625 0.5325352953125 0.14496934687500002 0.5199181453125 0.194050240625 0.504470196875 0.275822490625
10 0.597520803125 0.11363441406250001 0.5829297359375001 0.116539753125 0.5755208781250001 0.123910584375 0.559116659375 0.22150651406250002 0.5546131421875 0.2434684140625 0.5713911421875 0.2671875 0.5725410578125001 0.2671875 0.61282681875 0.2141240125 0.655003346875 0.1651191671875 0.659375 0.1507207625 0.659375 0.1486818296875 0.64336881875 0.1372953921875 0.6116205578125 0.14918141093749998 0.61090410625 0.122628275 0.597520803125 0.11363441406250001
10 0.6059786468749999 0.36586174374999997 0.5943806390625 0.4001000796875 0.5834245375 0.41360912968749997 0.5628838703125 0.415910584375 0.5592869281249999 0.390527184375 0.5404570125 0.3887784109375 0.538696565625 0.3613070265625 0.5457033359375 0.3322886609375 0.5567223078125 0.31976073125000004 0.575464503125 0.3047675796875 0.5060680828125 0.3594573546875 0.46301133125 0.3947265078125 0.45616833437500004 0.410927425 0.48531244375 0.4198964375 0.5262928796875 0.4290920921875 0.567721075 0.4390625 0.5705565 0.4390625 0.5859774859375 0.4380742796875 0.606681921875 0.422955375 0.6413238484375 0.3793591203125 0.6686826640625 0.3450959390625 0.6859375 0.3254782 0.6859375 0.31623757656249996 0.654582909375 0.3095489421875 0.637966725 0.311598903125 0.628997715625 0.34074301406249996 0.6059786468749999 0.36586174374999997
4 0.597762834375 0.30279525 0.5754485453125 0.3081658140625 0.5621529625 0.3159138828125 0.5437251328125 0.3358126421875 0.53868060625 0.3647052625 0.5400009406249999 0.3853088 0.5612332109375 0.393799675 0.5628321 0.41875 0.5646186140625 0.41875 0.5821759640625 0.41314575312499996 0.5934464312500001 0.4045423078125 0.6042519375000001 0.373310209375 0.6194849109375 0.3496755859375 0.6350322515625 0.330946565625 0.6390625 0.31384523125 0.6390625 0.307875696875 0.6315610578124999 0.30752541093749997 0.6240264546875001 0.312934 0.6110832640625 0.31080798593750003 0.597762834375 0.30279525
4 0.5900421203125 0 0.5908420796875 0.0038302671875 0.6028670234375 0.0070002734375 0.588363675 0.026647540625 0.5888286359375 0.04927619375 0.598476075 0.061464909375 0.588626840625 0.076873325 0.5893432921875 0.1034264640625 0.6010406953125 0.11875 0.6094368828125 0.11875 0.6148772859375 0.11755257187499998 0.6277210828124999 0.056635353124999996 0.6475789734374999 0 0.5900421203125 0
4 0.6751303578125001 0.34688508281249997 0.6956548171875 0.38125 0.6966843609375 0.38125 0.712500671875 0.3612378328125 0.721875 0.33589005781250003 0.721875 0.3335741890625 0.6570183953125001 0.29484765 0.649194278125 0.3111114421875 0.6890049734375 0.31742660625 0.6751303578125001 0.34688508281249997
6 1 0.22836427812500001 0.9654362734374999 0.24128864375 0.879344859375 0.2572561390625 0.8455546375 0.289040796875 0.839821521875 0.316366890625 0.8468833359375001 0.34946597343749997 0.8587810828125001 0.361058796875 0.8658599703125001 0.32500295156250003 0.900125946875 0.309859075 0.9958993171875001 0.3395846859375 1 0.3536396640625 1 0.22836427812500001
6 1 0.387400365625 0.9885247343750001 0.40714901562500005 0.9771027406249999 0.4121969734375 0.9462011953125 0.40551647500000004 0.929664646875 0.3944242515625 0.877839209375 0.395247871875 0.8760448453125 0.4068875421875 0.7978309343750001 0.39148218749999997 0.7445068312500001 0.3724369875 0.73672789375 0.3933070109375 0.74094526875 0.4152670234375 0.7793300546874999 0.4325859890625 0.88300809375 0.4504894484375 0.9301947281249999 0.45016643125 0.9629177999999999 0.4647579609375 0.9880319046875 0.45966315937499996 1 0.4622505015625 1 0.387400365625
6 0.539212540625 0.8392938718749999 0.5196349578125 0.812340815625 0.47039774218749997 0.77250526875 0.462358621875 0.7683498656250001 0.45212528750000003 0.7664269671875 0.44032194843749994 0.7676713546875 0.4358011109375 0.7711497359375 0.428490228125 0.772420790625 0.37829772031250003 0.7551991875 0.364063734375 0.7531977703124999 0.3204538109375 0.7552939484375 0.265371565625 0.7611010859375 0.2387194671875 0.7669126921875 0.2191890828125 0.7774767125000001 0.203233746875 0.7886644171875 0.16520384999999999 0.8211905421875001 0.1557081921875 0.8321975187499999 0.15581221875 0.836689196875 0.17110545625 0.8465836453125 0.1757681421875 0.8515953078124999 0.179087815625 0.8577491484374999 0.17811364375 0.8653562625 0.18002410156249998 0.8721589671875 0.1997624734375 0.8965935999999999 0.20862441718750002 0.903163725 0.2155475203125 0.9064361984375001 0.234538775 0.9104375421875 0.2775811875 0.9264117796875 0.35115338125 0.9431697171875 0.371421440625 0.9455355687499999 0.40139321250000004 0.9458778046875 0.43025840156250006 0.9528405249999998 0.453013875 0.9514420796875 0.4724307328125 0.9548982593750001 0.4830612875 0.95978104375 0.49108146562500005 0.9749449125 0.49678616875000003 0.978125 0.5159112734375 0.978125 0.5230866625 0.9755730640625 0.5266238890625 0.9721983828125002 0.5310974640625 0.957218221875 0.5519803 0.9530154390625001 0.5669047625 0.9304296515624999 0.5671875 0.9140216203125 0.5671875 0.9067913234375 0.5625826593750001 0.8833573828125001 0.558440165625 0.8747888203125 0.5436954953125 0.857832421875 0.539212540625 0.8392938718749999
1 0.50187031875 1 0.4861581515625 0.9612816593750001 0.4820534765625 0.9567114640625001 0.4549568984375 0.9480614031249999 0.42292332187500004 0.9509383015624999 0.40297683749999996 0.94353560625 0.3841179890625 0.940520890625 0.3517533921875 0.9409312171875 0.3304638984375 0.9346706984375001 0.2767719875 0.9248221421875 0.231431334375 0.9065887296875001 0.2115888734375 0.9036777125000001 0.20644382499999997 0.906221315625 0.1867999125 0.9308055390625001 0.1773420765625 0.9458108781250001 0.1775123046875 0.9507958734375 0.2200062109375 0.9478167656250001 0.257496915625 0.9558713015624999 0.29187599375 0.966755359375 0.3179321984375 0.98251921875 0.328765428125 1 0.39070522812499997 1 0.3910787875 0.9998223187499999 0.40373333125000005 0.99748760625 0.41396983125000003 1 0.50187031875 1
2 0.0445401921875 1 0.0682226546875 0.9836082703125001 0.0942789203125 0.9733568343750001 0.13651751406249998 0.9498925874999999 0.1556884984375 0.94036704375 0.1609375 0.9393986250000002 0.1609375 0.9381111593749999 0.14990035625 0.9269690359375 0.131561696875 0.920397421875 0.123815775 0.9147102265625 0.10055905624999999 0.9086571046875 0.0820879859375 0.9010988609374999 0.060836314062499994 0.89883670625 0.05913390625 0.9010173625 0.053298440625 0.9021328703125 0.043868984374999996 0.9136331609375 0.038251009375 0.9312354421875 0.03223575 0.971893134375 0.0322356859375 0.9979084296875002 0.032516378125 1 0.0445401921875 1
1 1 1 1 0.654409565625 0.9847644687500001 0.6612491125 0.9435859125 0.687960871875 0.8391143953125001 0.741595971875 0.8192982750000001 0.74748165625 0.7750762609375 0.74796349375 0.80291505 0.9878910125000001 0.812292771875 1 1 1