8 0.46875 0.026913804687499997 0.45700645 0.0244791671875 0.4336929578125 0.023487103125 0.4086433546875 0.0257192453125 0.391778275 0.0296875 0.3461433546875 0.045560515625 0.3317584328125 0.0554811515625 0.31836557656250003 0.06143353124999999 0.3005084328125 0.0723462296875 0.2618179578125 0.091939484375 0.229823909375 0.11277281718750001 0.2097346234375 0.13062996093749998 0.1973338296875 0.145262896875 0.1879092265625 0.1596478171875 0.17253224375 0.1936259921875 0.1690600203125 0.21470734062500002 0.170052084375 0.2338045640625 0.173028275 0.2499255953125 0.18542906875 0.2819196421875 0.1951016875 0.29804067500000003 0.2087425609375 0.311681546875 0.22387152812500002 0.3218501984375 0.2412326390625 0.3285466265625 0.2650421640625 0.33251488125 0.285875496875 0.34020337343749996 0.29877232187499997 0.34342757968750004 0.302180765625 0.34375 0.3325031703125 0.34375 0.357552084375 0.3349950390625 0.38309771875 0.31961805625 0.46875 0.27423165781250003 0.46875 0.026913804687499997
8 0.22267609375 0 0.22140377031249997 0.001004465625 0.2186755953125 0.008444940625 0.219667659375 0.0183655765625 0.2338045640625 0.0689608140625 0.23702877031249997 0.08359375 0.24025297656250003 0.09252232187500001 0.2437251984375 0.0969866078125 0.24893353125 0.0997147828125 0.2531498015625 0.09897073437500001 0.305233134375 0.0719370046875 0.3119295640625 0.06747271875000001 0.32532242031249997 0.0620163703125 0.3372271828125 0.0558159734375 0.3642609125 0.0404389890625 0.3900545640625 0.0312624015625 0.42700892812499996 0.02332589375 0.4342013890625 0.01786954375 0.43643353124999995 0.0094370046875 0.4379216265625 0.0074528781249999995 0.45404265937500005 0.0027405765625 0.45658747968749996 0 0.22267609375 0
8 0.1711061515625 0.02578125 0.1525049609375 0.0282614078125 0.1470486109375 0.0309895828125 0.144568453125 0.0381820453125 0.14481646875 0.05107886874999999 0.152008928125 0.10440228124999999 0.157961309375 0.12374751875000001 0.170362103125 0.175830853125 0.1716021828125 0.17781497968749999 0.1727389203125 0.178125 0.17832341406250002 0.178125 0.179290675 0.1773189484375 0.1874751984375 0.160701884375 0.20210813593750002 0.1401165671875 0.2184771828125 0.12275545624999999 0.228125 0.11451951406250001 0.228125 0.085233128125 0.22666170624999998 0.0458705375 0.2234375 0.029253471875 0.2214533734375 0.027021331250000002 0.21426091249999998 0.0250372015625 0.1991319453125 0.0242931546875 0.1711061515625 0.02578125
5 1 0 0.5914892546875 0 0.5421875 0.21008765937499999 0.5421875 0.21150443124999999 0.9199724359375001 0.328125 0.922556203125 0.328125 1 0.192717134375 1 0
5 1 0.5 1 0.1251292671875 0.9985491078125002 0.12523561562500002 0.9325768859375 0.12597966249999998 0.8923983140625001 0.12473958437499999 0.8668526796875 0.12548363125 0.8542038671875 0.12399553593749998 0.8385788671875 0.1237475203125 0.8174975203124999 0.1210193453125 0.7835193453125 0.11903521875 0.740116565625 0.122507440625 0.7148189484375 0.122507440625 0.6890252984374999 0.12052331406250001 0.6404141875 0.12449156718750001 0.62255704375 0.1237475203125 0.5888268859375 0.12523561562500002 0.5823784734374999 0.126227678125 0.5791542656249999 0.1277157734375 0.5769221234375 0.1306919640625 0.575930059375 0.1371403765625 0.5774181546875 0.17781497968749999 0.578658234375 0.188727678125 0.5831225203125 0.205840771875 0.5858506953125 0.2224578375 0.5888268859375 0.25048363125 0.5893229171875001 0.2705729171875 0.5925471234375 0.2896701390625 0.5970114093750001 0.3325768859375 0.5984995046874999 0.374739584375 0.603459821875 0.4523685515625 0.6084201390625 0.49453125 0.6081396906250001 0.5 1 0.5
5 0.733724371875 0 0.7276827062500001 0.01006944375 0.7153512109375 0.121875 0.7252300953124999 0.121875 0.793820271875 0.1175429890625 0.831022653125 0.12167658750000002 0.85 0.011607973437499999 0.85 0.0015312296875000001 0.84044804375 0 0.733724371875 0
5 0.5652257625 0.5 0.5805803578125 0.485259590625 0.604555225 0.48360615156250003 0.589674271875 0.2620453046875 0.5342840609375 0.267005621875 0.483027446875 0.2901537703125 0.46875 0.3000859078125 0.46875 0.426653440625 0.47062665312499996 0.43979001249999994 0.48116339999999996 0.5 0.5652257625 0.5
5 0.46875 0 0.46875 0.29270744843749996 0.47393353125 0.2951140875 0.4846808859375 0.29098048906249996 0.47062665312499996 0.24633763281249998 0.526016865625 0.21905588593749997 0.5137448265625 0 0.46875 0
5 0.46875 0.5 0.218806990625 0.5 0.188375778125 0.61746749375 0.23326485312499998 0.61875 0.24596014375 0.61875 0.2471304890625 0.5569093625 0.36576325781249996 0.5748887843749999 0.46875 0.5879213578125 0.46875 0.5
5 0.46875 0.6090537109375 0.1951728390625 0.6221999140625 0.1684780546875 0.6262580515625 0.234901415625 1 0.41822454843749995 1 0.4663900296875 0.9760308281250001 0.46875 0.975234834375 0.46875 0.6090537109375
5 0.230967603125 1 0.164857590625 0.6254163390625 0.1638826984375 0.62670721875 0.055933428125 0.6355446515625001 0.055933428125 0.8284648640625001 0.0802908203125 1 0.230967603125 1
6 0.59802765 0.7300149671874999 0.5891594109375 0.731107353125 0.5571813828125001 0.7293100812500001 0.5416880015625 0.7293100812500001 0.5212648671875 0.751161878125 0.51210970625 0.7659647062499999 0.5057714859375 0.788521415625 0.4945035671875 0.8181271515624999 0.49309504375 0.8435033796875 0.49309504375 0.8716992609374999 0.49661627187499996 0.8949608859375001 0.522673390625 0.9097637390625 0.5529559203125001 0.9210420812500001 0.5783087515625 0.9295008234375001 0.5876340796875 0.9296875 0.620510528125 0.9296875 0.6325356953125001 0.9287959375 0.6515503046875 0.91540288125 0.671269203125 0.89989514375 0.69732626875 0.894255971875 0.706481484375 0.86746994375 0.7043687249999999 0.8301103515625 0.717749403125 0.8061438421875 0.7339470734375 0.799094871875 0.745919228125 0.7920459015625 0.746875 0.78654515 0.746875 0.7737163 0.733242784375 0.7582108484375001 0.707889953125 0.7455227078125001 0.675494665625 0.7398835375 0.6466206078125 0.7349492515625 0.6156337890625 0.7328345671875001 0.59802765 0.7300149671874999
6 0.8713023343749999 1 0.8702676671875 0.9971232703125 0.8628384546875001 0.980701928125 0.855718809375 0.9613956390624999 0.8571117765625 0.9420308515624999 0.8599523671875 0.9203037421874999 0.8620651265625 0.9005666031249999 0.869811765625 0.8822392906250001 0.8796712656250001 0.86955115 0.8869524250000002 0.8549657734375 0.8890625 0.8498366640625001 0.8890625 0.846389578125 0.8873026140625001 0.8328847749999999 0.8729457 0.810453296875 0.8578396093749999 0.7863733046875 0.8360080625 0.7624067953125 0.8202981828125001 0.755288146875 0.8141764046875 0.7553578234375 0.8032243796875 0.76178501875 0.8121610828125 0.7765206796874999 0.81769763125 0.7856683906249999 0.8303740734374999 0.8032908171875001 0.8289656046874999 0.8110447015625001 0.825444378125 0.815274071875 0.8120636453125 0.8202083578125 0.7865254765625 0.8210807078125001 0.7800421875 0.809478615625 0.7519478328125 0.804365821875 0.7416390843749999 0.7997663328125 0.7138338171875 0.8120350234375 0.7134692593749999 0.8321916125 0.7120607921875 0.8484042390625 0.7088543671875 0.8632431984375 0.7046712140625 0.8781594859374999 0.6989193796875 0.8941225359375 0.6915988453125 0.9004030703125 0.6620593625 0.911140059375 0.6381150015625 0.9259429125 0.624734325 0.9294673984374999 0.5993814937499999 0.930172284375 0.5740286625 0.928057653125 0.5493800656250001 0.9167792562500001 0.513463496875 0.9062058015625001 0.48740643125 0.9083204874999999 0.48458943750000005 0.9181890296875 0.49092765937499994 0.9470898234374999 0.502195578125 0.970351475 0.506421040625 0.9893836468749999 0.505304578125 1 0.8713023343749999 1