0 0 0.509375 0.2757279875 0.509375 0.2736511265625 0.4980745546875 0.2603992140625 0.35221973281249996 0.251201665625 0.336105228125 0.24796230625 0.31646049375 0.2250793859375 0.29391138125 0.17913726562500001 0.274493578125 0.1325709109375 0.2697380875 0.0219120484375 0.2793874421875 0 0.2869745578125 0 0.509375
0 0.28785135624999997 0.19644206250000001 0.21563348124999998 0.1910881921875 0.139226415625 0.202759621875 0.10562165937500001 0.216652590625 0.09151114375 0.22977723125 0.091086 0.24933648281249998 0.08624976875 0.250446740625 0.0809386203125 0.26989201406249996 0.14328494218750001 0.2725694625 0.20847244531250003 0.28509776875 0.2360422796875 0.3028639203125 0.247682828125 0.31903541562500004 0.2531687375 0.3390625 0.2536491109375 0.3390625 0.259748521875 0.31564765625 0.2773244515625 0.2977115609375 0.315616121875 0.2790356359375 0.3515625 0.269299596875 0.3515625 0.264925921875 0.3475514296875 0.2540960671875 0.3464564390625 0.227162915625 0.33242265937500004 0.21215866874999997 0.28785135624999997 0.19644206250000001
0 0 0.22837411875 0.0160644171875 0.24420419375 0.014616864062500002 0.2686318859375 0.0199141765625 0.2796875 0.020722798437500002 0.2796875 0.1098939390625 0.2708544484375 0.0916481609375 0.24229814218749998 0.091200209375 0.23128003593750002 0.10052426562500001 0.2204898828125 0.126849790625 0.207650184375 0.20625 0.191264759375 0.20625 0.187796515625 0.203283821875 0.16662563125000002 0.1882276296875 0.156489825 0.15123419531249999 0.14706535625 0.09743837968749999 0.14458736875 0.025867546875 0.15514854375 0 0.1652754453125 0 0.22837411875
0 0.2233993265625 0.19197100625000002 0.1626726875 0.199115928125 0.1072302265625 0.216168696875 0.0919479828125 0.23048907968750001 0.090251565625 0.248795603125 0.0786835984375 0.2644257046875 0.08020373125 0.2717996015625 0.15965106874999999 0.2748759703125 0.2151163328125 0.2884005578125 0.242935028125 0.31228788125 0.2511080078125 0.340625 0.255344540625 0.340625 0.2590634046875 0.3187794796875 0.277761290625 0.298423409375 0.3208394203125 0.277412990625 0.3515625 0.27216706875 0.3515625 0.26578238125000003 0.34694305000000003 0.22909899843749998 0.334130771875 0.21412324531250002 0.2870666953125 0.1971254171875 0.2233993265625 0.19197100625000002
0 0.5615427140625 0.509375 0.5734375 0.3514318265625 0.5734375 0.341549628125 0.5595050515625 0.3143456765625 0.52313585 0.290258890625 0.45892098593749997 0.2716379078125 0.40507539843749996 0.26793568749999996 0.36848014375 0.2683050890625 0.3224115125 0.2757919421875 0.2745966921875 0.30036108281249996 0.25941399375 0.3171299328125 0.2552248015625 0.334155234375 0.2624770703125 0.36245509062500003 0.2637711515625 0.394285175 0.28527909687499997 0.473063575 0.2911261609375 0.509375 0.5615427140625 0.509375
0 0.4504962984375 0.165878959375 0.4162444984375 0.1638568828125 0.3626477734375 0.166275834375 0.336123159375 0.17421859687500002 0.32074136875 0.1860905109375 0.31899518125 0.20317280000000001 0.3430000578125 0.2233019390625 0.36682865 0.2691114984375 0.44378321249999997 0.2709066453125 0.49589951875000005 0.2796875 0.50275643125 0.2796875 0.5025417671875 0.2453697171875 0.540625 0.22305573124999997 0.540625 0.2092062609375 0.5347529015625 0.1971981953125 0.5270754875 0.1884575921875 0.5009760171875 0.176841103125 0.4504962984375 0.165878959375
0 0.2666918328125 0.1254139203125 0.23548030312499998 0.1381396421875 0.2334354796875 0.14787652499999998 0.24123524375 0.1896429546875 0.31664296875 0.203125 0.320041478125 0.203125 0.3240484484375 0.185459403125 0.337136553125 0.1772032015625 0.415625 0.1619572984375 0.415625 0.1442945765625 0.396270478125 0.130882790625 0.3569335859375 0.12384980000000001 0.308073546875 0.12271002499999999 0.2666918328125 0.1254139203125
0 0.6 0.14602650781249998 0.5788096 0.13855440937500002 0.5151422359375 0.13340000000000002 0.45314431875 0.139292190625 0.44611394843749996 0.14646663124999998 0.4464623546875 0.15503626875 0.46283959062499996 0.1676490359375 0.5283754984375 0.1887469828125 0.5388940921875001 0.20733845 0.5407626328124999 0.2232819875 0.6 0.22082706718749998 0.6 0.14602650781249998
1 0.6 0.509375 0.7969538765624999 0.509375 0.8203125 0.47254024843750003 0.8203125 0.43746921875 0.8196133328125 0.4102016875 0.730495134375 0.43521732343749997 0.62105173125 0.4148921203125 0.6 0.4150661015625 0.6 0.509375
1 0.6086049874999999 0.37606951718750004 0.61329541875 0.412029490625 0.6101684640625 0.41515644687500003 0.671144075 0.4276642640625 0.7200523234375 0.4328125 0.735659309375 0.4328125 0.8234375 0.41379389218749996 0.8234375 0.3978282328125 0.8212378828125001 0.36043474531249997 0.727429253125 0.35105388125000003 0.653945825 0.357307790625 0.6086049874999999 0.37606951718750004
1 1 0.509375 1 0.304478871875 0.9870915421875001 0.2818890703125 0.9605124296875001 0.1771361 0.9308063640625001 0.12710483125 0.9057907281249999 0.0723831296875 0.8932829109375 0.0723831296875 0.8667038 0.069256175 0.8057281890624999 0.0661292203125 0.8332399953125 0.509375 1 0.509375
6 0.610497284375 0 0.6038378484375 0.009989153125 0.6132187109375 0.063147378125 0.6 0.06494992968749999 0.6 0.1080333421875 0.625726528125 0.11317864687500001 0.6507421640625 0.1319403734375 0.6397978234374999 0.1772812109375 0.6232610453125 0.21636814062499998 0.625726528125 0.21636814062499998 0.622599575 0.22262205000000002 0.6663646156249999 0.24375 0.6698422374999999 0.24375 0.6913925703125 0.2351298671875 0.71328125 0.2288759578125 0.7414238390625 0.2085507546875 0.7461142703125 0.16477339375 0.74455079375 0.11161517031249998 0.7546875 0.094237959375 0.7546875 0.0775084 0.75393165625 0.063147378125 0.728916021875 0.067837809375 0.7117177734375 0.045949128125 0.6867021390625 0.017806539062499998 0.702336909375 0.005298721875000001 0.6974620859375 0 0.610497284375 0
5 0.6 0.4138331984375 0.6159924171875 0.4130530796875 0.6034846 0.3880374453125 0.6066115546875 0.370839196875 0.6472619609375 0.36302181093749997 0.6847854124999999 0.35051399375000003 0.7395071140625 0.348950515625 0.7504514546875 0.3317522671875 0.7473245000000001 0.3004827234375 0.7754670890625001 0.30673663281249997 0.81455401875 0.312990540625 0.817680971875 0.277030565625 0.794228815625 0.25201493125 0.758268840625 0.2332532046875 0.762959271875 0.2191819109375 0.7801575203125 0.222308865625 0.8114270640625 0.241070590625 0.8004827234375 0.1300637109375 0.7848479515625 0.114428940625 0.7864114296875 0.087849828125 0.758268840625 0.078468965625 0.745761021875 0.09566721406249999 0.7426340687499999 0.1269367578125 0.745761021875 0.164460209375 0.7410705906249999 0.2129280015625 0.7207453875 0.22543581875 0.6644602093749999 0.24263406875000001 0.6206828484375 0.23168972812500002 0.6300637109375 0.26764970312499997 0.6097385078124999 0.25045145468749996 0.6034846 0.272340134375 0.6 0.2798901015625 0.6 0.4138331984375
8 0.05710970625 0.509375 0.055915235937499995 0.5253051421875 0.056245215625 0.5438921 0.058306589062500004 0.5663630765625001 0.061571210937499996 0.583650065625 0.0743633734375 0.6266896109375 0.080430603125 0.640409628125 0.0900071234375 0.6583888515625 0.099940715625 0.6738844078125 0.112852965625 0.688835665625 0.1205245234375 0.6956436953125 0.1476134375 0.7171052734375 0.1569161796875 0.7217695953125001 0.1671531265625 0.725244928125 0.1763423375 0.7265625 0.1850312140625 0.7265625 0.1932469046875 0.725313540625 0.2022587125 0.720675578125 0.213036234375 0.7118964125 0.21748221406249998 0.7107021234374999 0.23822763593750002 0.7093932890625 0.26186120625 0.7102933218749999 0.27902149375 0.7077303374999999 0.284934796875 0.705886065625 0.2899897359375 0.7022257265625 0.29801114375000004 0.6935046984375 0.3024155953125 0.6872902421875 0.30612554687500004 0.677766 0.30896495 0.6619092999999999 0.309375 0.655176778125 0.309375 0.6319274421875 0.3086401765625 0.6089544375 0.3046713515625 0.5795767671875 0.29482601875 0.53975364375 0.2884213625 0.5202401765625 0.2838595671875 0.509375 0.05710970625 0.509375
0 0.287720003125 0.7759425765625 0.284032175 0.7729252015625001 0.2606676484375 0.768030171875 0.254551440625 0.76208349375 0.2480048046875 0.7573610328125 0.22051232656250003 0.7418919546875 0.2131341859375 0.7401217078125001 0.2089865921875 0.7378247734375 0.19132749375 0.7318235265624999 0.18257005625 0.7322146 0.1678968328125 0.738714446875 0.165747196875 0.7405710359375 0.1634018703125 0.7476820703125 0.16103442031249998 0.7673347203125 0.161396225 0.7821609546875 0.1635359234375 0.7973623734374999 0.1699179875 0.8810952609375 0.171292315625 0.8874629437499999 0.179083725 0.892021584375 0.1785603078125 0.9002634734375 0.175041078125 0.913062275 0.175542371875 0.9173620046875002 0.1776895234375 0.9197699171875 0.1800005375 0.920684109375 0.2135604796875 0.9240343015625001 0.2259764046875 0.926156825 0.23679296718749998 0.9266623296875001 0.2441711078125 0.9284325750000001 0.2793774625 0.9328125 0.28675219375 0.9328125 0.289956253125 0.93063073125 0.290625 0.924534684375 0.290625 0.9162697453125 0.28868012187500003 0.8828774718750001 0.2892793796875 0.8716305296875 0.2858931265625 0.7833407265625001 0.287720003125 0.7759425765625
2 0.5541673265625 1 0.5502411328125 0.990096059375 0.540781978125 0.97413195 0.5261895609375 0.9690977359375001 0.5186793828125 0.9650604875 0.506693884375 0.961713746875 0.49832285781249996 0.960124934375 0.47085226718750006 0.957953140625 0.4619187796875 0.95532154375 0.4534157171875 0.9514657281249999 0.4346145375 0.9473915265624999 0.41594539687500004 0.9455843265624999 0.37733051562500003 0.9458944703124998 0.348615153125 0.943886496875 0.32046473125 0.9386568046875 0.2904312375 0.9355532046875 0.265080940625 0.93102104375 0.251464253125 0.9298180078125 0.23190492499999998 0.9299554671875001 0.21486697187499998 0.9260045609375 0.1855157890625 0.92169435625 0.1783748671875 0.9196898359375 0.1747457234375 0.9176800171874999 0.17594896875 0.9124960281250001 0.17890076875 0.9071834453125 0.1798839515625 0.8982211187499999 0.17972257187500001 0.8954503375 0.17775395624999998 0.8918005921875001 0.1741541546875 0.8902945531249999 0.1565365828125 0.8893134765624999 0.1470821625 0.890659265625 0.141939196875 0.8928082671875 0.136245959375 0.8984308750000001 0.12529960625 0.9172327671874999 0.1194840328125 0.92936926875 0.1090315203125 0.9652643953125001 0.1054112921875 1 0.5541673265625 1
4 0.4722683859375 0.706316134375 0.4656899265625 0.705354396875 0.434690403125 0.7072005125 0.4293102203125 0.7095837890625 0.425810628125 0.7141054765625 0.4228759828125 0.7154054453125 0.404204359375 0.7178627484375 0.3889540046875 0.7230679203125 0.387826596875 0.7252468546874999 0.38865313437500004 0.73082364375 0.3933117234375 0.7462012015624999 0.39179541875 0.7546245218750001 0.3921608546875 0.7546875 0.41826830312499996 0.7546875 0.41913397343750003 0.7545293125000001 0.43465088906249993 0.74959364375 0.45320763125 0.7408567265625 0.47131679374999996 0.7373566406250001 0.49504584218750003 0.7269745000000001 0.4984375 0.7242532031250001 0.4984375 0.7196155015625 0.498102821875 0.7191606390625 0.4984375 0.7179723828125001 0.4984375 0.7175743421874999 0.4971564296875 0.7158332375 0.4917347203125 0.7131963453125 0.47960002968750004 0.7115952156249999 0.4722683859375 0.706316134375
4 0.28393917343749997 0.509375 0.28395717343750004 0.5094129578125 0.2937806140625 0.5359387984375 0.3038753515625 0.5800440375 0.3072255140625 0.6031068640624999 0.3085140671875 0.6295376125 0.30814705937500003 0.6490792843750001 0.3095775859375 0.6607190265625 0.3133240984375 0.6647439578125 0.318701796875 0.6666251843750001 0.334233384375 0.6619414015625 0.3435239421875 0.662089334375 0.35851495624999996 0.6696600546875 0.37214134374999996 0.6796439828125 0.37379938749999997 0.68226855625 0.37224155625 0.6856717078125 0.3653915671875 0.6929694718749999 0.3632101046875 0.698586784375 0.362138896875 0.7060377765625 0.36246165625 0.7115793390625 0.3651541140625 0.71904265 0.367301265625 0.7214505625000001 0.3717299328125 0.7234375 0.3787713890625 0.7234375 0.38265183281250004 0.722273115625 0.3903455140625 0.716539528125 0.40524625625 0.7010245109375 0.40843278906249997 0.6997421562499999 0.40935232031249996 0.6983012765625001 0.410611765625 0.6983893453125 0.41145545781250004 0.699953521875 0.41173172031250005 0.7090039171875 0.4138642015625 0.7111599421875 0.4188286296875 0.7102527734375 0.4203717921875 0.7065977328125 0.42327709531249996 0.7047939859375 0.449282846875 0.7033512609375 0.47101866875000004 0.70612549375 0.4881886609375 0.712343403125 0.4966037 0.7146878812499999 0.5018787031249999 0.7148058828125 0.5133532046875 0.7050720015625 0.5166302484374999 0.701036478125 0.5158183828125 0.695711578125 0.509337884375 0.6792031656249999 0.5080687359375 0.6703342046875 0.508245021875 0.6475179734375 0.5064332874999999 0.6034902109375 0.5097351734375 0.5568096671875 0.5090406734374999 0.5534998796874999 0.5077225453125 0.5524042546875 0.5039442078125 0.5521400468750001 0.4879235109375 0.557040490625 0.483404178125 0.55697533125 0.48101980937500005 0.5548016921875 0.48067989375 0.55327274375 0.48321594062499995 0.5494362703125 0.4842259828125 0.5452422234375 0.4824040734375 0.54411136875 0.4786257359375 0.5438471609375 0.4764174171875 0.5446961953125 0.47358546874999996 0.5477593875 0.47214500312499996 0.553177653125 0.46995135625 0.554278575 0.466263528125 0.5512612015625 0.4615706265625 0.5439088703125 0.45215796875 0.5244359265625 0.4261890109375 0.5135889203125 0.42122458281249997 0.514496090625 0.41805023593749996 0.5202948375 0.41250618906250003 0.5241718359374999 0.4085493171875 0.5251494609375 0.40351153437500004 0.5247971859375 0.40016362031249997 0.523308759375 0.38833228124999997 0.5096874046875 0.388262828125 0.509375 0.349216175 0.509375 0.34722536718749997 0.514589690625 0.3429701078125 0.5190585359375001 0.3384067609375 0.518237709375 0.3286102859375 0.509375 0.28393917343749997 0.509375
8 0.9132014093749999 1 0.9141264640625 0.9988808234375 0.9224519625 0.9851642796875 0.9356293828125001 0.9557264937500001 0.9379552828125 0.9471071140625 0.9390625 0.9276727921875001 0.9390625 0.906766940625 0.9370623828125 0.8929461015625 0.932285209375 0.8775339953125 0.9278110296875 0.8679417265625 0.9169667484375001 0.8523118015625 0.9079090843750001 0.8435055390624999 0.8955425984375001 0.8352247531250001 0.867003321875 0.8189384343749999 0.8585283359375 0.8151910453125 0.8361389484374999 0.7895037640625 0.82509133125 0.779696625 0.8161984234374999 0.773420534375 0.8054980031250001 0.7681674125 0.78950765 0.7621857265624999 0.775951690625 0.7589741218749999 0.764323803125 0.7585355453125 0.747291053125 0.7606595437499999 0.73859505 0.7632412671875001 0.7213854859375 0.77042855625 0.716722434375 0.7734930421875 0.7130278406249999 0.7778174609375 0.6991078 0.82852106875 0.6972351859375 0.8386564890624999 0.6918150515625 0.856152828125 0.685219909375 0.88555231875 0.684601059375 0.9032738375000001 0.673947509375 1 0.9132014093749999 1
8 1 0.56488448125 0.9947327874999999 0.5617466609374999 0.9862578031249999 0.5579992703125 0.979849121875 0.560314571875 0.9673644921874999 0.562665225 0.9619596296875 0.5652278 0.9576968203125 0.5713273156249999 0.9457177124999999 0.5954427546875001 0.9393379640624999 0.6114259984375 0.93293731875 0.6352558687500001 0.9288151515624999 0.659072484375 0.9258406656249999 0.6935131734375 0.928371503125 0.715266178125 0.9318683890624999 0.72385168125 0.9357068453125 0.7299040640625 0.973556953125 0.7549951703125 0.9810658906249999 0.7719100640625 0.9847219078125 0.7759386046875 0.9859623453124999 0.7765625 0.9880609109374999 0.7765625 0.990326890625 0.7748935421875001 1 0.7587612265624999 1 0.56488448125