9 0.2532363109375 0.055857309375 0.24044007031249998 0.058250996875 0.22157799687500002 0.060586562499999996 0.20554179062500003 0.061310165625 0.19297717812499998 0.061143646875 0.1849653703125 0.060428210937500004 0.174488975 0.06030601875 0.1703125 0.08267533125 0.1703125 0.084250284375 0.170579521875 0.1075695296875 0.17220259843750002 0.123559790625 0.1716738078125 0.1405812171875 0.1725136546875 0.1430148265625 0.21072975624999998 0.1460694390625 0.24044880468750002 0.1462881625 0.28539216562499997 0.15122154375000002 0.3170122171875 0.1546875 0.31835524843749996 0.1546875 0.3219946890625 0.15310348437500002 0.3266912515625 0.127993559375 0.3421875 0.0535722890625 0.3421875 0.053125 0.3417862515625 0.053125 0.33036993593749997 0.0546878609375 0.3139045015625 0.0547148125 0.2879092515625 0.054281104687500005 0.26862554375 0.0546273234375 0.2532363109375 0.055857309375
9 0 0.1455980796875 0.0043310515624999995 0.150607421875 0.0269485796875 0.1807301421875 0.044404192187500004 0.2015625 0.048362932812499995 0.2015625 0.0583883328125 0.1983599875 0.0800591125 0.1935464421875 0.0964285421875 0.18972068749999998 0.11416244687499999 0.188802928125 0.1323457578125 0.18977035625 0.146875 0.1903794953125 0.146875 0.1891548171875 0.1384056609375 0.177185596875 0.135472175 0.16699254375 0.1284199515625 0.152425821875 0.1131209046875 0.130714515625 0.1051363015625 0.11810151875 0.098066659375 0.106511340625 0.092357434375 0.0985160453125 0.087345171875 0.08945613125 0.030220070312500003 0.0938155640625 0 0.10213163437499999 0 0.1455980796875
9 0 0 0 0.0029487515625 0.0094463453125 0.0110559890625 0.0231215828125 0.024769290625000003 0.035202959374999995 0.042208406250000004 0.046103825 0.0599014328125 0.0631958515625 0.084375 0.065553821875 0.084375 0.130485871875 0.0626485359375 0.1286332515625 0.060496584374999995 0.0930991328125 0.021168125 0.081405925 0.0045563390624999995 0.0885825859375 0 0 0
9 0.093114290625 0 0.0828125 0.0046764734375 0.0828125 0.00532196875 0.161930071875 0.096875 0.1639115125 0.096875 0.1693424859375 0.09470963125000001 0.1744466515625 0.0601390109375 0.20627511406250001 0.061100003125 0.271875 0.055210609375 0.271875 0.05331291875000001 0.25914335781250003 0.026177996874999998 0.2424952328125 0 0.093114290625 0
9 0.44824356249999997 0 0.34520945468750003 0.05106500625 0.336724378125 0.0899780359375 0.38078405625 0.146875 0.3817665390625 0.146875 0.43216474062500004 0.11971618749999999 0.47552059843750005 0.100369490625 0.4890625 0.09248532968749999 0.4890625 0.0489097796875 0.4773552921875 0.033165465625 0.45979741093750004 0 0.44824356249999997 0
9 0.34270370781250004 0.11254867500000001 0.332646453125 0.10635776562499999 0.322259853125 0.1564487296875 0.2358010625 0.146760359375 0.2358574875 0.1485703609375 0.3003877703125 0.2171875 0.3017289671875 0.2171875 0.314761446875 0.2057992015625 0.3984375 0.15620100625 0.3984375 0.1539227125 0.39081591250000003 0.14540291562500002 0.3839588609375 0.146758434375 0.3771269265625 0.1438121578125 0.3605162359375 0.1486976875 0.349101965625 0.1280000078125 0.34270370781250004 0.11254867500000001
9 0.4890625 0.11850501093750002 0.48160193749999997 0.11412009375000001 0.47237381093749997 0.11315116562500001 0.46276012812499995 0.11686426093749999 0.4513735578125 0.1212644375 0.45013083906249995 0.12163419687499999 0.44888543593749997 0.1224640875 0.4449820203125 0.1252788875 0.4436209046875 0.1260208359375 0.43523018750000003 0.13010893437499998 0.4285023875 0.1342417359375 0.42107602499999996 0.14002267968749998 0.43025999062500003 0.147718878125 0.4314598453125 0.16526654375 0.43205061875000006 0.1794109453125 0.42559157656249996 0.1897198953125 0.41772164062500006 0.21092439999999998 0.4890625 0.2119569625 0.4890625 0.11850501093750002
9 0.4890625 0.21380833125 0.425258434375 0.2139443375 0.42789678750000004 0.2167001328125 0.4890625 0.251049653125 0.4890625 0.21380833125
9 0.3554970109375 0.19219291875 0.3462775921875 0.1891107140625 0.33814821875 0.19707128125 0.3412771953125 0.2715891 0.394434953125 0.29375 0.396091734375 0.29375 0.4310265109375 0.2589977765625 0.454279184375 0.2318242109375 0.4246502875 0.2140178125 0.40824923750000003 0.2049302390625 0.361872 0.18805022968750001 0.3554970109375 0.19219291875
9 0.22990858749999998 0.271018434375 0.2274964984375 0.27897714218749997 0.210852846875 0.293521021875 0.210512628125 0.30113195 0.1962156578125 0.3188910359375 0.2066324640625 0.3880994875 0.210856715625 0.390625 0.2119786890625 0.390625 0.2578125 0.35814682656249996 0.2578125 0.350750346875 0.2540795890625 0.3344427234375 0.25161807812500003 0.300317965625 0.24879225468750002 0.2779208609375 0.25270240624999996 0.2666052734375 0.255107609375 0.2598227796875 0.22990858749999998 0.271018434375
9 0.047969221875 0.2734191640625 0.0479369078125 0.278941665625 0.0423158609375 0.2905251984375 0.040273878125 0.3005509671875 0.0401907796875 0.3147517171875 0.0438413640625 0.32436039375000003 0.0781314671875 0.3385026125 0.129577246875 0.3590861109375 0.1655742453125 0.3703125 0.172244678125 0.3703125 0.1764809546875 0.34243159375 0.17908324375 0.304444865625 0.18125 0.2851348046875 0.18125 0.27801583281250003 0.126616778125 0.25492723125 0.0422887703125 0.227364725 0.0458009203125 0.2372464671875 0.0480777125 0.2548792875 0.0480200046875 0.264740915625 0.047969221875 0.2734191640625
9 0.385405746875 0.292880853125 0.35898767343750004 0.29370132656250003 0.359038859375 0.28495378437499996 0.36980104062499997 0.2847455125 0.35613732656249997 0.279267253125 0.349780053125 0.27901479687499997 0.35076619062500003 0.277670478125 0.348327865625 0.27641451875 0.34001822812500004 0.2754488796875 0.330210896875 0.279658553125 0.3184768 0.27878127343750003 0.310093221875 0.290450971875 0.3105137734375 0.3021711609375 0.33663893906250003 0.3514060578125 0.3366190359375 0.35480787812500003 0.3316798234375 0.3629873953125 0.33214587500000003 0.36693199375 0.335070159375 0.36873073125 0.3429109015625 0.366237746875 0.3487696 0.371875 0.35466163125 0.371875 0.364423890625 0.36776509687500003 0.4305259515625 0.355994425 0.43206060781250005 0.34450144374999997 0.4389720921875 0.3336332875 0.4453125 0.3289900484375 0.4453125 0.3285047421875 0.43705385156250004 0.3270884125 0.4263314828125 0.32049304218749997 0.417138084375 0.3033766421875 0.4098231109375 0.2996087609375 0.4064270890625 0.2948373765625 0.385405746875 0.292880853125
6 0.95961554375 1 0.9563882906250001 0.9815091328125 0.9463254187499999 0.9352814640624999 0.9415841328125001 0.8865874999999999 0.9495032390624999 0.773761134375 0.9510561484375 0.7723530515625 0.9239663015625 0.776342009375 0.8927466640624999 0.797865028125 0.8804038625 0.767810228125 0.831519834375 0.76174474375 0.7861075359375 0.7545741578125 0.680281984375 0.764316928125 0.6819556921875 0.787727221875 0.6859870796875 0.829695946875 0.67189809375 0.8473107437499999 0.6486841203125 0.8238058234375 0.6437666765625 0.79988334375 0.607297934375 0.7527927734375 0.5869753875 0.7793430109375 0.561839075 0.8282791734374999 0.5552791265625 0.8983346921875001 0.53133395625 1 0.95961554375 1
6 1 0.5949849421875 0.9920358125 0.5753913140625 0.9612065281250001 0.537457646875 0.9643863046875001 0.53630644375 0.96299243125 0.534433065625 0.9271092640624999 0.5419934203125 0.9039730500000001 0.5532198 0.8778729296875 0.5854709109375 0.8570684765625 0.6036786234375 0.850378934375 0.615848640625 0.817765421875 0.6354982812500001 0.7860638828125 0.648678771875 0.7592797843750001 0.6857817421875 0.7303919140625 0.71428609375 0.7001101671875001 0.7409170656249999 0.6680044796875 0.7804863328125 0.6980841515625 0.7670497484375 0.786297153125 0.7528726734375001 0.88545908125 0.766877021875 0.8980298765625001 0.795314534375 0.9528676328125 0.7709076609375 0.9411934453124999 0.936046278125 0.9576660359375001 0.9485670140625 1 0.9869958656249999 1 0.5949849421875