7 0.4057700875 0.6296875 0.4125 0.62220981875 0.4125 0.6122519890625 0.4112475203125 0.6034846218750001 0.37404513906250003 0.5675223203125 0.34676339375 0.5613219234375 0.32072172656250003 0.591083828125 0.2871533171875 0.6296875 0.4057700875 0.6296875
1 0.56875 0.6296875 0.56875 0.39603866718749997 0.5383928578125 0.4016865078125 0.50615079375 0.42400793593749997 0.478869046875 0.47237103124999996 0.4267857140625 0.4364087296875 0.42802579375 0.44260912656249995 0.4267857140625 0.569097221875 0.42899473437499996 0.6296875 0.56875 0.6296875
5 0.56875 0 0.4969321796875 0 0.45910218281250004 0.015835812499999997 0.4132192453125 0.08156001874999999 0.3685763890625 0.13984375 0.3189732140625 0.189446925 0.30037202343749997 0.2229290671875 0.301612103125 0.2812127984375 0.290625 0.31051173906249996 0.290625 0.311495534375 0.29169146874999996 0.31469494062500003 0.3611359125 0.3382564484375 0.35989583281250004 0.3518973203125 0.38097718281250004 0.355617559375 0.40205853124999996 0.3766989078125 0.4181795640625 0.4101810515625 0.44298114999999993 0.44738343281250004 0.4749523796875 0.478125 0.47538460000000005 0.478125 0.52978670625 0.39033978281250004 0.564508928125 0.355617559375 0.56875 0.3460751484375 0.56875 0.3084480375 0.55458829375 0.246490575 0.5620287703125 0.15596478125 0.56875 0.15344431875 0.56875 0
1 0 0.5894471453125 0.0574032734375 0.5925223203125001 0.1218874 0.591282240625 0.1848152484375 0.59375 0.18529264843749998 0.59375 0.23349454375 0.5900421625 0.2868179546875 0.5801215265625 0.32154017968750004 0.5776413687499999 0.346875 0.51370110625 0.346875 0.508225859375 0.33642112968750004 0.45363343125 0.3265004953125 0.3978298609375 0.31285962343749996 0.332105653125 0.22109375 0.31226438437500004 0.1305679546875 0.29118303437500004 0.0698040671875 0.278782240625 0.011520335937499999 0.2639012890625 0 0.260914534375 0 0.5894471453125
2 0.18618551562500002 0.23390377031249998 0.170064484375 0.23638392812500003 0.1527033734375 0.2500248015625 0.1254216265625 0.25498511874999996 0.0931795640625 0.2624255953125 0.0578125 0.2758406890625 0.0578125 0.27646329375 0.0609375 0.2785466265625 0.12170138906250001 0.2884672625 0.170064484375 0.2996279765625 0.21594742031249997 0.30830853125 0.2669945953125 0.31875 0.2841766 0.31875 0.29407242031249997 0.3182291671875 0.28663194375 0.30954861093749997 0.297792659375 0.2884672625 0.29655257968750004 0.2649057546875 0.297792659375 0.22522321406249998 0.3163938484375 0.191741071875 0.3515625 0.15899784374999998 0.3515625 0.15850458125 0.3002728171875 0.1743799609375 0.25811011875 0.1967013890625 0.20974702343749999 0.216542659375 0.18618551562500002 0.23390377031249998
2 0.25537326562499996 0 0.1843501984375 0.041778275 0.0839037703125 0.0864211296875 0.082663690625 0.1186631953125 0.0901041671875 0.16082589375 0.1000248015625 0.20422867031249997 0.08514385 0.1955481140625 0.0801835328125 0.21786954375 0.06902281875 0.2277901796875 0.0715029765625 0.25135168750000003 0.0739831359375 0.264992559375 0.0725198421875 0.2671875 0.07887525 0.2671875 0.107465278125 0.2612723203125 0.1335069453125 0.25507192343749996 0.1595486109375 0.25011160625 0.1682291671875 0.23895089375 0.191790675 0.23399057656250002 0.20047123125000002 0.21786954375 0.24263392968750003 0.2017485109375 0.27487599218750003 0.186867559375 0.3244791671875 0.165786209375 0.35176091249999997 0.155865575 0.38152281875 0.11494295624999999 0.409375 0.0858798109375 0.409375 0.0834650890625 0.3902033734375 0.0343377984375 0.3781387421875 0 0.25537326562499996 0
7 0.56875 0.2603533359375 0.3292808390625 0.36715883125 0.3316022109375 0.4124255953125 0.341419059375 0.4921875 0.3439120671875 0.4921875 0.3626041953125 0.485590278125 0.38988594062500004 0.4719494046875 0.42584824218749995 0.4595486109375 0.42956848125 0.43350694531249995 0.44940974999999994 0.45086805625000004 0.476691496875 0.473189484375 0.499012925 0.43350694531249995 0.5287748296875 0.40126488125000004 0.56875 0.395342634375 0.56875 0.2603533359375
3 0.56875 0.2182468265625 0.6055893625000001 0.21182765781250001 0.6128037 0.20705911562499998 0.6226024734375 0.19567660625 0.626103790625 0.1955542140625 0.63599200625 0.201230365625 0.6434948265625 0.20096809375000002 0.6552108578125 0.196042190625 0.6630729843750001 0.1857310140625 0.665625 0.1728799234375 0.665625 0.1451082640625 0.66390119375 0.1360221515625 0.6494479421875 0.09036019375 0.636225396875 0.0717533484375 0.63140316875 0.06690374375 0.6257408328125 0.064592590625 0.6050534703125 0.0703339171875 0.595062378125 0.078712246875 0.5890280671875 0.07842136562499999 0.578203584375 0.073781575 0.56875 0.074805040625 0.56875 0.2182468265625
3 0.56875 0.36475587656249997 0.5841726921875 0.3634657375 0.611766528125 0.355977534375 0.6316458359375 0.35327535781249997 0.6412329031249999 0.3464166046875 0.651076396875 0.343563428125 0.655821846875 0.33938300625 0.6640625 0.325133525 0.6640625 0.29585258125 0.648859521875 0.24628836875000001 0.644544196875 0.2258647078125 0.6386448203125 0.2120200453125 0.6333224046875 0.20718792343749998 0.623720209375 0.20625 0.6160333031249999 0.20625 0.5856248859375001 0.213873425 0.56875 0.21612853593749998 0.56875 0.36475587656249997
3 0.56875 0.5109375 0.6009615578125 0.5109375 0.6113500468749999 0.5079263515625 0.62508621875 0.495402571875 0.6349617640625 0.493050090625 0.6452860609375 0.4977073640625 0.651172771875 0.50352339375 0.6701478640625 0.502358278125 0.673328646875 0.49722891562499993 0.675188515625 0.48712755625000004 0.676100215625 0.43089215156250005 0.67125936875 0.3944287078125 0.6652191078125 0.3705526234375 0.662089765625 0.36865474374999996 0.6469879656249999 0.3676771953125 0.6273650828124999 0.374384946875 0.6185734046875 0.370175915625 0.601733996875 0.357717309375 0.56875 0.36271699375 0.56875 0.5109375
6 0.7635617578125 0.26226925156249997 0.76690875625 0.283228578125 0.7634201078125 0.29137960625 0.7489079375000001 0.30744323281249997 0.7450152625 0.3171138359375 0.7256681953124999 0.320299221875 0.710380021875 0.33990269687499997 0.705102328125 0.34359990625000003 0.6986319390625 0.34432790468749996 0.688743721875 0.338651753125 0.6770858468750001 0.320993846875 0.6656076265624999 0.2983114890625 0.6613496890625 0.294445790625 0.6641450640625 0.3224498421875 0.6601241734375 0.33011765625 0.6464200578125 0.3431421359375 0.6355761890625 0.346030284375 0.6254248296875 0.3519051265625 0.6066741109375 0.356575121875 0.60625 0.3585097625 0.60625 0.3606066859375 0.6097520125 0.3655002390625 0.6245265640625 0.377027390625 0.631529196875 0.376782603125 0.6455859015625001 0.3692657921875 0.6606556484375 0.36974264375 0.667055215625 0.38356982500000003 0.672351528125 0.4114864515625 0.691390728125 0.41132272812500004 0.7186446453124999 0.406355496875 0.7615582062499999 0.41875 0.7640957234375 0.41875 0.792518925 0.3857077015625 0.8046875 0.34951495625 0.8046875 0.33639196875 0.8043386015625 0.32758554375000004 0.796708334375 0.2867032515625 0.78179366875 0.2260029046875 0.775760125 0.18657025 0.772708834375 0.18125 0.7718474796875 0.18125 0.7705018171875 0.1827395234375 0.7676542390625001 0.2009044859375 0.76824981875 0.2415308671875 0.7635617578125 0.26226925156249997
6 0.7349109281249999 0.03591959375 0.7109019015625 0.036758857812500004 0.69702485 0.0392512171875 0.6952164187500001 0.0423253375 0.684904790625 0.0456966984375 0.67388126875 0.053609298437499994 0.66889205625 0.061812781250000004 0.648313521875 0.07708483125 0.64566498125 0.082697403125 0.656206934375 0.1064161234375 0.66311340625 0.1046692484375 0.682684846875 0.1049887375 0.7295355406249999 0.1163982625 0.7472471125 0.1268191109375 0.7610533390625001 0.138881928125 0.7628744375000001 0.1438364421875 0.7705134890625001 0.1515625 0.7722045171875 0.1515625 0.775 0.1324448984375 0.775 0.11072531249999999 0.77001276875 0.090896096875 0.75305858125 0.0453215640625 0.75657928125 0.037671234375 0.7349109281249999 0.03591959375
2 0.359708359375 1 0.35632659218749996 0.9854098703125 0.391258603125 0.9083799515625 0.4115517625 0.879482115625 0.4170089703125 0.8511503015624999 0.43168459062500003 0.792109059375 0.45 0.7050280453125 0.45 0.6977722203125001 0.4448848484375 0.6935670703125 0.432912825 0.6928410609375 0.3966650515625 0.709534275 0.38828213125 0.704465934375 0.338169225 0.698821275 0.2758261421875 0.689503534375 0.22071055 0.6833926453125 0.188125428125 0.6739252140625 0.1528852515625 0.6568053703125 0.1353427921875 0.658646903125 0.1381485875 0.7604656015625 0.133846809375 0.7906589015625001 0.14283208125 0.8026037453124999 0.1461262640625 0.8062235 0.15169453125000001 0.8244753890625001 0.14639691875 0.83197124375 0.155037990625 0.83998665625 0.16833754375 0.844538871875 0.1760320578125 0.841748353125 0.18013746875 0.8433001656249999 0.178220090625 0.85539813125 0.1724922296875 0.8579821984375 0.16095045624999998 0.8621679765625 0.146753625 0.858701346875 0.1618970109375 0.8729739078125001 0.169173778125 0.8880722734375001 0.1875988421875 0.8831639156250001 0.1967562125 0.8970734765625 0.210879496875 0.9223584234375 0.22033179375 0.9283058953125 0.2367041515625 0.9226216328125 0.23516774843750002 0.9277398703124999 0.229956190625 0.9362180828125 0.24052714218750001 0.954936203125 0.24036754531249999 0.9757721609375001 0.24922999375 0.9976438046875 0.2543474328125 1 0.359708359375 1
2 0.2882135015625 0.6296875 0.2879513296875 0.6301140046875 0.271284046875 0.6437603515625 0.244156875 0.68527228125 0.39304524218750003 0.70830685625 0.43044844531250004 0.6934751296874999 0.4475092046875 0.695649728125 0.44223660468750003 0.7487469265625 0.451467521875 0.740838171875 0.45241407499999997 0.7516441031250001 0.46801198125 0.7371186234375 0.47818765625 0.753125 0.4795797046875 0.753125 0.5375 0.7082823390625 0.5375 0.7076209734375001 0.5196362828125001 0.6920436984375 0.50594325 0.671670540625 0.47544760625000004 0.65206985625 0.45880459218749997 0.632006375 0.45026174531249996 0.6296875 0.2882135015625 0.6296875
0 0.56875 0.8450161218750001 0.4735360359375 0.8132783437500001 0.3945035515625 1 0.5390286125 1 0.56875 0.9401144562500001 0.56875 0.8450161218750001
5 0.446806803125 0.7915907296875 0.43167592343749994 0.8001188406249999 0.393855715625 0.9121506234375 0.42453186406250004 0.921875 0.42705094218750006 0.921875 0.475 0.8109930343749999 0.475 0.797357303125 0.469337275 0.7882341859374999 0.46433459218750006 0.7877679578125 0.45377614375 0.7918505093749999 0.446806803125 0.7915907296875
10 0.56875 1 0.8938878718750001 1 0.8938695734375 0.9712083359375001 0.8911634562499999 0.9074182796875 0.887261975 0.8890593656250001 0.8816518 0.8770473656250001 0.87624714375 0.8705223765625 0.8566501984375 0.85610016875 0.8429033484375001 0.8516359015624999 0.82360478125 0.8512226140625 0.7250652875 0.8646077890624999 0.7127381859375 0.8593759890625 0.70506674375 0.8587998625000001 0.660056234375 0.86318985 0.6189670046875 0.8743819390625 0.5769378734374999 0.882233446875 0.56875 0.8855629234375 0.56875 1
0 0.681787059375 0.6296875 0.6818870984375 0.6306204078125 0.684437646875 0.634664721875 0.6946243062499999 0.697559640625 0.7084673453125 0.7964400859375 0.7087020875000001 0.8099585875 0.7138960484375 0.826569121875 0.723320021875 0.8328455671875 0.733611928125 0.834375 0.74694021875 0.834375 0.7713755390625 0.8324075234375 0.8124793828125 0.8252311796875 0.8769355203125 0.8106785109375 0.9059668015625 0.8002320546874999 0.9120766140625 0.796579125 0.9140625 0.7932029390625 0.9140625 0.7747260062500001 0.9075010546875 0.69496279375 0.9093421953125 0.6740241671875 0.9063057515625002 0.6296875 0.681787059375 0.6296875
4 0.8141599187499999 1 0.81407073125 0.9993126468749999 0.8118873734375001 0.9941951218749999 0.8080443453124999 0.991899184375 0.8032958234375001 0.9787216015624999 0.781402865625 0.9622167656249999 0.7649291796875 0.9562526671875 0.755901625 0.9569344953125001 0.7459195546874999 0.9502599984375 0.7234487078124999 0.944913925 0.720100140625 0.9425256187500001 0.7164187875 0.933669459375 0.7171875796875 0.9239819624999999 0.7094378890625 0.9188996703125 0.7022807 0.9066743609374999 0.6985649406250001 0.9053592703125 0.6847836828125 0.9084360703125001 0.67970663125 0.9239514906250001 0.6695086859374999 0.9429350968750001 0.6633352390625 0.9460976000000001 0.6583562281249999 0.9545623750000001 0.6520064921875 0.9602693609375 0.648050809375 0.9610083250000001 0.6451330671875 0.9580372265625 0.64167184375 0.958683821875 0.6346513578125 0.96702765625 0.633437128125 0.9732822000000001 0.63644773125 0.984775209375 0.6500965390625 0.996290121875 0.6525380453125 1 0.8141599187499999 1
10 0.726642625 0.8356606734375 0.7215853671875 0.8396192796874999 0.7136688203125 0.8566697671875 0.7178300203125 0.8614178125 0.7226225890625 0.8625 0.728726284375 0.8625 0.7946132609375001 0.8520969453125 0.8334503187500001 0.8508694625000001 0.8398146687500001 0.8491782234375 0.8440592953125 0.8428598781249999 0.85 0.8220335375 0.85 0.818516221875 0.8389633765625 0.8191986953124999 0.805227415625 0.8285148015624999 0.778032096875 0.8335951890625001 0.726642625 0.8356606734375