0 1 0.0772971375 0.8866968203125001 0.0595789265625 0.8855874421875001 0.11397105625 0.8879297578124999 0.1245683984375 0.8970529234375 0.145969978125 0.90576379375 0.1604863828125 0.91598665 0.1723160734375 0.9277272265625001 0.180972753125 0.9399947234375 0.1867886734375 0.9547420843750001 0.1915308109375 0.969031296875 0.193278146875 1 0.189959996875 1 0.0772971375
0 1 0.190332540625 0.97297156875 0.1938943234375 0.9581726281249999 0.193528853125 0.9532759453124999 0.1903271515625 0.9331049828125 0.18522407031250002 0.931993828125 0.19576855312500002 0.9357793593749999 0.20951474062500003 0.9420959875000001 0.2597090203125 0.94538898125 0.273378184375 0.957198334375 0.2761993 0.9711726765625001 0.26279441718749996 0.982071465625 0.2591396328125 0.9870713109375 0.25358799374999996 0.9959884999999999 0.250597715625 1 0.24802556406249998 1 0.190332540625
0 0.4390625 0.404131159375 0.45034669687499995 0.3952260109375 0.4711993234375 0.384358321875 0.5055853390625 0.35563205625 0.50915343125 0.345958978125 0.5088213703125 0.3322656484375 0.5050759578124999 0.3151153828125 0.5007807015625 0.302751065625 0.49302624375 0.2908201875 0.4813315171875 0.278273134375 0.46517532812500006 0.26746436875 0.4391111515625 0.259978134375 0.4390625 0.2599752546875 0.4390625 0.404131159375
0 0.4390625 0.2614088765625 0.4505808765625 0.263720528125 0.471187065625 0.2737636 0.4868106 0.287899421875 0.501334446875 0.31160713281249997 0.516499834375 0.32274815 0.5449751015625 0.334996165625 0.5641667296875 0.3394589078125 0.58901120625 0.32483072343749997 0.5916744671874999 0.3081954453125 0.5925853734375 0.2727728046875 0.5908444859374999 0.25301285 0.5884333953125 0.24825106875 0.5761372421875001 0.24486663125 0.569373584375 0.2326035015625 0.5620142328125001 0.22901669062500002 0.48320308125 0.21717949218750002 0.46401145312500003 0.2127167515625 0.4452665109375 0.21222140312499999 0.4390625 0.21416994687500002 0.4390625 0.2614088765625
0 0.4390625 0.41875 0.6056633296875 0.41875 0.6034028906250001 0.40162180156250005 0.5683530937500001 0.361062865625 0.5556159875000001 0.353224734375 0.538337184375 0.353933046875 0.51506200625 0.36101155 0.49025191562500003 0.37272195468749997 0.4524869359375 0.39507350625000004 0.4390625 0.4075013140625 0.4390625 0.41875
0 0.5891683640625 0.018410915625 0.584987384375 0.03821920625 0.5533559796875 0.0844279875 0.5502517671875 0.0966095734375 0.5500511765625 0.1136299578125 0.554266196875 0.13280243125 0.5648440390625 0.15638026562500001 0.573577834375 0.16895148437500002 0.590615928125 0.188667634375 0.5969730203125 0.1935592921875 0.5976894140625 0.1327722 0.5942754296875 0.01385043125 0.5914622953124999 0.013410517187500002 0.5891683640625 0.018410915625
0 0.5799177312499999 0.1753020328125 0.5658291078125 0.15653430937499999 0.5538137828125 0.1293213328125 0.5506927203125 0.10106326406249999 0.5574166046875 0.07483192968749999 0.535802425 0.066580003125 0.5289069515625 0.0655016984375 0.525413365625 0.0688529171875 0.48870761093750004 0.126935196875 0.47557505625 0.1526515453125 0.49013901875 0.17295517968750002 0.5028532015625 0.18273849375 0.5509553171875 0.204389240625 0.5671745484375 0.2098487421875 0.5796082484375 0.20156205625 0.5939719671875 0.1969875328125 0.5969672890625001 0.1940455875 0.5799177312499999 0.1753020328125
1 0 0.41875 0 0.5738972718750001 0.0163192484375 0.5718196484375 0.0708476546875 0.5564569828125 0.10910194375 0.55100663125 0.1305612921875 0.5447534609375 0.13500019531250002 0.5425367484375 0.138005078125 0.5382557718750001 0.138123765625 0.5357087828125 0.1371344765625 0.5295737828125 0.1368279953125 0.5033131234375 0.13309844843750002 0.441051009375 0.13291030312500002 0.41875 0 0.41875
3 0.1370432375 0.41875 0.13551758125 0.4219752703125 0.1325064125 0.43186406718750003 0.132309521875 0.45250801406249996 0.1340912140625 0.48542196249999997 0.1356076140625 0.4966642796875 0.1386830046875 0.5018160515625001 0.15139440625 0.508155559375 0.1651725921875 0.5134940546875 0.174494425 0.5159508374999999 0.179822084375 0.5165535984374999 0.1852328265625 0.5153734640625001 0.1935535 0.5119499453125 0.20173803281249997 0.5059749921875 0.211422215625 0.49518298906249997 0.2193163140625 0.4899676859375 0.227026796875 0.48321974375 0.244646971875 0.46084052187499996 0.2685261546875 0.42455066874999997 0.272714278125 0.41875 0.1370432375 0.41875
1 0.4390625 0.41875 0.271182271875 0.41875 0.2669259734375 0.4260521875 0.2650409359375 0.43366647656249996 0.2729978546875 0.46541363125 0.27539184375 0.4687691765625 0.2821535234375 0.4714362 0.285691096875 0.47761565937499995 0.28484911562500004 0.4847383359375 0.28179675625 0.4900381078125 0.28199782500000004 0.4966691703125 0.28670830468749997 0.510516271875 0.2929763734375 0.5401947125 0.2953466265625 0.5440596531249999 0.32448573281250004 0.5481367031250001 0.435460371875 0.552876753125 0.4390625 0.5527330671875 0.4390625 0.41875
2 0 0.7674474124999999 0.0107897453125 0.7616280984375 0.0384843671875 0.7419736953125 0.0656393109375 0.72842761875 0.0804612515625 0.7223135578125 0.091608775 0.7184295453124999 0.10933436249999999 0.7156799171875 0.12003157499999999 0.71051351875 0.1486735953125 0.703366034375 0.17873776875 0.698537515625 0.1988217390625 0.699907528125 0.204060734375 0.6969400578125 0.2054891703125 0.6936512015625 0.2066397453125 0.6799063546874999 0.203033765625 0.6314113171875 0.20365863593750003 0.5906372671875 0.20238589999999998 0.568693153125 0.198707303125 0.5436481953125 0.196147853125 0.53289749375 0.191709653125 0.5241532624999999 0.188491834375 0.5220578765624999 0.186198378125 0.522017865625 0.16868014375 0.5257907312500001 0.1502668671875 0.5323519515624999 0.1361263296875 0.5402622421875 0.128072353125 0.543435509375 0.0575491015625 0.5572445953124999 0.032960596875 0.564972609375 0.0149683125 0.567972490625 0 0.571621546875 0 0.7674474124999999
4 0.2516661765625 0.6987902140625 0.255553528125 0.7029365296875 0.2576277640625 0.7022079984375 0.2624876578125 0.69642995 0.27053046875 0.6825504390624999 0.2870950203125 0.6718784718749999 0.289436653125 0.659938746875 0.2943914984375 0.65212310625 0.29762259375 0.6320419078125 0.3040659203125 0.6087029734375 0.30598097968750004 0.5949714625 0.30612969218749997 0.5863072546875 0.3091464421875 0.5817715796874999 0.3098103953125 0.5784693859375001 0.3100896640625 0.5670034921875 0.3073109921875 0.5554842484375 0.302860921875 0.5469947140625 0.29497939375 0.540994375 0.289617534375 0.5192338265625 0.2827916296875 0.50152623125 0.2813876328125 0.4933447484375 0.281672484375 0.487231975 0.2856848125 0.4832234796875 0.28644371562500004 0.47788369375000006 0.2844825875 0.4707121140625 0.282017384375 0.46888476562500003 0.280233584375 0.46885364531249996 0.2638589328125 0.4754504296875 0.241776821875 0.48959481875 0.237432871875 0.489773940625 0.22870377656250002 0.4855431546875 0.22255228906250002 0.48620055312500005 0.2203356296875 0.48998546874999993 0.219333765625 0.495066109375 0.2156293265625 0.5034133765625001 0.2153207359375 0.5100355484375 0.2175485625 0.5169568734375 0.2173349234375 0.5215414546874999 0.2198825046875 0.5325468546875001 0.22036772187500003 0.5440260875 0.22460973437499998 0.562453321875 0.22755386875 0.5813677234375 0.22972094375 0.6114844328125 0.23474559843749998 0.6240624828125 0.2386378328125 0.6445228625 0.24163014375 0.651457528125 0.24811673281250002 0.6928654546875 0.2516661765625 0.6987902140625
0 0 0.9415866703125001 0.023935332812499998 0.9283110125 0.050195232812500004 0.9175532859375 0.0771309546875 0.90323866875 0.09136644375 0.8932907875 0.143039378125 0.862583946875 0.153321884375 0.8553710656250001 0.17847380625 0.8410253265625001 0.1948428734375 0.8290754203125001 0.206061609375 0.8236632140625 0.2108977671875 0.8183945609375 0.22012535 0.8119279921875 0.2304909375 0.80293221875 0.23851000937500003 0.78956210625 0.24030638125 0.7783775859375 0.2408404765625 0.7669161375 0.238737625 0.75184 0.23191172187500003 0.73413240625 0.2200723296875 0.714553003125 0.20761017656249997 0.70286481875 0.1931149796875 0.6964941890625 0.18042103437499998 0.6952531046875 0.161480646875 0.696707009375 0.1364893046875 0.7021338421875 0.1136315421875 0.7055586500000001 0.0818010234375 0.715454471875 0.07493810625 0.720432859375 0.0456970625 0.7349621625 0.0398771984375 0.7394489375 0.013948921875 0.7540360359375 0 0.7627858671875 0 0.9415866703125001
2 0.4390625 1 0.4390625 0.8190266234374999 0.43051310468750004 0.8122846796875001 0.41933067812499997 0.8059718468749999 0.4148031109375 0.8046183296875 0.3605127828125 0.803926075 0.3560326921875 0.8015537625 0.3489868625 0.7940385671875 0.3166013203125 0.7720614640625 0.3100826 0.7696535843750001 0.3009799890625 0.76796534375 0.29156320625 0.7675461484375 0.2623228625 0.7711145125 0.246730853125 0.7718621156250001 0.24181789999999997 0.7733058390625001 0.240182109375 0.775571453125 0.23992099531250002 0.7811748281249999 0.23687421875 0.7918277218750001 0.2325833265625 0.7963411703125 0.22953096718750002 0.8016409421875 0.2207062203125 0.8104086921875 0.21200016093750002 0.8166294515625001 0.20661874062500002 0.8226533078125 0.196235703125 0.826550659375 0.19252567812500002 0.8295448046875 0.1918854640625 0.8323376 0.2017392875 0.8562157640624999 0.21324147187500003 0.8666126703125 0.2233277890625 0.86908279375 0.22578112187500002 0.8711648406249999 0.2300713140625 0.8776123375000001 0.2335139375 0.8858293875000001 0.2405890875 0.89818830625 0.24537078124999998 0.9105072140625001 0.24852855312500002 0.9248370375 0.25623134531249997 0.9456188015624999 0.259436590625 0.9589298296875001 0.268817065625 0.9710740625 0.27939488749999997 0.9794155953124999 0.28443769531249996 0.9861311265625 0.2871039640625 0.9945895374999999 0.2872761703125 1 0.4390625 1
1 0.4390625 0.5579552249999999 0.40909435624999996 0.5549658265625 0.36152452031250004 0.552351571875 0.32015365 0.5480611234375 0.31721997968750004 0.5508139078125 0.3156728546875 0.5566497546875 0.311358221875 0.5616725984375 0.30955626718749996 0.567503996875 0.308292590625 0.5891489546875001 0.3037684984375 0.6260313875 0.30309056874999996 0.6624711078125 0.3002734796875 0.69555973125 0.288395671875 0.720588196875 0.282071734375 0.7304191984375 0.28085065 0.7347312968749999 0.28116412031250004 0.744423190625 0.2855255234375 0.7493424937500001 0.3025627203125 0.7613654000000001 0.31287384375 0.7699571859375001 0.350456490625 0.795338734375 0.360465309375 0.8049448703125 0.4155794640625 0.80437696875 0.4340458 0.8021500765624999 0.4390625 0.80114189375 0.4390625 0.5579552249999999
6 0.301923246875 0.660156590625 0.299617921875 0.6603712765624999 0.2920435796875 0.669670653125 0.2841850875 0.674121859375 0.27723350625 0.6755300171874999 0.27279460312500003 0.677746728125 0.26171130468750003 0.6966713109375 0.25715371249999996 0.7014350109375 0.2551269546875 0.7011447453125 0.253669196875 0.6995898765625 0.2489705859375 0.6854880781249999 0.243668771875 0.65149309375 0.23933739062499998 0.6404565718749999 0.236991578125 0.625121290625 0.2314342328125 0.6020828015624999 0.2251787359375 0.56118871875 0.218922534375 0.5312555765625 0.21566352656249999 0.5245711656250001 0.2122264859375 0.5217072375 0.210863678125 0.518114778125 0.2066621515625 0.5152375124999999 0.20508012187500002 0.5108765109375 0.2033556671875 0.509571896875 0.2013170421875 0.5095363296875 0.1978737140625 0.5122802234375 0.19456094375 0.5122224281250001 0.192948890625 0.5139786453124999 0.1928776796875 0.5155068390624999 0.19532472812499999 0.5231967078124999 0.2002823453125 0.5645779609374999 0.2045131546875 0.665339615625 0.211415153125 0.69783308125 0.2148933828125 0.7052860359374999 0.22419077656250003 0.7192131609375 0.23445442343749998 0.7288237421874999 0.2562090890625 0.7381249859375 0.2625679296875 0.7384908296875 0.27337754375 0.7363852609375 0.2791736703125 0.7324078859375 0.28566935625 0.7243642218749999 0.291157596875 0.7160480734375 0.2968119984375 0.70416614375 0.3021710875 0.6767297984375 0.3028832171875 0.6614478671875 0.301923246875 0.660156590625
7 0.6802245203125 0.56976126875 0.6712649640625 0.56172081875 0.66235056875 0.556651625 0.6478454906250001 0.5537588703124999 0.6003165312500001 0.5558658390625 0.585899059375 0.5534513515625 0.5787314140625 0.5470189890625 0.580780721875 0.5391333796875 0.5720867078125 0.537991978125 0.563912915625 0.5287916765625 0.5570957062499999 0.5242723828125 0.5491450109375 0.524464121875 0.5394078312499999 0.5339762703125001 0.5200238015624999 0.558943084375 0.5240908296875 0.56752185625 0.533530878125 0.5754606484375 0.53707225625 0.5811698203125 0.5480386734375 0.583817653125 0.5513172234375 0.588092025 0.5550636796874999 0.6548644796875001 0.5579520609374999 0.6651830265625 0.5669143328125 0.678687728125 0.5929169140624999 0.6980264140625 0.6219325031249999 0.714740425 0.63950118125 0.7289082609374999 0.6543196796874999 0.7471355734375 0.6690135515625 0.7783061109375 0.6854487421875 0.79718498125 0.7619779937500001 0.8689275109375 0.8034972281249999 0.9048553953125001 0.8218065109375001 0.9148921218750001 0.8522608609375 0.9258369046875 0.868032196875 0.927468153125 0.8805249843750002 0.9248250265625 0.884411365625 0.921518765625 0.8890780828124999 0.9061241531250002 0.8979391718749999 0.8918293390625 0.9014326703125001 0.889103003125 0.9223566468750001 0.8861664796875001 0.9296462015625 0.8741913640625001 0.9285018562499999 0.8570454 0.9189181765625001 0.8238000828125 0.9169456171875 0.8103069609375 0.9096000390625001 0.7974538171875001 0.8905447234375 0.7806196984375 0.8839424640625001 0.7690996953125 0.873713934375 0.7568565046875 0.8581123859375002 0.745253290625 0.83577580625 0.7186805515625 0.81427286875 0.69938346875 0.7922867265625 0.6747237953124999 0.7755489750000001 0.6623673671875 0.7490261703125001 0.6510875796875 0.725078328125 0.63479178125 0.709866946875 0.6171443937500001 0.69268300625 0.586003884375 0.6802245203125 0.56976126875
7 0.823020715625 1 0.8210506093750001 0.9761587203125 0.8230068796874999 0.9568663453124999 0.8219817296875 0.9158486546875 0.778328290625 0.8927923640625 0.756743175 0.8839455140624999 0.7365570874999999 0.8772866796875001 0.6988529140624999 0.87035976875 0.6759988265625 0.8573101781249999 0.6654280046875 0.8595466703125 0.6605806390625 0.863056246875 0.6536839656250001 0.8744514359375 0.6438221625 0.896906809375 0.6316879562500001 0.9178557515625 0.6181628640625 0.9530094265625 0.61778355625 0.9809106015625 0.6208836140625 1 0.823020715625 1
0 0.775681746875 0.6658168921875001 0.7805742734375001 0.665278571875 0.8072560078125001 0.6447293937499999 0.8163799218750001 0.6318693796874999 0.8310999515624999 0.627761425 0.8500540828125001 0.616796028125 0.8552040062499999 0.6067640078125 0.85336421875 0.596720409375 0.846764675 0.5906646578125 0.8367592406250001 0.5878135062500001 0.824046071875 0.5865288421875 0.8103294734375 0.587940484375 0.79525629375 0.584671121875 0.7737985187499999 0.568345296875 0.7588553953125 0.5630612078125 0.7425159578125 0.5610533546875 0.728101203125 0.5641031156249999 0.7222052437500001 0.5673377453125 0.69600671875 0.5932495140625 0.6970580249999999 0.5989887125 0.706808778125 0.6167978140625 0.7261720828125 0.6380379890625 0.7416860234375 0.6491629359375001 0.7730589078125 0.6623973937500001 0.775681746875 0.6658168921875001
7 0.8999196140624999 0.657416496875 0.8893433625 0.6487244875 0.9126300656249999 0.6532369109375 0.90080285625 0.5886709234375 0.86283856875 0.5857734609375 0.8469823390624999 0.5891281984375001 0.853451828125 0.5971986765625 0.8549411796874999 0.6053292078125 0.852323771875 0.612838209375 0.8477392343750001 0.6177825875 0.8484401046875 0.6216087203124999 0.85783770625 0.6320405046875 0.8387453734375001 0.628627878125 0.8347686671875 0.625991621875 0.8168604140625 0.6317677203125001 0.796735778125 0.6608656421875001 0.792374334375 0.6752020625 0.8415471390625001 0.7283891468749999 0.8659357421875 0.7525405265625 0.8690815203125 0.753365375 0.8979823484375 0.714958621875 0.9129516296875 0.68496421875 0.9101481437500001 0.6696596875 0.8999196140624999 0.657416496875
7 0.5891698046875 0.41875 0.5892000578125 0.4270619953125 0.5950644281249999 0.44817735625 0.6000472796875 0.453581553125 0.6083059671875001 0.45779587031249996 0.6035119078125 0.48066945624999996 0.6048341875000001 0.5042362046875 0.6099552390625 0.5240184250000001 0.621588228125 0.5493781312499999 0.6253472671875 0.5535508453125 0.6295416375 0.5546506421874999 0.650773603125 0.5561201765625 0.6665901015625 0.5607226796875 0.6775592359375 0.5688347625000001 0.6850773171875 0.5771801890624999 0.6943900234375 0.59259795625 0.6969677015625 0.593046196875 0.7010293015625 0.59069646875 0.71587395625 0.573645290625 0.7296302859375 0.5642764046875 0.742123075 0.5616332796875 0.7644912406250001 0.5638560296875 0.76955355625 0.5533457421875 0.7811250921875 0.5429486921875 0.7947938140625 0.5331015406249999 0.81527703125 0.5223094328125 0.8172414453125001 0.51940980625 0.7645724265625 0.46348480781249995 0.7525944328125 0.447140534375 0.7502317078124999 0.43969158750000004 0.7230504765625 0.42209267500000003 0.7147563734375 0.41875 0.6914304734375 0.41875 0.6910273124999999 0.4189318421875 0.6678760953125 0.4233331921875 0.6577884796875 0.430932275 0.6488713718750001 0.4203988328125 0.6480941078125 0.41875 0.5891698046875 0.41875
0 0.8299175953125 0.5341159624999999 0.8162804609375 0.519613125 0.8078519875 0.525370771875 0.79291429375 0.5310151828125 0.7719533000000001 0.5473732 0.76496901875 0.5582901203125 0.765234559375 0.5651891703125 0.7772071234375 0.57060494375 0.795912003125 0.5855259953124999 0.8039503078125 0.585812521875 0.8094561 0.5886220671875 0.8295943078124999 0.5868453953125 0.84370650625 0.590318075 0.85296590625 0.586371834375 0.8585114296875 0.5812241390625 0.8611342671875001 0.5846436374999999 0.8785647453125 0.5844334484375 0.8696024734375001 0.5709287484375001 0.8444281046875 0.5479372171875 0.8271303984374999 0.55159693125 0.8299175953125 0.5341159624999999
7 0.4390625 0.63331088125 0.455726496875 0.66296460625 0.46228087812499996 0.6660491000000001 0.4950925234375 0.6735143328125 0.5185968937500001 0.6764902968750001 0.5483503703125 0.68360895 0.5639464890625 0.6842836625000001 0.571244190625 0.6887012984374999 0.5760491078125 0.6876847109374999 0.5680080875 0.681933934375 0.5573839609375 0.66480641875 0.5540972656250001 0.6441392968749999 0.55416315625 0.600903565625 0.55201809375 0.5919181578125 0.5433665265625 0.5882837656250001 0.5346670812500001 0.5762138640625001 0.524746540625 0.56837673125 0.5207671203124999 0.5602762265625 0.521988215625 0.5560434578125 0.5400635421875 0.5348311453125 0.5512421953125 0.5250140203125 0.5555666218749999 0.5240990921875 0.5622086140625 0.5276618546874999 0.571606215625 0.5380936375 0.5805630578125001 0.5406698390625 0.5794322859375 0.550845121875 0.585200903125 0.5550894671875 0.6045985093749999 0.557443903125 0.62111045 0.5549440406249999 0.623730575 0.5528992875000001 0.620011265625 0.5407693328125001 0.6049245109375 0.5101787203125 0.58543115 0.4909532703125 0.5724921734375 0.4748123140625 0.5578516078125 0.46300578437500006 0.5338640328125 0.45466722812500004 0.5112782015625 0.4539809359375 0.449116821875 0.46067412656249995 0.4390625 0.46081788125 0.4390625 0.63331088125
7 0.5028699890625 0.8522080375 0.5037993843749999 0.8763547109375001 0.5018909921875 0.9040825937499999 0.512597296875 0.9107598765624999 0.5293965 0.9588730625 0.5452554468749999 0.9609825749999998 0.5721657046875 0.9607539375 0.5823463578125 0.9645616218749999 0.5945338703124999 0.9629766859375 0.6102573296875 0.9561724250000001 0.623705671875 0.9423974812499999 0.6279343453124999 0.9246115374999999 0.6482739296875 0.8885129062499999 0.6622795125 0.853257571875 0.6685574937500001 0.8275860187500002 0.671341975 0.8046407999999999 0.66800740625 0.7755381703124999 0.6612272125 0.757597384375 0.6478926375 0.7365721046875 0.6343431109375001 0.7225475328125001 0.615901059375 0.7090612796875 0.5882844984375 0.6945352859374999 0.5383449359375 0.6807577984375 0.5162820421875 0.6774768578125 0.494789965625 0.6800367734374999 0.47312538593750003 0.6871044078125 0.470855696875 0.6910622265624999 0.4781588296875 0.7064083609375 0.4833168984375 0.7127690906249999 0.48681854218750004 0.726435503125 0.4863146078125 0.7672799015624999 0.5028699890625 0.8522080375
7 0.9077656812499999 0.7983387171875 0.9161571375000002 0.8060025609375 0.920569171875 0.8055659000000001 0.9384747109374999 0.794325553125 0.9213909625 0.7010635703125001 0.8983779453124999 0.71984294375 0.8919138875 0.7227009671875 0.8694744015625 0.75278545 0.9077656812499999 0.7983387171875