1 0.45594498124999994 0.61875 0.4565654171875 0.5364933328125 0.4551940859375 0.4662333375 0.4578125 0.422177890625 0.4578125 0.41766158750000004 0.4571794171875 0.39547855468750004 0.45217962656250005 0.34748405312499997 0.4331516671875 0.2702970140625 0.41885862031250004 0.22576603281250002 0.40167110156249997 0.1545164609375 0.3950640125 0.146105053125 0.3877050140625 0.14264153125 0.3529063671875 0.1357144890625 0.33667214687499997 0.13521970156250002 0.3127105609375 0.1456102640625 0.2804697609375 0.149568571875 0.2328956296875 0.18964645625 0.20894921093750002 0.223786878125 0.1547610734375 0.29256250625 0.110162821875 0.343030953125 0.086228815625 0.38063489375000004 0.0735444015625 0.39448897656250004 0.0696634703125 0.4048795390625 0.06255694375000001 0.4132909484375 0.0678842953125 0.4500329984375 0.1533716734375 0.5295662921875001 0.170157740625 0.5473786859375 0.18269175625 0.5696441765625 0.2092263546875 0.5938888234374999 0.219195484375 0.61875 0.45594498124999994 0.61875
0 0.814501953125 0.215771484375 0.816455078125 0.219189453125 0.816455078125 0.228466796875 0.811572265625 0.270458984375 0.815966796875 0.275341796875 0.850146484375 0.279736328125 0.872607421875 0.287060546875 0.898486328125 0.283154296875 0.917041015625 0.284619140625 0.938525390625 0.291943359375 0.9688197546874999 0.296875 0.9890625 0.296875 0.9890625 0.295849609375 0.967822265625 0.225048828125 0.883837890625 0.213330078125 0.831103515625 0.210400390625 0.818896484375 0.212353515625 0.814501953125 0.215771484375
0 1 0.32626201875 0.994384765625 0.308984375 0.975830078125 0.3001953125 0.939697265625 0.29091796875 0.921142578125 0.28359375 0.897216796875 0.281640625 0.876708984375 0.2875 0.860107421875 0.29873046875 0.845947265625 0.3158203125 0.837158203125 0.334375 0.831298828125 0.3578125 0.831298828125 0.3822265625 0.836669921875 0.40322265625 0.848876953125 0.42421875 0.858642578125 0.43349609375 0.870361328125 0.44033203125 0.883056640625 0.4447265625 0.889208984375 0.4453125 0.8999812203124999 0.4453125 1 0.43945554375 1 0.32626201875
0 1 0.61875 1 0.550378715625 0.964453125 0.53173828125 0.9322265625 0.51904296875 0.93125 0.52490234375 0.94052734375 0.5986328125 0.94931640625 0.61083984375 0.952035521875 0.61875 1 0.61875
0 0.9081740921874999 0.61875 0.90341796875 0.53076171875 0.901953125 0.525390625 0.89560546875 0.5205078125 0.86826171875 0.48876953125 0.853125 0.482421875 0.839453125 0.47265625 0.83212890625 0.4716796875 0.79501953125 0.4736328125 0.7701171875 0.498046875 0.7583984375 0.51220703125 0.7525390625 0.52685546875 0.75205078125 0.54150390625 0.75546875 0.54931640625 0.76669921875 0.5615234375 0.8077295843750001 0.61875 0.9081740921874999 0.61875
0 0.86435546875 0.16259765625 0.8541015625 0.1884765625 0.8453125 0.205078125 0.84482421875 0.21044921875 0.90048828125 0.21533203125 0.9625 0.224609375 0.9673828125 0.2236328125 0.94541015625 0.1513671875 0.90244140625 0.14501953125 0.88583984375 0.14501953125 0.87314453125 0.15234375 0.86435546875 0.16259765625
0 0.759375 0.30615234375 0.7564453125 0.30419921875 0.75595703125 0.29931640625 0.77646484375 0.28076171875 0.79453125 0.2763671875 0.8091796875 0.26806640625 0.8150390625 0.255859375 0.81845703125 0.22412109375 0.8169921875 0.21533203125 0.82529296875 0.2119140625 0.84140625 0.2109375 0.85068359375 0.19482421875 0.853125 0.18310546875 0.851171875 0.17041015625 0.8482421875 0.1650390625 0.80087890625 0.14599609375 0.77109375 0.13134765625 0.76572265625 0.12646484375 0.76328125 0.12109375 0.74765625 0.11376953125 0.7408203125 0.11279296875 0.737890625 0.115234375 0.730078125 0.1376953125 0.7046875 0.19140625 0.7046875 0.3310546875 0.71005859375 0.33154296875 0.71640625 0.32666015625 0.71982421875 0.3212890625 0.7193359375 0.31298828125 0.72568359375 0.3115234375 0.74033203125 0.3232421875 0.75205078125 0.3271484375 0.757421875 0.33447265625 0.7681640625 0.34130859375 0.769140625 0.322265625 0.7623046875 0.31396484375 0.759375 0.30615234375
0 0.7642578125 0.4306640625 0.76669921875 0.447265625 0.7740234375 0.45556640625 0.7916015625 0.4658203125 0.8072265625 0.46875 0.812109375 0.47265625 0.83212890625 0.4736328125 0.83017578125 0.46923828125 0.821875 0.46337890625 0.7974609375 0.44921875 0.78818359375 0.44677734375 0.7837890625 0.439453125 0.77890625 0.435546875 0.7642578125 0.4306640625
0 0.8345703125 0.3505859375 0.84482421875 0.322265625 0.8638671875 0.29833984375 0.87802734375 0.28564453125 0.85361328125 0.27880859375 0.80625 0.27392578125 0.79306640625 0.27587890625 0.77841796875 0.28076171875 0.77060546875 0.28564453125 0.7603515625 0.2958984375 0.75791015625 0.30517578125 0.759375 0.3134765625 0.76279296875 0.31982421875 0.76181640625 0.3369140625 0.773046875 0.349609375 0.7916015625 0.36572265625 0.81015625 0.37548828125 0.83017578125 0.37939453125 0.8345703125 0.3505859375
9 0 0.61875 0 0.9354782953124999 0.0401062296875 0.9384992828125001 0.0434694078125 0.9373975171875 0.0454769046875 0.93308416875 0.053125 0.8934312953125 0.053125 0.876882834375 0.047708059375 0.872930225 0.0469494734375 0.8661540578124999 0.04380356875 0.8647475171875 0.0370772125 0.8669510515625 0.0361013546875 0.86268319375 0.0467332671875 0.8597736546875 0.0489033171875 0.8569123421875 0.0525443390625 0.8004539890625001 0.04826375 0.76221705625 0.0374772671875 0.697009203125 0.028270840624999998 0.61875 0 0.61875
9 0.06394441875 0.61875 0.062615503125 0.6349674078125 0.056742259375000006 0.76046841875 0.05 0.8361862203125 0.05 0.84738165 0.0502761796875 0.85397915625 0.0529880765625 0.855957959375 0.056584240625000004 0.85625 0.0607706125 0.85625 0.0635658046875 0.852564409375 0.0704406265625 0.85625 0.0705103046875 0.85625 0.1185681765625 0.8500287484375001 0.1488357078125 0.8490015578125 0.15849123125 0.84626851875 0.16576103125 0.8355720312500001 0.168209990625 0.7684654203125 0.1741273015625 0.7278912078124999 0.1797232328125 0.6533024265625 0.184375 0.6236310296875 0.184375 0.61875 0.06394441875 0.61875
9 0 1 0.272545396875 1 0.2624810796875 0.9100991687500001 0.2523920796875 0.9089601140625 0.0937830140625 0.938125625 0.03151084375 0.9513577734374999 0.0124707203125 0.959243909375 0 0.9679145703125 0 1
9 0.0528504390625 0.9306665390625 0.0696100109375 0.9424511171875001 0.13866219062500001 0.9319438078125 0.2547441390625 0.9099721000000001 0.2614699625 0.912212921875 0.260113215625 0.9178900546875 0.2630939046875 0.9400663484375 0.26504561875 0.9486020578125001 0.26792006874999996 0.9520329000000001 0.3173355625 0.9485319531249999 0.3289980484375 0.9459299234374999 0.33198193125 0.9414400734375 0.3359496609375 0.8745527203125001 0.33118034375 0.8408483953125 0.31116436406250003 0.8444666765625 0.27059109375 0.8424187640625 0.154565459375 0.8470970546875 0.0900159328125 0.8533337765625 0.06511800625 0.8578345671875001 0.05464865 0.8621961406249999 0.0506341890625 0.8663784812499999 0.050576278125 0.8970049703124999 0.0476981015625 0.9246846296874999 0.0528504390625 0.9306665390625
9 0.1843746453125 0.61875 0.18382850625 0.6279888515625001 0.17834520468749998 0.6679908015625 0.1754096484375 0.7218525921875 0.16851434999999998 0.775936378125 0.16736955 0.8235487718750001 0.1718711375 0.8281668968750001 0.17696982187500002 0.8292204359375 0.221395 0.8256339734375 0.25914800625 0.82473505625 0.2747697015625 0.8263553874999999 0.2806280375 0.8252963796875001 0.2827980859375 0.8224350671874999 0.28263713125 0.8076499593750001 0.2874139 0.7791332859375 0.29175985625 0.7245227296875 0.291763584375 0.6934122296874999 0.2936637765625 0.6792421421875 0.2927989484375 0.653720525 0.29881866874999996 0.61875 0.1843746453125 0.61875
4 0.51875 0.721604675 0.5080258093750001 0.7209824953125 0.4726064734375 0.71158341875 0.464036775 0.7062192656249999 0.4560641703125 0.6972905296875 0.44879596875 0.6946539453125 0.43409541406249996 0.701261815625 0.4325761109375 0.7054869109374999 0.42644632031249996 0.7085702203124999 0.42481865 0.7118272937500001 0.4120166875 0.717598146875 0.40279464374999996 0.7242032796875 0.3972066984375 0.7321267046875001 0.3955243125 0.7393441265625 0.3889605109375 0.7429996937500001 0.390478746875 0.7476633125000001 0.40674959218750006 0.7639805015625 0.4684241359375 0.758757296875 0.494839765625 0.76336448125 0.5098643640625 0.768549396875 0.51875 0.7705410109375 0.51875 0.721604675
4 0.51875 0.61875 0.3754289171875 0.61875 0.3823563671875 0.6306179671875001 0.388051084375 0.6369956359375 0.3884303765625 0.64038371875 0.3854464921875 0.64487356875 0.374705678125 0.65125944375 0.3705823171875 0.6589181171875 0.3584311046875 0.66605275625 0.3366233046875 0.6848091453125 0.329408753125 0.6871009328125 0.32203111875 0.6923850390624999 0.300979240625 0.74013938125 0.2992941890625 0.7695785875000001 0.3014626421875 0.780050346875 0.303523790625 0.780665365625 0.314318790625 0.7747635046875 0.3220767828125 0.7639787640625 0.3252248203125 0.7476078796875 0.3384103328125 0.7096702515625 0.34464955937499997 0.6986662515625 0.3583737265625 0.6922348859375 0.38658064531249997 0.68614831875 0.4003053421875 0.6752725953125001 0.40372270468749993 0.6746548390625 0.4115332875 0.6776871828125 0.42281435 0.6894744984375001 0.4217279921875 0.7020160484375 0.42926765156249996 0.702628334375 0.447059928125 0.6969429953125 0.45156205 0.6971167625 0.4707078796875 0.712420434375 0.51875 0.7245992593749999 0.51875 0.61875
6 1 1 1 0.772169253125 0.9860654562499999 0.7714697875 0.9556839890625 0.77789290625 0.9206292578124999 0.7904699390625 0.9061075234375 0.78970086875 0.89134905 0.7863864578124999 0.8903466468750001 0.75751836875 0.8891120265625 0.7548854828125 0.8814181453125001 0.756230159375 0.870522359375 0.7689069843749999 0.864379246875 0.7794761796875 0.851283959375 0.8323532281249999 0.8357958328125001 0.8648237625 0.83143721875 0.8679757859375 0.828155896875 0.8752616421875 0.8254514296875 0.8770440390625 0.8198581953125 0.8775631781250001 0.814841809375 0.8725788578125 0.8073576890625 0.87192228125 0.8045483359375 0.8747053078124999 0.8036298703125 0.8786640515624999 0.8070715234375001 0.889064284375 0.8197578343749999 0.907344353125 0.8180797265624999 0.923354409375 0.8255668578125 0.9431980156249999 0.8292437421875001 0.9465500765625 0.834679653125 0.9475318796875 0.841191359375 0.9430540000000001 0.849436621875 0.9412527796875001 0.8615700421875001 0.9503958749999999 0.88339310625 0.958369378125 0.9086308531249999 0.9721965109375 0.9700530671875001 0.9770801328125 0.9726796296875001 0.980844965625 0.9744671374999999 0.992614821875 0.966905109375 0.9975054765625 0.9658701781249999 1 1 1
6 0.588138934375 0.61875 0.584835209375 0.619947415625 0.57877000625 0.624969384375 0.5697126625 0.6393222359374999 0.5614704125000001 0.6603104875 0.5519216578125 0.7225871406250001 0.5463553984375 0.7276528796875 0.5312298390625 0.7278406687500001 0.5227223703125 0.7321434609375 0.5259272875 0.73999835 0.5333859375000001 0.7457018421875 0.5371946796875 0.7525998734375 0.539617503125 0.796740021875 0.5431640390625 0.8061396265624999 0.5510437265625 0.8174341187499999 0.5668585484374999 0.8587098203125001 0.5732414078125 0.869872996875 0.5818103578125 0.9226309796875001 0.5938928421874999 0.9418679046874999 0.6146670921874999 0.9598476937499999 0.6295049796875001 0.967208390625 0.683628878125 0.9840746078125001 0.6993597671874999 0.992523478125 0.712883621875 0.993205003125 0.7279027953125 0.984424328125 0.7681327390625 0.984924190625 0.8076524718750001 0.9777880203125001 0.827030259375 0.9658553203124999 0.8464874609375 0.9579689078125 0.8542068109375001 0.9515773124999999 0.8563853640625 0.945204540625 0.8528658015625 0.9403515375 0.8453292421875 0.940195275 0.8350627484375 0.9468683265625 0.8306247171875001 0.9459740640625001 0.8265537703125 0.941577603125 0.8194082578125 0.9232787109375 0.8214804250000001 0.9083130546875001 0.806429759375 0.8837665828125001 0.8071114921875001 0.877262496875 0.8107868671875 0.8710210437499999 0.80445795625 0.8689510671875 0.7982084546875 0.8709273765625 0.7776230234374999 0.8847737890625 0.7543061468750001 0.895856 0.728256321875 0.89458049375 0.721533346875 0.89146611875 0.7033062453125 0.8732048718750001 0.689256475 0.8679329750000001 0.6767020234375 0.8531988765625 0.6512545125 0.8413730000000001 0.635234446875 0.8308791 0.6317148828125 0.826026096875 0.6332371734375 0.821110496875 0.6417176687499999 0.8122611046875001 0.6370429015625 0.8088214984375 0.6359131625 0.805187984375 0.6353842359375 0.7814105828125 0.615867059375 0.7418297359375 0.6113211359374999 0.7227490750000001 0.5948230750000001 0.67838394375 0.5898306484375 0.6587591953125 0.5974690765624999 0.6387278000000001 0.603429396875 0.6347064625 0.630186421875 0.6244309671875 0.6360065140625 0.61875 0.588138934375 0.61875
6 0.8420576640625 0.61875 0.8308507625000001 0.7132281328125 0.8317977109375001 0.72340950625 0.8420177921875001 0.7556108312500001 0.8504233921875001 0.771495696875 0.8604561640625 0.7814643328125 0.8629508703125 0.7816831921875 0.8678084281249999 0.7785749375 0.8892314078125001 0.7471299828125 0.8898337250000001 0.7365796109375 0.8848397921875 0.707361346875 0.8727542937500001 0.6689373921875 0.8697831 0.644440815625 0.8740609390625 0.61875 0.8420576640625 0.61875