9 0.3517320265625 0.059721840625 0.34355418125 0.0508773703125 0.22987114375 0.053172384375000006 0.22542337968749998 0.1853487546875 0.22841651562499998 0.222506390625 0.22271490625 0.26069760937500003 0.2297244890625 0.26827858125000004 0.362029890625 0.263945146875 0.3796875 0.2585560578125 0.3796875 0.25185994218749996 0.36837238125 0.1899172640625 0.368421265625 0.1182152 0.3529701453125 0.08323968125 0.3517320265625 0.059721840625
9 0 0.26420028125 0.0402466765625 0.265625 0.0937170390625 0.265625 0.21833304999999997 0.25903712031250004 0.2266942453125 0.21719911406249998 0.2296875 0.10513443281249998 0.2296875 0.0640482 0.22730367343750002 0.040427831250000004 0.215297975 0.0339666578125 0.0955151671875 0.034883217187499996 0.0099944390625 0.0415435 0 0.06766473125 0 0.26420028125
10 0.9826931468750001 0.45 0.9265979609375 0.36098252343750004 0.8863493640625 0.355703096875 0.8493278890625 0.363269928125 0.772250390625 0.360042628125 0.7348437578125 0.378638871875 0.7108825078125001 0.3806161359375 0.7106257375 0.387969078125 0.6899558015625 0.4009543640625 0.69360978125 0.45 0.9826931468750001 0.45
10 1 0.34045221406250004 0.9168327250000001 0.3188964671875 0.88006801875 0.31911035781249997 0.8485612484375 0.32664510625 0.8381504124999999 0.3616250515625 0.899261525 0.3484044828125 0.9212561578124999 0.350114384375 0.9734503562500001 0.43435237187500003 1 0.4449660234375 1 0.34045221406250004
10 0.5796875 0.41438591249999995 0.6662919546875 0.3864804703125 0.6580636671875 0.3589604125 0.59791544375 0.3446074515625 0.5796875 0.3366949890625 0.5796875 0.41438591249999995
10 0.5796875 0.33530645625 0.6617401390625 0.3589390234375 0.6645179125 0.3846529296875 0.67548313125 0.386426996875 0.6868976984375 0.37533341875000004 0.679077915625 0.2834858203125 0.649922921875 0.2763039921875 0.623866665625 0.2856448921875 0.5909068140625 0.282160925 0.5796875 0.28438266093750003 0.5796875 0.33530645625
10 0.5796875 0.45 0.6923552578125001 0.45 0.6899964359374999 0.39185614687500003 0.7348202015625 0.3713788890625 0.80702491875 0.35625592031250003 0.8074100734374999 0.34522650781249997 0.7945424265625001 0.34530137031249997 0.6047956859375 0.41073044999999997 0.5796875 0.41184073281250005 0.5796875 0.45
3 0.5796875 1 0.5796875 0.6116044140625 0.571061521875 0.6092670828125 0.555189653125 0.610431021875 0.5046060875 0.6002900328124999 0.4596627625 0.60234006875 0.4348628625 0.616445815625 0.4135516234375 0.6392606578125 0.40866454843750005 0.6497320734375001 0.40097876406250005 0.686668403125 0.3911804828125 0.7614514437500001 0.361090084375 0.9149382375 0.35705473906249996 0.9530969546874999 0.361036215625 0.9869303453124999 0.3642569640625 1 0.5796875 1
3 0.3295501421875 1 0.3299419265625 0.9996119109375 0.3462991375 0.9759878390625001 0.3575386625 0.9471451421874999 0.3645717140625 0.9044673375000001 0.37919572343749997 0.8436205578125 0.40625 0.6652282421875 0.40625 0.6652186953125 0.3941245953125 0.6488392859375 0.37642470625 0.631547871875 0.3205914125 0.605523075 0.2945827453125 0.6012746234375 0.2695206328125 0.6059461140625 0.2488918625 0.6163505390624999 0.230024159375 0.633929675 0.17402365625 0.788192875 0.1406955953125 0.871028184375 0.135516565625 0.8902172390625 0.13301168125 0.9198606218750001 0.139312134375 0.9853775515625 0.1398548328125 1 0.3295501421875 1
3 0.350354375 0.45 0.338786840625 0.4571016390625 0.3284231734375 0.459791421875 0.3201460046875 0.46657859999999995 0.3127168265625 0.4772608625 0.2969119171875 0.48970544218749995 0.239458946875 0.52665165625 0.21883017656249998 0.53705608125 0.20911924218750003 0.545487340625 0.2000610390625 0.5596600765625 0.1947834453125 0.5738242671875 0.1912353125 0.6014189546875001 0.1912074453125 0.6314669546875 0.2033005703125 0.6422076671875 0.21835723593749998 0.646875 0.2216122703125 0.646875 0.22503954531249998 0.6451325796875 0.2348136984375 0.6241897515625 0.24110293125 0.6183300390625 0.270596515625 0.6074953765625 0.290574425 0.6032455828125001 0.33219461250000004 0.6087919484375 0.3678509984375 0.6171207140625 0.3812793296875 0.6211924843750001 0.39617490312500003 0.62926049375 0.4183378734375 0.6341329515625 0.42834263124999994 0.6288801609375 0.44571148125000004 0.6135605703125 0.46565591093750003 0.6036704546875 0.49381429218750006 0.5995047328125 0.5195942234375 0.599959253125 0.5764223281249999 0.5272235656250001 0.5796875 0.525212440625 0.5796875 0.46953010625 0.4601258640625 0.45 0.350354375 0.45
3 0.1392726359375 1 0.1319819921875 0.8898050718749999 0.1103284921875 0.8086322656250001 0.10087416093749998 0.7908094578125 0.0882218640625 0.7734425437500001 0.0642630484375 1 0.1392726359375 1
4 0.6409543531249999 0.694694440625 0.6252317374999999 0.7337992953125 0.6299101796875 0.77860461875 0.6478011671875 0.8144009265625 0.6815069406250001 0.8484375 0.684167375 0.8484375 0.6901292921875 0.8443723468750001 0.678864615625 0.816443759375 0.7086228921875 0.8147318234375 0.7160925984375 0.8086064203125 0.7240240828125 0.8202289140625 0.7429994140625 0.8449642796875001 0.7550072171875 0.821294353125 0.7860911093749999 0.71443060625 0.7984375 0.6429468015625 0.7984375 0.63997170625 0.7753286109374999 0.631971328125 0.6994068390625 0.6419364484375001 0.66665659375 0.6678798640625001 0.6409543531249999 0.694694440625
10 0.8892957593749999 0.5906207796875 0.8714646453124999 0.6647084453125001 0.8599586984375 0.7308707296875 0.895560240625 0.7153690390625 0.9435711687499999 0.6810843953125 0.9563018156249999 0.666211015625 0.9743939953125 0.5831719984375 0.9856387140624999 0.574472590625 0.9946547062499999 0.5265226203125 0.9953125 0.5136177125 0.9953125 0.494383865625 0.9810809875000001 0.458366075 0.940459453125 0.48554792031250005 0.9120665484374999 0.5038755578125 0.8892957593749999 0.5906207796875
10 0.6069445765625 0.45 0.611671859375 0.4541081921875 0.680344590625 0.5135957125 0.7069502625 0.5341604640625001 0.7342386984375 0.538777303125 0.753125 0.5348517375 0.753125 0.5320639625 0.7466682 0.508110815625 0.722933946875 0.4861042578125 0.6795726046875 0.45 0.6069445765625 0.45
10 0.7674897359375 0.7860137187499999 0.7534135140625 0.8694109156250001 0.7439156265625 0.9114965218750001 0.7418473703125 0.92271226875 0.7571693953125 0.95 0.7600343078125 0.95 0.7867658875 0.9235652406250001 0.7977897796875 0.9000501203125001 0.806846009375 0.8283330828125 0.8120267953125 0.7700961859375 0.8203125 0.7243513187499999 0.8203125 0.7011307109375 0.82017943125 0.699511346875 0.7944973125000001 0.714442390625 0.7792968296875 0.7356445453125 0.7674897359375 0.7860137187499999
10 0.8909588812500001 0.71787584375 0.8592929781249999 0.73275831875 0.858108359375 0.7062138734375 0.844514359375 0.6984523874999999 0.8299163265624999 0.7027292359375 0.8226072500000001 0.7108094250000001 0.8078482625 0.8101545343750001 0.8037117468750001 0.8325860265625 0.820894225 0.8546875 0.822121165625 0.8546875 0.8616420984375001 0.7977307375 0.9031271499999999 0.7446722328125001 0.9077455609375 0.7281051015625 0.8909588812500001 0.71787584375
4 0.8093435359375001 0.45 0.80623351875 0.47692626093749996 0.8179601359374999 0.47409121875000004 0.8146468984374999 0.4944131203125 0.7952096281250001 0.50044138125 0.7822982312500001 0.52524350625 0.7872779828125 0.5373304125 0.794305871875 0.5500851046874999 0.7877999546875 0.5679392359375 0.7743665843749999 0.5621325359375 0.77061169375 0.55282300625 0.7554714078125 0.5868860890625001 0.7595274453125 0.6119887265624999 0.768041259375 0.618569446875 0.774165553125 0.6324563359375001 0.7913137375 0.62282810625 0.80647414375 0.5768814921875001 0.8236224890624999 0.5187417359375 0.8423972765624999 0.46826633125 0.8636417359375 0.459973671875 0.9089819546874999 0.45383008125 0.9070911531250001 0.45 0.8093435359375001 0.45
10 0.7829288062499999 0.45 0.7798687953125001 0.45929369218750005 0.754567975 0.5395067609375 0.7352911750000001 0.5960013375 0.74886505625 0.6156463578125 0.760009340625 0.6178530906249999 0.7565155156250001 0.5995922109375 0.7594271703125 0.5743833390625 0.7716558 0.565529128125 0.7904304234375 0.563565246875 0.79233805 0.5503947124999999 0.78286044375 0.5320852625 0.7866555765625 0.5176277265625 0.7962738546875 0.501263971875 0.811695165625 0.4948775328125 0.8180404515624999 0.47506861093749997 0.8122173015625 0.4769748296875 0.803201471875 0.476413278125 0.8117377640625 0.45 0.7829288062499999 0.45
10 0.8648132234375 1 0.892876253125 0.9612796796874999 0.9197431546875 0.92438155625 0.937815053125 0.9017375953125001 0.937172525 0.8939184421874999 0.9049645328124999 0.8900756234374999 0.8883183640624999 0.8936846875000001 0.87982450625 0.9237319578125 0.857154315625 0.951059515625 0.8461103046874999 0.9864581703125002 0.8361027109375 1 0.8648132234375 1
10 0.8139173468750001 1 0.8107096328125 0.98014758125 0.7917743765624999 0.9801566749999999 0.7895255296875 0.9527896421875 0.796051565625 0.9230519796875001 0.8068947062499999 0.9094656000000001 0.8254485015625 0.8926860046874999 0.7567352062499999 0.9539885984375001 0.71412573125 0.9933635859375001 0.7115358359374999 1 0.8139173468750001 1
4 0.8337079421875 1 0.8444637468749999 0.9906773531249999 0.8547647953125 0.9583656859375 0.8696440125 0.93325395625 0.8849248124999999 0.9130291937500001 0.889964921875 0.8894655015625 0.8810294078125 0.8898813437499999 0.8735597 0.8960067468750001 0.8605279109375001 0.8950870171875 0.847014225 0.8883029234375 0.8247055375000001 0.8957729921875 0.811492996875 0.9047820062499999 0.7933407812500001 0.9264485734375001 0.7887825671875 0.955876628125 0.7904692015625 0.9764019046874999 0.8119344906249999 0.9829249593749999 0.8133376078125 1 0.8337079421875 1
4 0.8469954062499999 0.5120942578125 0.8322969375 0.5272772437500001 0.8292045296874999 0.562414859375 0.8353890187499999 0.589162678125 0.8475172140625 0.5912146046875 0.8333006421875 0.6122619578124999 0.8341639984375 0.634896825 0.8440633046875 0.6462097124999999 0.8344450234374999 0.662573465625 0.8356296437499999 0.689117909375 0.8488822609375 0.7048533546875 0.8615124703125 0.7008861140625 0.8733396843750001 0.6386334093749999 0.8955883374999999 0.5697908890625 0.9031184031249999 0.528014890625 0.9106082296875 0.5100059546875 0.9241621562500001 0.4930229828125 0.9076967359375001 0.4867033015625 0.8723562609375 0.49325363906249997 0.8469954062499999 0.5120942578125
4 0.9473929328124999 0.9576524296875 0.9634970093749999 0.9353180765625 0.9731354109374999 0.9070707890625 0.9066312109375 0.8739729078125 0.8990610671875 0.891004446875 0.9391403484375 0.893608834375 0.925726934375 0.9244301265625001 0.9473929328124999 0.9576524296875