4 0.5296875 0.0922017078125 0.43088668124999996 0.0924518734375 0.3865220828125 0.0678525578125 0.363484115625 0.0640625 0.36296385625 0.0640625 0.289342490625 0.071664921875 0.274554290625 0.0846104921875 0.2724416890625 0.1353962234375 0.2914550890625 0.15832391562499998 0.3020180875 0.19408645 0.30978865624999996 0.2 0.3587289578125 0.2 0.4118732828125 0.18793809687500002 0.4414496828125 0.1451306828125 0.475251278125 0.131852928125 0.485814278125 0.11475210625000001 0.5296875 0.11398559531250001 0.5296875 0.0922017078125
8 1 0 0.9180330578125 0 0.913767203125 0.007144539062499999 0.9036638328125001 0.0327576125 0.8985334375 0.0574009921875 0.8976417328125 0.07080233124999999 0.8982264421874999 0.0856432953125 0.9019602750000001 0.1049140421875 0.9059932578125001 0.11504754843750001 0.91076575625 0.1227166890625 0.914946746875 0.1321025890625 0.91903115625 0.13689221093749998 0.9217367812500001 0.1422911421875 0.9289225468750001 0.147938734375 0.93364623125 0.1545834078125 0.9535302968749999 0.16980969375 0.9827200000000001 0.1837888828125 1 0.1887112390625 1 0
8 0.7588093734375001 0 0.7495634109375 0.0018898765625 0.7374996796875 0.0056292718749999995 0.7060877765625 0.0079588765625 0.679206921875 0.006466923437499999 0.672805821875 0.0082951328125 0.670441365625 0.011341153125 0.6678779968749999 0.0192049921875 0.660289703125 0.034656084375 0.6497475375 0.049775268750000004 0.6370881171875 0.0654207890625 0.5953603375000001 0.1312967359375 0.5494623203125 0.2 0.8857206984375001 0.2 0.888083846875 0.1766707453125 0.8992914265625 0.0997230625 0.90226464375 0.0529291453125 0.90625 0.031028571875 0.90625 0.0177073484375 0.8959285625 0.0162980203125 0.890905728125 0.018790589062499998 0.886523734375 0.0193171953125 0.8786966015625 0.016909234375000002 0.8720036703125 0.0100432921875 0.8735818906249999 0.0033424843750000004 0.8724009703125001 0.0016813171875000002 0.8683917546875 0 0.7588093734375001 0
1 0.5296875 0.5194334265625 0.4189019734375 0.5204637953125 0.3054318734375 0.5190129499999999 0.291142596875 0.5205120171875001 0.2884595 0.5222446828124999 0.288394203125 0.5241145406250001 0.309939709375 0.561585321875 0.3188841578125 0.5736684171875 0.33296804375 0.599508475 0.4022489359375 0.707668353125 0.41597190624999997 0.733114840625 0.42452932656250003 0.7455523078125 0.4336257359375 0.7640125156249999 0.40511840625 0.8400723015625001 0.40413539531250003 0.8467645921875 0.40628780937500003 0.8494999859375 0.45546922656250005 0.8573226593750001 0.5296875 0.8659329312499999 0.5296875 0.5194334265625
9 0.8440014234375 0.6496088234374999 0.8113664281249999 0.647869665625 0.7665031484375 0.645485875 0.736623521875 0.6408515859375 0.69839550625 0.637678853125 0.697721434375 0.6399868765625001 0.699447575 0.6571757203125 0.6989367640624999 0.672977021875 0.7003912578125 0.6978519265625 0.7061853593749999 0.7211041203125 0.716715196875 0.722692475 0.7247242359375 0.7232822109375 0.73735154375 0.72516709375 0.7535334453125 0.7285133593750001 0.772671034375 0.7339408171875 0.7857109640625 0.73843593125 0.8012775906249999 0.7421853171875 0.8206997390625 0.7456828203125 0.8468184390625 0.7494928890625 0.8633832328125 0.752209290625 0.8717476218750001 0.7546875 0.875 0.7546875 0.875 0.7539637421875 0.8545396578125001 0.6779536921875 0.8480535859374999 0.65195710625 0.8440014234375 0.6496088234374999
9 0.5296875 0.6515082890625 0.5585060921875 0.6638715578125 0.61197925 0.6765625 0.6168174953125 0.6765625 0.620681496875 0.669297678125 0.62586356875 0.6621968078125 0.63216189375 0.6517061359375 0.6393088359375 0.6403372171874999 0.6531751859374999 0.6210213453125 0.6592471578125 0.6075371109375001 0.6614828640625 0.597774653125 0.66875 0.58770351875 0.66875 0.585861765625 0.65450414375 0.5841401968750001 0.63628106875 0.5821423250000001 0.6183777984375001 0.578323690625 0.6016430546875 0.5718060781250001 0.5795062765625 0.5634300921875 0.5659855 0.5570624859375 0.5491173218750001 0.576008784375 0.5296875 0.601025215625 0.5296875 0.6515082890625
9 0.5296875 0.7726842578124999 0.5556578359375 0.793919025 0.5868071078125 0.8133903437499999 0.6487998765625 0.8359375 0.651598378125 0.8359375 0.6765625 0.7985323609375 0.6765625 0.7983382437500001 0.6301405015625 0.7719361218749999 0.6164657828125 0.761505771875 0.6270627296875 0.746724753125 0.6600479140625 0.713012865625 0.661760521875 0.7111532578124999 0.5929522656249999 0.6777631359375 0.5770717078125001 0.7001312015625001 0.567347653125 0.716128021875 0.5564182875 0.7316769109375 0.5436242203125 0.7432219140625 0.5321598671875 0.7516955203125 0.5296875 0.754823196875 0.5296875 0.7726842578124999
9 0.698167525 0.6857380656250001 0.6910288515625 0.681844275 0.6170262546874999 0.7618186875 0.6939076453124999 0.807708940625 0.7293729890625 0.8222898203125 0.7467231453125001 0.8348501374999999 0.7723817484375 0.8023630171875 0.7933081453125 0.7692633265625 0.8049430703125001 0.7423885718750001 0.7376768234375 0.725539990625 0.705727375 0.7213069703125 0.698167525 0.6857380656250001
9 0.8412955046875 0.84006509375 0.862011321875 0.8419492203125 0.8585625046875001 0.8326165312499999 0.852402084375 0.8176542093750001 0.85244979375 0.8061917906249999 0.8571550703125 0.795863978125 0.8298960921875 0.773955259375 0.8107371515625001 0.768475153125 0.7819872125 0.787311021875 0.7551228 0.8250369093749998 0.795563378125 0.86406994375 0.82965674375 0.897762265625 0.885051 0.9471235453125001 0.8753786968749999 0.9159468546875 0.8688199937500001 0.8775780906249999 0.8412955046875 0.84006509375
9 1 0.841664515625 0.8888785796875001 0.900763878125 0.91447169375 0.93121109375 0.9542146421875 0.9587016859374999 0.9725066734375 0.95910634375 1 0.9342284890624999 1 0.841664515625
9 1 0.7265287578125 0.9614078593750002 0.70376971875 0.9080823453125 0.667761415625 0.8674889578125 0.7180610625 0.8787543921875001 0.7585452609375001 0.995506 0.8327346765625 1 0.8238094578125 1 0.7265287578125
9 0.9105947546875001 0.6683243421875 0.9175875015624999 0.6708062890625001 0.9258917578125001 0.662212378125 0.8368454312499999 0.5977003328125 0.8221511171875001 0.5833625703124999 0.7614895640625 0.64231418125 0.7615597953125001 0.6441235828125 0.847850646875 0.64851051875 0.86181310625 0.7005364578125 0.87149554375 0.6959587328125 0.8768476109375 0.681478865625 0.8868773015624999 0.6625469390625 0.9039290890625 0.6701687781250001 0.9105947546875001 0.6683243421875
9 1 0.618778975 0.9405154093749999 0.6099715234375 0.9499196375000001 0.632562403125 0.9571401875 0.6439754062499999 0.9575382874999999 0.658090665625 0.9575624703125001 0.6755259140625001 0.9488641015624999 0.6817587296875 0.9567400171875 0.68878015625 0.9637975984375 0.6940315 0.97252480625 0.69950953125 0.9739460328125 0.7004773265625001 0.9780700437500001 0.703943078125 0.9793810421875001 0.7049803359375 0.9806570609375 0.70555483125 0.9924197484375 0.7118357421875 1 0.71588190625 1 0.618778975
9 0.860807959375 0.6099441453125001 0.8695439671875 0.6192704015625 0.8786017156250001 0.617679340625 0.8853050921874999 0.622882990625 0.9307725609374999 0.6134974640624999 0.9466331140625 0.6070454265625 0.9751881078124999 0.5939935703125 0.9498912984375 0.5628927218750001 0.911785190625 0.521700121875 0.8587273 0.535582559375 0.860807959375 0.6099441453125001
9 0.7667706015625 0.49205717500000007 0.766852496875 0.45817196875 0.7704822765625 0.43623985156249995 0.720018640625 0.3943963578125 0.71535995625 0.39651010468750003 0.7097371406249999 0.464346709375 0.7253647171875001 0.48452550156249996 0.7262409328125 0.492228240625 0.7440035015625 0.5095598015625 0.7469882515625 0.517950378125 0.7731219265625 0.533315134375 0.770226625 0.5261075 0.7654994281249999 0.51409938125 0.7667706015625 0.49205717500000007
9 0.5635361156250001 0.48078343593750006 0.56395608125 0.4863375109375 0.564616028125 0.4950653796875001 0.5653659671875 0.5049833890625 0.5643128125 0.522328296875 0.5614731749999999 0.5316834484375 0.6443665843749999 0.5177631125 0.6984478640624999 0.5032886203125 0.693669478125 0.4765791140625 0.688386640625 0.43798647187499995 0.6817262453125 0.40723595156250003 0.6400368078125 0.4135918015625 0.5897306265625 0.4258705984375 0.5562297578125001 0.4344795062499999 0.5532317078125 0.4435376812499999 0.5543116203125 0.45781962499999995 0.5570690968750001 0.46822664999999997 0.5635361156250001 0.48078343593750006
9 0.9263029875000001 0.5195607109375 0.9333969078125002 0.5169696531250001 0.9414438437499999 0.5012733218750001 0.9517669546875 0.496397846875 0.9605087874999999 0.49631884687499994 0.9532373609375 0.49013511562499995 0.9455224578125 0.47808634687499996 0.9431723703125 0.46628798437499996 0.8758531859375001 0.44366471875 0.8636676984375 0.43676459375 0.8602537234375 0.43660524531250006 0.8543200093750001 0.44168559687500003 0.8462579437500001 0.43790010000000007 0.84344255 0.4392297765625 0.8432504921875001 0.44311703593749996 0.848792815625 0.45214222812500005 0.8490515109375 0.45556350000000007 0.82622600625 0.500765775 0.826625253125 0.5124730828125 0.8358772015625 0.5255676484375 0.8476192109374999 0.5266027390625 0.85777994375 0.5324343015624999 0.8660710234375 0.532821290625 0.8684356624999999 0.5319576046875 0.867349371875 0.5304458171875 0.873726565625 0.531230503125 0.8870868078124999 0.527957871875 0.8762463078125 0.5259908046875 0.875581090625 0.5171932515625001 0.9022131124999999 0.5223325328125 0.923221621875 0.5238001390625 0.9263029875000001 0.5195607109375