7 0.6850544703125 0.419875621875 0.6815557796875 0.49684680625000005 0.6938011953125 0.500345496875 0.6920518515625 0.533583053125 0.6658116749999999 0.5213376359375 0.662312984375 0.5405804328125 0.711294646875 0.6472904828125 0.7497802375 0.7120162515625 0.7795191046875 0.7155149421875 0.8267514234375 0.6997708359375 0.8732340203125 0.6682826234375 0.879231775 0.6682826234375 0.8809811203125 0.6682826234375 0.8879785 0.63854375625 0.8652370140625001 0.6123035828125001 0.818004696875 0.5405804328125 0.7865164859375 0.4671079390625 0.7585269640625001 0.44786514374999997 0.751529584375 0.4146275859375 0.7060466125 0.37439264843750003 0.6833051265625001 0.37439264843750003 0.6763077453124999 0.3446537828125 0.6605636406250001 0.3429044375 0.6448195328125 0.3726433046875 0.655315603125 0.400632825 0.6850544703125 0.419875621875
10 0.711294646875 0.21170355624999998 0.6413208421875 0.169719275 0.5835924546875 0.1434790984375 0.5626003140625 0.187212725 0.5451068640625001 0.24669045781249999 0.6448195328125 0.2956721203125 0.7182920265625 0.33940574843750004 0.8075086265625 0.3761419953125 0.8232527328125 0.3656459234375 0.8582396343750001 0.31841360625 0.8582396343750001 0.313165571875 0.818004696875 0.2676826 0.7427828578125 0.2221996265625 0.711294646875 0.21170355624999998
1 1 0.4891786921875 0.9771951 0.48984942499999995 0.9701977203125001 0.46885728281250005 0.8389968375000001 0.44436645312499995 0.7532789281250001 0.4181262765625 0.76552434375 0.45661186875000004 0.79701255625 0.49684680625000005 0.8197540421875 0.5405804328125 0.8477435625 0.58081536875 0.866986359375 0.6123035828125001 0.891477190625 0.63854375625 0.882730465625 0.6647839328125 0.8354981484374999 0.6927734562500001 0.8197540421875 0.7015201796875 0.8110073171875 0.7452538078125001 0.8407461828124999 0.713765596875 0.842495528125 0.7452538078125001 0.8354981484374999 0.787238090625 0.8354981484374999 0.8117289218750001 0.8634876703125001 0.8204756468750001 0.8564902890624999 0.8222249906249999 0.9229654015625 0.8309717171875001 0.9684483734375 0.8012328515625 1 0.7185164281249999 1 0.4891786921875
1 0.6587175000000001 1 0.65006756875 0.9411804578125 0.4383968125 0.9394311140625 0.31594265625 0.9621726 0.2162299859375 0.9341830765625 0.2145423734375 1 0.6587175000000001 1
1 0.45239157343749997 0.8956974859375 0.40166056718750004 0.87470534375 0.31944134687500003 0.867707965625 0.2144806421875 0.8782040343749999 0.2109819515625 0.9376817671875 0.31594265625 0.960423253125 0.38241776875 0.9534258734375 0.4506422296875 0.9394311140625 0.44714353906250004 0.9359324234375 0.45239157343749997 0.8956974859375
1 0.20400129531250003 1 0.23197409218749998 0.5493271578125001 0.1637496328125 0.5528258484374999 0.1340107671875 0.5563245390625 0.12001600625 0.5563245390625 0.092026484375 0.6175516171875 0.058788928124999994 0.673530659375 0.0290500609375 0.7907367796875 0 0.8415743906250001 0 1 0.20400129531250003 1
1 0.24771819687500002 0.23269569687499997 0.2634623046875 0.26418390937499997 0.2424701625 0.33065902343750003 0.2179793328125 0.40413151562499994 0.25821426875000003 0.3918861 0.3141933109375 0.3848887203125 0.33343610625000003 0.3691446140625 0.3701723546875 0.3866380640625 0.3719217 0.3848887203125 0.5363601375 0.20645552031249997 0.5381094828124999 0.187212725 0.4156553265625 0.070006603125 0.3491802140625 0.125985646875 0.30019855 0.15047647656250002 0.2739583734375 0.1907114140625 0.24771819687500002 0.23269569687499997
6 0.4104072921875 0.6193009609375 0.41740467187499997 0.6647839328125 0.4453941921875 0.729509703125 0.46288764374999997 0.77674201875 0.490877165625 0.8362197531250001 0.49962389218750003 0.867707965625 0.5293627562500001 0.8869507609375 0.5940885265625 0.8869507609375 0.6343234640625 0.87470534375 0.6798064359375 0.864209275 0.6833051265625001 0.867707965625 0.7095453 0.8152276125 0.7182920265625 0.76624595 0.700798575 0.7155149421875 0.6868038140625 0.6647839328125 0.6675610187500001 0.58781275 0.6360728078125 0.5405804328125 0.580093765625 0.5195882921874999 0.5835924546875 0.5580738828125 0.5818431093750001 0.5773166796875 0.564349659375 0.6018075109375001 0.5538535890625 0.6595358984375 0.5293627562500001 0.6053062015624999 0.4943758546875 0.5563245390625 0.47163436875000003 0.593060784375 0.4436448484375 0.58956209375 0.4104072921875 0.6193009609375
1 0.818004696875 0.7977341609375 0.7777697609375 0.76624595 0.755028275 0.7837394 0.7200413718750001 0.8152276125 0.6938011953125 0.8589612390625 0.6938011953125 0.8782040343749999 0.704297265625 0.9201883171875 0.6903025046875 0.9254363515625 0.6972998859375 0.960423253125 0.7060466125 0.9779167046874999 0.7182920265625 0.9901621203125 0.7672736890625 0.9499271828125 0.802260590625 0.94642849375 0.8512422531249999 0.8379690984374999 0.818004696875 0.7977341609375
6 0 0.3656322546875 0.0028098859375 0.3691446140625 0.018553990625 0.3848887203125 0.057039584374999994 0.4233743109375 0.11476797187500001 0.42687300156249997 0.1585015984375 0.3866380640625 0.17074701406249998 0.3603978875 0.196987190625 0.3481524734375 0.22322736718749997 0.3254109859375 0.22147802031250002 0.29917081093750003 0.2162299859375 0.2746799796875 0.18649112031249998 0.2624345625 0.155002909375 0.248439803125 0.139258803125 0.2711812890625 0.12351469687500001 0.2624345625 0.10951993593750001 0.24144242343750003 0.0465435125 0.2449411125 0.0028098859375 0.2676826 0.018553990625 0.3201629515625 0 0.3228135203125 0 0.3656322546875
6 0.36492431875000003 0.495097459375 0.336934796875 0.526585671875 0.3176920015625 0.551076503125 0.28970248125000003 0.54582846875 0.28795313437500003 0.579066025 0.30019855 0.6000581656249999 0.29844920625000004 0.6595358984375 0.303697240625 0.7085175609375 0.335185453125 0.731259046875 0.3596762828125 0.7382564281249999 0.385916459375 0.7487524984375 0.4366474671875 0.7242616671875 0.43314877812499997 0.7172642859375 0.43590735937499997 0.7172642859375 0.41740467187499997 0.673530659375 0.40515925468749997 0.6227996515625 0.43314877812499997 0.6018075109375001 0.4681356796875 0.59481013125 0.5031225796875 0.5720686453125 0.5538535890625 0.6595358984375 0.564349659375 0.6018075109375001 0.580093765625 0.575567334375 0.5835924546875 0.5405804328125 0.5748457296875 0.5090922203125 0.5346107921875001 0.5283350171875 0.48038109375 0.5475778124999999 0.4856291296875 0.551076503125 0.44714353906250004 0.54582846875 0.45763960781249996 0.48635073437500004 0.43314877812499997 0.4496144875 0.466386334375 0.4233743109375 0.49962389218750003 0.36214723437499996 0.5398588281250001 0.3254109859375 0.5975872156250001 0.30092015625 0.65006756875 0.306168190625 0.5888404890625 0.2676826 0.5048719265625 0.30266950000000004 0.46288764374999997 0.3429044375 0.45414091718750005 0.388387409375 0.4156553265625 0.42162496718750003 0.38766580624999997 0.43736907187499996 0.34743086875 0.4811027 0.36492431875000003 0.495097459375
6 0.6698698249999999 1 0.69904923125 0.9656712890625 0.6868038140625 0.94642849375 0.704297265625 0.881702725 0.66950395 1 0.6698698249999999 1
5 0.6697953703125 1 0.6780570890625001 0.99541015625 0.6798064359375 0.99541015625 0.6819931171875 0.99103679375 0.6850544703125 0.9971595015625001 0.6798064359375 0.94642849375 0.69904923125 0.9079429015624999 0.6885531609375 0.86595861875 0.65881429375 0.871206653125 0.5940885265625 0.8869507609375 0.5328614468749999 0.8869507609375 0.5031225796875 0.871206653125 0.47863175 0.8257236812500001 0.45763960781249996 0.780240709375 0.4506422296875 0.7557498796875 0.42790074375 0.774992675 0.4383968125 0.7347577375000001 0.38941515 0.747003153125 0.3264387265625 0.72776035625 0.303697240625 0.713765596875 0.29844920625000004 0.6595358984375 0.3019478953125 0.6175516171875 0.29844920625000004 0.582564715625 0.28445444375 0.5633219203125 0.2529662328125 0.5738179890625 0.254715578125 0.60355685625 0.237222128125 0.62105030625 0.2249767109375 0.7452538078125001 0.2599636140625 0.7242616671875 0.279206409375 0.7207629765625 0.28445444375 0.7365070828125 0.24421950625000002 0.7574992234375 0.2179793328125 0.7854887453125 0.22147802031250002 0.8257236812500001 0.2652116484375 0.8187263031249999 0.296699859375 0.8117289218750001 0.29320117031250004 0.8467158234375001 0.3054465859375 0.86595861875 0.3666736640625 0.867707965625 0.4086579453125 0.881702725 0.45414091718750005 0.8904494515625 0.45763960781249996 0.9096922468749999 0.4436448484375 0.9376817671875 0.515367996875 0.9411804578125 0.580093765625 0.9376817671875 0.6413208421875 0.942929803125 0.6608877671875 1 0.6697953703125 1
1 0.6885531609375 0.3254109859375 0.6745584 0.3429044375 0.6815557796875 0.3726433046875 0.7095453 0.37439264843750003 0.7392841671875 0.405880859375 0.755028275 0.41637693125 0.80575928125 0.4303716921875 0.8687357046875 0.446115796875 0.8722343953125 0.43911841718750005 0.8844798109375 0.37089395937499997 0.8582396343750001 0.313165571875 0.8040099375 0.3813900296875 0.6885531609375 0.3254109859375
6 1 0.23530784374999997 0.9177173671875 0.23269569687499997 0.8757330859374999 0.2134529 0.8319994578125 0.2344450421875 0.8232527328125 0.26943194375 0.8512422531249999 0.30791753593750004 0.8774824296875 0.36214723437499996 0.942208196875 0.34990181875 0.9562029593749999 0.46885728281250005 0.9859418249999999 0.4741053203125 0.98419248125 0.47235597343749997 0.9789444453125 0.4671079390625 0.987691171875 0.47235597343749997 0.987691171875 0.3796406859375 0.987691171875 0.3341577109375 1 0.30418839062499997 1 0.23530784374999997