1 0.1599518890625 0 0.156847325 0.0007617984375 0 0.0455202609375 0 0.2 0.3617836421875 0.2 0.33336729374999996 0.12423101875 0.286679515625 0.0097183484375 0.2797648765625 0 0.1599518890625 0
1 0.273740059375 0 0.2807126015625 0.007187078125 0.28810594375 0.020151606250000002 0.355055228125 0.1874045890625 0.359711465625 0.2 0.4405957421875 0.2 0.435446525 0.161062409375 0.43292085468749997 0.107147946875 0.42351669999999997 0 0.273740059375 0
8 0.544170090625 0 0.54371731875 0.020665265625000002 0.5373424171875 0.1765879578125 0.5358558546875 0.1903491578125 0.5332074375 0.2 0.8413575187500001 0.2 0.84066665625 0.1978373953125 0.8406695359375 0.1809350609375 0.8379010265625 0.1718929984375 0.831514465625 0.159041521875 0.8249826312499999 0.136340103125 0.813196421875 0.075394084375 0.8056999796875001 0.043284421875 0.8014102093750001 0.014448065625000001 0.797932065625 0 0.544170090625 0
9 0.459375 0.48584506562499996 0.40274558281250006 0.48116281718750004 0.3928906546875 0.4857027234375 0.4351827265625 0.6671875 0.459375 0.6671875 0.459375 0.48584506562499996
9 0.3040833203125 0.2664995546875 0.297239359375 0.2666474515625 0.281031775 0.269591740625 0.26503794375 0.265723203125 0.2533743125 0.2653665390625 0.22922431406250002 0.25399512187499995 0.20686567031249997 0.2454974453125 0.192900553125 0.24173490625 0.18275403125 0.24069928593749998 0.164259715625 0.24276587656249998 0.14980217499999998 0.2415050125 0.12395376875 0.24318736406250002 0.115089946875 0.2447461703125 0.10421216250000001 0.24872715156249997 0.09505934218749999 0.24420508437500002 0.084407115625 0.243395784375 0.0823902046875 0.2453123265625 0.0796361296875 0.2512342046875 0.076404384375 0.262185934375 0.0751866 0.2707154859375 0.071875 0.2777042796875 0.071875 0.2786959203125 0.07374473125 0.28428813750000004 0.082440534375 0.29737950468749996 0.0975055796875 0.3158584640625 0.107447196875 0.32522381562499997 0.12373002500000001 0.3351732234375 0.1463525859375 0.3454538734375 0.1626088578125 0.3508525640625 0.16896776875 0.3544704328125 0.1692552921875 0.3602984875 0.16776178749999998 0.365022525 0.164748221875 0.36991988124999997 0.1574354421875 0.3766145359375 0.157461996875 0.381165253125 0.1744554328125 0.3825586109375 0.1853538703125 0.38211707500000003 0.188541025 0.3828125 0.1960541078125 0.3828125 0.20334395781249998 0.3805296203125 0.2169905703125 0.37315493593750004 0.26220453906249996 0.3449356859375 0.2811617734375 0.33531106718750003 0.293303078125 0.330637878125 0.2996575640625 0.3334972953125 0.30371646874999997 0.33396210625 0.31407084531249996 0.32717362968749997 0.3221399671875 0.319760271875 0.3265625 0.29430549375 0.3265625 0.28462753125 0.3264965515625 0.2843514828125 0.3265625 0.283235175 0.3265625 0.276225628125 0.3259392109375 0.2757291859375 0.316541653125 0.2727107734375 0.308145175 0.2674700015625 0.3040833203125 0.2664995546875
9 0.459375 0.32080888750000003 0.4564384453125 0.313726421875 0.414229915625 0.2470722640625 0.30094487812500004 0.3384584140625 0.31224399531249997 0.36053171875 0.329011084375 0.41069217187499996 0.36606788749999997 0.46317643124999996 0.385023565625 0.45405721093750007 0.401628365625 0.476407728125 0.4045906046875 0.4765625 0.4179955890625 0.4765625 0.40758300781249995 0.41100631249999997 0.41127529531249996 0.39224368906249996 0.4263395140625 0.36775671875000004 0.459375 0.35004403906250003 0.459375 0.32080888750000003
9 0.13089931562499998 0.41438821875 0.1359302796875 0.44118883281250004 0.1703263859375 0.4720511312499999 0.22914709375000003 0.5623198921875 0.2815262984375 0.6345602593749999 0.295336734375 0.6625 0.2962626421875 0.6625 0.4078125 0.5564745453125 0.4078125 0.5496689046875 0.40254903906250006 0.5258865546875 0.367968515625 0.46342205624999994 0.32959980624999996 0.4032870375 0.2952180765625 0.33125 0.2936487015625 0.33125 0.2595620765625 0.3452884734375 0.19771298125 0.3875502578125 0.1623074140625 0.4008648078125 0.13089931562499998 0.41438821875
9 0.215625 0.645234915625 0.3739455484375 0.790625 0.374772665625 0.790625 0.4515625 0.6674811375 0.4515625 0.6663380421875 0.43331317968749994 0.667812103125 0.4074132625 0.559375 0.4069678375 0.559375 0.2938868703125 0.6630547203125 0.2529902484375 0.604051325 0.215625 0.6448404484375 0.215625 0.645234915625
9 0.2941324828125 1 0.3734375 0.7966880062499999 0.3734375 0.7947819375 0.1529057375 0.6837075390625 0.096242284375 0.7136032375 0.024756609375 0.8741495703125001 0.2863401125 1 0.2941324828125 1
9 0.0021645484375 0.7325249046875 0.0124311203125 0.754544259375 0.2196759203125 0.6541666171875 0.2081933390625 0.6409296484375 0.253125 0.59948180625 0.253125 0.5984568671874999 0.14114711093750001 0.44408010000000003 0.13228834218750002 0.4461446484375 0.1210967921875 0.44935101718750003 0.0021645484375 0.7325249046875
9 0.459375 0.7191656765625 0.45537747343749996 0.725043571875 0.4510974359375 0.7301274984375 0.43319439531250004 0.7466311890624999 0.4274120015625 0.754922246875 0.42264986718750003 0.7642775734375 0.40552824843749996 0.7843604625 0.3766162875 0.8258157484375002 0.361502728125 0.8424651875 0.3582414734375 0.848360565625 0.35701041093749997 0.8546147578125 0.3519799328125 0.8614286578125 0.35098623125 0.86491510625 0.351769128125 0.86874711875 0.35459107031250003 0.8744548515624999 0.359186659375 0.8800025140625 0.3706380125 0.887424821875 0.3795578984375 0.8954730859375001 0.3899875171875 0.9015783078125 0.3935657984375 0.9065673359375002 0.395880559375 0.9122485703125001 0.400986278125 0.9183283687500001 0.40607576874999995 0.9216271703124999 0.422388103125 0.9366329312499999 0.4447998609375 0.9542320421875001 0.459375 0.969214978125 0.459375 0.7191656765625