9 1 0.10553316406249999 0.999159378125 0.1052631640625 0.9907629 0.1000223921875 0.9867010453125001 0.0990519453125 0.979857084375 0.0991998421875 0.9636495 0.10214413124999999 0.9476556687500001 0.09827559375 0.9359920374999999 0.0979189296875 0.9118420390625002 0.0865475125 0.8894833953125 0.0780498359375 0.8755182781249999 0.07428729687499999 0.8653717562499998 0.0732516765625 0.846877440625 0.0753182671875 0.8324199 0.074057403125 0.8065714937500001 0.07573975468750001 0.797707671875 0.07729856093750001 0.7868298874999999 0.0812795421875 0.7776770671875 0.07675747499999999 0.767024840625 0.07594817499999999 0.7650079296875 0.0778647171875 0.7622538546875 0.0837865953125 0.7590221093749999 0.094738325 0.7578043250000001 0.1032678765625 0.7542983359375001 0.11066690937500001 0.75636245625 0.11684052812500001 0.765058259375 0.1299318953125 0.7801233046875 0.14841085468749998 0.790064921875 0.15777620625 0.8063477499999999 0.1677256140625 0.8289703109375001 0.1780062640625 0.8452265828125001 0.1834049546875 0.85158549375 0.1870228234375 0.8518730171875 0.19285087812499999 0.8503795125 0.197574915625 0.847365946875 0.202472271875 0.8400531671875001 0.20916692656250002 0.840079721875 0.21371764375 0.8570731578125 0.21511100156250001 0.8679715953125001 0.21466946562500003 0.8755866515624999 0.2163310421875 0.8859616828124999 0.2130820109375 0.8996082953125001 0.20570732656250001 0.9448222640624999 0.1774880765625 0.9637794984374999 0.1678634578125 0.9759208031250001 0.16319026875 0.9822752890625001 0.1660496859375 0.98633419375 0.166514496875 0.9966885703125001 0.1597260203125 1 0.15668370468749998 1 0.10553316406249999
9 1 0.21136506093750002 0.9771587046875 0.1635076890625 0.9417605140624999 0.1780863265625 0.8799114187499999 0.2203481109375 0.8445058515625 0.23366266093750002 0.813097753125 0.247186071875 0.8181287171875 0.27398668593750003 0.8525248234374999 0.304848984375 0.9113455312500001 0.3951177453125 0.9637247359375 0.46735811250000003 0.97783113125 0.4958966046875 1 0.47482562812499995 1 0.21136506093750002
9 1 0.474339684375 0.9765607796874999 0.49583023125 0.9356641578125 0.43682683593749994 0.898102653125 0.4778301984375 1 0.5714053156250001 1 0.474339684375
9 0.936902296875 0.431836715625 0.8244789953125 0.276845884375 0.8156202265625 0.2789104328125 0.8044286765625 0.2821168015625 0.6854964328125 0.5652906890625 0.69576300625 0.5873100453125 0.9030078046875001 0.48693240312499997 0.8915252234375 0.4736954328125 0.936902296875 0.431836715625
9 0 0.8064118796875 0.0055149562499999995 0.8104697203125 0.078855003125 0.8481567218749999 0.09251355 0.8472846390625 0.126818321875 0.793645409375 0.1364880484375 0.7113150421875 0.09226526093750001 0.6959801828125001 0.0860358625 0.682759096875 0.018695646875 0.6386361984375 0 0.6305631703125 0 0.8064118796875
9 0.25433449218750004 0.9186655109374999 0.27099295625 0.91457548125 0.315885725 0.8572338125 0.3249737640625 0.855140346875 0.3373442640625 0.8740221437500001 0.3480028984375 0.8763680078125 0.389348321875 0.7753699453125 0.35841324218750004 0.727409415625 0.3232608328125 0.708469015625 0.29091409375 0.6696778375 0.24662066875000002 0.6482946765625 0.2362092609375 0.667117871875 0.22491596406249997 0.740472684375 0.21746915625000002 0.75305378125 0.18261695312499998 0.759818665625 0.1633647328125 0.8019043828125 0.1636119609375 0.8230734421874999 0.1697177453125 0.8257099999999999 0.166982715625 0.8516090796875 0.1748003640625 0.870781571875 0.1992411609375 0.88283988125 0.2253761640625 0.9099220484374999 0.25433449218750004 0.9186655109374999
4 0.7118483546875 0.747005840625 0.7112536953124999 0.7548758703125 0.6861645984375 0.7741006031250001 0.6939167421875 0.796631634375 0.693844640625 0.8392947875000001 0.71631723125 0.8546981984375 0.7338199484375 0.852457578125 0.7452337140624999 0.9099467109375 0.7788353765625 0.9448981203125 0.7970516828124999 0.933213459375 0.819596375 0.90595371875 0.8187170187499999 0.875882615625 0.8337942625 0.864032975 0.8311075109375 0.8370273953125 0.80739876875 0.7962749 0.7569845671875 0.7335755015625 0.7241199140625 0.7097246265624999 0.7115636578125001 0.7090647046875 0.695772821875 0.7303583828125 0.7118483546875 0.747005840625
4 0.6133499062500001 0.6533346375 0.5721618656249999 0.6353673375 0.561436421875 0.65218646875 0.5777498171875 0.6656859125000001 0.5863578984375 0.697743471875 0.6084736953125 0.7178689 0.6224084484375 0.7628484734375001 0.6197919453124999 0.7974766140625 0.6130380875 0.80344268125 0.611373040625 0.82547876875 0.5981266078124999 0.8548074609375 0.5612650968749999 0.9255619515625 0.5358192046875 0.9495087015625 0.5367940796874999 0.9574612234375 0.5638563328125 0.9746861125 0.5861631593750001 0.95057438125 0.623262534375 0.8766718765625001 0.6565326703125 0.8325930046875 0.6643569140625 0.81246088125 0.6673302156250001 0.7731107203125 0.6474507125 0.7025345953125 0.6249547062499999 0.6665866109375 0.6133499062500001 0.6533346375
4 0.459375 1 0.47794584531249995 1 0.5253082109375 0.9426352453125 0.523120603125 0.9298782140625 0.5023364765625 0.9129832859375 0.47389386875 0.9557356234375 0.459375 0.9703474578125 0.459375 1
4 0.6650433828125 0.99106601875 0.687730421875 0.98277684375 0.69434193125 0.9578402109375 0.6860906437500001 0.9210606312499999 0.7133439312500001 0.8940483578125 0.7233323687500001 0.86612869375 0.7165550953125 0.8515501859375 0.689136046875 0.8390473171874999 0.661288096875 0.8739296218749999 0.6272575375 0.8863633859375 0.6120613640625 0.89978703125 0.580740971875 0.9597709484375001 0.5829285796875 0.9725279812500001 0.636791809375 0.9895811953125 0.6650433828125 0.99106601875
4 0.570185 0.8075114703124999 0.5521831390624999 0.79550354375 0.5175345046875 0.795262765625 0.49289772187500003 0.787646896875 0.46902136250000004 0.8116761374999999 0.4650731921875 0.8430737765625 0.4956781375 0.8968307718750002 0.5410035296875 0.9434601484374999 0.5683757484375 0.9148738671875 0.6070446578124999 0.8410538531249999 0.6082339765625 0.8253137890625 0.5972238375 0.8041917843749999 0.570185 0.8075114703124999
4 0.8174654203125 1 0.8223299578125 0.9740484437500001 0.8079428921874999 0.9559094703125 0.7938171031250001 0.955167059375 0.772818528125 0.9619647203125 0.7683712109374999 0.979113809375 0.752636334375 1 0.8174654203125 1
4 0.459375 0.81079186875 0.465525503125 0.8162331765624999 0.4923030609375 0.795516928125 0.5393890203125 0.797991634375 0.5669270015625 0.8089204953125 0.6160582203125 0.8051816671875001 0.6211236125 0.8007071171875 0.6217903734375 0.75017393125 0.6089494234374999 0.711572875 0.5897348265625 0.6947604390625 0.5770128078125 0.6545853765625 0.5284528359375 0.6299096015625001 0.494160996875 0.6249468031250001 0.47463643749999995 0.653945534375 0.48153264062499995 0.6669500359375 0.478060196875 0.6920516484375 0.459375 0.700713403125 0.459375 0.81079186875
4 0.6910623734375 0.8344077875 0.6942735375 0.7919096156250001 0.680956859375 0.7596045828125 0.6572715312499999 0.739396665625 0.663144178125 0.8076563718750001 0.6549631390625 0.8325105140625 0.6156761546875 0.8936559859375001 0.6628576296875 0.8740121125 0.6910623734375 0.8344077875