9 1 0.046107025 0.9852589203125 0.0416691796875 0.8906876171875 0.1104757546875 0.8850462265625 0.12010690937499999 0.9342623265625001 0.1816740796875 0.998860746875 0.2783446265625 1 0.2791274265625 1 0.046107025
9 1 0 0.885250953125 0 0.8585589671875 0.16292031406250002 0.8641845312499999 0.16715328125 0.9287171437499999 0.1785071078125 0.9292956499999999 0.1721049421875 0.8908325578125 0.1264718640625 0.8868463078125 0.1158305296875 0.9864001109375 0.042728970312499996 0.9982297484375 0.044792739062499996 1 0.0478733375 1 0
9 0.9345413375 0.45 0.942463909375 0.43117866562499996 0.941901228125 0.423716709375 0.7849322484375 0.326519721875 0.7598102484375 0.3170684171875 0.747723634375 0.325670790625 0.7155304250000001 0.363185234375 0.7013867546875 0.38673012500000004 0.6737220234375 0.45 0.9345413375 0.45
2 0.674973625 0.45 0.6850252609374999 0.42308554843749996 0.725254275 0.3513972828125 0.7037482640625 0.31952909687500003 0.63829853125 0.25379097968750003 0.6028266953125 0.3041221578125 0.6 0.3052355140625 0.6 0.434598365625 0.6118022921875 0.45 0.674973625 0.45
9 0.86571431875 0.32818037499999997 0.8029488812500001 0.2698918078125 0.7874703484375 0.2475865609375 0.7626857078125 0.22853510937500002 0.7479147984375001 0.229687928125 0.7122018109375 0.276821125 0.7132467921875 0.2906790453125 0.70630344375 0.2971184203125 0.6956953796875001 0.2971804375 0.6898128359375 0.3036136125 0.7077345140625 0.3301704328125 0.7281955453125 0.3481806953125 0.73538004375 0.3449393015625 0.7466628265625 0.3256769921875 0.76201224375 0.3181220078125 0.7838714421875 0.32652592343750003 0.8064540875 0.34452378437500003 0.8349996562499999 0.357154465625 0.8543511515625 0.3463766921875 0.86571431875 0.32818037499999997
10 0.3141120859375 0.54333153125 0.3046205671875 0.5413430703125 0.29178494375 0.5485034734374999 0.2692794875 0.5471743609375 0.25763826875 0.5503681968749999 0.20916047031249999 0.585150278125 0.1539956375 0.6284424421875 0.1477254421875 0.6455965640625 0.12628165 0.7517873046875 0.1277724609375 0.7651809281249999 0.124186896875 0.7966559249999999 0.12663358593750002 0.8039399984375001 0.1329604828125 0.8117907343749999 0.1375568703125 0.8138925140625 0.144601115625 0.8134907218749999 0.17182456562499998 0.7984178140625 0.20089720937500002 0.795059178125 0.316538853125 0.7170055640624999 0.3203068296875 0.65777486875 0.3185284046875 0.55361371875 0.3141120859375 0.54333153125
8 0.277725028125 0.8092153875000001 0.272532903125 0.7968623359375 0.2651314484375 0.7891558359374999 0.2512826578125 0.7823147546875 0.23689600312499998 0.7804396140625001 0.2245386109375 0.7820983312500001 0.210927178125 0.7871878750000001 0.2012555890625 0.7933798234375 0.1906281234375 0.805681321875 0.18555233437500002 0.8188688734374999 0.1826233125 0.8513432421874999 0.174144371875 0.8682500890625 0.1721729859375 0.8799334406250001 0.1750365140625 0.8958615515624999 0.1878692109375 0.913170259375 0.20297145312499998 0.9214743406250001 0.22738690468749997 0.9252658234375 0.24983331406249998 0.92116536875 0.271444871875 0.9095644859375 0.28589349999999997 0.8924000828124999 0.290252528125 0.8825712359375 0.2922239140625 0.8708878859375 0.28912185625000003 0.8528167953124999 0.28070665 0.8360026312500001 0.277725028125 0.8092153875000001
8 0.2953861921875 0.8846008999999999 0.2965180375 0.9045676968749999 0.33979550625 0.9259460765625 0.35436222968750003 0.9196408078125 0.3619431671875 0.9240607203125 0.368390503125 0.9231953031250001 0.377644665625 0.9132531390625 0.3812273 0.9062472546875 0.38475088749999997 0.893811803125 0.3845731609375 0.8824169234374999 0.37902207187500003 0.8766370484374999 0.371560396875 0.873288625 0.3699497359375 0.863717334375 0.3661297453125 0.8587925953125 0.33168666562500004 0.8432971234375 0.32165786875 0.841380784375 0.2978358109375 0.8674158609374999 0.2953861921875 0.8846008999999999
7 0.6 0.7006501625 0.592458853125 0.697369121875 0.5518683578125 0.6707363265625 0.5344375203125 0.66600730625 0.5274534921875 0.662051021875 0.51718675 0.6530978765625 0.50805478125 0.63964241875 0.46817987812500006 0.619438565625 0.45803181562499995 0.6164507328125 0.44991301406249995 0.6169967609375 0.437196653125 0.6252286546875 0.41546290468749997 0.6602271609375 0.415641215625 0.666728215625 0.426623546875 0.6821102984375 0.45050113593749996 0.6908677234375 0.4848834078125 0.7156150921875 0.5029111578125 0.7208077390625001 0.51598296875 0.735365603125 0.5235639062499999 0.7397855171875 0.5233242046875 0.74743018125 0.5252342 0.74989255 0.541888059375 0.7623383546875 0.5540057515625 0.7683243015625 0.5630786718749999 0.7763501921875 0.5780026031250001 0.778153215625 0.6 0.7755903390625 0.6 0.7006501625
7 0.367538790625 0.5579100968749999 0.3547633859375 0.560712425 0.347062009375 0.5650086671875 0.3249710515625 0.59189888125 0.32198532812499997 0.599368390625 0.3224618 0.6085481734375 0.319237546875 0.613874703125 0.3194713890625 0.6551682609375 0.32114227031250003 0.660381475 0.35057387812499996 0.6504496609375 0.383529075 0.6280823984375 0.396305653125 0.6154924265625 0.39779939531249997 0.6044169359375 0.40377025624999996 0.5943717359375 0.4019216515625 0.5777636453125 0.397802909375 0.575054003125 0.3953562234375 0.5677699281249999 0.38867094375 0.561598546875 0.3778067046875 0.557075596875 0.367538790625 0.5579100968749999
1 0 1 0.119155746875 1 0.12858856406250002 0.9292836718749999 0.12608751875 0.877419453125 0.12865522812500002 0.871093546875 0.1413119546875 0.8623259093750001 0.15206220312500002 0.8217329671875 0.15158514375 0.8174470078125001 0.148540959375 0.8145931296875 0.1357661375 0.812501634375 0.13039394531249998 0.80832899375 0.1256192484375 0.7997261578125 0.12478439374999999 0.7922257281249999 0.128013334375 0.74774861875 0.1495775625 0.632841721875 0.147071828125 0.6201280796875001 0.14223691249999998 0.615883321875 0.0962104921875 0.6187989 0.092389325 0.6236618046875 0.0808644453125 0.652396240625 0.056798584375 0.7203327375 0.0260468578125 0.7869916765625 0 0.8508322421875001 0 1
0 0.8652779484374999 0.729264353125 0.8802370171874999 0.7371310390625 0.887266565625 0.7388587109375 0.904781625 0.7372560046875 0.9264111875000001 0.7271164703125 0.99114355625 0.705589290625 0.99242813125 0.70356950625 0.9895386328125 0.6671399890625 0.991103340625 0.6522751328125 0.9952503468749999 0.6388005375000001 0.9829973921875 0.628370459375 0.9673797875 0.6239825484375 0.8805543359375001 0.6295014296875 0.8672257406250001 0.6339190218749999 0.8528083515624999 0.6477544609375 0.8462616703125001 0.6618070312500001 0.8388606765625 0.6719403140625 0.8369438718750001 0.688298528125 0.8408045453125 0.703466428125 0.8508404515624999 0.716442715625 0.860282825 0.723022240625 0.8652779484374999 0.729264353125
1 1 0.7570587296875 0.934588340625 0.72534818125 0.9215661859375001 0.727780359375 0.9080224609374999 0.7351674890625001 0.8707822499999999 0.7621463609375001 0.8378848203124999 0.7830486999999999 0.824888971875 0.7963405328125 0.8180226984375001 0.8069486906249999 0.8060119374999999 0.8414334078125 0.8064228437500001 0.845861934375 0.8100289296875001 0.8477098890625001 0.8210228578125001 0.8339947296875 0.8267090234375001 0.8318202984375 0.8273025562499999 0.838217059375 0.818740803125 0.8464164765625 0.811678753125 0.8496265734375001 0.8103941796875 0.8516463562500001 0.8122266281249999 0.8555312749999999 0.8279030421875 0.8658410734374999 0.8382910453125 0.8773239984375 0.8707589765625 0.8993854015625 0.910810528125 0.91328175625 0.918055203125 0.9120398937499999 0.93192471875 0.8922997500000001 0.942195103125 0.8919389046875 0.9440143984375 0.8903939968749999 0.9582685124999999 0.8642227281250001 0.9924304062499999 0.8146435265624999 1 0.800005715625 1 0.7570587296875
7 0.8031921750000001 0.45 0.8060105500000001 0.4553892453125 0.8207219859375 0.47116323437499996 0.8321144265625 0.4934714515625 0.8814202890624999 0.5648011937499999 0.905998159375 0.5970130609375 0.9134842687500001 0.6036613187500001 0.92951278125 0.61247775625 0.9455281390625 0.6158643671874999 0.9610869359375 0.6143303921875 0.9826251859375 0.6032067421875 0.9947798734375001 0.5914254515625 1 0.5830535609374999 1 0.5513351109375 0.9960698828125001 0.5365835718749999 0.9764608328125 0.4997541609375 0.9544477656250001 0.45 0.8031921750000001 0.45