10 0.5996714234375 0.5439211875 0.681565096875 0.55339658125 0.7191008046875 0.567479775 0.762573571875 0.5686698515625 0.8935330015625 0.425731715625 0.9324368375000001 0.35287351875 0.9328615671874999 0.337094871875 0.9206209109374999 0.3132949015625 0.897981459375 0.305618034375 0.8718012125 0.3211326875 0.7376409765624999 0.30308116875 0.661389296875 0.28264528437499997 0.5879943515625 0.2824885734375 0.55342258125 0.365962803125 0.5209877453125 0.48742748125 0.540216065625 0.5044498484375 0.5390358015625 0.5121803593750001 0.563906115625 0.5182422328125 0.5996714234375 0.5439211875
10 0.90984639375 0.487839765625 0.8677192921874999 0.49083257812500003 0.8266427890625 0.49994090468749997 0.7549957796875 0.5793127078125 0.73147113125 0.5774337234375 0.669655240625 0.5534234 0.673727971875 0.5917314828125 0.7054562828125001 0.604861775 0.7441722562499999 0.6112144625 0.9434880421875 0.592411971875 0.9521164359375 0.5878846265625 0.9547720343749999 0.570490984375 0.917625321875 0.514869721875 0.90984639375 0.487839765625
10 0.999021025 0.1518273828125 0.8083707265625 0.12054463906249999 0.6721056171875001 0.173465278125 0.6625338265625 0.249155359375 0.6655559609374999 0.28134792656249996 0.7354101125 0.30469616093749996 0.868685146875 0.3285455625 0.8844666046875 0.3291540109375 0.907365384375 0.3091388328125 0.9285295031249999 0.32647883437499997 0.9578615515625 0.329310721875 0.997056953125 0.3206195125 0.999021025 0.1518273828125
10 0.2611527265625 0.343759428125 0.1978615046875 0.3294122390625 0.1463147421875 0.30312483437500004 0.118882759375 0.274851159375 0.1292458171875 0.23296863750000002 0.09558170625 0.2195207125 0.046363825 0.4769045390625 0.0471193578125 0.48495268124999996 0.0620156140625 0.49135901249999997 0.24069921718749998 0.5167161203124999 0.2618857984375 0.4429318453125 0.27398351718749997 0.36369414375 0.2611527265625 0.343759428125
10 0.19071763125000002 0.116268475 0.184485503125 0.131094221875 0.1224102828125 0.1347759421875 0.0740510515625 0.1525945015625 0.07244605468750001 0.176103659375 0.08153491562500001 0.1815570828125 0.08708297968749999 0.2102020328125 0.1168754921875 0.2230146890625 0.150079134375 0.226481846875 0.18101617812499998 0.20580457968750002 0.2594629859375 0.198866053125 0.2648099140625 0.1898381875 0.2176891453125 0.13456137968749998 0.19071763125000002 0.116268475
10 0.5397046328124999 0.112119484375 0.543245428125 0.0889279625 0.5334010359375 0.0754263953125 0.36936314375 0.04851033125 0.19713975156250002 0.1074170328125 0.19536935312499998 0.11901279375 0.2551555125 0.1823109234375 0.2897762890625 0.24147980468750002 0.301096015625 0.2453182390625 0.334961259375 0.2964389796875 0.3722019 0.3124548015625 0.43381665468749997 0.2987923125 0.4486996375 0.18831494375 0.4969873984375 0.1189775515625 0.5161799828125 0.11024049843749999 0.5397046328124999 0.112119484375
10 0.28929531875 0.5623297968750001 0.413114959375 0.5311395625 0.47935684375000004 0.52616048125 0.49346183281249995 0.4987592515625 0.4013929625 0.45195550156250003 0.3355758125 0.4411559328125 0.32586108281250004 0.41380834218749996 0.2770056515625 0.39588671249999996 0.262440196875 0.413307175 0.24069921718749998 0.5167161203124999 0.28929531875 0.5623297968750001
10 0.4912309671875 0.5003742421874999 0.48322844062500003 0.526795753125 0.3720384578125 0.5402478890625 0.3259100890625 0.5564514546875 0.324434759375 0.5661145875 0.33516435312500004 0.573818275 0.39340371093750004 0.595260703125 0.42883821875 0.59711286875 0.45446406718750004 0.6112228843749999 0.48661711093750004 0.6085745265625 0.51298521875 0.5138489921875 0.503140825 0.5003474234375 0.4912309671875 0.5003742421874999
10 0.9852843421875 0.5655923656249999 0.9949425218749999 0.5023331828125001 0.9970001609375 0.3255001140625 0.9315159015625 0.3329119828125 0.9262047062500001 0.3676992671875 0.9095737875 0.3986481171875 0.8336304484375001 0.4931633015625 0.9073204625000001 0.49138738593750003 0.9413511078125 0.5544215218749999 0.979476946875 0.5646394625 0.9852843421875 0.5655923656249999
10 0.441535259375 0.3060019421875 0.3230268125 0.3024048921875 0.3163342171875 0.30724986875 0.3095476890625 0.35170028750000004 0.293506903125 0.378783884375 0.29619823749999996 0.387149659375 0.4257313421875 0.39651776875 0.5305237984375 0.38597798125 0.553717646875 0.364030178125 0.5567979765625 0.3308578859375 0.5478387812500001 0.3115584390625 0.5400955875 0.3102879015625 0.524184465625 0.323525475 0.4933770875 0.3303567203125 0.46434011093749994 0.325592203125 0.441535259375 0.3060019421875
10 0.531346715625 0.12065329375 0.5134640625 0.10781381718750001 0.484757884375 0.1268760921875 0.44716397968750005 0.1781577546875 0.43722565625 0.2042616265625 0.4331661984375 0.28283723906249997 0.43913899531249995 0.2957035375 0.46282904374999995 0.3094959203125 0.5267103984375 0.31997785625 0.5536461765625 0.3125113421875 0.5707732984375 0.3173026765625 0.59678814375 0.28987462656249996 0.6622744953125 0.2768474046875 0.6659449578125 0.239809859375 0.63615244375 0.2269972015625 0.632115446875 0.2144485390625 0.640010771875 0.1107487765625 0.6537532140625 0.0951743140625 0.533985103125 0.07552223125 0.546336903125 0.08745418125 0.54578250625 0.11707885468749998 0.531346715625 0.12065329375
10 0.10726796718750001 0.2729453546875 0.1575048 0.3208092890625 0.19474544062500002 0.3368251109375 0.24730706875 0.34346861562500003 0.27920078125000003 0.3685123015625 0.2949822359375 0.3691207515625 0.31177855625 0.3500852953125 0.318270015625 0.307567503125 0.345205796875 0.3001009921875 0.26884691250000003 0.20238685312500002 0.23341240624999998 0.20053468593749998 0.2258346125 0.2111775453125 0.18131124375000002 0.2038719546875 0.162744525 0.23450316875000002 0.14145074062500002 0.23100918906249998 0.1124494953125 0.25200409375 0.10726796718750001 0.2729453546875
10 0.29295250625 0.40840855625000005 0.31870802187499997 0.4086725484375 0.323759884375 0.4015773125 0.333344946875 0.4427709234375 0.433416340625 0.463153165625 0.6205404765625 0.563193815625 0.6340910671875 0.5654172578125001 0.635861465625 0.553821496875 0.5627258484375 0.5259727390625 0.5195124125 0.49709061875 0.5428941234375 0.3959319328125 0.5218954046875 0.390505325 0.4952546921875 0.3960392140625 0.3294018796875 0.39061681875 0.2771353171875 0.3820406890625 0.29295250625 0.40840855625000005